	id	COUNTY	GEO_TTL	NAICS_Sector	NAICS2012_TTL	state	relevant_naics	estab_agg	emp_agg	payann_agg	emp_api	payann_api	estab_api
0	5	999	Statewide	11	Cotton ginning	5	115111	18.6	113.8	6403.200000000002	171.8	9527.2	17.6
1	5	999	Statewide	11	Crop harvesting, primarily by machine	5	115113	6.0	0.0	0.0	1.2	31.2	3.2
2	5	999	Statewide	11	Farm labor contractors and crew leaders	5	115115	7.4	0.0	0.0	0.0	0.0	5.6
3	5	999	Statewide	11	Farm management services	5	115116	17.1	5.2	476.8	30.8	2269.8	16.0
4	5	999	Statewide	11	Finfish fishing	5	114111	2.0	0.0	0.0	0.0	0.0	1.2
5	5	999	Statewide	11	Forest nurseries and gathering of forest products	5	113210	8.0	0.0	0.0	58.4	1505.8	8.0
6	5	999	Statewide	11	Hunting and trapping	5	114210	6.0	0.0	0.0	9.2	262.2	4.6
7	5	999	Statewide	11	Logging	5	113310	338.43333333333334	1698.0000000000002	72015.35	1959.8	75662.0	333.2
8	5	999	Statewide	11	Postharvest crop activities (except cotton ginning)	5	115114	27.6	28.4	3008.4	97.2	7012.6	23.6
9	5	999	Statewide	11	Soil preparation, planting, and cultivating	5	115112	126.25	280.0	20951.8	547.2	25938.2	120.8
10	5	999	Statewide	11	Support activities for animal production	5	115210	42.0	73.80000000000003	3179.0	335.4	9636.4	38.0
11	5	999	Statewide	11	Support activities for forestry	5	115310	62.46666666666667	206.8	10126.8	847.0	24519.2	59.0
12	5	999	Statewide	11	Timber tract operations	5	113110	17.7	2.4	103.4	170.8	8809.2	15.8
13	5	999	Statewide	21	All other nonmetallic mineral mining	5	212399	3.0	23.4	877.4	23.4	877.4	3.0
14	5	999	Statewide	21	Anthracite mining	5	212113	1.0	0.0	0.0	0.0	0.0	1.0
15	5	999	Statewide	21	Bituminous coal underground mining	5	212112	2.0	0.0	0.0	0.0	0.0	1.0
16	5	999	Statewide	21	Clay and ceramic and refractory minerals mining	5	212325	1.0	0.0	0.0	0.0	0.0	1.0
17	5	999	Statewide	21	Construction sand and gravel mining	5	212321	37.00000000000001	28.6	1034.6	533.2	22454.8	34.6
18	5	999	Statewide	21	Crude petroleum and natural gas extraction	5	211111	102.20000000000002	263.4	18576.4	1796.6	156925.0	105.2
19	5	999	Statewide	21	Crushed and broken granite mining and quarrying	5	212313	6.0	0.0	0.0	0.0	1809.0	3.8
20	5	999	Statewide	21	Crushed and broken limestone mining and quarrying	5	212312	28.4	10.2	524.8	275.6	12597.0	25.4
21	5	999	Statewide	21	Dimension stone mining and quarrying	5	212311	8.0	0.0	0.0	61.6	2445.8	5.6
22	5	999	Statewide	21	Drilling oil and gas wells	5	213111	42.9	241.6	15933.6	1256.8	96772.0	42.4
23	5	999	Statewide	21	Industrial sand mining	5	212322	7.8	0.0	0.0	97.8	3835.4	5.4
24	5	999	Statewide	21	Kaolin and ball clay mining	5	212324	1.0	0.0	0.0	0.0	0.0	1.0
25	5	999	Statewide	21	Natural gas liquid extraction	5	211112	2.2	0.0	0.0	0.0	0.0	1.8
26	5	999	Statewide	21	Other crushed and broken stone mining and quarrying	5	212319	14.4	0.0	0.0	326.8	18121.0	13.6
27	5	999	Statewide	21	Support activities for coal mining	5	213113	1.0	0.0	0.0	0.0	0.0	1.0
28	5	999	Statewide	21	Support activities for metal mining	5	213114	2.0	0.0	0.0	4.8	276.2	2.6
29	5	999	Statewide	21	Support activities for nonmetallic minerals (except fuels) mining	5	213115	3.0	0.0	0.0	0.0	0.0	1.8
30	5	999	Statewide	21	Support activities for oil and gas operations	5	213112	140.79999999999995	1740.4	101470.4	2888.4	183408.4	144.4
31	5	999	Statewide	22	Electric bulk power transmission and control	5	221121	5.5	0.0	0.0	4.4	330.2	4.6
32	5	999	Statewide	22	Electric power distribution	5	221122	139.00000000000003	916.8	115551.4	3601.0	281351.4	136.6
33	5	999	Statewide	22	Fossil fuel electric power generation	5	221112	23.2	7.8	580.2	649.6	62565.2	23.0
34	5	999	Statewide	22	Hydroelectric power generation	5	221111	4.0	0.0	0.0	0.0	0.0	3.2
35	5	999	Statewide	22	Natural gas distribution	5	221210	55.85	0.0	0.0	537.2	35983.8	52.0
36	5	999	Statewide	22	Nuclear electric power generation	5	221113	5.0	0.0	0.0	0.0	0.0	5.0
37	5	999	Statewide	22	Other electric power generation	5	221118	1.0	0.0	0.0	0.0	0.0	1.0
38	5	999	Statewide	22	Sewage treatment facilities	5	221320	4.4	0.0	0.0	8.6	758.6	4.4
39	5	999	Statewide	22	Water supply and irrigation systems	5	221310	108.65	134.79999999999998	5878.0	447.8	13906.2	105.4
40	5	999	Statewide	23	All other specialty trade contractors	5	238990	181.15	858.3500000000001	30311.3	1184.8	41000.2	174.4
41	5	999	Statewide	23	Commercial and institutional building construction	5	236220	363.25	3491.4	177135.93333333335	4213.0	202139.2	356.8
42	5	999	Statewide	23	Drywall and insulation contractors	5	238310	133.20000000000002	898.9999999999999	33666.4	1201.6	42631.4	129.4
43	5	999	Statewide	23	Electrical contractors and other wiring installation contractors	5	238210	596.1	5260.4	244485.4	6032.8	277368.6	591.0
44	5	999	Statewide	23	Finish carpentry contractors	5	238350	159.98333333333332	397.4	13896.05	588.6	17642.0	149.8
45	5	999	Statewide	23	Flooring contractors	5	238330	82.13333333333334	225.4	10015.2	339.2	11768.6	75.8
46	5	999	Statewide	23	Framing contractors	5	238130	49.23333333333333	20.8	1555.8	122.0	3906.8	43.6
47	5	999	Statewide	23	Glass and glazing contractors	5	238150	44.2	125.0	5052.0	348.8	13365.8	38.4
48	5	999	Statewide	23	Highway, street, and bridge construction	5	237310	123.8	1243.4	59585.2	1999.4	85722.8	119.4
49	5	999	Statewide	23	Industrial building construction	5	236210	46.8	378.4	17551.2	1093.2	49993.8	42.2
50	5	999	Statewide	23	Land subdivision	5	237210	61.40000000000001	49.2	2998.0	336.2	25922.6	59.2
51	5	999	Statewide	23	Masonry contractors	5	238140	145.58333333333334	756.0	25757.6	1155.6	35599.4	140.6
52	5	999	Statewide	23	New housing for-sale builders	5	236117	148.8	294.00000000000006	13826.400000000005	419.4	15785.0	144.4
53	5	999	Statewide	23	New multifamily housing construction (except for-sale builders)	5	236116	17.45	34.8	2099.0	83.2	4692.4	12.4
54	5	999	Statewide	23	New single-family housing construction (except for-sale builders)	5	236115	407.6666666666666	679.4	28103.8	961.0	31937.0	399.8
55	5	999	Statewide	23	Oil and gas pipeline and related structures construction	5	237120	34.550000000000004	152.0	7311.4	1567.0	88863.6	33.4
56	5	999	Statewide	23	Other building equipment contractors	5	238290	97.0	581.4	30405.4	1292.4	61546.2	92.6
57	5	999	Statewide	23	Other building finishing contractors	5	238390	47.8	105.8	4178.0	225.6	8599.4	43.2
58	5	999	Statewide	23	Other foundation, structure, and building exterior contractors	5	238190	59.85	33.800000000000004	1809.15	273.0	9245.4	53.8
59	5	999	Statewide	23	Other heavy and civil engineering construction	5	237990	35.98333333333333	29.4	1542.2	149.2	6091.0	25.8
60	5	999	Statewide	23	Painting and wall covering contractors	5	238320	165.45	781.0	26816.8	1085.6	35756.4	161.0
61	5	999	Statewide	23	Plumbing, heating, and air-conditioning contractors	5	238220	932.0000000000003	6603.5999999999985	293799.2	7551.2	318995.6	932.0
62	5	999	Statewide	23	Poured concrete foundation and structure contractors	5	238110	154.45	800.0000000000001	33014.399999999994	1218.6	46052.0	145.4
63	5	999	Statewide	23	Power and communication line and related structures construction	5	237130	85.55000000000003	466.0	22106.2	1306.2	64831.0	79.2
64	5	999	Statewide	23	Residential remodelers	5	236118	362.31666666666666	832.2	32270.599999999995	1120.6	38006.4	354.8
65	5	999	Statewide	23	Roofing contractors	5	238160	131.26666666666668	915.2	40067.400000000016	1207.8	47692.4	123.0
66	5	999	Statewide	23	Siding contractors	5	238170	69.60000000000001	78.0	3330.0000000000005	256.6	8008.2	66.2
67	5	999	Statewide	23	Site preparation contractors	5	238910	411.8833333333334	2200.7000000000007	96431.0	2760.0	111699.8	408.0
68	5	999	Statewide	23	Structural steel and precast concrete contractors	5	238120	32.90000000000001	43.40000000000001	1287.4	375.0	28138.2	27.4
69	5	999	Statewide	23	Tile and terrazzo contractors	5	238340	50.05	85.80000000000003	3335.4	203.6	8047.6	45.8
70	5	999	Statewide	23	Water and sewer line and related structures construction	5	237110	144.55000000000004	623.0	26120.8	1251.8	48594.4	139.6
71	5	999	Statewide	31	All other leather good and allied product manufacturing	5	316998	11.533333333333333	0.0	0.0	463.4	15144.0	8.8
72	5	999	Statewide	31	All other miscellaneous food manufacturing	5	311999	5.6	2.6	91.0	34.4	1034.0	4.8
73	5	999	Statewide	31	All other miscellaneous textile product mills	5	314999	29.200000000000006	30.0	917.6	124.0	2345.4	23.4
74	5	999	Statewide	31	Animal (except poultry) slaughtering	5	311611	15.2	0.0	0.0	35.8	826.6	12.4
75	5	999	Statewide	31	Apparel accessories and other apparel manufacturing	5	315990	7.0	0.0	0.0	15.6	295.4	2.6
76	5	999	Statewide	31	Bottled water manufacturing	5	312112	3.8	0.0	0.0	41.0	1385.8	3.8
77	5	999	Statewide	31	Breakfast cereal manufacturing	5	311230	1.0	0.0	0.0	0.0	0.0	1.0
78	5	999	Statewide	31	Breweries	5	312120	14.4	60.95	1438.55	81.2	2032.0	9.4
79	5	999	Statewide	31	Broadwoven fabric mills	5	313210	1.0	0.0	0.0	0.0	0.0	1.0
80	5	999	Statewide	31	Cheese manufacturing	5	311513	4.2	0.0	0.0	0.0	0.0	2.2
81	5	999	Statewide	31	Chocolate and confectionery manufacturing from cacao beans	5	311351	2.0	0.0	0.0	0.0	0.0	1.0
82	5	999	Statewide	31	Coffee and tea manufacturing	5	311920	2.0	0.0	0.0	0.0	0.0	2.0
83	5	999	Statewide	31	Commercial bakeries	5	311812	26.05	3.333333333333333	44.0	1665.2	71562.0	19.2
84	5	999	Statewide	31	Confectionery manufacturing from purchased chocolate	5	311352	4.0	0.0	0.0	9.4	151.6	3.8
85	5	999	Statewide	31	Cookie and cracker manufacturing	5	311821	2.0	0.0	0.0	0.0	0.0	1.25
86	5	999	Statewide	31	Curtain and linen mills	5	314120	9.8	0.0	0.0	11.6	361.2	8.6
87	5	999	Statewide	31	Cut and sew apparel contractors	5	315210	13.2	0.0	0.0	43.8	1298.0	6.6
88	5	999	Statewide	31	Distilleries	5	312140	5.0	0.0	0.0	0.0	0.0	2.8
89	5	999	Statewide	31	Dog and cat food manufacturing	5	311111	6.7	0.0	0.0	657.4	24810.6	4.2
90	5	999	Statewide	31	Dry pasta, dough, and flour mixes manufacturing from purchased flour	5	311824	3.2	0.0	0.0	0.0	0.0	2.8
91	5	999	Statewide	31	Dry, condensed, and evaporated dairy product manufacturing	5	311514	1.0	0.0	0.0	0.0	0.0	1.0
92	5	999	Statewide	31	Fabric coating mills	5	313320	3.0	0.0	0.0	0.0	0.0	3.0
93	5	999	Statewide	31	Fats and oils refining and blending	5	311225	1.0	0.0	0.0	0.0	0.0	1.0
94	5	999	Statewide	31	Flavoring syrup and concentrate manufacturing	5	311930	1.0	0.0	0.0	0.0	0.0	1.0
95	5	999	Statewide	31	Flour milling	5	311211	3.333333333333333	0.0	0.0	12.2	433.4	2.2
96	5	999	Statewide	31	Fluid milk manufacturing	5	311511	5.0	0.0	0.0	0.0	0.0	4.2
97	5	999	Statewide	31	Footwear manufacturing	5	316210	7.0	0.0	0.0	799.4	20360.2	5.4
98	5	999	Statewide	31	Frozen cakes, pies, and other pastries manufacturing	5	311813	2.0	0.0	0.0	0.0	0.0	1.2
99	5	999	Statewide	31	Frozen fruit, juice, and vegetable manufacturing	5	311411	3.0	0.0	0.0	0.0	0.0	3.0
100	5	999	Statewide	31	Frozen specialty food manufacturing	5	311412	7.0	0.0	0.0	2925.2	113874.8	6.0
101	5	999	Statewide	31	Fruit and vegetable canning	5	311421	6.4	0.0	0.0	459.6	14147.6	5.6
102	5	999	Statewide	31	Hosiery and sock mills	5	315110	1.0	0.0	0.0	0.0	0.0	1.0
103	5	999	Statewide	31	Ice cream and frozen dessert manufacturing	5	311520	3.0	0.0	0.0	0.0	0.0	1.8
104	5	999	Statewide	31	Ice manufacturing	5	312113	12.6	0.0	0.0	48.6	1692.2	11.6
105	5	999	Statewide	31	Leather and hide tanning and finishing	5	316110	1.0	0.0	0.0	0.0	0.0	1.0
106	5	999	Statewide	31	Malt manufacturing	5	311213	2.0	0.0	0.0	0.0	0.0	1.2
107	5	999	Statewide	31	Mayonnaise, dressing, and other prepared sauce manufacturing	5	311941	4.0	0.0	0.0	0.0	0.0	2.4
108	5	999	Statewide	31	Meat processed from carcasses	5	311612	11.933333333333332	0.0	0.0	774.2	23876.2	9.4
109	5	999	Statewide	31	Men's and boys' cut and sew apparel manufacturing	5	315220	5.0	0.0	0.0	0.0	0.0	2.2
110	5	999	Statewide	31	Nonchocolate confectionery manufacturing	5	311340	4.0	0.0	0.0	37.2	803.8	2.8
111	5	999	Statewide	31	Other animal food manufacturing	5	311119	32.36666666666667	25.200000000000006	1425.0	795.4	37051.2	29.8
112	5	999	Statewide	31	Other apparel knitting mills	5	315190	2.0	0.0	0.0	0.0	0.0	1.8
113	5	999	Statewide	31	Other cut and sew apparel manufacturing	5	315280	2.0	0.0	0.0	0.0	0.0	1.4
114	5	999	Statewide	31	Other snack food manufacturing	5	311919	2.0	0.0	0.0	0.0	0.0	2.0
115	5	999	Statewide	31	Perishable prepared food manufacturing	5	311991	2.0	0.0	0.0	0.0	0.0	1.25
116	5	999	Statewide	31	Poultry processing	5	311615	43.4	4411.0	143486.40000000002	27346.2	778887.8	41.8
117	5	999	Statewide	31	Rendering and meat byproduct processing	5	311613	4.4	0.0	0.0	100.0	4564.4	4.0
118	5	999	Statewide	31	Retail bakeries	5	311811	34.06666666666667	56.2	1299.4	170.8	2699.4	30.2
119	5	999	Statewide	31	Rice milling	5	311212	27.133333333333336	814.4	37246.2	700.0	48171.2	26.0
120	5	999	Statewide	31	Roasted nuts and peanut butter manufacturing	5	311911	4.2	0.0	0.0	0.0	0.0	3.6
121	5	999	Statewide	31	Rope, cordage, twine, tire cord, and tire fabric mills	5	314994	3.0	0.0	0.0	0.0	0.0	2.8
122	5	999	Statewide	31	Seafood product preparation and packaging	5	311710	4.0	0.0	0.0	15.25	158.0	3.0
123	5	999	Statewide	31	Soft drink manufacturing	5	312111	3.0	0.0	0.0	0.0	0.0	2.2
124	5	999	Statewide	31	Soybean and other oilseed processing	5	311224	3.0	0.0	0.0	0.0	0.0	2.2
125	5	999	Statewide	31	Specialty canning	5	311422	3.0	0.0	0.0	0.0	0.0	2.2
126	5	999	Statewide	31	Spice and extract manufacturing	5	311942	2.0	0.0	0.0	0.0	0.0	2.0
127	5	999	Statewide	31	Textile and fabric finishing mills	5	313310	3.0	0.0	0.0	0.0	0.0	1.6
128	5	999	Statewide	31	Textile bag and canvas mills	5	314910	11.2	17.0	484.4	164.0	5640.6	10.6
129	5	999	Statewide	31	Tobacco manufacturing	5	312230	1.0	0.0	0.0	0.0	0.0	1.0
130	5	999	Statewide	31	Tortilla manufacturing	5	311830	4.0	0.0	0.0	0.0	0.0	2.6
131	5	999	Statewide	31	Wet corn milling	5	311221	1.0	0.0	0.0	0.0	0.0	1.0
132	5	999	Statewide	31	Wineries	5	312130	7.399999999999999	0.0	0.0	27.0	1192.2	6.6
133	5	999	Statewide	31	Women's, girls', and infants' cut and sew apparel manufacturing	5	315240	4.0	0.0	0.0	0.0	0.0	2.0
134	5	999	Statewide	32	Abrasive product manufacturing	5	327910	4.2	0.0	0.0	58.4	2710.4	4.2
135	5	999	Statewide	32	All other basic organic chemical manufacturing	5	325199	7.6	0.0	0.0	625.2	43320.0	7.0
136	5	999	Statewide	32	All other miscellaneous chemical product and preparation manufacturing	5	325998	11.0	0.0	0.0	233.0	14614.8	8.6
137	5	999	Statewide	32	All other miscellaneous nonmetallic mineral product manufacturing	5	327999	8.4	0.0	0.0	0.0	0.0	7.0
138	5	999	Statewide	32	All other miscellaneous wood product manufacturing	5	321999	33.9	61.73333333333333	2206.5333333333333	516.4	18938.2	28.4
139	5	999	Statewide	32	All other petroleum and coal products manufacturing	5	324199	1.0	0.0	0.0	0.0	0.0	1.0
140	5	999	Statewide	32	All other plastics product manufacturing	5	326199	51.8	854.5999999999998	26589.0	2979.0	98886.6	50.6
141	5	999	Statewide	32	All other rubber product manufacturing	5	326299	9.6	0.0	0.0	564.6	28559.6	7.4
142	5	999	Statewide	32	Artificial and synthetic fibers and filaments manufacturing	5	325220	1.0	0.0	0.0	0.0	0.0	1.0
143	5	999	Statewide	32	Asphalt paving mixture and block manufacturing	5	324121	26.0	16.0	844.0	153.2	6163.6	22.2
144	5	999	Statewide	32	Asphalt shingle and coating materials manufacturing	5	324122	5.0	0.0	0.0	229.4	14861.8	5.0
145	5	999	Statewide	32	Biological product (except diagnostic) manufacturing	5	325414	1.0	0.0	0.0	0.0	0.0	1.0
146	5	999	Statewide	32	Books printing	5	323117	2.0	0.0	0.0	0.0	0.0	1.4
147	5	999	Statewide	32	Cement manufacturing	5	327310	1.0	0.0	0.0	0.0	0.0	1.0
148	5	999	Statewide	32	Clay building material and refractories manufacturing	5	327120	8.8	0.0	0.0	0.0	0.0	8.6
149	5	999	Statewide	32	Commercial printing (except screen and books)	5	323111	136.8	1688.3999999999994	90170.4	2811.0	137100.4	135.2
150	5	999	Statewide	32	Commercial screen printing	5	323113	63.4	140.20000000000002	4704.6	365.8	12189.4	57.8
151	5	999	Statewide	32	Concrete block and brick manufacturing	5	327331	18.4	0.0	466.6	108.6	7366.8	17.4
152	5	999	Statewide	32	Concrete pipe manufacturing	5	327332	6.0	0.0	0.0	53.2	1541.0	6.0
153	5	999	Statewide	32	Corrugated and solid fiber box manufacturing	5	322211	18.2	225.4	10730.6	1130.2	54421.2	17.0
154	5	999	Statewide	32	Custom compounding of purchased resins	5	325991	4.0	0.0	0.0	1.2	27.4	3.0
155	5	999	Statewide	32	Cut stock, resawing lumber, and planing	5	321912	28.5	10.6	243.0	597.8	17405.4	23.4
156	5	999	Statewide	32	Cut stone and stone product manufacturing	5	327991	18.2	52.2	1342.9999999999998	123.6	3754.8	16.2
157	5	999	Statewide	32	Cyclic crude, intermediate, and gum and wood chemical manufacturing	5	325194	6.0	0.0	0.0	98.2	5535.8	5.2
158	5	999	Statewide	32	Engineered wood member (except truss) manufacturing	5	321213	4.25	0.0	0.0	32.6	1713.2	2.4
159	5	999	Statewide	32	Explosives manufacturing	5	325920	2.2	0.0	0.0	0.0	0.0	2.2
160	5	999	Statewide	32	Fertilizer (mixing only) manufacturing	5	325314	9.0	0.0	0.0	151.6	5263.6	7.4
161	5	999	Statewide	32	Folding paperboard box manufacturing	5	322212	8.0	0.0	0.0	703.2	33828.4	6.2
162	5	999	Statewide	32	Glass container manufacturing	5	327213	2.0	0.0	0.0	0.0	0.0	1.4
163	5	999	Statewide	32	Glass product manufacturing made of purchased glass	5	327215	6.333333333333332	0.0	0.0	12.0	505.4	4.2
164	5	999	Statewide	32	Ground or treated mineral and earth manufacturing	5	327992	2.0	0.0	0.0	0.0	0.0	1.8
165	5	999	Statewide	32	Gypsum product manufacturing	5	327420	4.0	0.0	0.0	0.0	0.0	2.6
166	5	999	Statewide	32	Hardwood veneer and plywood manufacturing	5	321211	6.5	0.0	0.0	104.6	3860.6	5.4
167	5	999	Statewide	32	In-vitro diagnostic substance manufacturing	5	325413	3.0	0.0	0.0	0.0	0.0	2.6
168	5	999	Statewide	32	Industrial gas manufacturing	5	325120	5.0	0.0	0.0	0.0	0.0	4.0
169	5	999	Statewide	32	Laminated plastics plate, sheet (except packaging), and shape manufacturing	5	326130	1.0	0.0	0.0	0.0	0.0	1.0
170	5	999	Statewide	32	Lime manufacturing	5	327410	2.0	0.0	0.0	0.0	0.0	2.0
171	5	999	Statewide	32	Manufactured home (mobile home) manufacturing	5	321991	1.0	0.0	0.0	0.0	0.0	1.0
172	5	999	Statewide	32	Medicinal and botanical manufacturing	5	325411	3.0	0.0	0.0	0.0	0.0	2.0
173	5	999	Statewide	32	Mineral wool manufacturing	5	327993	3.0	0.0	0.0	30.8	855.6	2.8
174	5	999	Statewide	32	Newsprint mills	5	322122	1.0	0.0	0.0	0.0	0.0	1.0
175	5	999	Statewide	32	Nitrogenous fertilizer manufacturing	5	325311	2.0	0.0	0.0	0.0	0.0	1.6
176	5	999	Statewide	32	Other basic inorganic chemical manufacturing	5	325180	9.0	0.0	0.0	307.8	21215.0	7.6
177	5	999	Statewide	32	Other concrete product manufacturing	5	327390	24.2	35.4	1054.0	240.0	8300.8	23.6
178	5	999	Statewide	32	Other millwork (including flooring)	5	321918	21.4	0.0	0.0	808.6	27074.8	20.0
179	5	999	Statewide	32	Other paperboard container manufacturing	5	322219	5.0	0.0	0.0	188.2	11640.8	4.4
180	5	999	Statewide	32	Other pressed and blown glass and glassware manufacturing	5	327212	6.8	0.0	0.0	0.0	0.0	6.0
181	5	999	Statewide	32	Paint and coating manufacturing	5	325510	9.0	66.4	3622.8	148.0	8844.6	8.4
182	5	999	Statewide	32	Paper (except newsprint) mills	5	322121	4.0	0.0	0.0	0.0	0.0	2.6
183	5	999	Statewide	32	Paper bag and coated and treated paper manufacturing	5	322220	17.666666666666664	0.0	0.0	1522.8	62951.8	14.2
184	5	999	Statewide	32	Paperboard mills	5	322130	4.0	0.0	0.0	1832.0	128529.8	4.0
185	5	999	Statewide	32	Pesticide and other agricultural chemical manufacturing	5	325320	3.0	0.0	0.0	57.4	2272.0	2.6
186	5	999	Statewide	32	Petroleum lubricating oil and grease manufacturing	5	324191	3.0	0.0	0.0	112.0	4960.0	3.0
187	5	999	Statewide	32	Petroleum refineries	5	324110	2.2	0.0	0.0	0.0	0.0	2.2
188	5	999	Statewide	32	Pharmaceutical preparation manufacturing	5	325412	8.45	0.0	0.0	104.4	9726.4	6.6
189	5	999	Statewide	32	Phosphatic fertilizer manufacturing	5	325312	2.0	0.0	0.0	0.0	0.0	1.2
190	5	999	Statewide	32	Photographic film, paper, plate, and chemical manufacturing	5	325992	2.0	0.0	0.0	0.0	0.0	1.8
191	5	999	Statewide	32	Plastics bag and pouch manufacturing	5	326111	3.4	0.0	0.0	0.0	0.0	3.4
192	5	999	Statewide	32	Plastics bottle manufacturing	5	326160	5.0	0.0	0.0	45.6	2512.2	4.8
193	5	999	Statewide	32	Plastics material and resin manufacturing	5	325211	9.0	0.0	0.0	194.0	10033.6	7.8
194	5	999	Statewide	32	Plastics packaging film and sheet (including laminated) manufacturing	5	326112	4.0	0.0	0.0	337.2	17352.0	4.0
195	5	999	Statewide	32	Plastics pipe and pipe fitting manufacturing	5	326122	5.0	0.0	0.0	518.4	25392.8	5.0
196	5	999	Statewide	32	Plastics plumbing fixture manufacturing	5	326191	2.0	0.0	0.0	0.0	0.0	2.0
197	5	999	Statewide	32	Polish and other sanitation good manufacturing	5	325612	5.6	0.0	0.0	0.0	0.0	5.0
198	5	999	Statewide	32	Polystyrene foam product manufacturing	5	326140	8.0	0.0	0.0	173.0	10250.6	5.8
199	5	999	Statewide	32	Pottery, ceramics, and plumbing fixture manufacturing	5	327110	3.0	0.0	0.0	0.0	19.6	2.2
200	5	999	Statewide	32	Prefabricated wood building manufacturing	5	321992	1.0	0.0	0.0	0.0	0.0	1.0
201	5	999	Statewide	32	Printing ink manufacturing	5	325910	3.0	0.0	0.0	60.0	3983.4	2.8
202	5	999	Statewide	32	Pulp mills	5	322110	1.0	0.0	0.0	0.0	0.0	1.0
203	5	999	Statewide	32	Ready-mix concrete manufacturing	5	327320	107.20000000000002	194.6	7891.5999999999985	998.2	36541.2	106.0
204	5	999	Statewide	32	Reconstituted wood product manufacturing	5	321219	8.0	0.0	0.0	486.6	26997.8	7.2
205	5	999	Statewide	32	Rubber and plastics hoses and belting manufacturing	5	326220	4.0	0.0	0.0	998.6	48344.0	3.4
206	5	999	Statewide	32	Rubber product manufacturing for mechanical use	5	326291	4.0	0.0	0.0	0.0	0.0	3.2
207	5	999	Statewide	32	Sanitary paper product manufacturing	5	322291	2.0	0.0	0.0	0.0	0.0	2.0
208	5	999	Statewide	32	Sawmills	5	321113	108.95	1428.0	58236.60000000001	3885.0	158797.6	106.2
209	5	999	Statewide	32	Soap and other detergent manufacturing	5	325611	7.8	0.0	0.0	206.8	23140.2	6.4
210	5	999	Statewide	32	Softwood veneer and plywood manufacturing	5	321212	3.0	0.0	0.0	346.4	17694.4	3.0
211	5	999	Statewide	32	Stationery product manufacturing	5	322230	4.6	0.0	0.0	183.0	3144.6	4.4
212	5	999	Statewide	32	Support activities for printing	5	323120	7.0	4.6	142.4	27.2	614.8	7.0
213	5	999	Statewide	32	Synthetic dye and pigment manufacturing	5	325130	4.0	0.0	0.0	7.6	597.2	3.2
214	5	999	Statewide	32	Tire manufacturing (except retreading)	5	326211	5.0	0.0	0.0	0.0	0.0	5.0
215	5	999	Statewide	32	Tire retreading	5	326212	6.2	0.0	161.4	98.6	3259.2	6.0
216	5	999	Statewide	32	Toilet preparation manufacturing	5	325620	5.8	0.0	0.0	833.0	32197.0	4.8
217	5	999	Statewide	32	Truss manufacturing	5	321214	21.2	51.0	1525.8	267.8	8551.6	19.2
218	5	999	Statewide	32	Unlaminated plastics film and sheet (except packaging) manufacturing	5	326113	5.4	0.0	0.0	245.6	12584.2	4.4
219	5	999	Statewide	32	Unlaminated plastics profile shape manufacturing	5	326121	6.4	0.0	0.0	111.8	4603.0	4.2
220	5	999	Statewide	32	Urethane and other foam product (except polystyrene) manufacturing	5	326150	7.8	0.0	0.0	188.0	7510.6	6.4
221	5	999	Statewide	32	Wood container and pallet manufacturing	5	321920	43.2	222.8	5647.6	629.6	14917.2	40.2
222	5	999	Statewide	32	Wood preservation	5	321114	8.6	0.0	0.0	321.4	14195.8	8.6
223	5	999	Statewide	32	Wood window and door manufacturing	5	321911	14.6	0.0	0.0	136.6	3826.4	10.8
224	5	999	Statewide	33	Air and gas compressor manufacturing	5	333912	3.0	0.0	0.0	20.2	745.4	2.6
225	5	999	Statewide	33	Air-conditioning and warm air heating equipment and commercial and industrial refrigeration equipment manufacturing	5	333415	12.0	0.0	0.0	3242.8	128156.6	11.4
226	5	999	Statewide	33	Aircraft engine and engine parts manufacturing	5	336412	7.6	0.0	0.0	147.2	10121.6	5.4
227	5	999	Statewide	33	Aircraft manufacturing	5	336411	5.6	0.0	0.0	0.0	0.0	4.0
228	5	999	Statewide	33	All other miscellaneous electrical equipment and component manufacturing	5	335999	3.0	0.0	0.0	69.6	3722.2	3.0
229	5	999	Statewide	33	All other miscellaneous fabricated metal product manufacturing	5	332999	30.9	49.0	1961.4	126.6	4749.2	26.8
230	5	999	Statewide	33	All other miscellaneous general purpose machinery manufacturing	5	333999	17.0	0.0	0.0	464.0	20285.4	13.0
231	5	999	Statewide	33	All other miscellaneous manufacturing	5	339999	29.8	0.0	31.8	489.2	13234.8	20.4
232	5	999	Statewide	33	All other transportation equipment manufacturing	5	336999	3.0	0.0	0.0	110.4	3640.8	2.8
233	5	999	Statewide	33	Alumina refining and primary aluminum production	5	331313	3.0	0.0	0.0	0.0	0.0	3.0
234	5	999	Statewide	33	Aluminum foundries (except die-casting)	5	331524	2.8	0.0	0.0	19.0	460.8	2.8
235	5	999	Statewide	33	Aluminum sheet, plate, and foil manufacturing	5	331315	4.0	0.0	0.0	144.0	7675.2	3.2
236	5	999	Statewide	33	Ammunition (except small arms) manufacturing	5	332993	3.4	150.0	7181.4	150.0	7181.4	2.6
237	5	999	Statewide	33	Analytical laboratory instrument manufacturing	5	334516	1.0	0.0	0.0	0.0	0.0	1.0
238	5	999	Statewide	33	Audio and video equipment manufacturing	5	334310	3.0	0.0	0.0	0.0	0.0	1.4
239	5	999	Statewide	33	Automatic environmental control manufacturing for residential, commercial, and appliance use	5	334512	2.0	0.0	0.0	0.0	0.0	1.0
240	5	999	Statewide	33	Automobile manufacturing	5	336111	4.0	0.0	0.0	17.4	715.4	4.0
241	5	999	Statewide	33	Bare printed circuit board manufacturing	5	334412	6.0	0.0	0.0	18.0	898.4	4.6
242	5	999	Statewide	33	Blind and shade manufacturing	5	337920	3.25	0.0	0.0	6.0	239.0	3.0
243	5	999	Statewide	33	Boat building	5	336612	19.0	171.4	5075.2	1599.0	52737.8	17.4
244	5	999	Statewide	33	Bolt, nut, screw, rivet, and washer manufacturing	5	332722	7.0	44.6	1814.0	137.6	5396.2	5.8
245	5	999	Statewide	33	Broom, brush, and mop manufacturing	5	339994	2.0	0.0	0.0	0.0	0.0	2.0
246	5	999	Statewide	33	Capacitor, resistor, coil, transformer, and other inductor manufacturing	5	334416	3.0	0.0	0.0	112.0	3649.4	3.0
247	5	999	Statewide	33	Carbon and graphite product manufacturing	5	335991	3.2	0.0	0.0	32.8	3173.6	3.2
248	5	999	Statewide	33	Commercial, industrial, and institutional electric lighting fixture manufacturing	5	335122	4.6	0.0	0.0	49.2	1982.8	4.6
249	5	999	Statewide	33	Computer terminal and other computer peripheral equipment manufacturing	5	334118	2.75	0.0	0.0	0.0	0.0	2.4
250	5	999	Statewide	33	Construction machinery manufacturing	5	333120	7.0	0.0	0.0	509.2	24258.0	6.2
251	5	999	Statewide	33	Conveyor and conveying equipment manufacturing	5	333922	15.4	301.8	15368.4	1360.0	65953.6	15.4
252	5	999	Statewide	33	Copper rolling, drawing, extruding, and alloying	5	331420	6.0	0.0	0.0	127.2	4318.6	5.2
253	5	999	Statewide	33	Current-carrying wiring device manufacturing	5	335931	5.0	0.0	0.0	0.0	0.0	4.4
254	5	999	Statewide	33	Custom architectural woodwork and millwork manufacturing	5	337212	8.0	0.0	0.0	55.2	2520.4	5.8
255	5	999	Statewide	33	Custom roll forming	5	332114	6.0	0.0	0.0	118.6	7092.4	5.8
256	5	999	Statewide	33	Cutting tool and machine tool accessory manufacturing	5	333515	10.0	0.0	0.0	453.0	20294.8	7.8
257	5	999	Statewide	33	Dental equipment and supplies manufacturing	5	339114	5.0	0.0	0.0	24.4	832.0	3.6
258	5	999	Statewide	33	Dental laboratories	5	339116	34.4	37.0	1786.6	177.8	5246.4	33.6
259	5	999	Statewide	33	Doll, toy, and game manufacturing	5	339930	6.0	0.0	0.0	15.2	947.4	3.8
260	5	999	Statewide	33	Electromedical and electrotherapeutic apparatus manufacturing	5	334510	3.0	0.0	0.0	0.0	0.0	2.6
261	5	999	Statewide	33	Electronic computer manufacturing	5	334111	2.0	0.0	0.0	0.0	0.0	1.2
262	5	999	Statewide	33	Electroplating, plating, polishing, anodizing, and coloring	5	332813	13.0	24.8	853.2	98.8	3813.0	10.6
263	5	999	Statewide	33	Elevator and moving stairway manufacturing	5	333921	1.0	0.0	0.0	0.0	0.0	1.0
264	5	999	Statewide	33	Fabricated pipe and pipe fitting manufacturing	5	332996	14.8	0.0	0.0	1451.6	77184.4	14.6
265	5	999	Statewide	33	Fabricated structural metal manufacturing	5	332312	40.4	506.8	29167.2	1785.6	99193.2	37.8
266	5	999	Statewide	33	Farm machinery and equipment manufacturing	5	333111	22.6	0.0	0.0	848.4	32530.2	20.2
267	5	999	Statewide	33	Fluid power cylinder and actuator manufacturing	5	333995	2.0	0.0	0.0	0.0	0.0	2.0
268	5	999	Statewide	33	Fluid power pump and motor manufacturing	5	333996	1.2	0.0	0.0	0.0	0.0	1.2
269	5	999	Statewide	33	Fluid power valve and hose fitting manufacturing	5	332912	1.0	0.0	0.0	0.0	0.0	1.0
270	5	999	Statewide	33	Food product machinery manufacturing	5	333241	5.4	0.0	0.0	105.6	7765.2	4.8
271	5	999	Statewide	33	Gasket, packing, and sealing device manufacturing	5	339991	2.0	0.0	0.0	0.0	0.0	2.0
272	5	999	Statewide	33	Guided missile and space vehicle manufacturing	5	336414	2.0	0.0	0.0	0.0	0.0	2.0
273	5	999	Statewide	33	Guided missile and space vehicle propulsion unit and propulsion unit parts manufacturing	5	336415	1.0	0.0	0.0	0.0	0.0	1.0
274	5	999	Statewide	33	Hardware manufacturing	5	332510	7.2	0.0	0.0	173.4	6388.4	5.8
275	5	999	Statewide	33	Heavy duty truck manufacturing	5	336120	1.0	0.0	0.0	0.0	0.0	1.0
276	5	999	Statewide	33	Household furniture (except wood and metal) manufacturing	5	337125	1.0	0.0	0.0	0.0	0.0	1.0
277	5	999	Statewide	33	Household refrigerator and home freezer manufacturing	5	335222	1.0	0.0	0.0	0.0	0.0	1.0
278	5	999	Statewide	33	Industrial and commercial fan and blower and air purification equipment manufacturing	5	333413	8.0	0.0	0.0	413.2	22441.0	7.6
279	5	999	Statewide	33	Industrial mold manufacturing	5	333511	15.0	0.0	0.0	99.0	3113.8	12.8
280	5	999	Statewide	33	Industrial truck, trailer, and stacker machinery manufacturing	5	333924	7.25	0.0	0.0	202.0	9140.8	5.6
281	5	999	Statewide	33	Industrial valve manufacturing	5	332911	2.0	0.0	0.0	0.0	0.0	1.6
282	5	999	Statewide	33	Institutional furniture manufacturing	5	337127	16.4	33.0	1231.2	604.4	25289.8	14.2
283	5	999	Statewide	33	Instrument manufacturing for measuring and testing electricity and electrical systems	5	334515	1.0	0.0	0.0	0.0	0.0	1.0
284	5	999	Statewide	33	Instruments and related products manufacturing for measuring, displaying, and controlling industrial process variables	5	334513	2.0	0.0	0.0	0.0	0.0	1.2
285	5	999	Statewide	33	Iron and steel forging	5	332111	7.0	0.0	0.0	0.0	0.0	3.2
286	5	999	Statewide	33	Iron and steel mills and ferroalloy manufacturing	5	331110	11.4	0.0	0.0	2823.2	242360.6	9.0
287	5	999	Statewide	33	Iron and steel pipe and tube manufacturing from purchased steel	5	331210	3.0	0.0	0.0	169.6	8043.0	2.4
288	5	999	Statewide	33	Iron foundries	5	331511	4.0	0.0	0.0	0.0	0.0	3.2
289	5	999	Statewide	33	Jewelry and silverware manufacturing	5	339910	5.0	0.0	0.0	1.0	63.0	2.8
290	5	999	Statewide	33	Lawn and garden tractor and home lawn and garden equipment manufacturing	5	333112	3.0	0.0	0.0	0.0	0.0	1.4
291	5	999	Statewide	33	Machine shops	5	332710	183.2	1197.0000000000002	48851.00000000001	1739.6	68259.0	178.6
292	5	999	Statewide	33	Machine tool manufacturing	5	333517	6.0	0.0	0.0	75.4	3466.8	5.6
293	5	999	Statewide	33	Mattress manufacturing	5	337910	4.0	0.0	0.0	17.6	429.2	4.0
294	5	999	Statewide	33	Mechanical power transmission equipment manufacturing	5	333613	3.0	0.0	0.0	142.0	5058.4	3.0
295	5	999	Statewide	33	Metal can manufacturing	5	332431	2.0	0.0	0.0	0.0	0.0	1.4
296	5	999	Statewide	33	Metal coating, engraving (except jewelry and silverware), and allied services to manufacturers	5	332812	20.2	0.0	0.0	296.6	11979.8	15.8
297	5	999	Statewide	33	Metal crown, closure, and other metal stamping (except automotive)	5	332119	8.2	15.0	809.4	378.8	12835.2	8.2
298	5	999	Statewide	33	Metal heat treating	5	332811	4.0	0.0	0.0	40.8	1674.4	4.0
299	5	999	Statewide	33	Metal household furniture manufacturing	5	337124	3.2	0.0	0.0	20.4	1024.0	3.2
300	5	999	Statewide	33	Metal kitchen cookware, utensil, cutlery, and flatware (except precious) manufacturing	5	332215	4.6	0.0	0.0	9.6	368.4	3.0
301	5	999	Statewide	33	Metal tank (heavy gauge) manufacturing	5	332420	9.0	0.0	0.0	194.2	7416.4	7.4
302	5	999	Statewide	33	Metal window and door manufacturing	5	332321	11.8	0.0	0.0	288.8	10765.4	11.4
303	5	999	Statewide	33	Mining machinery and equipment manufacturing	5	333131	1.0	0.0	0.0	0.0	0.0	1.0
304	5	999	Statewide	33	Motor and generator manufacturing	5	335312	15.0	0.0	0.0	1123.6	71052.6	13.2
305	5	999	Statewide	33	Motor vehicle body manufacturing	5	336211	8.0	0.0	0.0	160.4	4816.2	5.8
306	5	999	Statewide	33	Motor vehicle brake system manufacturing	5	336340	4.0	0.0	0.0	67.4	3344.0	4.0
307	5	999	Statewide	33	Motor vehicle electrical and electronic equipment manufacturing	5	336320	5.0	0.0	0.0	29.2	850.4	5.0
308	5	999	Statewide	33	Motor vehicle gasoline engine and engine parts manufacturing	5	336310	13.8	0.0	0.0	378.4	19872.6	11.4
309	5	999	Statewide	33	Motor vehicle metal stamping	5	336370	2.0	0.0	0.0	0.0	0.0	2.0
310	5	999	Statewide	33	Motor vehicle seating and interior trim manufacturing	5	336360	5.0	0.0	0.0	0.0	0.0	3.0
311	5	999	Statewide	33	Motor vehicle steering and suspension components (except spring) manufacturing	5	336330	5.0	0.0	0.0	1505.2	59857.2	4.4
312	5	999	Statewide	33	Motor vehicle transmission and power train parts manufacturing	5	336350	6.0	0.0	0.0	0.0	0.0	4.4
313	5	999	Statewide	33	Motorcycle, bicycle, and parts manufacturing	5	336991	3.0	0.0	0.0	0.0	0.0	1.3333333333333333
314	5	999	Statewide	33	Musical instrument manufacturing	5	339992	5.0	0.0	0.0	19.6	1221.8	3.4
315	5	999	Statewide	33	Noncurrent-carrying wiring device manufacturing	5	335932	2.0	0.0	0.0	0.0	0.0	2.0
316	5	999	Statewide	33	Nonferrous metal (except aluminum) smelting and refining	5	331410	1.0	0.0	0.0	0.0	0.0	1.0
317	5	999	Statewide	33	Nonferrous metal (except copper and aluminum) rolling, drawing, extruding, and alloying	5	331491	2.0	0.0	0.0	0.0	0.0	2.0
318	5	999	Statewide	33	Nonferrous metal die-casting foundries	5	331523	5.2	0.0	0.0	781.6	33197.2	5.2
319	5	999	Statewide	33	Nonupholstered wood household furniture manufacturing	5	337122	22.6	8.8	351.0	127.6	3438.4	17.8
320	5	999	Statewide	33	Office furniture (except wood) manufacturing	5	337214	1.0	0.0	0.0	0.0	0.0	1.0
321	5	999	Statewide	33	Office supplies (except paper) manufacturing	5	339940	4.0	0.0	0.0	0.0	0.0	4.0
322	5	999	Statewide	33	Oil and gas field machinery and equipment manufacturing	5	333132	4.0	0.0	0.0	0.0	0.0	2.0
323	5	999	Statewide	33	Ophthalmic goods manufacturing	5	339115	6.4	0.0	0.0	0.0	0.0	5.2
324	5	999	Statewide	33	Optical instrument and lens manufacturing	5	333314	3.4	0.0	0.0	0.0	0.0	3.0
325	5	999	Statewide	33	Ornamental and architectural metal work manufacturing	5	332323	23.35	14.8	968.2	145.4	4852.8	21.6
326	5	999	Statewide	33	Other aircraft parts and auxiliary equipment manufacturing	5	336413	8.0	56.8	2978.6	1036.4	46226.2	8.0
327	5	999	Statewide	33	Other aluminum rolling, drawing, and extruding	5	331318	4.25	0.0	0.0	89.2	4668.2	3.2
328	5	999	Statewide	33	Other commercial and service industry machinery manufacturing	5	333318	14.4	0.0	0.0	259.0	15857.8	14.2
329	5	999	Statewide	33	Other communication and energy wire manufacturing	5	335929	4.0	0.0	0.0	0.0	0.0	1.8
330	5	999	Statewide	33	Other electronic component manufacturing	5	334419	7.0	0.0	0.0	237.4	7664.6	5.8
331	5	999	Statewide	33	Other engine equipment manufacturing	5	333618	3.8	0.0	0.0	0.0	0.0	3.0
332	5	999	Statewide	33	Other fabricated wire product manufacturing	5	332618	9.6	0.0	0.0	323.2	14722.6	8.4
333	5	999	Statewide	33	Other industrial machinery manufacturing	5	333249	19.4	0.0	0.0	533.0	18784.2	15.8
334	5	999	Statewide	33	Other lighting equipment manufacturing	5	335129	3.8	72.0	3205.8	72.0	3205.8	3.0
335	5	999	Statewide	33	Other measuring and controlling device manufacturing	5	334519	2.0	0.0	0.0	0.0	0.0	1.2
336	5	999	Statewide	33	Other metal container manufacturing	5	332439	4.0	0.0	0.0	57.2	2087.0	3.6
337	5	999	Statewide	33	Other metal valve and pipe fitting manufacturing	5	332919	3.0	0.0	0.0	0.0	0.0	3.0
338	5	999	Statewide	33	Other motor vehicle parts manufacturing	5	336390	11.8	0.0	0.0	2408.2	97570.8	11.0
339	5	999	Statewide	33	Other nonferrous metal foundries (except die-casting)	5	331529	2.0	0.0	0.0	0.0	0.0	1.4
340	5	999	Statewide	33	Overhead traveling crane, hoist, and monorail system manufacturing	5	333923	1.0	0.0	0.0	0.0	0.0	1.0
341	5	999	Statewide	33	Packaging machinery manufacturing	5	333993	4.0	0.0	0.0	158.0	9168.8	4.0
342	5	999	Statewide	33	Photographic and photocopying equipment manufacturing	5	333316	1.0	0.0	0.0	0.0	0.0	1.0
343	5	999	Statewide	33	Plate work manufacturing	5	332313	9.2	0.0	0.0	92.4	8195.6	7.2
344	5	999	Statewide	33	Plumbing fixture fitting and trim manufacturing	5	332913	2.0	0.0	0.0	0.0	0.0	1.2
345	5	999	Statewide	33	Powder metallurgy part manufacturing	5	332117	1.0	0.0	0.0	0.0	0.0	1.0
346	5	999	Statewide	33	Power, distribution, and specialty transformer manufacturing	5	335311	4.0	0.0	0.0	0.0	0.0	3.2
347	5	999	Statewide	33	Precision turned product manufacturing	5	332721	14.6	58.8	3647.0	274.2	11977.0	13.4
348	5	999	Statewide	33	Prefabricated metal building and component manufacturing	5	332311	18.6	9.6	466.4	528.4	34684.2	15.2
349	5	999	Statewide	33	Printed circuit assembly (electronic assembly) manufacturing	5	334418	3.2	40.2	1002.4	40.8	1050.2	3.2
350	5	999	Statewide	33	Pump and pumping equipment manufacturing	5	333911	4.0	0.0	0.0	7.0	559.4	3.2
351	5	999	Statewide	33	Railroad rolling stock manufacturing	5	336510	3.0	0.0	0.0	0.0	0.0	3.0
352	5	999	Statewide	33	Relay and industrial control manufacturing	5	335314	8.8	0.0	0.0	191.2	6520.4	7.6
353	5	999	Statewide	33	Residential electric lighting fixture manufacturing	5	335121	5.0	0.0	0.0	0.0	0.0	2.8
354	5	999	Statewide	33	Rolled steel shape manufacturing	5	331221	3.0	0.0	0.0	0.0	0.0	1.6
355	5	999	Statewide	33	Rolling mill and other metalworking machinery manufacturing	5	333519	2.0	0.0	0.0	0.0	0.0	1.4
356	5	999	Statewide	33	Saw blade and handtool manufacturing	5	332216	6.8	0.0	0.0	450.6	19950.4	5.2
357	5	999	Statewide	33	Sawmill, woodworking, and paper machinery manufacturing	5	333243	11.0	251.8	13559.4	413.0	20506.4	9.2
358	5	999	Statewide	33	Scale and balance manufacturing	5	333997	1.0	0.0	0.0	0.0	0.0	1.0
359	5	999	Statewide	33	Search, detection, navigation, guidance, aeronautical, and nautical system and instrument manufacturing	5	334511	3.0	0.0	0.0	105.4	4936.8	2.2
360	5	999	Statewide	33	Secondary smelting and alloying of aluminum	5	331314	2.0	0.0	0.0	0.0	0.0	1.2
361	5	999	Statewide	33	Secondary smelting, refining, and alloying of nonferrous metal (except copper and aluminum)	5	331492	2.0	0.0	0.0	0.0	0.0	2.0
362	5	999	Statewide	33	Semiconductor and related device manufacturing	5	334413	1.0	0.0	0.0	0.0	0.0	1.0
363	5	999	Statewide	33	Sheet metal work manufacturing	5	332322	40.6	249.2	15851.6	586.8	29894.0	35.8
364	5	999	Statewide	33	Ship building and repairing	5	336611	5.2	0.0	0.0	50.2	1984.8	4.4
365	5	999	Statewide	33	Showcase, partition, shelving, and locker manufacturing	5	337215	11.6	55.6	2515.2	796.6	36271.0	11.2
366	5	999	Statewide	33	Sign manufacturing	5	339950	53.0	298.6	11947.4	452.4	15540.2	50.8
367	5	999	Statewide	33	Small arms ammunition manufacturing	5	332992	6.5	0.0	0.0	0.0	0.0	4.6
368	5	999	Statewide	33	Small arms, ordnance, and ordnance accessories manufacturing	5	332994	9.6	0.0	0.0	163.0	7444.8	6.4
369	5	999	Statewide	33	Small electrical appliance manufacturing	5	335210	2.0	0.0	0.0	0.0	0.0	2.0
370	5	999	Statewide	33	Software and other prerecorded compact disc, tape, and record reproducing	5	334614	2.0	0.0	0.0	0.0	0.0	2.0
371	5	999	Statewide	33	Special die and tool, die set, jig, and fixture manufacturing	5	333514	17.2	48.8	2494.4	150.2	6219.2	16.2
372	5	999	Statewide	33	Speed changer, industrial high-speed drive, and gear manufacturing	5	333612	1.0	0.0	0.0	0.0	0.0	1.0
373	5	999	Statewide	33	Sporting and athletic goods manufacturing	5	339920	22.2	51.8	861.8	473.8	13948.4	20.6
374	5	999	Statewide	33	Steel foundries (except investment)	5	331513	2.0	0.0	0.0	0.0	0.0	1.4
375	5	999	Statewide	33	Steel investment foundries	5	331512	1.0	0.0	0.0	0.0	0.0	1.0
376	5	999	Statewide	33	Steel wire drawing	5	331222	8.8	0.0	0.0	1367.4	70901.6	8.0
377	5	999	Statewide	33	Storage battery manufacturing	5	335911	1.0	0.0	0.0	0.0	0.0	1.0
378	5	999	Statewide	33	Surgical and medical instrument manufacturing	5	339112	3.0	0.0	0.0	0.0	0.0	2.4
379	5	999	Statewide	33	Surgical appliance and supplies manufacturing	5	339113	21.55	102.2	5442.8	251.6	10255.4	20.6
380	5	999	Statewide	33	Switchgear and switchboard apparatus manufacturing	5	335313	3.0	0.0	0.0	0.0	0.0	1.2
381	5	999	Statewide	33	Telephone apparatus manufacturing	5	334210	1.0	0.0	0.0	0.0	0.0	1.0
382	5	999	Statewide	33	Totalizing fluid meter and counting device manufacturing	5	334514	2.0	0.0	0.0	0.0	0.0	2.0
383	5	999	Statewide	33	Travel trailer and camper manufacturing	5	336214	11.0	0.0	0.0	228.2	6987.0	8.2
384	5	999	Statewide	33	Truck trailer manufacturing	5	336212	9.733333333333333	0.0	0.0	813.0	46237.2	8.4
385	5	999	Statewide	33	Turbine and turbine generator set units manufacturing	5	333611	2.2	0.0	0.0	0.0	0.0	2.2
386	5	999	Statewide	33	Upholstered household furniture manufacturing	5	337121	9.0	0.0	0.0	232.0	11892.8	7.6
387	5	999	Statewide	33	Welding and soldering equipment manufacturing	5	333992	1.0	0.0	0.0	0.0	0.0	1.0
388	5	999	Statewide	33	Wood kitchen cabinet and countertop manufacturing	5	337110	69.15000000000002	363.6	10808.6	582.4	16657.2	67.6
389	5	999	Statewide	33	Wood office furniture manufacturing	5	337211	3.0	0.0	0.0	0.0	0.0	2.2
390	5	999	Statewide	42	Automobile and other motor vehicle merchant wholesalers	5	423110	93.2	930.8	57482.6	1435.4	72690.0	89.8
391	5	999	Statewide	42	Beer and ale merchant wholesalers	5	424810	27.8	159.0	6840.5999999999985	719.2	32639.2	25.6
392	5	999	Statewide	42	Book, periodical, and newspaper merchant wholesalers	5	424920	13.4	10.6	441.4	27.6	1151.6	10.6
393	5	999	Statewide	42	Brick, stone, and related construction material merchant wholesalers	5	423320	44.2	106.8	7499.0	270.0	11528.4	41.6
394	5	999	Statewide	42	Business to business electronic markets	5	425110	5.0	0.0	0.0	0.0	94.0	1.8
395	5	999	Statewide	42	Coal and other mineral and ore merchant wholesalers	5	423520	3.0	0.0	0.0	0.0	0.0	1.25
396	5	999	Statewide	42	Computer and computer peripheral equipment and software merchant wholesalers	5	423430	30.6	199.2	24846.6	511.8	51998.8	35.6
397	5	999	Statewide	42	Confectionery merchant wholesalers	5	424450	45.99999999999999	118.2	11357.6	347.4	28139.2	35.2
398	5	999	Statewide	42	Construction and mining (except oil well) machinery and equipment merchant wholesalers	5	423810	54.2	276.0	16309.8	372.4	22232.8	53.8
399	5	999	Statewide	42	Dairy product (except dried or canned) merchant wholesalers	5	424430	15.0	28.2	1069.2	223.8	9923.8	14.0
400	5	999	Statewide	42	Drugs and druggists' sundries merchant wholesalers	5	424210	72.60000000000002	653.8	53401.0	1242.0	94242.8	79.6
401	5	999	Statewide	42	Electrical apparatus and equipment, wiring supplies, and related equipment merchant wholesalers	5	423610	144.0	1668.6	103957.0	2027.6	118572.0	142.2
402	5	999	Statewide	42	Farm and garden machinery and equipment merchant wholesalers	5	423820	189.2	1601.0000000000002	78519.6	2549.0	122125.6	187.6
403	5	999	Statewide	42	Farm supplies merchant wholesalers	5	424910	139.6	998.2	49869.8	1571.2	76920.8	134.8
404	5	999	Statewide	42	Flower, nursery stock, and florists' supplies merchant wholesalers	5	424930	22.45	0.0	0.0	184.0	5150.0	20.8
405	5	999	Statewide	42	Footwear merchant wholesalers	5	424340	5.0	0.0	0.0	12.8	1812.2	4.2
406	5	999	Statewide	42	Fresh fruit and vegetable merchant wholesalers	5	424480	17.8	72.2	4208.8	172.8	10053.2	16.2
407	5	999	Statewide	42	Furniture merchant wholesalers	5	423210	34.2	222.4	11791.0	297.0	13420.2	32.2
408	5	999	Statewide	42	General line grocery merchant wholesalers	5	424410	19.8	19.0	953.6	439.2	28898.8	14.8
409	5	999	Statewide	42	Grain and field bean merchant wholesalers	5	424510	64.0	234.8	11320.0	966.8	59104.0	62.8
410	5	999	Statewide	42	Hardware merchant wholesalers	5	423710	43.60000000000001	434.4	18384.8	723.4	30424.0	41.0
411	5	999	Statewide	42	Home furnishing merchant wholesalers	5	423220	44.55	113.4	14789.8	383.4	21226.0	43.6
412	5	999	Statewide	42	Household appliances, electric housewares, and consumer electronics merchant wholesalers 	5	423620	11.8	121.2	12947.0	258.4	21080.4	12.0
413	5	999	Statewide	42	Industrial and personal service paper merchant wholesalers	5	424130	40.2	379.2	23001.8	617.6	42778.4	38.8
414	5	999	Statewide	42	Industrial machinery and equipment merchant wholesalers	5	423830	273.66666666666663	2363.8	139218.39999999994	2896.2	167182.8	275.4
415	5	999	Statewide	42	Industrial supplies merchant wholesalers	5	423840	78.65	309.6	18929.0	696.4	36241.6	78.6
416	5	999	Statewide	42	Jewelry, watch, precious stone, and precious metal merchant wholesalers	5	423940	19.4	2.4	396.2	83.0	2723.0	20.0
417	5	999	Statewide	42	Livestock merchant wholesalers	5	424520	16.6	0.0	0.0	76.0	1026.0	10.0
418	5	999	Statewide	42	Lumber, plywood, millwork, and wood panel merchant wholesalers	5	423310	60.40000000000001	421.4	21133.6	961.0	40430.4	55.2
419	5	999	Statewide	42	Meat and meat product merchant wholesalers	5	424470	15.8	16.6	2522.4	112.8	8292.2	15.0
420	5	999	Statewide	42	Medical, dental, and hospital equipment and supplies merchant wholesalers	5	423450	67.2	251.4	16793.2	621.8	43210.4	73.8
421	5	999	Statewide	42	Men's and boys' clothing and furnishings merchant wholesalers	5	424320	15.6	405.2	20621.6	484.6	23223.6	14.2
422	5	999	Statewide	42	Metal service centers and other metal merchant wholesalers	5	423510	91.6	969.8	56128.4	1295.2	71020.4	90.0
423	5	999	Statewide	42	Motor vehicle parts (used) merchant wholesalers	5	423140	27.8	52.0	1726.2	143.4	4512.4	25.2
424	5	999	Statewide	42	Motor vehicle supplies and new parts merchant wholesalers	5	423120	91.45	783.8000000000003	34219.6	1463.4	62448.8	87.6
425	5	999	Statewide	42	Office equipment merchant wholesalers	5	423420	63.00000000000001	585.8	30000.6	722.8	34457.4	63.4
426	5	999	Statewide	42	Ophthalmic goods merchant wholesalers	5	423460	10.8	0.0	0.0	88.8	2514.6	8.8
427	5	999	Statewide	42	Other chemical and allied products merchant wholesalers	5	424690	87.99999999999999	322.6	30068.399999999994	750.0	58204.8	88.4
428	5	999	Statewide	42	Other commercial equipment merchant wholesalers	5	423440	35.8	177.2	7992.6	471.2	21477.4	35.0
429	5	999	Statewide	42	Other construction material merchant wholesalers	5	423390	31.4	189.0	9460.4	283.8	13991.8	30.0
430	5	999	Statewide	42	Other electronic parts and equipment merchant wholesalers	5	423690	39.1	76.6	8409.8	380.6	22506.2	42.0
431	5	999	Statewide	42	Other farm product raw material merchant wholesalers	5	424590	11.0	0.0	0.0	25.8	1881.4	6.8
432	5	999	Statewide	42	Other grocery and related products merchant wholesalers	5	424490	121.11666666666667	1511.4	103399.0	2401.6	148672.6	120.0
433	5	999	Statewide	42	Other miscellaneous durable goods merchant wholesalers	5	423990	71.60000000000002	262.8	11462.4	684.2	27127.6	69.2
434	5	999	Statewide	42	Other miscellaneous nondurable goods merchant wholesalers	5	424990	66.3	176.79999999999995	9358.4	412.6	17861.0	61.0
435	5	999	Statewide	42	Other professional equipment and supplies merchant wholesalers	5	423490	7.4	0.0	0.0	10.2	728.8	6.0
436	5	999	Statewide	42	Packaged frozen food merchant wholesalers	5	424420	29.200000000000006	700.1999999999998	57522.00000000001	1300.0	89016.8	28.2
437	5	999	Statewide	42	Paint, varnish, and supplies merchant wholesalers	5	424950	20.8	90.0	5520.5999999999985	113.4	6710.2	20.0
438	5	999	Statewide	42	Petroleum and petroleum products merchant wholesalers (except bulk stations and terminals) 	5	424720	28.4	60.40000000000001	4885.200000000002	259.4	15581.6	25.0
439	5	999	Statewide	42	Petroleum bulk stations and terminals 	5	424710	86.55000000000003	320.2	15480.4	983.4	40377.0	81.2
440	5	999	Statewide	42	Photographic equipment and supplies merchant wholesalers	5	423410	3.0	0.0	0.0	7.4	391.6	2.6
441	5	999	Statewide	42	Piece goods, notions, and other dry goods merchant wholesalers	5	424310	10.0	0.0	0.0	66.0	2509.4	6.0
442	5	999	Statewide	42	Plastics materials and basic forms and shapes merchant wholesalers	5	424610	15.6	31.8	1588.4	96.0	3702.2	15.6
443	5	999	Statewide	42	Plumbing and heating equipment and supplies (hydronics) merchant wholesalers	5	423720	49.2	256.2	16212.2	414.2	23052.0	49.0
444	5	999	Statewide	42	Poultry and poultry product merchant wholesalers	5	424440	7.6	0.0	0.0	89.2	12257.0	7.8
445	5	999	Statewide	42	Printing and writing paper merchant wholesalers	5	424110	5.4	0.0	0.0	67.6	4903.6	4.4
446	5	999	Statewide	42	Recyclable material merchant wholesalers	5	423930	89.66666666666669	488.4	21318.0	1181.6	49356.0	78.0
447	5	999	Statewide	42	Refrigeration equipment and supplies merchant wholesalers	5	423740	17.2	27.2	1935.6	106.8	5360.0	17.2
448	5	999	Statewide	42	Roofing, siding, and insulation material merchant wholesalers	5	423330	33.8	110.0	8102.5999999999985	205.8	15576.0	32.4
449	5	999	Statewide	42	Service establishment equipment and supplies merchant wholesalers	5	423850	37.6	219.8	10548.4	345.6	15773.4	36.6
450	5	999	Statewide	42	Sporting and recreational goods and supplies merchant wholesalers	5	423910	46.4	412.8	27044.8	694.0	36248.0	44.0
451	5	999	Statewide	42	Stationery and office supplies merchant wholesalers	5	424120	33.2	203.0	10742.6	294.8	15397.8	35.0
452	5	999	Statewide	42	Tire and tube merchant wholesalers	5	423130	31.25	142.4	6793.6	393.8	18651.2	28.4
453	5	999	Statewide	42	Tobacco and tobacco product merchant wholesalers	5	424940	19.2	0.0	0.0	687.8	25448.6	17.8
454	5	999	Statewide	42	Toy and hobby goods and supplies merchant wholesalers	5	423920	11.2	29.0	3158.0	91.8	4566.0	12.2
455	5	999	Statewide	42	Transportation equipment and supplies (except motor vehicle) merchant wholesalers	5	423860	14.85	76.4	3625.6	90.0	6384.0	13.8
456	5	999	Statewide	42	Warm air heating and air-conditioning equipment and supplies merchant wholesalers	5	423730	70.0	504.19999999999993	33091.4	616.6	36472.6	70.0
457	5	999	Statewide	42	Wholesale trade agents and brokers	5	425120	385.7333333333333	3373.200000000001	132260.4	3981.0	146482.8	378.4
458	5	999	Statewide	42	Wine and distilled alcoholic beverage merchant wholesalers	5	424820	10.0	0.0	0.0	627.4	34063.6	9.2
459	5	999	Statewide	42	Women's, children's, and infants' clothing and accessories merchant wholesalers	5	424330	20.8	4.2	809.2	135.2	6213.6	16.8
460	5	999	Statewide	44	All other health and personal care stores	5	446199	110.20000000000002	340.6	15445.000000000002	557.8	21112.2	101.8
461	5	999	Statewide	44	All other home furnishings stores	5	442299	121.0	893.8	13856.6	1045.2	15360.4	119.6
462	5	999	Statewide	44	All other specialty food stores	5	445299	43.15	93.8	1431.8000000000004	208.4	2593.8	36.4
463	5	999	Statewide	44	Automotive parts and accessories stores	5	441310	524.2	3580.200000000001	87776.20000000001	3970.2	91898.0	524.0
464	5	999	Statewide	44	Baked goods stores	5	445291	18.866666666666667	18.6	897.4000000000002	65.8	2233.6	13.2
465	5	999	Statewide	44	Beer, wine, and liquor stores	5	445310	344.86666666666673	1491.0500000000004	32095.149999999994	1706.4	34416.8	336.4
466	5	999	Statewide	44	Boat dealers	5	441222	43.8	186.8	6622.4	341.4	11539.2	39.0
467	5	999	Statewide	44	Children's and infants' clothing stores	5	448130	59.33333333333333	484.19999999999993	5680.999999999999	510.4	6024.4	53.8
468	5	999	Statewide	44	Clothing accessories stores	5	448150	73.73333333333333	231.4	3333.9999999999995	346.4	4511.2	64.0
469	5	999	Statewide	44	Confectionery and nut stores	5	445292	21.4	17.4	433.0	43.6	981.2	19.0
470	5	999	Statewide	44	Convenience stores	5	445120	126.63333333333334	85.05	1971.4	298.6	4426.2	104.4
471	5	999	Statewide	44	Cosmetics, beauty supplies, and perfume stores	5	446120	153.13333333333333	772.5999999999998	12930.200000000004	966.6	14773.0	148.6
472	5	999	Statewide	44	Electronics stores	5	443142	302.35000000000014	2035.6	53992.15	2715.2	59733.4	295.8
473	5	999	Statewide	44	Family clothing stores	5	448140	244.05	3441.599999999999	41736.2	3845.2	47663.6	237.4
474	5	999	Statewide	44	Fish and seafood markets	5	445220	14.0	4.2	70.6	11.4	159.4	9.6
475	5	999	Statewide	44	Floor covering stores	5	442210	116.73333333333332	385.6	16224.199999999995	563.8	19892.4	115.0
476	5	999	Statewide	44	Food (health) supplement stores	5	446191	72.0	141.6	3454.8	314.4	5345.8	71.4
477	5	999	Statewide	44	Fruit and vegetable markets	5	445230	14.8	1.0	27.4	24.6	565.8	11.4
478	5	999	Statewide	44	Furniture stores	5	442110	274.6	1396.9999999999998	47765.6	1752.4	55979.4	270.4
479	5	999	Statewide	44	Gasoline stations with convenience stores	5	447110	1403.1999999999994	9892.400000000003	161540.20000000007	10346.8	162890.8	1402.4
480	5	999	Statewide	44	Hardware stores	5	444130	172.4	459.6	20600.0	1024.2	29382.6	168.4
481	5	999	Statewide	44	Home centers	5	444110	92.0	1076.1999999999996	24305.200000000004	2492.8	56841.2	90.2
482	5	999	Statewide	44	Household appliance stores	5	443141	85.24999999999999	239.2	8455.8	497.8	13050.0	80.2
483	5	999	Statewide	44	Jewelry stores	5	448310	145.73333333333332	607.8000000000002	22479.6	774.8	24718.0	140.8
484	5	999	Statewide	44	Luggage and leather goods stores	5	448320	1.0	0.0	0.0	0.0	0.0	1.0
485	5	999	Statewide	44	Meat markets	5	445210	46.05	59.00000000000001	1445.0	221.4	4613.4	37.0
486	5	999	Statewide	44	Men's clothing stores	5	448110	35.15	135.8	3653.4	207.8	4956.0	33.0
487	5	999	Statewide	44	Motorcycle, ATV, and all other motor vehicle dealers	5	441228	94.4	383.2000000000001	15270.6	711.6	25330.6	89.6
488	5	999	Statewide	44	New car dealers	5	441110	262.45000000000005	7358.2	378293.00000000006	9207.6	456004.2	262.2
489	5	999	Statewide	44	Nursery, garden center, and farm supply stores	5	444220	220.6	1340.6	40227.8	2308.8	72036.2	218.4
490	5	999	Statewide	44	Optical goods stores	5	446130	42.6	164.6	4236.5999999999985	205.4	4832.4	41.8
491	5	999	Statewide	44	Other building material dealers	5	444190	336.93333333333334	2207.4	85242.4	2759.0	99351.8	333.0
492	5	999	Statewide	44	Other clothing stores	5	448190	85.35	474.40000000000015	7534.4000000000015	690.4	9922.2	81.6
493	5	999	Statewide	44	Other gasoline stations	5	447190	160.9333333333334	1006.8	22365.0	2008.8	42877.2	156.2
494	5	999	Statewide	44	Outdoor power equipment stores	5	444210	59.55	16.8	845.0	206.2	5869.6	53.2
495	5	999	Statewide	44	Paint and wallpaper stores	5	444120	74.4	90.6	4560.2	169.8	9769.0	73.6
496	5	999	Statewide	44	Pharmacies and drug stores	5	446110	535.4	5656.999999999999	220404.59999999995	6187.4	232537.8	536.0
497	5	999	Statewide	44	Recreational vehicle dealers	5	441210	40.85000000000001	197.4	9487.8	354.2	15642.0	40.6
498	5	999	Statewide	44	Shoe stores	5	448210	220.8	1326.2	21770.2	1589.8	24254.0	219.6
499	5	999	Statewide	44	Supermarkets and other grocery (except convenience) stores	5	445110	485.59999999999985	13907.6	286519.60000000003	17380.4	331338.8	485.6
500	5	999	Statewide	44	Tire dealers	5	441320	274.54999999999995	1468.2	53185.95	1898.4	61240.6	271.0
501	5	999	Statewide	44	Used car dealers	5	441120	354.65	1479.0000000000002	54257.400000000016	1934.0	62702.6	351.8
502	5	999	Statewide	44	Window treatment stores	5	442291	12.4	9.8	371.6	33.6	1183.8	10.6
503	5	999	Statewide	44	Women's clothing stores	5	448120	360.6	2390.2000000000007	31656.200000000004	2673.0	33594.2	353.6
504	5	999	Statewide	45	All other general merchandise stores	5	452990	682.1999999999998	4122.999999999999	77005.4	5446.6	84254.0	682.2
505	5	999	Statewide	45	All other miscellaneous store retailers (except tobacco stores)	5	453998	143.05	343.80000000000007	9547.2	547.6	13364.0	135.6
506	5	999	Statewide	45	Art dealers	5	453920	35.966666666666654	41.8	977.4	74.8	1440.6	33.6
507	5	999	Statewide	45	Book stores	5	451211	83.2	372.6	5816.2	551.2	10839.0	78.8
508	5	999	Statewide	45	Department stores (except discount department stores)	5	452111	33.8	2774.4	53786.8	3192.0	60534.6	32.4
509	5	999	Statewide	45	Discount department stores	5	452112	34.8	1310.4	23633.8	2045.2	42270.6	34.8
510	5	999	Statewide	45	Electronic auctions	5	454112	5.0	0.0	0.0	0.0	0.0	3.0
511	5	999	Statewide	45	Electronic shopping	5	454111	127.83333333333334	426.4	19992.6	828.0	34066.2	117.8
512	5	999	Statewide	45	Florists	5	453110	191.78333333333333	428.2000000000001	8835.999999999998	768.2	11907.0	184.0
513	5	999	Statewide	45	Fuel dealers	5	454310	104.2	190.0	7938.6	913.0	34879.8	101.2
514	5	999	Statewide	45	Gift, novelty, and souvenir stores	5	453220	179.36666666666667	723.4	10339.999999999998	940.6	12637.8	172.2
515	5	999	Statewide	45	Hobby, toy, and game stores	5	451120	57.59999999999999	741.2	12210.4	991.2	16872.6	54.6
516	5	999	Statewide	45	Mail-order houses	5	454113	27.91666666666667	94.2	5804.5999999999985	506.4	20496.6	25.2
517	5	999	Statewide	45	Manufactured (mobile) home dealers	5	453930	41.4	59.6	3291.2	178.6	7326.6	39.0
518	5	999	Statewide	45	Musical instrument and supplies stores	5	451140	33.15	45.2	1320.0	145.8	3182.4	31.6
519	5	999	Statewide	45	News dealers and newsstands	5	451212	4.0	1.2	34.2	9.2	213.6	3.6
520	5	999	Statewide	45	Office supplies and stationery stores	5	453210	60.6	235.4	5446.4	551.4	11402.2	60.0
521	5	999	Statewide	45	Other direct selling establishments	5	454390	164.55000000000004	420.50000000000006	14355.95	667.6	19635.2	153.4
522	5	999	Statewide	45	Pet and pet supplies stores	5	453910	51.6	215.4	4838.2	185.0	5675.6	49.4
523	5	999	Statewide	45	Sewing, needlework, and piece goods stores	5	451130	42.2	107.4	2046.2	161.0	3060.4	39.2
524	5	999	Statewide	45	Sporting goods stores	5	451110	203.1	1780.4	39892.0	2155.6	46295.2	194.4
525	5	999	Statewide	45	Tobacco stores	5	453991	203.2	523.6	8611.6	1123.6	16311.6	201.0
526	5	999	Statewide	45	Used merchandise stores	5	453310	233.3166666666667	1094.4	17321.000000000004	1451.8	22152.8	224.0
527	5	999	Statewide	45	Vending machine operators	5	454210	64.1	306.85	9881.65	516.4	15453.2	59.8
528	5	999	Statewide	45	Warehouse clubs and supercenters	5	452910	84.0	0.0	0.0	0.0	0.0	83.4
529	5	999	Statewide	48	Air traffic control	5	488111	1.0	0.0	0.0	0.0	0.0	1.0
530	5	999	Statewide	48	All other pipeline transportation	5	486990	5.0	0.0	0.0	0.0	0.0	3.0
531	5	999	Statewide	48	All other support activities for transportation	5	488999	2.0	0.0	0.0	0.0	0.0	2.0
532	5	999	Statewide	48	All other transit and ground passenger transportation	5	485999	24.5	2.8	26.0	119.8	2613.0	14.2
533	5	999	Statewide	48	Bus and other motor vehicle transit systems	5	485113	4.0	0.0	0.0	101.6	2335.4	3.0
534	5	999	Statewide	48	Charter bus industry	5	485510	6.333333333333332	0.0	0.0	45.6	2435.4	5.6
535	5	999	Statewide	48	Coastal and great lakes freight transportation	5	483113	1.0	0.0	0.0	0.0	0.0	1.0
536	5	999	Statewide	48	Deep sea freight transportation	5	483111	1.0	0.0	0.0	0.0	0.0	1.0
537	5	999	Statewide	48	Freight transportation arrangement	5	488510	158.20000000000005	1576.4	95490.8	2254.0	127562.8	154.2
538	5	999	Statewide	48	General freight trucking, local	5	484110	212.80000000000004	888.1999999999998	34248.80000000002	1507.0	57251.6	205.8
539	5	999	Statewide	48	General freight trucking, long-distance, less than truckload	5	484122	129.75000000000003	2099.2	115719.6	3232.4	185172.0	120.8
540	5	999	Statewide	48	General freight trucking, long-distance, truckload	5	484121	520.6999999999998	12149.999999999995	530140.2	18043.2	824028.2	518.4
541	5	999	Statewide	48	Inland water freight transportation	5	483211	1.0	0.0	0.0	0.0	0.0	1.0
542	5	999	Statewide	48	Interurban and rural bus transportation	5	485210	6.0	0.0	0.0	0.0	0.0	3.6
543	5	999	Statewide	48	Limousine service	5	485320	10.8	0.5	9.0	35.2	651.6	9.0
544	5	999	Statewide	48	Marine cargo handling	5	488320	5.2	0.0	0.0	31.4	1113.0	4.0
545	5	999	Statewide	48	Motor vehicle towing	5	488410	109.8	273.79999999999995	9705.4	457.4	14235.4	102.0
546	5	999	Statewide	48	Navigational services to shipping	5	488330	3.0	0.0	0.0	38.4	1879.6	3.0
547	5	999	Statewide	48	Nonscheduled chartered freight air transportation	5	481212	2.0	0.0	0.0	0.0	0.0	1.2
548	5	999	Statewide	48	Nonscheduled chartered passenger air transportation	5	481211	17.6	3.6	277.0	14.4	820.4	13.4
549	5	999	Statewide	48	Other airport operations	5	488119	14.0	122.8	3114.8	398.0	10780.2	12.8
550	5	999	Statewide	48	Other nonscheduled air transportation	5	481219	13.4	15.8	898.6	28.8	2111.2	10.4
551	5	999	Statewide	48	Other support activities for air transportation	5	488190	71.6	225.0	9420.4	942.8	49172.8	65.0
552	5	999	Statewide	48	Other support activities for road transportation	5	488490	42.86666666666667	84.60000000000002	3323.4	155.4	6134.2	29.0
553	5	999	Statewide	48	Other support activities for water transportation	5	488390	1.0	0.0	0.0	0.0	0.0	1.0
554	5	999	Statewide	48	Packing and crating	5	488991	12.6	3.6	98.8	36.0	1640.0	9.2
555	5	999	Statewide	48	Pipeline transportation of crude oil	5	486110	6.0	0.0	0.0	13.6	417.2	4.2
556	5	999	Statewide	48	Pipeline transportation of natural gas	5	486210	44.8	27.0	2445.6	311.0	31409.8	42.0
557	5	999	Statewide	48	Pipeline transportation of refined petroleum products	5	486910	12.2	9.4	1849.6	37.0	3701.8	11.2
558	5	999	Statewide	48	Port and harbor operations	5	488310	9.0	0.0	0.0	82.8	4427.8	5.4
559	5	999	Statewide	48	Scenic and sightseeing transportation, land	5	487110	2.0	0.0	0.0	0.0	0.0	1.4
560	5	999	Statewide	48	Scenic and sightseeing transportation, water	5	487210	5.4	0.0	0.0	10.6	274.6	3.4
561	5	999	Statewide	48	Scheduled freight air transportation	5	481112	2.0	0.0	0.0	0.0	0.0	1.4
562	5	999	Statewide	48	Scheduled passenger air transportation	5	481111	16.866666666666667	84.6	3504.0	162.4	6027.2	14.2
563	5	999	Statewide	48	School and employee bus transportation	5	485410	9.866666666666667	0.0	0.0	525.2	8888.8	8.6
564	5	999	Statewide	48	Special needs transportation	5	485991	24.65	84.1	1262.25	323.0	4824.4	18.6
565	5	999	Statewide	48	Specialized freight (except used goods) trucking, local	5	484220	442.85	2961.5166666666664	134257.1333333333	3885.8	163283.2	436.4
566	5	999	Statewide	48	Specialized freight (except used goods) trucking, long-distance	5	484230	158.79999999999995	1146.95	53846.6	2001.8	110806.4	149.2
567	5	999	Statewide	48	Support activities for rail transportation	5	488210	26.13333333333333	44.2	1772.6	339.4	15462.0	22.6
568	5	999	Statewide	48	Taxi service	5	485310	9.2	6.8	90.2	26.6	779.6	6.6
569	5	999	Statewide	48	Used household and office goods moving	5	484210	59.35	269.20000000000005	7603.6	558.2	17363.4	56.0
570	5	999	Statewide	49	Couriers and express delivery services	5	492110	96.0	1284.0	53449.8	3181.8	134206.2	93.6
571	5	999	Statewide	49	Farm product warehousing and storage	5	493130	48.5	109.75	5107.05	381.2	13914.4	46.0
572	5	999	Statewide	49	General warehousing and storage	5	493110	92.8	1809.6	69114.0	6420.6	242337.2	88.8
573	5	999	Statewide	49	Local messengers and local delivery	5	492210	32.4	107.6	3392.8	196.2	6043.4	27.8
574	5	999	Statewide	49	Other warehousing and storage	5	493190	21.6	40.4	2726.0	353.8	12855.4	18.2
575	5	999	Statewide	49	Refrigerated warehousing and storage	5	493120	21.6	517.6	19469.8	994.6	37316.0	20.8
576	5	999	Statewide	51	All other information services	5	519190	7.8	0.0	0.0	19.0	776.0	6.4
577	5	999	Statewide	51	All other publishers	5	511199	4.8	0.0	0.0	0.0	0.0	3.8
578	5	999	Statewide	51	All other telecommunications	5	517919	18.2	14.8	418.8	45.4	1847.4	13.8
579	5	999	Statewide	51	Book publishers	5	511130	18.8	10.4	740.0	240.0	10501.0	15.2
580	5	999	Statewide	51	Cable and other subscription programming	5	515210	3.0	0.0	0.0	0.0	0.0	3.0
581	5	999	Statewide	51	Data processing, hosting, and related services	5	518210	75.19999999999997	2460.0	227417.6	4535.0	408110.2	72.6
582	5	999	Statewide	51	Directory and mailing list publishers	5	511140	5.0	0.0	0.0	16.6	1477.6	3.4
583	5	999	Statewide	51	Drive-in motion picture theaters	5	512132	1.0	0.0	0.0	0.0	0.0	1.0
584	5	999	Statewide	51	Greeting card publishers	5	511191	3.0	0.0	0.0	0.0	0.0	3.0
585	5	999	Statewide	51	Integrated record production/distribution	5	512220	3.4	0.0	0.0	0.0	503.0	3.4
586	5	999	Statewide	51	Internet publishing and broadcasting and web search portals	5	519130	27.33333333333333	45.7	3429.15	75.6	4914.6	25.6
587	5	999	Statewide	51	Libraries and archives	5	519120	11.0	0.0	0.0	48.6	826.4	10.2
588	5	999	Statewide	51	Motion picture and video distribution	5	512120	4.2	0.0	0.0	4.8	231.2	4.2
589	5	999	Statewide	51	Motion picture and video production	5	512110	38.6	121.6	6612.0	117.8	7262.4	34.8
590	5	999	Statewide	51	Motion picture theaters (except drive-ins)	5	512131	45.8	164.6	1960.6	820.6	8222.8	42.6
591	5	999	Statewide	51	Music publishers	5	512230	4.0	0.0	0.0	0.6	60.2	2.4
592	5	999	Statewide	51	News syndicates	5	519110	2.0	0.0	0.0	0.0	0.0	1.2
593	5	999	Statewide	51	Newspaper publishers	5	511110	98.2	856.6	30011.8	1386.2	68905.6	93.8
594	5	999	Statewide	51	Other motion picture and video industries	5	512199	1.0	0.0	0.0	0.0	0.0	1.0
595	5	999	Statewide	51	Other sound recording industries	5	512290	1.0	0.0	0.0	0.0	0.0	1.0
596	5	999	Statewide	51	Periodical publishers	5	511120	43.40000000000001	271.6	14863.6	472.4	20305.8	41.6
597	5	999	Statewide	51	Radio networks	5	515111	8.0	0.0	0.0	13.4	811.8	6.4
598	5	999	Statewide	51	Radio stations	5	515112	94.8	477.0	19305.6	888.2	28614.8	92.0
599	5	999	Statewide	51	Satellite telecommunications	5	517410	8.0	0.0	0.0	2.6	201.8	4.4
600	5	999	Statewide	51	Software publishers	5	511210	26.2	697.4000000000002	57333.0	826.6	69716.8	31.4
601	5	999	Statewide	51	Sound recording studios	5	512240	12.0	6.2	714.6	16.6	1115.8	8.8
602	5	999	Statewide	51	Telecommunications resellers	5	517911	14.8	1.2	48.2	29.2	1722.6	12.0
603	5	999	Statewide	51	Teleproduction and other postproduction services	5	512191	2.0	0.0	0.0	0.0	0.0	1.4
604	5	999	Statewide	51	Television broadcasting	5	515120	19.8	635.6	23014.0	1026.6	40097.4	18.4
605	5	999	Statewide	51	Wired telecommunications carriers	5	517110	324.5999999999999	3312.4	258884.4	4603.0	325305.8	330.8
606	5	999	Statewide	51	Wireless telecommunications carriers (except satellite)	5	517210	147.76666666666662	205.6	13203.200000000004	1147.0	66737.4	125.6
607	5	999	Statewide	52	All other insurance related activities	5	524298	19.8	12.0	1111.2	26.4	3232.0	16.2
608	5	999	Statewide	52	All other nondepository credit intermediation	5	522298	167.29999999999995	341.2	12888.6	625.2	19048.6	163.0
609	5	999	Statewide	52	Claims adjusting	5	524291	45.45	136.2	7720.2	182.6	9387.2	41.8
610	5	999	Statewide	52	Commercial banking	5	522110	1419.2000000000005	14395.199999999995	732762.4000000001	16513.0	788446.0	1425.0
611	5	999	Statewide	52	Commodity contracts brokerage	5	523140	8.0	0.0	0.0	8.0	964.6	6.0
612	5	999	Statewide	52	Commodity contracts dealing	5	523130	5.0	0.0	0.0	0.4	94.6	3.4
613	5	999	Statewide	52	Consumer lending	5	522291	18.4	52.4	2596.8	75.0	3222.6	16.0
614	5	999	Statewide	52	Credit card issuing	5	522210	5.4	0.0	0.0	0.0	0.0	6.0
615	5	999	Statewide	52	Credit unions	5	522130	121.6	529.0	25657.8	941.0	36550.0	120.8
616	5	999	Statewide	52	Direct health and medical insurance carriers	5	524114	51.6	2440.4	165809.2	2065.2	185408.6	58.4
617	5	999	Statewide	52	Direct life insurance carriers	5	524113	49.6	340.6	21943.2	1130.8	67837.6	57.8
618	5	999	Statewide	52	Direct property and casualty insurance carriers	5	524126	96.3	915.0	58486.6	1268.8	76784.2	103.0
619	5	999	Statewide	52	Direct title insurance carriers	5	524127	10.2	0.0	0.0	16.8	622.0	7.0
620	5	999	Statewide	52	Financial transactions processing, reserve, and clearinghouse activities	5	522320	15.0	0.0	0.0	469.0	35324.0	16.0
621	5	999	Statewide	52	Insurance agencies and brokerages	5	524210	1470.6	4694.4000000000015	239305.79999999996	5201.2	244515.8	1474.4
622	5	999	Statewide	52	International trade financing	5	522293	1.0	0.0	0.0	0.0	0.0	1.0
623	5	999	Statewide	52	Investment advice	5	523930	96.30000000000004	130.0	13271.266666666665	170.8	14619.4	90.8
624	5	999	Statewide	52	Investment banking and securities dealing	5	523110	13.466666666666667	0.0	0.0	0.0	0.0	9.2
625	5	999	Statewide	52	Miscellaneous financial investment activities	5	523999	9.0	0.0	0.0	9.6	420.6	7.8
626	5	999	Statewide	52	Miscellaneous intermediation	5	523910	64.65	131.2	11933.2	339.4	27676.6	58.8
627	5	999	Statewide	52	Monetary authorities - central bank	5	521110	1.0	0.0	0.0	0.0	0.0	1.0
628	5	999	Statewide	52	Mortgage and nonmortgage loan brokers	5	522310	26.73333333333333	5.4	518.8	29.0	2780.8	23.2
629	5	999	Statewide	52	Open-end investment funds	5	525910	3.0	0.0	0.0	7.0	1047.0	2.0
630	5	999	Statewide	52	Other activities related to credit intermediation	5	522390	30.0	346.6	15407.6	624.4	32150.2	28.4
631	5	999	Statewide	52	Other direct insurance (except life, health, and medical) carriers	5	524128	7.866666666666667	0.0	0.0	112.8	4918.8	7.2
632	5	999	Statewide	52	Other financial vehicles	5	525990	2.4	0.0	0.0	0.0	0.0	1.6
633	5	999	Statewide	52	Portfolio management	5	523920	97.6	197.4	26923.2	294.6	29913.0	94.4
634	5	999	Statewide	52	Real estate credit	5	522292	93.25	263.79999999999995	22980.3	548.8	42793.8	94.0
635	5	999	Statewide	52	Reinsurance carriers	5	524130	2.0	0.0	0.0	0.0	0.0	2.0
636	5	999	Statewide	52	Sales financing	5	522220	49.99999999999999	163.8	8793.8	302.0	13536.4	49.0
637	5	999	Statewide	52	Savings institutions	5	522120	30.65	17.6	2593.8	203.4	13879.4	28.2
638	5	999	Statewide	52	Securities brokerage	5	523120	319.1	1211.6	189743.2	639.2	217426.6	317.2
639	5	999	Statewide	52	Third party administration of insurance and pension funds	5	524292	33.0	404.8	25579.8	636.0	33867.4	29.2
640	5	999	Statewide	52	Trust, fiduciary, and custody activities	5	523991	15.4	74.0	4587.6	105.8	6517.4	11.8
641	5	999	Statewide	53	All other consumer goods rental	5	532299	84.25	95.0	3851.400000000001	361.4	9791.0	69.0
642	5	999	Statewide	53	Commercial air, rail, and water transportation equipment rental and leasing	5	532411	5.4	0.0	0.0	1.8	117.2	4.4
643	5	999	Statewide	53	Construction, mining, and forestry machinery and equipment rental and leasing	5	532412	59.6	235.8	17702.0	541.8	32342.6	51.2
644	5	999	Statewide	53	Consumer electronics and appliances rental	5	532210	106.29999999999998	223.2	9786.2	681.0	21693.4	102.4
645	5	999	Statewide	53	Formal wear and costume rental	5	532220	6.9	0.0	0.0	26.4	706.8	5.2
646	5	999	Statewide	53	General rental centers	5	532310	39.2	13.2	791.5999999999998	129.6	5280.6	36.0
647	5	999	Statewide	53	Home health equipment rental	5	532291	86.99999999999999	289.8	14008.2	542.4	20455.2	84.6
648	5	999	Statewide	53	Lessors of miniwarehouses and self-storage units	5	531130	180.65	238.6	6397.2	366.2	7439.6	175.4
649	5	999	Statewide	53	Lessors of nonfinancial intangible assets (except copyrighted works)	5	533110	14.8	6.8	1585.0	83.8	6024.6	14.2
650	5	999	Statewide	53	Lessors of nonresidential buildings (except miniwarehouses)	5	531120	205.98333333333332	490.8	20148.8	720.8	28052.8	200.8
651	5	999	Statewide	53	Lessors of other real estate property	5	531190	64.9	31.0	949.4	53.6	2281.2	56.2
652	5	999	Statewide	53	Lessors of residential buildings and dwellings	5	531110	598.1833333333334	1946.15	53584.80000000001	2314.8	58125.4	594.4
653	5	999	Statewide	53	Nonresidential property managers	5	531312	90.3	403.4	24855.2	508.4	27092.6	84.8
654	5	999	Statewide	53	Office machinery and equipment rental and leasing	5	532420	5.5	0.0	0.0	0.0	100.75	2.5
655	5	999	Statewide	53	Offices of real estate agents and brokers	5	531210	684.4	1168.2	51673.15	1443.6	53918.8	681.4
656	5	999	Statewide	53	Offices of real estate appraisers	5	531320	154.0	181.00000000000003	10050.8	392.8	15542.8	152.4
657	5	999	Statewide	53	Other activities related to real estate	5	531390	82.4833333333333	63.0	4861.6	161.8	6794.0	75.8
658	5	999	Statewide	53	Other commercial and industrial machinery and equipment rental and leasing	5	532490	79.55	282.4	16770.0	502.6	31779.2	74.8
659	5	999	Statewide	53	Passenger car leasing	5	532112	6.2	0.0	0.0	0.0	294.2	3.2
660	5	999	Statewide	53	Passenger car rental	5	532111	62.8	153.39999999999995	4276.2	206.0	5155.4	60.4
661	5	999	Statewide	53	Recreational goods rental	5	532292	17.8	0.0	28.2	43.2	750.0	15.0
662	5	999	Statewide	53	Residential property managers	5	531311	248.15	1045.8	34619.2	2636.8	70248.8	244.6
663	5	999	Statewide	53	Truck, utility trailer, and RV (recreational vehicle) rental and leasing	5	532120	52.4	211.4	10717.4	351.0	14918.6	50.0
664	5	999	Statewide	53	Video tape and disc rental	5	532230	44.58333333333334	15.4	230.4	139.6	1843.6	36.8
665	5	999	Statewide	54	Administrative management and general management consulting services	5	541611	407.00000000000006	1432.3999999999994	103595.6	1878.2	122377.8	399.6
666	5	999	Statewide	54	Advertising agencies	5	541810	101.95	894.4	70931.2	1051.4	77198.4	99.2
667	5	999	Statewide	54	Advertising material distribution services	5	541870	3.666666666666667	0.0	0.0	0.0	0.0	2.0
668	5	999	Statewide	54	All other legal services	5	541199	18.4	28.6	1226.4	31.2	1565.4	15.6
669	5	999	Statewide	54	All other professional, scientific, and technical services	5	541990	74.88333333333333	215.2	10695.2	352.8	18318.8	64.4
670	5	999	Statewide	54	Architectural services	5	541310	137.64999999999998	938.4	67156.59999999999	1108.4	70925.0	136.0
671	5	999	Statewide	54	Building inspection services	5	541350	36.8	21.0	763.1999999999998	21.6	1585.0	31.8
672	5	999	Statewide	54	Commercial photography	5	541922	11.0	3.8	319.2	9.6	1065.8	8.0
673	5	999	Statewide	54	Computer facilities management services	5	541513	34.0	103.6	9211.0	356.4	25006.0	32.6
674	5	999	Statewide	54	Computer systems design services	5	541512	156.10000000000005	566.4	42447.066666666666	807.6	63018.0	155.6
675	5	999	Statewide	54	Custom computer programming services	5	541511	228.75000000000003	2251.3	161900.65000000002	2457.6	171522.8	227.8
676	5	999	Statewide	54	Direct mail advertising	5	541860	8.2	31.2	963.0	95.2	2928.0	7.2
677	5	999	Statewide	54	Drafting services	5	541340	21.7	3.6	193.2	21.8	1073.8	17.8
678	5	999	Statewide	54	Engineering services	5	541330	368.5	2587.1500000000005	170016.35000000006	3136.2	202815.2	365.8
679	5	999	Statewide	54	Environmental consulting services	5	541620	57.0	310.2000000000001	23295.8	416.0	28030.0	51.8
680	5	999	Statewide	54	Geophysical surveying and mapping services	5	541360	9.0	0.0	0.0	4.0	213.0	4.6
681	5	999	Statewide	54	Graphic design services	5	541430	72.30000000000003	100.2	6443.4000000000015	196.6	8453.0	65.0
682	5	999	Statewide	54	Human resources consulting services	5	541612	34.8	72.4	5974.2	325.8	27518.0	35.6
683	5	999	Statewide	54	Industrial design services	5	541420	7.8	3.6	178.8	7.0	692.4	6.2
684	5	999	Statewide	54	Interior design services	5	541410	63.06666666666666	80.2	3045.8	129.8	3809.6	59.0
685	5	999	Statewide	54	Landscape architectural services	5	541320	18.666666666666668	7.6	671.8000000000002	57.4	1957.4	15.6
686	5	999	Statewide	54	Marketing consulting services	5	541613	202.16666666666663	501.60000000000014	37958.2	567.6	39806.8	192.2
687	5	999	Statewide	54	Marketing research and public opinion polling	5	541910	22.200000000000006	118.2	10257.4	440.4	22052.8	21.0
688	5	999	Statewide	54	Media buying agencies	5	541830	6.6	11.8	650.8	16.6	767.8	5.2
689	5	999	Statewide	54	Media representatives	5	541840	6.6	8.2	368.0	16.4	845.6	4.8
690	5	999	Statewide	54	Offices of certified public accountants	5	541211	523.6	2695.8	161312.0	3043.6	168709.6	521.8
691	5	999	Statewide	54	Offices of lawyers	5	541110	1416.8	5004.0	322474.2000000001	5434.2	323771.6	1416.8
692	5	999	Statewide	54	Other accounting services	5	541219	282.24999999999994	1507.3000000000004	65021.95	1982.2	79801.8	276.6
693	5	999	Statewide	54	Other computer related services	5	541519	37.1	48.2	4905.200000000002	97.4	16849.8	32.4
694	5	999	Statewide	54	Other management consulting services	5	541618	23.7	13.6	1083.0	31.0	1944.4	20.6
695	5	999	Statewide	54	Other scientific and technical consulting services	5	541690	186.51666666666665	196.4	17474.0	362.0	26246.6	177.6
696	5	999	Statewide	54	Other services related to advertising	5	541890	68.39999999999999	221.2	8507.8	467.2	15226.0	66.0
697	5	999	Statewide	54	Other specialized design services	5	541490	10.4	0.0	0.0	7.6	320.6	7.8
698	5	999	Statewide	54	Outdoor advertising	5	541850	23.8	12.6	1059.4	116.8	5528.2	21.6
699	5	999	Statewide	54	Payroll services	5	541214	30.7	204.8	8826.400000000001	636.6	26207.8	28.2
700	5	999	Statewide	54	Photography studios, portrait	5	541921	108.35	110.8	2342.0	225.0	4524.0	102.0
701	5	999	Statewide	54	Process, physical distribution, and logistics consulting services	5	541614	77.2	301.8	18238.4	536.8	28297.6	68.4
702	5	999	Statewide	54	Public relations agencies	5	541820	23.0	21.0	1957.2	178.6	15905.6	20.6
703	5	999	Statewide	54	Research and development in biotechnology	5	541711	12.8	14.2	1755.4	31.4	2910.4	11.6
704	5	999	Statewide	54	Research and development in the physical, engineering, and life sciences (except biotechnology)	5	541712	61.96666666666667	275.0	22037.2	407.0	31183.4	59.2
705	5	999	Statewide	54	Research and development in the social sciences and humanities	5	541720	7.4	0.0	0.0	15.6	664.4	7.0
706	5	999	Statewide	54	Surveying and mapping (except geophysical) services	5	541370	98.6	153.2	7285.0	483.2	20267.6	90.6
707	5	999	Statewide	54	Tax preparation services	5	541213	310.8	1208.2	15323.800000000005	1858.0	19417.2	308.0
708	5	999	Statewide	54	Testing laboratories	5	541380	52.9	300.0	15154.2	1102.6	50707.8	51.0
709	5	999	Statewide	54	Title abstract and settlement offices	5	541191	178.5	708.5999999999998	35126.2	1077.4	45407.4	175.8
710	5	999	Statewide	54	Translation and interpretation services	5	541930	10.2	2.8	227.8	6.8	557.4	9.6
711	5	999	Statewide	54	Veterinary services	5	541940	315.6	2021.4000000000005	61412.4	2450.6	69897.2	315.6
712	5	999	Statewide	55	Corporate, subsidiary, and regional managing offices	5	551114	1091.5500000000004	12315.0	983655.6	36934.6	3547688.0	1091.0
713	5	999	Statewide	55	Offices of bank holding companies	5	551111	18.0	2.4	224.0	113.2	12493.4	16.4
714	5	999	Statewide	55	Offices of other holding companies	5	551112	37.8	66.6	3502.4	335.6	30514.2	32.0
715	5	999	Statewide	56	All other business support services	5	561499	24.0	31.0	1130.2	398.2	9192.6	23.6
716	5	999	Statewide	56	All other miscellaneous waste management services	5	562998	12.4	14.4	887.6	73.0	2841.0	10.4
717	5	999	Statewide	56	All other support services	5	561990	108.60000000000002	407.8	18590.4	1193.6	52943.0	105.0
718	5	999	Statewide	56	All other travel arrangement and reservation services	5	561599	12.933333333333335	0.0	0.0	23.0	819.8	9.2
719	5	999	Statewide	56	Armored car services	5	561613	4.2	0.0	0.0	0.0	0.0	4.2
720	5	999	Statewide	56	Carpet and upholstery cleaning services	5	561740	58.6	158.4	3754.0	217.4	4791.6	56.8
721	5	999	Statewide	56	Collection agencies	5	561440	34.2	375.2000000000001	10759.933333333334	666.2	18340.8	33.2
722	5	999	Statewide	56	Convention and trade show organizers	5	561920	8.4	3.2	97.8	6.8	308.4	6.8
723	5	999	Statewide	56	Convention and visitors bureaus	5	561591	5.0	0.0	0.0	6.8	212.0	4.6
724	5	999	Statewide	56	Court reporting and stenotype services	5	561492	20.6	13.2	784.6	14.4	1018.8	20.0
725	5	999	Statewide	56	Credit bureaus	5	561450	6.0	0.0	0.0	12.4	1467.6	4.6
726	5	999	Statewide	56	Document preparation services	5	561410	29.3	165.2	5043.8	316.0	8516.8	29.0
727	5	999	Statewide	56	Employment placement agencies	5	561311	49.73333333333333	547.2	17912.399999999998	952.0	34904.2	46.0
728	5	999	Statewide	56	Executive search services	5	561312	22.4	17.4	2096.600000000001	53.8	3148.8	21.4
729	5	999	Statewide	56	Exterminating and pest control services	5	561710	160.99999999999997	978.6	41133.000000000015	1390.4	52118.0	155.4
730	5	999	Statewide	56	Facilities support services	5	561210	30.4	93.6	1382.4	215.2	17770.2	27.6
731	5	999	Statewide	56	Hazardous waste collection	5	562112	7.8	0.0	0.0	52.0	2621.2	6.4
732	5	999	Statewide	56	Hazardous waste treatment and disposal	5	562211	11.95	1.6	85.8	61.6	2519.8	11.4
733	5	999	Statewide	56	Investigation services	5	561611	18.450000000000006	7.4	475.0	21.4	798.6	18.0
734	5	999	Statewide	56	Janitorial services	5	561720	361.8	5077.4	74815.0	5928.2	88214.6	353.2
735	5	999	Statewide	56	Landscaping services	5	561730	612.6	2942.0	83589.0	3379.8	93318.2	607.4
736	5	999	Statewide	56	Locksmiths	5	561622	32.2	47.40000000000001	1617.4	116.0	3339.6	30.4
737	5	999	Statewide	56	Materials recovery facilities	5	562920	34.15	163.39999999999995	5185.799999999998	354.2	10959.6	29.2
738	5	999	Statewide	56	Office administrative services	5	561110	230.38333333333333	1851.0	80577.60000000003	2445.4	105948.8	225.2
739	5	999	Statewide	56	Other business service centers (including copy shops)	5	561439	34.5	101.8	4127.2	395.4	10762.0	32.4
740	5	999	Statewide	56	Other nonhazardous waste treatment and disposal	5	562219	3.2	0.0	0.0	0.0	0.0	2.2
741	5	999	Statewide	56	Other services to buildings and dwellings	5	561790	82.43333333333334	174.7	5205.0999999999985	346.8	9101.8	72.6
742	5	999	Statewide	56	Other waste collection	5	562119	4.0	0.0	0.0	2.0	120.2	2.4
743	5	999	Statewide	56	Packaging and labeling services	5	561910	13.4	1.0	56.2	120.0	5550.0	11.4
744	5	999	Statewide	56	Private mail centers	5	561431	30.4	25.6	669.8	95.4	1986.4	28.4
745	5	999	Statewide	56	Professional employer organizations	5	561330	17.599999999999994	31.0	4874.2	3099.2	99414.8	17.0
746	5	999	Statewide	56	Remediation services	5	562910	29.6	53.0	3575.2000000000007	283.8	11071.0	26.6
747	5	999	Statewide	56	Repossession services	5	561491	8.0	0.0	8.0	5.0	55.8	4.4
748	5	999	Statewide	56	Security guards and patrol services	5	561612	66.4	1773.6	37688.8	2793.8	61331.0	60.4
749	5	999	Statewide	56	Security systems services (except locksmiths)	5	561621	69.86666666666666	391.0	17897.8	507.8	21159.2	68.2
750	5	999	Statewide	56	Septic tank and related services	5	562991	32.8	29.0	1146.0	119.6	3887.6	28.6
751	5	999	Statewide	56	Solid waste collection	5	562111	105.6	697.0000000000001	30723.550000000007	1485.0	58590.4	102.0
752	5	999	Statewide	56	Solid waste combustors and incinerators	5	562213	1.0	0.0	0.0	0.0	0.0	1.0
753	5	999	Statewide	56	Solid waste landfill	5	562212	19.0	0.0	0.0	77.6	3240.6	15.2
754	5	999	Statewide	56	Telemarketing bureaus and other contact centers	5	561422	23.73333333333333	83.6	2123.0	1725.0	40308.4	25.6
755	5	999	Statewide	56	Telephone answering services	5	561421	13.85	33.6	953.6	316.6	9559.2	11.6
756	5	999	Statewide	56	Temporary help services	5	561320	203.5	12198.4	269630.2	25880.6	579412.0	231.6
757	5	999	Statewide	56	Tour operators	5	561520	8.8	0.0	0.0	12.4	610.4	7.2
758	5	999	Statewide	56	Travel agencies	5	561510	47.93333333333333	80.19999999999997	3678.8	83.6	5900.6	46.2
759	5	999	Statewide	61	All other miscellaneous schools and instruction	5	611699	18.3	13.2	292.6	41.6	1720.6	12.8
760	5	999	Statewide	61	Apprenticeship training	5	611513	14.8	55.2	839.4	79.4	1061.6	12.8
761	5	999	Statewide	61	Automobile driving schools	5	611692	6.6	0.0	0.0	11.6	164.6	5.4
762	5	999	Statewide	61	Business and secretarial schools	5	611410	2.0	0.0	0.0	0.0	0.0	1.4
763	5	999	Statewide	61	Colleges, universities, and professional schools	5	611310	27.4	769.8	17897.4	6497.2	131531.4	27.8
764	5	999	Statewide	61	Computer training	5	611420	3.4	0.0	0.0	0.0	0.0	2.0
765	5	999	Statewide	61	Cosmetology and barber schools	5	611511	38.45	149.2	4874.6	229.6	7016.4	36.2
766	5	999	Statewide	61	Educational support services	5	611710	63.6	148.0	6536.4	162.0	15929.0	56.4
767	5	999	Statewide	61	Elementary and secondary schools	5	611110	200.4833333333333	4004.9999999999986	114145.19999999998	5895.4	148243.2	186.0
768	5	999	Statewide	61	Exam preparation and tutoring	5	611691	50.6	262.0	3739.2	413.2	5452.8	46.8
769	5	999	Statewide	61	Fine arts schools	5	611610	94.85	296.6	3565.4666666666667	386.2	4080.0	90.0
770	5	999	Statewide	61	Flight training	5	611512	5.0	0.0	0.0	8.2	114.0	2.6
771	5	999	Statewide	61	Junior colleges	5	611210	7.0	0.0	0.0	698.8	11956.8	6.4
772	5	999	Statewide	61	Language schools	5	611630	6.0	0.0	0.0	22.6	765.2	4.6
773	5	999	Statewide	61	Other technical and trade schools	5	611519	24.700000000000006	95.4	2794.8	186.2	4898.6	20.4
774	5	999	Statewide	61	Professional and management development training	5	611430	28.1	24.6	1299.8	35.6	1737.4	25.8
775	5	999	Statewide	61	Sports and recreation instruction	5	611620	91.45	507.40000000000015	6681.5999999999985	699.2	8010.6	85.6
776	5	999	Statewide	62	All other miscellaneous ambulatory health care services	5	621999	37.9	93.2	4257.4	303.4	10383.6	35.4
777	5	999	Statewide	62	All other outpatient care centers	5	621498	137.5	871.2	55356.4	2286.6	117178.6	134.0
778	5	999	Statewide	62	Ambulance services	5	621910	82.80000000000003	265.40000000000003	9138.6	1720.2	60267.6	78.0
779	5	999	Statewide	62	Assisted living facilities for the elderly	5	623312	94.58333333333334	1148.4	22450.0	2049.6	36328.4	88.2
780	5	999	Statewide	62	Blood and organ banks	5	621991	17.6	368.6	15436.8	765.0	23927.8	16.8
781	5	999	Statewide	62	Child and youth services	5	624110	116.03333333333336	419.6	12418.6	795.8	20583.0	107.2
782	5	999	Statewide	62	Child day care services	5	624410	732.4999999999997	7472.800000000001	123616.79999999994	8732.0	141955.6	727.6
783	5	999	Statewide	62	Community food services	5	624210	88.60000000000002	159.4	4469.5999999999985	495.2	9326.4	85.6
784	5	999	Statewide	62	Continuing care retirement communities	5	623311	43.79999999999999	327.0	8180.2	1536.0	34174.0	40.4
785	5	999	Statewide	62	Diagnostic imaging centers	5	621512	40.7	195.8	22676.0	602.6	59846.8	39.0
786	5	999	Statewide	62	Emergency and other relief services	5	624230	8.4	0.0	0.0	25.2	701.0	6.8
787	5	999	Statewide	62	Family planning centers	5	621410	20.6	15.6	716.4	110.8	2691.8	19.6
788	5	999	Statewide	62	Freestanding ambulatory surgical and emergency centers	5	621493	57.6	381.8	20470.6	713.4	31865.0	55.0
789	5	999	Statewide	62	General medical and surgical hospitals	5	622110	77.20000000000002	24156.8	1313445.2000000002	49656.8	2398668.4	76.4
790	5	999	Statewide	62	HMO medical centers	5	621491	5.0	0.0	0.0	0.0	0.0	1.25
791	5	999	Statewide	62	Home health care services	5	621610	179.00000000000009	3391.4	114925.0	5272.8	163689.0	178.6
792	5	999	Statewide	62	Kidney dialysis centers	5	621492	63.99999999999999	58.6	3215.8	331.0	25931.4	60.0
793	5	999	Statewide	62	Medical laboratories	5	621511	56.99999999999999	585.4	34255.6	821.6	50700.8	52.8
794	5	999	Statewide	62	Nursing care facilities (skilled nursing facilities)	5	623110	266.8	15868.999999999998	386130.6	22415.4	523963.6	266.6
795	5	999	Statewide	62	Offices of all other miscellaneous health practitioners	5	621399	133.01666666666665	175.10000000000005	11371.4	320.6	15687.8	122.0
796	5	999	Statewide	62	Offices of chiropractors	5	621310	305.5	754.4000000000002	23829.8	947.6	27311.0	303.4
797	5	999	Statewide	62	Offices of dentists	5	621210	980.0	6377.799999999998	302423.60000000003	6745.2	309306.4	979.6
798	5	999	Statewide	62	Offices of mental health practitioners (except physicians)	5	621330	166.23333333333332	291.4000000000001	15957.8	664.8	29219.4	155.8
799	5	999	Statewide	62	Offices of optometrists	5	621320	277.6	1110.6	42444.599999999984	1450.6	49233.4	275.4
800	5	999	Statewide	62	Offices of physical, occupational and speech therapists, and audiologists	5	621340	583.8000000000002	3439.4999999999995	153297.05000000002	3888.8	164059.8	581.6
801	5	999	Statewide	62	Offices of physicians (except mental health specialists)	5	621111	1858.6000000000006	17908.4	1512555.6000000003	18726.6	1542456.0	1858.0
802	5	999	Statewide	62	Offices of physicians, mental health specialists	5	621112	79.60000000000002	115.0	10299.4	254.4	14914.6	71.6
803	5	999	Statewide	62	Offices of podiatrists	5	621391	41.8	104.4	6084.4	216.4	11482.4	40.2
804	5	999	Statewide	62	Other community housing services	5	624229	28.8	14.6	430.8	155.6	4098.6	25.2
805	5	999	Statewide	62	Other individual and family services	5	624190	273.9333333333334	1900.85	51632.49999999999	3029.0	74699.8	268.4
806	5	999	Statewide	62	Other residential care facilities	5	623990	51.2	220.4	6679.4000000000015	922.4	24426.4	45.6
807	5	999	Statewide	62	Outpatient mental health and substance abuse centers	5	621420	138.79999999999998	932.2	33999.8	3099.2	117081.0	132.4
808	5	999	Statewide	62	Psychiatric and substance abuse hospitals	5	622210	10.4	550.4	21680.2	3043.4	109809.4	9.2
809	5	999	Statewide	62	Residential intellectual and developmental disability facilities	5	623210	87.39999999999998	647.6	16934.2	2496.6	51588.6	84.2
810	5	999	Statewide	62	Residential mental health and substance abuse facilities	5	623220	57.2	651.6	19228.6	2077.8	62067.2	54.4
811	5	999	Statewide	62	Services for the elderly and persons with disabilities	5	624120	334.8	10986.199999999997	200920.8	14290.0	250412.2	333.4
812	5	999	Statewide	62	Specialty (except psychiatric and substance abuse) hospitals	5	622310	18.4	1850.6	83145.6	3019.2	131936.0	16.4
813	5	999	Statewide	62	Temporary shelters	5	624221	62.0	229.4	6095.6	635.8	14538.2	60.8
814	5	999	Statewide	62	Vocational rehabilitation services	5	624310	78.46666666666667	1206.8	22664.4	2774.6	43858.8	76.0
815	5	999	Statewide	71	Agents and managers for artists, athletes, entertainers, and other public figures	5	711410	8.8	7.2	684.4000000000002	6.2	735.0	8.4
816	5	999	Statewide	71	All other amusement and recreation industries	5	713990	134.9	325.6	5342.5999999999985	546.0	7977.6	129.2
817	5	999	Statewide	71	Amusement and theme parks	5	713110	7.0	0.0	0.0	54.4	3783.8	4.8
818	5	999	Statewide	71	Amusement arcades	5	713120	38.65	71.6	943.6	170.0	1863.0	32.4
819	5	999	Statewide	71	Bowling centers	5	713950	35.4	14.2	212.2	473.4	6833.2	33.0
820	5	999	Statewide	71	Dance companies	5	711120	2.8	0.0	0.0	0.0	69.6	2.4
821	5	999	Statewide	71	Fitness and recreational sports centers	5	713940	223.3166666666667	1752.8000000000004	25339.2	2262.2	31380.2	215.2
822	5	999	Statewide	71	Golf courses and country clubs	5	713910	125.8	1107.6	30400.6	2036.8	48710.4	125.0
823	5	999	Statewide	71	Historical sites	5	712120	10.2	0.0	0.0	27.4	494.6	9.2
824	5	999	Statewide	71	Independent artists, writers, and performers	5	711510	40.6	44.60000000000001	2582.2	44.8	4272.4	35.4
825	5	999	Statewide	71	Marinas	5	713930	41.40000000000001	109.6	3927.0	166.4	6203.4	40.8
826	5	999	Statewide	71	Museums	5	712110	43.0	54.8	1158.8	524.4	14499.6	39.6
827	5	999	Statewide	71	Musical groups and artists	5	711130	16.2	0.0	0.0	54.0	2412.0	14.6
828	5	999	Statewide	71	Nature parks and other similar institutions	5	712190	7.0	0.0	0.0	20.2	368.6	6.0
829	5	999	Statewide	71	Other gambling industries	5	713290	4.8	66.0	4389.2	66.4	4393.6	3.2
830	5	999	Statewide	71	Other performing arts companies	5	711190	3.0	0.0	0.0	0.0	0.0	1.2
831	5	999	Statewide	71	Other spectator sports	5	711219	28.2	93.4	2350.4	150.4	3432.6	23.2
832	5	999	Statewide	71	Promoters of performing arts, sports, and similar events with facilities	5	711310	26.0	384.2	3607.0	673.0	9324.2	23.2
833	5	999	Statewide	71	Promoters of performing arts, sports, and similar events without facilities	5	711320	29.4	12.6	577.5999999999998	81.8	2551.8	26.6
834	5	999	Statewide	71	Racetracks	5	711212	8.2	0.0	0.0	0.0	0.0	7.0
835	5	999	Statewide	71	Sports teams and clubs	5	711211	6.0	0.0	0.0	0.0	0.0	2.4
836	5	999	Statewide	71	Theater companies and dinner theaters	5	711110	21.8	117.4	2244.6	207.2	4159.8	17.2
837	5	999	Statewide	71	Zoos and botanical gardens	5	712130	4.0	0.0	0.0	20.0	559.6	4.0
838	5	999	Statewide	72	All other traveler accommodation	5	721199	54.40000000000001	144.00000000000003	2430.4	325.2	5737.6	51.6
839	5	999	Statewide	72	Bed-and-breakfast inns	5	721191	32.25	36.8	740.6	59.8	1006.2	25.0
840	5	999	Statewide	72	Cafeterias, grill buffets, and buffets	5	722514	95.18333333333337	1090.6	16500.000000000004	1463.8	20154.6	84.8
841	5	999	Statewide	72	Caterers	5	722320	63.2	225.2	4327.2	339.8	6182.2	56.6
842	5	999	Statewide	72	Drinking places (alcoholic beverages)	5	722410	134.0	896.0	11822.6	1067.0	13453.2	128.4
843	5	999	Statewide	72	Food service contractors	5	722310	165.9	976.0	19260.6	1477.6	41281.4	155.8
844	5	999	Statewide	72	Full-service restaurants	5	722511	1967.3333333333344	36818.60000000001	533763.8	37029.4	535269.2	1966.8
845	5	999	Statewide	72	Hotels (except casino hotels) and motels	5	721110	681.2833333333333	9123.399999999998	152228.60000000006	9556.8	158651.4	679.4
846	5	999	Statewide	72	Limited-service restaurants	5	722513	1965.8	42612.4	506437.40000000026	42914.0	509366.0	1965.8
847	5	999	Statewide	72	Mobile food services	5	722330	42.2	22.0	407.0	44.6	724.8	33.0
848	5	999	Statewide	72	RV (recreational vehicle) parks and campgrounds	5	721211	27.6	16.6	204.8	56.2	1574.0	24.2
849	5	999	Statewide	72	Recreational and vacation camps (except campgrounds)	5	721214	52.8	103.6	3401.600000000001	270.8	8737.8	49.6
850	5	999	Statewide	72	Rooming and boarding houses	5	721310	19.0	75.8	1047.8	105.4	1684.6	16.6
851	5	999	Statewide	72	Snack and nonalcoholic beverage bars	5	722515	321.46666666666664	2457.7333333333336	31544.35	2683.4	33046.4	307.4
852	5	999	Statewide	81	All other automotive repair and maintenance	5	811198	25.18333333333333	3.0	608.0	62.4	1901.0	20.2
853	5	999	Statewide	81	All other personal services	5	812990	71.25	57.2	1998.2000000000005	115.2	4725.6	65.8
854	5	999	Statewide	81	Appliance repair and maintenance	5	811412	50.6	43.8	1847.2	166.4	4691.0	48.0
855	5	999	Statewide	81	Automotive body, paint, and interior repair and maintenance	5	811121	335.7999999999999	1175.2000000000005	52092.2	1610.8	61050.6	332.8
856	5	999	Statewide	81	Automotive exhaust system repair	5	811112	27.5	12.6	816.8	53.0	2079.0	20.6
857	5	999	Statewide	81	Automotive glass replacement shops	5	811122	69.05000000000001	137.79999999999998	4684.6	223.0	6300.6	62.6
858	5	999	Statewide	81	Automotive oil change and lubrication shops	5	811191	100.4	248.0	8121.4	492.6	13624.4	96.4
859	5	999	Statewide	81	Automotive transmission repair	5	811113	52.8	118.0	5063.6	188.4	6211.8	49.4
860	5	999	Statewide	81	Barber shops	5	812111	25.5	36.15	1009.95	63.8	3456.6	18.0
861	5	999	Statewide	81	Beauty salons	5	812112	376.38333333333327	1147.0	26949.200000000004	1369.6	28253.4	372.2
862	5	999	Statewide	81	Business associations	5	813910	226.2	330.7999999999999	19377.2	807.0	36733.4	226.2
863	5	999	Statewide	81	Car washes	5	811192	133.95	516.5999999999998	8976.0	727.2	11873.8	127.0
864	5	999	Statewide	81	Cemeteries and crematories	5	812220	50.2	40.0	936.0	178.0	3731.8	49.2
865	5	999	Statewide	81	Civic and social organizations	5	813410	195.2	847.5	18240.400000000005	1127.8	20658.4	191.4
866	5	999	Statewide	81	Coin-operated laundries and drycleaners	5	812310	59.2	51.2	919.8	158.2	2118.0	55.0
867	5	999	Statewide	81	Commercial and industrial machinery and equipment (except automotive and electronic) repair and maintenance	5	811310	257.6	1272.1999999999996	46972.00000000001	1825.4	64927.6	254.8
868	5	999	Statewide	81	Communication equipment repair and maintenance	5	811213	20.8	13.4	645.0	61.2	1844.8	17.4
869	5	999	Statewide	81	Computer and office machine repair and maintenance	5	811212	55.55	112.2	4555.799999999998	177.0	6551.0	50.2
870	5	999	Statewide	81	Consumer electronics repair and maintenance	5	811211	15.2	19.4	842.4	49.0	1803.6	12.2
871	5	999	Statewide	81	Diet and weight reducing centers	5	812191	27.850000000000005	107.20000000000002	2232.8	243.0	3249.0	25.0
872	5	999	Statewide	81	Drycleaning and laundry services (except coin-operated)	5	812320	149.63333333333333	1020.2	19540.8	1371.8	23695.8	146.4
873	5	999	Statewide	81	Environment, conservation and wildlife organizations	5	813312	54.53333333333333	244.8	16695.8	423.2	19720.6	50.4
874	5	999	Statewide	81	Footwear and leather goods repair	5	811430	6.4	1.4	30.8	5.4	79.8	5.8
875	5	999	Statewide	81	Funeral homes and funeral services	5	812210	221.6	765.7999999999997	27133.200000000008	1486.6	42560.0	221.6
876	5	999	Statewide	81	General automotive repair	5	811111	541.9	1875.25	70580.95	2292.6	73443.8	538.6
877	5	999	Statewide	81	Grantmaking foundations	5	813211	71.85000000000002	200.8	11594.0	244.8	12356.4	67.4
878	5	999	Statewide	81	Home and garden equipment repair and maintenance	5	811411	32.2	10.8	344.2	50.6	1293.8	24.6
879	5	999	Statewide	81	Human rights organizations	5	813311	26.0	128.8	7931.4000000000015	148.4	8378.6	24.8
880	5	999	Statewide	81	Industrial launderers	5	812332	18.65	117.2	3912.6	717.6	26521.0	17.6
881	5	999	Statewide	81	Labor unions and similar labor organizations	5	813930	105.8	383.6	5793.799999999998	611.6	8460.0	104.0
882	5	999	Statewide	81	Linen supply	5	812331	6.0	71.4	2928.0	100.8	3042.6	6.0
883	5	999	Statewide	81	Nail salons	5	812113	45.76666666666666	43.0	1122.25	111.2	2706.8	41.0
884	5	999	Statewide	81	One-hour photofinishing	5	812922	1.0	0.0	0.0	0.0	0.0	1.0
885	5	999	Statewide	81	Other automotive mechanical and electrical repair and maintenance	5	811118	59.8	41.0	2050.0	143.2	3966.8	55.0
886	5	999	Statewide	81	Other electronic and precision equipment repair and maintenance	5	811219	28.6	11.4	595.2	126.6	5490.4	26.6
887	5	999	Statewide	81	Other grantmaking and giving services	5	813219	30.066666666666666	176.4	7890.2	278.0	12578.4	28.0
888	5	999	Statewide	81	Other personal and household goods repair and maintenance	5	811490	68.81666666666666	91.0	2980.9999999999995	154.8	3991.2	63.2
889	5	999	Statewide	81	Other personal care services	5	812199	169.33333333333334	749.3999999999999	11695.000000000002	951.4	13167.8	156.2
890	5	999	Statewide	81	Other similar organizations (except business, professional, labor, and political organizations)	5	813990	68.0	231.8	9372.2	925.4	24826.6	65.6
891	5	999	Statewide	81	Other social advocacy organizations	5	813319	59.6	120.0	4037.0	196.6	6304.6	51.0
892	5	999	Statewide	81	Parking lots and garages	5	812930	11.8	273.2	4610.0	265.0	4929.8	10.8
893	5	999	Statewide	81	Pet care (except veterinary) services	5	812910	104.81666666666668	288.2000000000001	6121.866666666666	380.8	7184.4	95.8
894	5	999	Statewide	81	Political organizations	5	813940	24.4	25.2	2145.75	28.4	2320.6	15.2
895	5	999	Statewide	81	Professional organizations	5	813920	45.2	174.8	9225.6	210.0	10301.0	43.0
896	5	999	Statewide	81	Religious organizations	5	813110	2608.5999999999995	19295.999999999996	339185.4	19578.6	339204.0	2608.6
897	5	999	Statewide	81	Reupholstery and furniture repair	5	811420	25.08333333333333	19.0	661.2	49.0	1372.6	21.8
898	5	999	Statewide	81	Voluntary health organizations	5	813212	39.8	209.8	10821.600000000002	263.6	11965.8	36.8
