	id	state	COUNTY	GEO_TTL	relevant_naics	NAICS2012_TTL	NAICS_Sector	estab	emp	payann
0	33001	33	1	Belknap County, New Hampshire	11	Agriculture, forestry, fishing and hunting	11	3.6	4.0	302.4
1	33001	33	1	Belknap County, New Hampshire	21	Mining, quarrying, and oil and gas extraction	21	4.0	13.2	864.2
2	33001	33	1	Belknap County, New Hampshire	22	Utilities	22	7.4	67.8	8166.8
3	33001	33	1	Belknap County, New Hampshire	23	Construction	23	201.6	1103.4	68945.6
4	33001	33	1	Belknap County, New Hampshire	42	Wholesale trade	42	58.2	471.2	27130.8
5	33001	33	1	Belknap County, New Hampshire	51	Information	51	25.8	293.8	14393.6
6	33001	33	1	Belknap County, New Hampshire	52	Finance and insurance	52	72.0	245.6	39352.4
7	33001	33	1	Belknap County, New Hampshire	53	Real estate and rental and leasing	53	81.2	438.8	14039.4
8	33001	33	1	Belknap County, New Hampshire	54	Professional, scientific, and technical services	54	144.4	670.0	38126.0
9	33001	33	1	Belknap County, New Hampshire	55	Management of companies and enterprises	55	5.0	59.4	3964.6
10	33001	33	1	Belknap County, New Hampshire	56	Administrative and support and waste management and remediation services	56	97.0	766.6	25009.6
11	33001	33	1	Belknap County, New Hampshire	61	Educational services	61	21.0	478.0	17320.4
12	33001	33	1	Belknap County, New Hampshire	62	Health care and social assistance	62	139.4	3827.6	166809.6
13	33001	33	1	Belknap County, New Hampshire	71	Arts, entertainment, and recreation	71	55.0	418.2	13260.4
14	33001	33	1	Belknap County, New Hampshire	72	Accommodation and food services	72	232.0	2703.4	58085.0
15	33001	33	1	Belknap County, New Hampshire	81	Other services (except public administration)	81	189.8	820.0	20359.0
16	33001	33	1	Belknap County, New Hampshire	99	Industries not classified	99	3.0	1.2	45.6
17	33003	33	3	Carroll County, New Hampshire	11	Agriculture, forestry, fishing and hunting	11	11.8	48.2	2192.0
19	33003	33	3	Carroll County, New Hampshire	22	Utilities	22	7.0	40.4	5063.2
20	33003	33	3	Carroll County, New Hampshire	23	Construction	23	216.6	925.0	47515.4
21	33003	33	3	Carroll County, New Hampshire	42	Wholesale trade	42	43.8	298.8	15103.6
22	33003	33	3	Carroll County, New Hampshire	51	Information	51	39.0	217.4	10483.8
23	33003	33	3	Carroll County, New Hampshire	52	Finance and insurance	52	62.4	409.2	19748.0
24	33003	33	3	Carroll County, New Hampshire	53	Real estate and rental and leasing	53	80.2	255.6	9668.6
25	33003	33	3	Carroll County, New Hampshire	54	Professional, scientific, and technical services	54	130.8	504.6	30969.2
26	33003	33	3	Carroll County, New Hampshire	55	Management of companies and enterprises	55	3.0	13.8	809.8
27	33003	33	3	Carroll County, New Hampshire	56	Administrative and support and waste management and remediation services	56	102.0	592.8	25145.6
28	33003	33	3	Carroll County, New Hampshire	61	Educational services	61	23.0	408.4	11916.4
29	33003	33	3	Carroll County, New Hampshire	62	Health care and social assistance	62	149.4	2774.0	105928.6
30	33003	33	3	Carroll County, New Hampshire	71	Arts, entertainment, and recreation	71	57.2	803.8	19688.8
31	33003	33	3	Carroll County, New Hampshire	72	Accommodation and food services	72	308.2	4109.4	84996.8
32	33003	33	3	Carroll County, New Hampshire	81	Other services (except public administration)	81	154.8	596.6	17227.4
33	33003	33	3	Carroll County, New Hampshire	99	Industries not classified	99	5.0	7.8	443.6
34	33005	33	5	Cheshire County, New Hampshire	11	Agriculture, forestry, fishing and hunting	11	9.8	8.6	519.8
35	33005	33	5	Cheshire County, New Hampshire	21	Mining, quarrying, and oil and gas extraction	21	4.8	11.2	1488.0
36	33005	33	5	Cheshire County, New Hampshire	22	Utilities	22	6.0	18.0	1647.4
37	33005	33	5	Cheshire County, New Hampshire	23	Construction	23	219.6	1302.2	69683.4
38	33005	33	5	Cheshire County, New Hampshire	42	Wholesale trade	42	66.4	982.2	45812.2
39	33005	33	5	Cheshire County, New Hampshire	51	Information	51	34.4	496.6	28915.2
40	33005	33	5	Cheshire County, New Hampshire	52	Finance and insurance	52	94.2	1384.4	89493.4
41	33005	33	5	Cheshire County, New Hampshire	53	Real estate and rental and leasing	53	65.4	224.8	8353.4
42	33005	33	5	Cheshire County, New Hampshire	54	Professional, scientific, and technical services	54	151.8	631.4	32895.0
43	33005	33	5	Cheshire County, New Hampshire	55	Management of companies and enterprises	55	12.4	1013.8	64141.8
44	33005	33	5	Cheshire County, New Hampshire	56	Administrative and support and waste management and remediation services	56	107.4	1148.0	38659.2
45	33005	33	5	Cheshire County, New Hampshire	61	Educational services	61	33.6	1017.0	32088.4
46	33005	33	5	Cheshire County, New Hampshire	62	Health care and social assistance	62	161.8	3774.2	153877.2
47	33005	33	5	Cheshire County, New Hampshire	71	Arts, entertainment, and recreation	71	46.0	571.6	8082.2
48	33005	33	5	Cheshire County, New Hampshire	72	Accommodation and food services	72	172.6	2561.8	43088.4
49	33005	33	5	Cheshire County, New Hampshire	81	Other services (except public administration)	81	185.2	1188.8	31240.0
50	33005	33	5	Cheshire County, New Hampshire	99	Industries not classified	99	1.75	0.5	12.0
51	33007	33	7	Coos County, New Hampshire	11	Agriculture, forestry, fishing and hunting	11	28.4	156.2	5609.0
53	33007	33	7	Coos County, New Hampshire	22	Utilities	22	9.8	87.6	7041.8
54	33007	33	7	Coos County, New Hampshire	23	Construction	23	64.8	163.4	9445.6
55	33007	33	7	Coos County, New Hampshire	42	Wholesale trade	42	21.8	181.4	9185.0
56	33007	33	7	Coos County, New Hampshire	51	Information	51	16.2	31.6	1457.6
57	33007	33	7	Coos County, New Hampshire	52	Finance and insurance	52	35.6	287.8	12417.4
58	33007	33	7	Coos County, New Hampshire	53	Real estate and rental and leasing	53	24.0	67.6	2618.0
59	33007	33	7	Coos County, New Hampshire	54	Professional, scientific, and technical services	54	32.2	125.2	5416.4
60	33007	33	7	Coos County, New Hampshire	55	Management of companies and enterprises	55	3.2	12.2	1134.6
61	33007	33	7	Coos County, New Hampshire	56	Administrative and support and waste management and remediation services	56	34.8	194.8	6888.0
62	33007	33	7	Coos County, New Hampshire	61	Educational services	61	12.0	87.6	3749.6
63	33007	33	7	Coos County, New Hampshire	62	Health care and social assistance	62	101.2	2157.8	87315.6
64	33007	33	7	Coos County, New Hampshire	71	Arts, entertainment, and recreation	71	24.6	89.6	5758.4
65	33007	33	7	Coos County, New Hampshire	72	Accommodation and food services	72	113.0	1850.2	35354.0
66	33007	33	7	Coos County, New Hampshire	81	Other services (except public administration)	81	83.0	435.6	12252.8
68	33009	33	9	Grafton County, New Hampshire	11	Agriculture, forestry, fishing and hunting	11	23.6	46.8	11044.0
69	33009	33	9	Grafton County, New Hampshire	21	Mining, quarrying, and oil and gas extraction	21	8.0	18.0	1469.8
70	33009	33	9	Grafton County, New Hampshire	22	Utilities	22	18.4	292.6	24409.6
71	33009	33	9	Grafton County, New Hampshire	23	Construction	23	241.0	1176.6	57989.2
72	33009	33	9	Grafton County, New Hampshire	42	Wholesale trade	42	93.2	731.8	46768.8
73	33009	33	9	Grafton County, New Hampshire	51	Information	51	69.4	1013.0	69677.2
74	33009	33	9	Grafton County, New Hampshire	52	Finance and insurance	52	141.8	901.8	87117.6
75	33009	33	9	Grafton County, New Hampshire	53	Real estate and rental and leasing	53	140.6	506.6	21008.6
76	33009	33	9	Grafton County, New Hampshire	54	Professional, scientific, and technical services	54	243.8	1563.6	124246.8
77	33009	33	9	Grafton County, New Hampshire	55	Management of companies and enterprises	55	6.8	66.0	3885.4
78	33009	33	9	Grafton County, New Hampshire	56	Administrative and support and waste management and remediation services	56	148.4	914.0	34995.4
79	33009	33	9	Grafton County, New Hampshire	61	Educational services	61	62.4	3382.2	171053.4
80	33009	33	9	Grafton County, New Hampshire	62	Health care and social assistance	62	271.6	11114.6	736850.8
81	33009	33	9	Grafton County, New Hampshire	71	Arts, entertainment, and recreation	71	74.0	1845.8	25491.2
82	33009	33	9	Grafton County, New Hampshire	72	Accommodation and food services	72	388.2	5042.2	102461.8
83	33009	33	9	Grafton County, New Hampshire	81	Other services (except public administration)	81	262.8	1321.6	32582.0
84	33009	33	9	Grafton County, New Hampshire	99	Industries not classified	99	4.8	12.4	172.0
85	33011	33	11	Hillsborough County, New Hampshire	11	Agriculture, forestry, fishing and hunting	11	18.8	49.6	2992.0
86	33011	33	11	Hillsborough County, New Hampshire	21	Mining, quarrying, and oil and gas extraction	21	7.6	34.4	2506.0
87	33011	33	11	Hillsborough County, New Hampshire	22	Utilities	22	24.2	378.6	32156.4
88	33011	33	11	Hillsborough County, New Hampshire	23	Construction	23	1109.0	7527.4	438807.4
89	33011	33	11	Hillsborough County, New Hampshire	42	Wholesale trade	42	589.6	7576.8	585566.4
90	33011	33	11	Hillsborough County, New Hampshire	51	Information	51	252.0	7071.2	656109.6
91	33011	33	11	Hillsborough County, New Hampshire	52	Finance and insurance	52	612.6	7958.8	737404.0
92	33011	33	11	Hillsborough County, New Hampshire	53	Real estate and rental and leasing	53	399.0	2670.4	130811.0
93	33011	33	11	Hillsborough County, New Hampshire	54	Professional, scientific, and technical services	54	1305.2	10958.6	853487.4
94	33011	33	11	Hillsborough County, New Hampshire	55	Management of companies and enterprises	55	72.8	3349.0	269107.0
95	33011	33	11	Hillsborough County, New Hampshire	56	Administrative and support and waste management and remediation services	56	684.0	11283.6	436308.2
96	33011	33	11	Hillsborough County, New Hampshire	61	Educational services	61	191.0	5000.8	155951.8
97	33011	33	11	Hillsborough County, New Hampshire	62	Health care and social assistance	62	1126.6	29029.8	1410001.8
98	33011	33	11	Hillsborough County, New Hampshire	71	Arts, entertainment, and recreation	71	166.0	3075.0	74480.8
99	33011	33	11	Hillsborough County, New Hampshire	72	Accommodation and food services	72	886.6	15192.2	258024.6
100	33011	33	11	Hillsborough County, New Hampshire	81	Other services (except public administration)	81	1046.6	7293.8	226859.4
101	33011	33	11	Hillsborough County, New Hampshire	99	Industries not classified	99	13.0	7.4	388.0
102	33013	33	13	Merrimack County, New Hampshire	11	Agriculture, forestry, fishing and hunting	11	17.8	85.4	3421.8
103	33013	33	13	Merrimack County, New Hampshire	21	Mining, quarrying, and oil and gas extraction	21	9.2	72.6	4182.4
104	33013	33	13	Merrimack County, New Hampshire	22	Utilities	22	12.8	124.4	11755.0
105	33013	33	13	Merrimack County, New Hampshire	23	Construction	23	447.4	2969.8	186531.2
106	33013	33	13	Merrimack County, New Hampshire	42	Wholesale trade	42	170.0	3492.0	189557.4
107	33013	33	13	Merrimack County, New Hampshire	51	Information	51	67.0	757.8	41807.4
108	33013	33	13	Merrimack County, New Hampshire	52	Finance and insurance	52	201.0	3434.2	230452.4
109	33013	33	13	Merrimack County, New Hampshire	53	Real estate and rental and leasing	53	139.2	916.2	51092.8
110	33013	33	13	Merrimack County, New Hampshire	54	Professional, scientific, and technical services	54	410.8	3114.8	185371.2
111	33013	33	13	Merrimack County, New Hampshire	55	Management of companies and enterprises	55	19.4	804.0	92266.4
112	33013	33	13	Merrimack County, New Hampshire	56	Administrative and support and waste management and remediation services	56	235.0	1957.0	84159.0
113	33013	33	13	Merrimack County, New Hampshire	61	Educational services	61	75.0	4356.6	168106.6
114	33013	33	13	Merrimack County, New Hampshire	62	Health care and social assistance	62	414.2	12278.6	571871.4
115	33013	33	13	Merrimack County, New Hampshire	71	Arts, entertainment, and recreation	71	80.8	1972.0	29374.6
116	33013	33	13	Merrimack County, New Hampshire	72	Accommodation and food services	72	309.8	5111.0	89652.0
117	33013	33	13	Merrimack County, New Hampshire	81	Other services (except public administration)	81	517.6	2616.2	89398.2
118	33013	33	13	Merrimack County, New Hampshire	99	Industries not classified	99	3.6	1.8	65.4
119	33015	33	15	Rockingham County, New Hampshire	11	Agriculture, forestry, fishing and hunting	11	10.0	10.4	661.4
120	33015	33	15	Rockingham County, New Hampshire	21	Mining, quarrying, and oil and gas extraction	21	4.0	7.6	668.2
121	33015	33	15	Rockingham County, New Hampshire	22	Utilities	22	27.8	1197.0	133612.8
122	33015	33	15	Rockingham County, New Hampshire	23	Construction	23	1011.6	6761.0	427933.2
123	33015	33	15	Rockingham County, New Hampshire	42	Wholesale trade	42	589.4	7318.0	528766.4
124	33015	33	15	Rockingham County, New Hampshire	51	Information	51	151.2	2900.2	232504.0
125	33015	33	15	Rockingham County, New Hampshire	52	Finance and insurance	52	468.0	6581.0	580454.0
126	33015	33	15	Rockingham County, New Hampshire	53	Real estate and rental and leasing	53	309.4	1328.6	63574.8
127	33015	33	15	Rockingham County, New Hampshire	54	Professional, scientific, and technical services	54	1032.4	8651.4	546890.8
128	33015	33	15	Rockingham County, New Hampshire	55	Management of companies and enterprises	55	65.4	1768.0	207994.2
129	33015	33	15	Rockingham County, New Hampshire	56	Administrative and support and waste management and remediation services	56	645.0	10110.0	442934.8
130	33015	33	15	Rockingham County, New Hampshire	61	Educational services	61	138.8	3014.4	107439.6
131	33015	33	15	Rockingham County, New Hampshire	62	Health care and social assistance	62	876.0	15639.8	706601.2
132	33015	33	15	Rockingham County, New Hampshire	71	Arts, entertainment, and recreation	71	202.4	2707.6	67363.0
133	33015	33	15	Rockingham County, New Hampshire	72	Accommodation and food services	72	882.6	13666.8	275579.6
134	33015	33	15	Rockingham County, New Hampshire	81	Other services (except public administration)	81	843.8	4801.6	138859.4
135	33015	33	15	Rockingham County, New Hampshire	99	Industries not classified	99	14.2	6.2	247.2
136	33017	33	17	Strafford County, New Hampshire	11	Agriculture, forestry, fishing and hunting	11	10.2	30.4	831.2
137	33017	33	17	Strafford County, New Hampshire	21	Mining, quarrying, and oil and gas extraction	21	5.4	24.8	2347.8
139	33017	33	17	Strafford County, New Hampshire	23	Construction	23	268.4	1302.0	69249.4
140	33017	33	17	Strafford County, New Hampshire	42	Wholesale trade	42	97.4	1169.2	67214.2
141	33017	33	17	Strafford County, New Hampshire	51	Information	51	48.0	657.6	33403.6
142	33017	33	17	Strafford County, New Hampshire	52	Finance and insurance	52	131.4	1422.6	130260.0
143	33017	33	17	Strafford County, New Hampshire	53	Real estate and rental and leasing	53	98.2	450.4	18841.6
144	33017	33	17	Strafford County, New Hampshire	54	Professional, scientific, and technical services	54	236.8	1379.0	79555.0
145	33017	33	17	Strafford County, New Hampshire	55	Management of companies and enterprises	55	17.6	371.8	32165.2
146	33017	33	17	Strafford County, New Hampshire	56	Administrative and support and waste management and remediation services	56	155.0	1900.0	64519.4
147	33017	33	17	Strafford County, New Hampshire	61	Educational services	61	30.8	977.0	44280.6
148	33017	33	17	Strafford County, New Hampshire	62	Health care and social assistance	62	306.8	6763.8	346542.4
149	33017	33	17	Strafford County, New Hampshire	71	Arts, entertainment, and recreation	71	39.8	557.8	10881.2
150	33017	33	17	Strafford County, New Hampshire	72	Accommodation and food services	72	283.4	3893.4	60879.8
151	33017	33	17	Strafford County, New Hampshire	81	Other services (except public administration)	81	271.6	1646.2	45146.4
152	33017	33	17	Strafford County, New Hampshire	99	Industries not classified	99	4.0	2.4	81.6
153	33019	33	19	Sullivan County, New Hampshire	11	Agriculture, forestry, fishing and hunting	11	7.0	67.6	2380.4
155	33019	33	19	Sullivan County, New Hampshire	22	Utilities	22	6.6	40.6	4319.8
156	33019	33	19	Sullivan County, New Hampshire	23	Construction	23	105.6	429.0	19521.4
157	33019	33	19	Sullivan County, New Hampshire	42	Wholesale trade	42	41.4	483.6	36732.8
158	33019	33	19	Sullivan County, New Hampshire	51	Information	51	14.4	94.6	3444.2
159	33019	33	19	Sullivan County, New Hampshire	52	Finance and insurance	52	33.2	442.2	21826.2
160	33019	33	19	Sullivan County, New Hampshire	53	Real estate and rental and leasing	53	35.8	275.4	17197.2
161	33019	33	19	Sullivan County, New Hampshire	54	Professional, scientific, and technical services	54	53.4	192.0	9060.8
162	33019	33	19	Sullivan County, New Hampshire	55	Management of companies and enterprises	55	3.0	80.2	2440.0
163	33019	33	19	Sullivan County, New Hampshire	56	Administrative and support and waste management and remediation services	56	42.8	595.2	17346.4
164	33019	33	19	Sullivan County, New Hampshire	61	Educational services	61	13.6	253.0	8655.8
165	33019	33	19	Sullivan County, New Hampshire	62	Health care and social assistance	62	94.8	1287.0	46402.8
166	33019	33	19	Sullivan County, New Hampshire	71	Arts, entertainment, and recreation	71	15.2	33.2	1421.0
167	33019	33	19	Sullivan County, New Hampshire	72	Accommodation and food services	72	69.6	733.2	12754.4
168	33019	33	19	Sullivan County, New Hampshire	81	Other services (except public administration)	81	103.2	412.8	10532.0
169	33019	33	19	Sullivan County, New Hampshire	99	Industries not classified	99	2.75	0.0	21.5
0	33003	33	3	Carroll County, New Hampshire	21	Mining, quarrying, and oil and gas extraction	21	2.0		
1	33007	33	7	Coos County, New Hampshire	21	Mining, quarrying, and oil and gas extraction	21	1.6		
2	33007	33	7	Coos County, New Hampshire	99	Industries not classified	99	1.6		
3	33017	33	17	Strafford County, New Hampshire	22	Utilities	22	1.4		
4	33019	33	19	Sullivan County, New Hampshire	21	Mining, quarrying, and oil and gas extraction	21	1.0		
