	NAICS_Sector	NAICS2012_TTL	state	relevant_naics	COUNTY	id	GEO_TTL	estimate	estab	emp	payann
0	11	Cotton ginning	47	115111	33	47033	Crockett County, Tennessee	yes	1.0	0.0	327.16666666666663
1	11	Cotton ginning	47	115111	75	47075	Haywood County, Tennessee	yes	1.0	3.2458333333333336	337.9736111111111
2	11	Cotton ginning	47	115111	95	47095	Lake County, Tennessee	yes	1.0	3.2458333333333336	337.9736111111111
3	11	Cotton ginning	47	115111	97	47097	Lauderdale County, Tennessee	yes	1.0	3.2458333333333336	337.9736111111111
4	11	Cotton ginning	47	115111	165	47165	Sumner County, Tennessee	yes	1.0	3.875	284.875
5	11	Cotton ginning	47	115111	167	47167	Tipton County, Tennessee	yes	2.3333333333333335	7.783333333333334	770.9055555555556
6	11	Crop harvesting, primarily by machine	47	115113	45	47045	Dyer County, Tennessee	yes	1.0	0.0	0.0
7	11	Crop harvesting, primarily by machine	47	115113	141	47141	Putnam County, Tennessee	yes	1.0	0.0	0.0
8	11	Farm labor contractors and crew leaders	47	115115	91	47091	Johnson County, Tennessee	yes	1.0	0.0	0.0
9	11	Farm labor contractors and crew leaders	47	115115	93	47093	Knox County, Tennessee	yes	1.0	0.0	0.0
10	11	Farm management services	47	115116	37	47037	Davidson County, Tennessee	yes	1.0	2.9027777777777772	89.2906746031746
11	11	Farm management services	47	115116	43	47043	Dickson County, Tennessee	yes	1.0	2.9027777777777772	89.2906746031746
12	11	Farm management services	47	115116	51	47051	Franklin County, Tennessee	yes	1.0	2.25	82.70833333333333
13	11	Farm management services	47	115116	93	47093	Knox County, Tennessee	yes	1.0	2.9027777777777772	89.2906746031746
14	11	Farm management services	47	115116	157	47157	Shelby County, Tennessee	yes	2.0	5.8055555555555545	178.5813492063492
15	11	Farm management services	47	115116	187	47187	Williamson County, Tennessee	yes	1.6666666666666667	4.694444444444444	145.85912698412696
16	11	Finfish fishing	47	114111	185	47185	White County, Tennessee	yes	1.0	0.0	0.0
17	11	Finfish fishing	47	114111	187	47187	Williamson County, Tennessee	yes	1.0	0.0	0.0
18	11	Hunting and trapping	47	114210	65	47065	Hamilton County, Tennessee	yes	1.0	1.1	34.166666666666664
19	11	Hunting and trapping	47	114210	99	47099	Lawrence County, Tennessee	yes	1.0	1.25	39.25
20	11	Hunting and trapping	47	114210	133	47133	Overton County, Tennessee	yes	1.0	1.375	42.70833333333333
21	11	Hunting and trapping	47	114210	153	47153	Sequatchie County, Tennessee	yes	1.0	0.9166666666666666	28.472222222222218
22	11	Logging	47	113310	1	47001	Anderson County, Tennessee	yes	1.0	6.2070707669513645	149.47615618124544
23	11	Logging	47	113310	5	47005	Benton County, Tennessee	yes	1.0	6.2070707669513645	149.47615618124544
24	11	Logging	47	113310	7	47007	Bledsoe County, Tennessee	yes	1.0	5.192320025653359	163.60896264229598
25	11	Logging	47	113310	11	47011	Bradley County, Tennessee	yes	2.3333333333333335	14.815832429871385	343.44313615875853
26	11	Logging	47	113310	13	47013	Campbell County, Tennessee	yes	1.1666666666666667	6.960157186704451	176.5440574158133
27	11	Logging	47	113310	17	47017	Carroll County, Tennessee	no	5.166666666666667	15.166666666666666	520.0
28	11	Logging	47	113310	19	47019	Carter County, Tennessee	yes	1.3333333333333333	8.050144360024957	204.21273626782553
29	11	Logging	47	113310	21	47021	Cheatham County, Tennessee	yes	1.3333333333333333	8.169377044860479	199.7249084796431
30	11	Logging	47	113310	25	47025	Claiborne County, Tennessee	no	3.0	7.0	276.1666666666667
31	11	Logging	47	113310	27	47027	Clay County, Tennessee	yes	1.0	7.032786885245902	138.11475409836066
32	11	Logging	47	113310	31	47031	Coffee County, Tennessee	yes	1.0	5.708069806474062	157.47799857746665
33	11	Logging	47	113310	33	47033	Crockett County, Tennessee	yes	1.0	4.518518518518518	162.4074074074074
34	11	Logging	47	113310	35	47035	Cumberland County, Tennessee	yes	1.1666666666666667	7.379201914492348	172.49528186430553
35	11	Logging	47	113310	37	47037	Davidson County, Tennessee	yes	1.0	5.708069806474062	157.47799857746665
36	11	Logging	47	113310	39	47039	Decatur County, Tennessee	no	3.0	11.4	415.8
37	11	Logging	47	113310	39	47039	Decatur County, Tennessee	yes	2.0	14.065573770491804	276.2295081967213
38	11	Logging	47	113310	41	47041	DeKalb County, Tennessee	yes	1.0	5.192320025653359	163.60896264229598
39	11	Logging	47	113310	43	47043	Dickson County, Tennessee	no	4.5	21.0	589.8333333333334
40	11	Logging	47	113310	47	47047	Fayette County, Tennessee	yes	1.8333333333333333	11.204921675746702	275.7714612986611
41	11	Logging	47	113310	49	47049	Fentress County, Tennessee	no	3.5	13.5	296.5
42	11	Logging	47	113310	51	47051	Franklin County, Tennessee	no	3.0	0.0	213.0
43	11	Logging	47	113310	51	47051	Franklin County, Tennessee	yes	2.0	11.416139612948124	314.9559971549333
44	11	Logging	47	113310	55	47055	Giles County, Tennessee	yes	2.0	12.414141533902729	298.9523123624909
45	11	Logging	47	113310	59	47059	Greene County, Tennessee	yes	1.8333333333333333	11.204921675746702	275.7714612986611
46	11	Logging	47	113310	61	47061	Grundy County, Tennessee	no	3.0	20.0	616.0
47	11	Logging	47	113310	61	47061	Grundy County, Tennessee	yes	2.0	13.091991521633314	284.21872828399603
48	11	Logging	47	113310	65	47065	Hamilton County, Tennessee	no	3.0	9.0	189.0
49	11	Logging	47	113310	65	47065	Hamilton County, Tennessee	yes	2.0	12.083855086584915	303.49687319564475
50	11	Logging	47	113310	69	47069	Hardeman County, Tennessee	no	6.166666666666667	65.5	1980.6666666666667
51	11	Logging	47	113310	71	47071	Hardin County, Tennessee	no	3.6666666666666665	38.666666666666664	1186.5
52	11	Logging	47	113310	73	47073	Hawkins County, Tennessee	yes	1.3333333333333333	8.169377044860479	199.7249084796431
53	11	Logging	47	113310	75	47075	Haywood County, Tennessee	yes	1.0	6.0419275432924575	151.74843659782238
54	11	Logging	47	113310	77	47077	Henderson County, Tennessee	yes	1.1666666666666667	7.379201914492348	172.49528186430553
55	11	Logging	47	113310	79	47079	Henry County, Tennessee	no	3.3333333333333335	54.0	1706.6666666666667
56	11	Logging	47	113310	79	47079	Henry County, Tennessee	yes	3.0	19.151196158020728	430.3227024696314
57	11	Logging	47	113310	83	47083	Houston County, Tennessee	yes	1.1666666666666667	6.960157186704451	176.5440574158133
58	11	Logging	47	113310	85	47085	Humphreys County, Tennessee	yes	1.0	6.545995760816657	142.10936414199801
59	11	Logging	47	113310	91	47091	Johnson County, Tennessee	yes	1.0	6.545995760816657	142.10936414199801
60	11	Logging	47	113310	93	47093	Knox County, Tennessee	yes	1.0	6.2070707669513645	149.47615618124544
61	11	Logging	47	113310	99	47099	Lawrence County, Tennessee	no	3.6	43.4	2098.4
62	11	Logging	47	113310	99	47099	Lawrence County, Tennessee	yes	2.0	14.065573770491804	276.2295081967213
63	11	Logging	47	113310	101	47101	Lewis County, Tennessee	no	7.5	73.0	1869.5
64	11	Logging	47	113310	103	47103	Lincoln County, Tennessee	yes	1.75	9.60230982571408	280.18472055918863
65	11	Logging	47	113310	107	47107	McMinn County, Tennessee	no	4.5	13.833333333333334	478.0
66	11	Logging	47	113310	109	47109	McNairy County, Tennessee	no	4.166666666666667	15.333333333333334	662.5
67	11	Logging	47	113310	111	47111	Macon County, Tennessee	yes	1.0	6.2070707669513645	149.47615618124544
68	11	Logging	47	113310	113	47113	Madison County, Tennessee	no	6.666666666666667	35.666666666666664	1593.8333333333333
69	11	Logging	47	113310	115	47115	Marion County, Tennessee	yes	1.0	7.20507268790597	133.47247138880297
70	11	Logging	47	113310	123	47123	Monroe County, Tennessee	no	3.0	2.0	246.25
71	11	Logging	47	113310	123	47123	Monroe County, Tennessee	yes	2.0	11.058441558441558	328.41948051948054
72	11	Logging	47	113310	125	47125	Montgomery County, Tennessee	yes	1.0	7.032786885245902	138.11475409836066
73	11	Logging	47	113310	127	47127	Moore County, Tennessee	yes	1.0	6.2070707669513645	149.47615618124544
74	11	Logging	47	113310	129	47129	Morgan County, Tennessee	yes	1.0	6.2070707669513645	149.47615618124544
75	11	Logging	47	113310	131	47131	Obion County, Tennessee	yes	1.0	7.22182150824937	135.34334972019488
76	11	Logging	47	113310	133	47133	Overton County, Tennessee	no	3.8333333333333335	23.0	709.1666666666666
77	11	Logging	47	113310	135	47135	Perry County, Tennessee	no	3.0	8.0	128.0
78	11	Logging	47	113310	135	47135	Perry County, Tennessee	yes	1.75	11.33379480032184	249.69003975940586
79	11	Logging	47	113310	141	47141	Putnam County, Tennessee	no	3.3333333333333335	5.333333333333333	184.33333333333334
80	11	Logging	47	113310	143	47143	Rhea County, Tennessee	yes	1.0	6.2070707669513645	149.47615618124544
81	11	Logging	47	113310	147	47147	Robertson County, Tennessee	yes	1.0	6.2070707669513645	149.47615618124544
82	11	Logging	47	113310	151	47151	Scott County, Tennessee	no	3.8333333333333335	5.0	262.0
83	11	Logging	47	113310	153	47153	Sequatchie County, Tennessee	yes	1.1666666666666667	7.436630515379037	170.947854294453
84	11	Logging	47	113310	155	47155	Sevier County, Tennessee	yes	1.0	6.2070707669513645	149.47615618124544
85	11	Logging	47	113310	161	47161	Stewart County, Tennessee	no	4.666666666666667	10.166666666666666	342.1666666666667
86	11	Logging	47	113310	163	47163	Sullivan County, Tennessee	yes	1.0	6.2070707669513645	149.47615618124544
87	11	Logging	47	113310	165	47165	Sumner County, Tennessee	yes	1.3333333333333333	8.050144360024957	204.21273626782553
88	11	Logging	47	113310	167	47167	Tipton County, Tennessee	yes	1.3333333333333333	8.608761662920022	193.96697997751312
89	11	Logging	47	113310	175	47175	Van Buren County, Tennessee	no	3.0	28.2	908.6
90	11	Logging	47	113310	175	47175	Van Buren County, Tennessee	yes	3.0	21.098360655737704	414.34426229508193
91	11	Logging	47	113310	177	47177	Warren County, Tennessee	yes	1.0	5.708069806474062	157.47799857746665
92	11	Logging	47	113310	179	47179	Washington County, Tennessee	yes	1.0	7.032786885245902	138.11475409836066
93	11	Logging	47	113310	181	47181	Wayne County, Tennessee	no	4.75	22.5	1282.5
94	11	Logging	47	113310	181	47181	Wayne County, Tennessee	yes	6.5	46.746829570058765	869.8922053819981
95	11	Logging	47	113310	183	47183	Weakley County, Tennessee	no	3.0	8.6	242.2
96	11	Logging	47	113310	183	47183	Weakley County, Tennessee	yes	3.0	21.098360655737704	414.34426229508193
97	11	Logging	47	113310	185	47185	White County, Tennessee	no	4.0	17.0	604.5
98	11	Logging	47	113310	185	47185	White County, Tennessee	yes	2.0	14.41014537581194	266.94494277760595
99	11	Postharvest crop activities (except cotton ginning)	47	115114	33	47033	Crockett County, Tennessee	yes	1.0	0.0	0.0
100	11	Postharvest crop activities (except cotton ginning)	47	115114	45	47045	Dyer County, Tennessee	yes	1.0	0.0	0.0
101	11	Postharvest crop activities (except cotton ginning)	47	115114	75	47075	Haywood County, Tennessee	yes	1.0	0.0	0.0
102	11	Postharvest crop activities (except cotton ginning)	47	115114	93	47093	Knox County, Tennessee	yes	1.0	0.0	0.0
103	11	Soil preparation, planting, and cultivating	47	115112	27	47027	Clay County, Tennessee	yes	1.0	4.511655011655011	879.9014457764459
104	11	Soil preparation, planting, and cultivating	47	115112	35	47035	Cumberland County, Tennessee	yes	1.0	0.0	1145.7967032967033
105	11	Soil preparation, planting, and cultivating	47	115112	65	47065	Hamilton County, Tennessee	yes	1.0	4.511655011655011	879.9014457764459
106	11	Soil preparation, planting, and cultivating	47	115112	67	47067	Hancock County, Tennessee	yes	1.0	4.511655011655011	879.9014457764459
107	11	Soil preparation, planting, and cultivating	47	115112	75	47075	Haywood County, Tennessee	yes	1.0	7.807692307692308	901.3621794871794
108	11	Soil preparation, planting, and cultivating	47	115112	79	47079	Henry County, Tennessee	yes	1.0	5.7272727272727275	592.5454545454546
109	11	Soil preparation, planting, and cultivating	47	115112	113	47113	Madison County, Tennessee	yes	1.3333333333333333	4.511655011655011	1261.8336802086803
110	11	Soil preparation, planting, and cultivating	47	115112	119	47119	Maury County, Tennessee	yes	1.0	4.511655011655011	879.9014457764459
111	11	Soil preparation, planting, and cultivating	47	115112	131	47131	Obion County, Tennessee	yes	1.0	4.511655011655011	879.9014457764459
112	11	Soil preparation, planting, and cultivating	47	115112	147	47147	Robertson County, Tennessee	yes	2.0	9.023310023310023	1759.8028915528919
113	11	Soil preparation, planting, and cultivating	47	115112	157	47157	Shelby County, Tennessee	yes	1.6666666666666667	7.1142191142191145	1562.28774003774
114	11	Soil preparation, planting, and cultivating	47	115112	167	47167	Tipton County, Tennessee	yes	1.3333333333333333	7.1142191142191145	1138.0003468753468
115	11	Support activities for animal production	47	115210	3	47003	Bedford County, Tennessee	no	5.0	6.0	299.3333333333333
116	11	Support activities for animal production	47	115210	9	47009	Blount County, Tennessee	no	3.1666666666666665	13.833333333333334	637.8333333333334
117	11	Support activities for animal production	47	115210	11	47011	Bradley County, Tennessee	yes	1.0	3.845351473922902	78.22806122448979
118	11	Support activities for animal production	47	115210	15	47015	Cannon County, Tennessee	yes	1.0	5.142857142857142	79.47619047619047
119	11	Support activities for animal production	47	115210	17	47017	Carroll County, Tennessee	yes	1.0	2.8027210884353737	77.93537414965986
120	11	Support activities for animal production	47	115210	35	47035	Cumberland County, Tennessee	yes	1.0	4.007278911564626	80.11653061224489
121	11	Support activities for animal production	47	115210	37	47037	Davidson County, Tennessee	yes	1.6666666666666667	6.327607709750567	131.74580498866212
122	11	Support activities for animal production	47	115210	41	47041	DeKalb County, Tennessee	yes	1.0	3.0357142857142856	68.78571428571428
123	11	Support activities for animal production	47	115210	43	47043	Dickson County, Tennessee	yes	1.0	3.947845804988662	77.05215419501133
124	11	Support activities for animal production	47	115210	47	47047	Fayette County, Tennessee	yes	1.3333333333333333	5.390986394557824	102.23996598639455
125	11	Support activities for animal production	47	115210	49	47049	Fentress County, Tennessee	yes	1.0	2.8027210884353737	77.93537414965986
126	11	Support activities for animal production	47	115210	55	47055	Giles County, Tennessee	yes	1.0	3.845351473922902	78.22806122448979
127	11	Support activities for animal production	47	115210	65	47065	Hamilton County, Tennessee	yes	1.5	6.2481292517006795	115.48599773242631
128	11	Support activities for animal production	47	115210	79	47079	Henry County, Tennessee	yes	1.0	4.644047619047619	82.61785714285713
129	11	Support activities for animal production	47	115210	89	47089	Jefferson County, Tennessee	yes	1.0	2.8851473922902495	81.94024943310659
130	11	Support activities for animal production	47	115210	93	47093	Knox County, Tennessee	no	4.0	7.333333333333333	203.66666666666666
131	11	Support activities for animal production	47	115210	93	47093	Knox County, Tennessee	yes	2.0	7.49047619047619	165.8626984126984
132	11	Support activities for animal production	47	115210	97	47097	Lauderdale County, Tennessee	yes	1.0	4.366666666666666	78.37440476190476
133	11	Support activities for animal production	47	115210	99	47099	Lawrence County, Tennessee	yes	1.0	4.8055555555555545	74.51587301587301
134	11	Support activities for animal production	47	115210	105	47105	Loudon County, Tennessee	yes	1.3333333333333333	5.817460317460317	97.44444444444444
135	11	Support activities for animal production	47	115210	113	47113	Madison County, Tennessee	yes	2.0	6.071428571428571	137.57142857142856
136	11	Support activities for animal production	47	115210	129	47129	Morgan County, Tennessee	yes	1.0	3.0357142857142856	68.78571428571428
137	11	Support activities for animal production	47	115210	143	47143	Rhea County, Tennessee	yes	1.0	2.8027210884353737	77.93537414965986
138	11	Support activities for animal production	47	115210	145	47145	Roane County, Tennessee	yes	1.0	4.004421768707482	75.88367346938774
139	11	Support activities for animal production	47	115210	147	47147	Robertson County, Tennessee	yes	1.0	4.007278911564626	80.11653061224489
140	11	Support activities for animal production	47	115210	149	47149	Rutherford County, Tennessee	yes	1.0	2.8851473922902495	81.94024943310659
141	11	Support activities for animal production	47	115210	153	47153	Sequatchie County, Tennessee	yes	1.0	3.0357142857142856	68.78571428571428
142	11	Support activities for animal production	47	115210	155	47155	Sevier County, Tennessee	yes	1.0	3.845351473922902	78.22806122448979
143	11	Support activities for animal production	47	115210	157	47157	Shelby County, Tennessee	no	4.6	8.6	308.0
144	11	Support activities for animal production	47	115210	157	47157	Shelby County, Tennessee	yes	3.0	9.107142857142856	206.35714285714283
145	11	Support activities for animal production	47	115210	163	47163	Sullivan County, Tennessee	yes	1.0	3.723384353741497	80.27661564625849
146	11	Support activities for animal production	47	115210	165	47165	Sumner County, Tennessee	yes	1.1666666666666667	4.351303854875284	89.69234693877551
147	11	Support activities for animal production	47	115210	175	47175	Van Buren County, Tennessee	yes	1.0	4.0892857142857135	74.13095238095238
148	11	Support activities for animal production	47	115210	179	47179	Washington County, Tennessee	yes	1.0	3.845351473922902	78.22806122448979
149	11	Support activities for animal production	47	115210	187	47187	Williamson County, Tennessee	no	9.5	12.5	846.3333333333334
150	11	Support activities for animal production	47	115210	189	47189	Wilson County, Tennessee	yes	1.6666666666666667	6.142687074829932	128.91683673469387
151	11	Support activities for forestry	47	115310	1	47001	Anderson County, Tennessee	yes	1.0	-1.222222222222222	-28.444444444444443
152	11	Support activities for forestry	47	115310	21	47021	Cheatham County, Tennessee	yes	1.0	76.82467532467531	687.1787878787878
153	11	Support activities for forestry	47	115310	37	47037	Davidson County, Tennessee	yes	1.0	29.13888888888889	281.22777777777776
154	11	Support activities for forestry	47	115310	43	47043	Dickson County, Tennessee	yes	1.0	76.82467532467531	687.1787878787878
155	11	Support activities for forestry	47	115310	65	47065	Hamilton County, Tennessee	no	3.8333333333333335	39.333333333333336	903.5
156	11	Support activities for forestry	47	115310	71	47071	Hardin County, Tennessee	yes	1.0	35.565776815776815	269.80579605579607
157	11	Support activities for forestry	47	115310	79	47079	Henry County, Tennessee	yes	1.0	-4.5396825396825395	-87.15079365079364
158	11	Support activities for forestry	47	115310	93	47093	Knox County, Tennessee	yes	1.1666666666666667	45.48244348244348	368.28912938912936
159	11	Support activities for forestry	47	115310	109	47109	McNairy County, Tennessee	yes	1.1666666666666667	34.25625300625301	245.49627224627224
160	11	Support activities for forestry	47	115310	113	47113	Madison County, Tennessee	yes	1.0	35.565776815776815	269.80579605579607
161	11	Support activities for forestry	47	115310	177	47177	Warren County, Tennessee	yes	1.1666666666666667	45.48244348244348	368.28912938912936
162	11	Support activities for forestry	47	115310	181	47181	Wayne County, Tennessee	yes	1.0	-1.222222222222222	-28.444444444444443
163	11	Timber tract operations	47	113110	51	47051	Franklin County, Tennessee	yes	1.0	1.0277777777777777	134.96031746031744
164	11	Timber tract operations	47	113110	65	47065	Hamilton County, Tennessee	yes	1.0	1.0277777777777777	134.96031746031744
165	11	Timber tract operations	47	113110	93	47093	Knox County, Tennessee	yes	1.0	1.0277777777777777	134.96031746031744
166	11	Timber tract operations	47	113110	113	47113	Madison County, Tennessee	yes	1.0	0.0	147.7142857142857
167	11	Timber tract operations	47	113110	149	47149	Rutherford County, Tennessee	yes	1.0	1.2333333333333332	144.28571428571428
168	11	Timber tract operations	47	113110	151	47151	Scott County, Tennessee	yes	1.0	1.0277777777777777	134.96031746031744
169	11	Timber tract operations	47	113110	157	47157	Shelby County, Tennessee	yes	1.3333333333333333	1.0277777777777777	176.96825396825398
170	21	All other nonmetallic mineral mining	47	212399	35	47035	Cumberland County, Tennessee	yes	1.0	0.0	0.0
171	21	All other nonmetallic mineral mining	47	212399	149	47149	Rutherford County, Tennessee	yes	1.0	0.0	0.0
172	21	All other nonmetallic mineral mining	47	212399	181	47181	Wayne County, Tennessee	yes	1.0	0.0	0.0
173	21	Bituminous coal and lignite surface mining	47	212111	1	47001	Anderson County, Tennessee	yes	2.0	7.133333333333333	292.68333333333334
174	21	Bituminous coal and lignite surface mining	47	212111	13	47013	Campbell County, Tennessee	no	3.0	18.0	647.0
175	21	Bituminous coal and lignite surface mining	47	212111	13	47013	Campbell County, Tennessee	yes	2.0	4.0	165.375
176	21	Bituminous coal and lignite surface mining	47	212111	25	47025	Claiborne County, Tennessee	yes	1.5	0.0	0.0
177	21	Bituminous coal and lignite surface mining	47	212111	93	47093	Knox County, Tennessee	yes	1.0	0.0	0.0
178	21	Bituminous coal and lignite surface mining	47	212111	115	47115	Marion County, Tennessee	yes	1.0	0.0	0.0
179	21	Bituminous coal and lignite surface mining	47	212111	163	47163	Sullivan County, Tennessee	yes	1.0	0.0	0.0
180	21	Bituminous coal underground mining	47	212112	1	47001	Anderson County, Tennessee	yes	1.0	0.0	0.0
181	21	Bituminous coal underground mining	47	212112	25	47025	Claiborne County, Tennessee	yes	1.0	0.0	0.0
182	21	Bituminous coal underground mining	47	212112	93	47093	Knox County, Tennessee	yes	1.0	0.0	0.0
183	21	Bituminous coal underground mining	47	212112	163	47163	Sullivan County, Tennessee	yes	1.0	0.0	0.0
184	21	Construction sand and gravel mining	47	212321	5	47005	Benton County, Tennessee	yes	2.0	20.49069264069264	836.3964826839828
185	21	Construction sand and gravel mining	47	212321	29	47029	Cocke County, Tennessee	yes	1.0	10.658051948051948	444.85607142857145
186	21	Construction sand and gravel mining	47	212321	35	47035	Cumberland County, Tennessee	yes	1.0	10.24534632034632	418.1982413419914
187	21	Construction sand and gravel mining	47	212321	37	47037	Davidson County, Tennessee	yes	1.0	10.24534632034632	418.1982413419914
188	21	Construction sand and gravel mining	47	212321	39	47039	Decatur County, Tennessee	yes	1.0	10.24534632034632	418.1982413419914
189	21	Construction sand and gravel mining	47	212321	57	47057	Grainger County, Tennessee	yes	1.0	10.24534632034632	418.1982413419914
190	21	Construction sand and gravel mining	47	212321	59	47059	Greene County, Tennessee	yes	1.0	10.24534632034632	418.1982413419914
191	21	Construction sand and gravel mining	47	212321	65	47065	Hamilton County, Tennessee	yes	1.0	10.24534632034632	418.1982413419914
192	21	Construction sand and gravel mining	47	212321	71	47071	Hardin County, Tennessee	yes	1.1666666666666667	11.608982683982683	465.6830898268399
193	21	Construction sand and gravel mining	47	212321	103	47103	Lincoln County, Tennessee	yes	1.0	8.64090909090909	325.7295454545455
194	21	Construction sand and gravel mining	47	212321	125	47125	Montgomery County, Tennessee	yes	2.0	20.49069264069264	836.3964826839828
195	21	Construction sand and gravel mining	47	212321	135	47135	Perry County, Tennessee	yes	1.5	14.908982683982684	596.7164231601732
196	21	Construction sand and gravel mining	47	212321	141	47141	Putnam County, Tennessee	no	3.0	32.0	1195.0
197	21	Construction sand and gravel mining	47	212321	141	47141	Putnam County, Tennessee	yes	1.5	14.915909090909091	589.9732954545455
198	21	Construction sand and gravel mining	47	212321	157	47157	Shelby County, Tennessee	no	4.0	23.666666666666668	901.3333333333334
199	21	Construction sand and gravel mining	47	212321	157	47157	Shelby County, Tennessee	yes	3.6666666666666665	34.27575757575758	1305.9621212121212
200	21	Construction sand and gravel mining	47	212321	167	47167	Tipton County, Tennessee	yes	1.0	10.24534632034632	418.1982413419914
201	21	Copper ore and nickel ore mining	47	212234	139	47139	Polk County, Tennessee	yes	1.0	0.0	0.0
202	21	Crude petroleum and natural gas extraction	47	211111	1	47001	Anderson County, Tennessee	yes	1.0	12.05979020979021	959.021325896326
203	21	Crude petroleum and natural gas extraction	47	211111	13	47013	Campbell County, Tennessee	yes	1.0	8.758974358974358	810.9007326007327
204	21	Crude petroleum and natural gas extraction	47	211111	37	47037	Davidson County, Tennessee	yes	1.0	12.05979020979021	959.021325896326
205	21	Crude petroleum and natural gas extraction	47	211111	49	47049	Fentress County, Tennessee	yes	1.0	7.788461538461538	812.151098901099
206	21	Crude petroleum and natural gas extraction	47	211111	93	47093	Knox County, Tennessee	yes	2.1666666666666665	24.932400932400935	2054.0263514263515
207	21	Crude petroleum and natural gas extraction	47	211111	95	47095	Lake County, Tennessee	yes	1.0	12.05979020979021	959.021325896326
208	21	Crude petroleum and natural gas extraction	47	211111	129	47129	Morgan County, Tennessee	yes	1.0	12.05979020979021	959.021325896326
209	21	Crude petroleum and natural gas extraction	47	211111	133	47133	Overton County, Tennessee	yes	1.5	22.950000000000003	1594.9666666666667
210	21	Crude petroleum and natural gas extraction	47	211111	147	47147	Robertson County, Tennessee	yes	1.0	7.788461538461538	812.151098901099
211	21	Crude petroleum and natural gas extraction	47	211111	149	47149	Rutherford County, Tennessee	yes	1.0	13.09090909090909	880.1628787878788
212	21	Crude petroleum and natural gas extraction	47	211111	151	47151	Scott County, Tennessee	yes	1.0	15.360606060606061	1107.1419191919192
213	21	Crude petroleum and natural gas extraction	47	211111	163	47163	Sullivan County, Tennessee	yes	1.0	12.05979020979021	959.021325896326
214	21	Crude petroleum and natural gas extraction	47	211111	165	47165	Sumner County, Tennessee	yes	1.6666666666666667	18.636247086247085	1522.1232073482072
215	21	Crude petroleum and natural gas extraction	47	211111	187	47187	Williamson County, Tennessee	yes	1.0	10.700000000000001	808.4000000000001
216	21	Crushed and broken limestone mining and quarrying	47	212312	1	47001	Anderson County, Tennessee	yes	1.0	5.4959287708530695	262.2319398245856
217	21	Crushed and broken limestone mining and quarrying	47	212312	3	47003	Bedford County, Tennessee	yes	3.0	16.48778631255921	786.6958194737567
218	21	Crushed and broken limestone mining and quarrying	47	212312	5	47005	Benton County, Tennessee	yes	1.0	5.4959287708530695	262.2319398245856
219	21	Crushed and broken limestone mining and quarrying	47	212312	9	47009	Blount County, Tennessee	yes	1.0	5.4959287708530695	262.2319398245856
220	21	Crushed and broken limestone mining and quarrying	47	212312	11	47011	Bradley County, Tennessee	yes	1.0	5.4959287708530695	262.2319398245856
221	21	Crushed and broken limestone mining and quarrying	47	212312	13	47013	Campbell County, Tennessee	yes	1.3333333333333333	4.952894544214507	228.77392015179626
222	21	Crushed and broken limestone mining and quarrying	47	212312	15	47015	Cannon County, Tennessee	yes	2.1666666666666665	10.629717624010667	508.2395998137802
223	21	Crushed and broken limestone mining and quarrying	47	212312	19	47019	Carter County, Tennessee	yes	1.5	11.864209037421007	576.1407748239685
224	21	Crushed and broken limestone mining and quarrying	47	212312	21	47021	Cheatham County, Tennessee	yes	1.0	4.133669814392706	233.22850862911105
225	21	Crushed and broken limestone mining and quarrying	47	212312	25	47025	Claiborne County, Tennessee	yes	1.6666666666666667	6.3307844823454085	306.5167563615
226	21	Crushed and broken limestone mining and quarrying	47	212312	29	47029	Cocke County, Tennessee	yes	1.0	5.4959287708530695	262.2319398245856
227	21	Crushed and broken limestone mining and quarrying	47	212312	31	47031	Coffee County, Tennessee	yes	1.0	5.4959287708530695	262.2319398245856
228	21	Crushed and broken limestone mining and quarrying	47	212312	35	47035	Cumberland County, Tennessee	no	3.0	86.0	4905.333333333333
229	21	Crushed and broken limestone mining and quarrying	47	212312	35	47035	Cumberland County, Tennessee	yes	3.0	-5.234108974289207	-310.0613710487841
230	21	Crushed and broken limestone mining and quarrying	47	212312	37	47037	Davidson County, Tennessee	no	5.0	59.0	3823.0
231	21	Crushed and broken limestone mining and quarrying	47	212312	37	47037	Davidson County, Tennessee	yes	4.0	5.009134268954036	265.7088992214862
232	21	Crushed and broken limestone mining and quarrying	47	212312	39	47039	Decatur County, Tennessee	yes	1.0	5.4959287708530695	262.2319398245856
233	21	Crushed and broken limestone mining and quarrying	47	212312	41	47041	DeKalb County, Tennessee	yes	1.0	5.4959287708530695	262.2319398245856
234	21	Crushed and broken limestone mining and quarrying	47	212312	43	47043	Dickson County, Tennessee	yes	1.0	5.4959287708530695	262.2319398245856
235	21	Crushed and broken limestone mining and quarrying	47	212312	49	47049	Fentress County, Tennessee	yes	1.0	5.4959287708530695	262.2319398245856
236	21	Crushed and broken limestone mining and quarrying	47	212312	51	47051	Franklin County, Tennessee	no	3.0	77.66666666666667	4954.666666666667
237	21	Crushed and broken limestone mining and quarrying	47	212312	51	47051	Franklin County, Tennessee	yes	3.0	-5.234108974289207	-310.0613710487841
238	21	Crushed and broken limestone mining and quarrying	47	212312	55	47055	Giles County, Tennessee	yes	2.0	10.991857541706139	524.4638796491712
239	21	Crushed and broken limestone mining and quarrying	47	212312	57	47057	Grainger County, Tennessee	yes	1.0	-1.0853658536585367	-103.40243902439025
240	21	Crushed and broken limestone mining and quarrying	47	212312	59	47059	Greene County, Tennessee	yes	1.0	5.4959287708530695	262.2319398245856
241	21	Crushed and broken limestone mining and quarrying	47	212312	61	47061	Grundy County, Tennessee	yes	1.0	5.4959287708530695	262.2319398245856
242	21	Crushed and broken limestone mining and quarrying	47	212312	63	47063	Hamblen County, Tennessee	yes	1.0	5.4959287708530695	262.2319398245856
243	21	Crushed and broken limestone mining and quarrying	47	212312	65	47065	Hamilton County, Tennessee	no	3.0	52.5	2701.0
244	21	Crushed and broken limestone mining and quarrying	47	212312	71	47071	Hardin County, Tennessee	yes	1.0	5.4959287708530695	262.2319398245856
245	21	Crushed and broken limestone mining and quarrying	47	212312	73	47073	Hawkins County, Tennessee	yes	1.0	5.4959287708530695	262.2319398245856
246	21	Crushed and broken limestone mining and quarrying	47	212312	81	47081	Hickman County, Tennessee	yes	1.0	5.4959287708530695	262.2319398245856
247	21	Crushed and broken limestone mining and quarrying	47	212312	87	47087	Jackson County, Tennessee	yes	1.0	13.98321917808219	653.8413698630137
248	21	Crushed and broken limestone mining and quarrying	47	212312	89	47089	Jefferson County, Tennessee	yes	1.0	5.4959287708530695	262.2319398245856
249	21	Crushed and broken limestone mining and quarrying	47	212312	93	47093	Knox County, Tennessee	no	6.0	60.833333333333336	3796.6666666666665
250	21	Crushed and broken limestone mining and quarrying	47	212312	99	47099	Lawrence County, Tennessee	yes	1.0	5.4959287708530695	262.2319398245856
251	21	Crushed and broken limestone mining and quarrying	47	212312	103	47103	Lincoln County, Tennessee	yes	1.0	5.4959287708530695	262.2319398245856
252	21	Crushed and broken limestone mining and quarrying	47	212312	105	47105	Loudon County, Tennessee	yes	1.0	5.4959287708530695	262.2319398245856
253	21	Crushed and broken limestone mining and quarrying	47	212312	107	47107	McMinn County, Tennessee	no	3.0	32.0	1813.6666666666667
254	21	Crushed and broken limestone mining and quarrying	47	212312	115	47115	Marion County, Tennessee	yes	1.0	5.4959287708530695	262.2319398245856
255	21	Crushed and broken limestone mining and quarrying	47	212312	117	47117	Marshall County, Tennessee	yes	3.0	16.48778631255921	786.6958194737567
256	21	Crushed and broken limestone mining and quarrying	47	212312	119	47119	Maury County, Tennessee	yes	2.0	10.991857541706139	524.4638796491712
257	21	Crushed and broken limestone mining and quarrying	47	212312	121	47121	Meigs County, Tennessee	yes	1.0	5.4959287708530695	262.2319398245856
258	21	Crushed and broken limestone mining and quarrying	47	212312	123	47123	Monroe County, Tennessee	yes	2.0	10.991857541706139	524.4638796491712
259	21	Crushed and broken limestone mining and quarrying	47	212312	125	47125	Montgomery County, Tennessee	yes	1.0	5.4959287708530695	262.2319398245856
260	21	Crushed and broken limestone mining and quarrying	47	212312	127	47127	Moore County, Tennessee	yes	1.0	13.98321917808219	653.8413698630137
261	21	Crushed and broken limestone mining and quarrying	47	212312	133	47133	Overton County, Tennessee	yes	1.3333333333333333	10.157001830213801	480.17906311225687
262	21	Crushed and broken limestone mining and quarrying	47	212312	139	47139	Polk County, Tennessee	yes	1.0	5.4959287708530695	262.2319398245856
263	21	Crushed and broken limestone mining and quarrying	47	212312	141	47141	Putnam County, Tennessee	no	3.0	26.5	912.0
264	21	Crushed and broken limestone mining and quarrying	47	212312	141	47141	Putnam County, Tennessee	yes	3.5	34.166943077753444	1657.525502669694
265	21	Crushed and broken limestone mining and quarrying	47	212312	143	47143	Rhea County, Tennessee	yes	2.0	10.991857541706139	524.4638796491712
266	21	Crushed and broken limestone mining and quarrying	47	212312	145	47145	Roane County, Tennessee	yes	1.0	5.4959287708530695	262.2319398245856
267	21	Crushed and broken limestone mining and quarrying	47	212312	147	47147	Robertson County, Tennessee	yes	2.1666666666666665	10.81096323276305	507.23013981177286
268	21	Crushed and broken limestone mining and quarrying	47	212312	149	47149	Rutherford County, Tennessee	yes	3.0	16.48778631255921	786.6958194737567
269	21	Crushed and broken limestone mining and quarrying	47	212312	153	47153	Sequatchie County, Tennessee	yes	1.0	5.4959287708530695	262.2319398245856
270	21	Crushed and broken limestone mining and quarrying	47	212312	155	47155	Sevier County, Tennessee	yes	2.0	10.991857541706139	524.4638796491712
271	21	Crushed and broken limestone mining and quarrying	47	212312	159	47159	Smith County, Tennessee	yes	1.0	5.4959287708530695	262.2319398245856
272	21	Crushed and broken limestone mining and quarrying	47	212312	163	47163	Sullivan County, Tennessee	no	4.0	42.0	2117.0
273	21	Crushed and broken limestone mining and quarrying	47	212312	163	47163	Sullivan County, Tennessee	yes	4.0	-6.978811965718943	-413.4151613983788
274	21	Crushed and broken limestone mining and quarrying	47	212312	171	47171	Unicoi County, Tennessee	yes	1.0	5.4959287708530695	262.2319398245856
275	21	Crushed and broken limestone mining and quarrying	47	212312	173	47173	Union County, Tennessee	yes	2.0	10.991857541706139	524.4638796491712
276	21	Crushed and broken limestone mining and quarrying	47	212312	177	47177	Warren County, Tennessee	yes	1.0	5.4959287708530695	262.2319398245856
277	21	Crushed and broken limestone mining and quarrying	47	212312	179	47179	Washington County, Tennessee	yes	1.0	5.4959287708530695	262.2319398245856
278	21	Crushed and broken limestone mining and quarrying	47	212312	185	47185	White County, Tennessee	yes	2.0	10.991857541706139	524.4638796491712
279	21	Crushed and broken limestone mining and quarrying	47	212312	187	47187	Williamson County, Tennessee	yes	1.3333333333333333	10.157001830213801	480.17906311225687
280	21	Crushed and broken limestone mining and quarrying	47	212312	189	47189	Wilson County, Tennessee	yes	2.0	10.991857541706139	524.4638796491712
281	21	Dimension stone mining and quarrying	47	212311	7	47007	Bledsoe County, Tennessee	yes	1.5	3.5833333333333335	199.23333333333335
282	21	Dimension stone mining and quarrying	47	212311	35	47035	Cumberland County, Tennessee	yes	1.0	1.75	72.75
283	21	Dimension stone mining and quarrying	47	212311	65	47065	Hamilton County, Tennessee	yes	1.0	1.75	72.75
284	21	Dimension stone mining and quarrying	47	212311	107	47107	McMinn County, Tennessee	yes	1.0	3.0	185.35
285	21	Dimension stone mining and quarrying	47	212311	125	47125	Montgomery County, Tennessee	yes	1.0	6.0	308.5
286	21	Dimension stone mining and quarrying	47	212311	133	47133	Overton County, Tennessee	yes	1.0	0.0	0.0
287	21	Dimension stone mining and quarrying	47	212311	141	47141	Putnam County, Tennessee	yes	1.0	0.7	41.54
288	21	Dimension stone mining and quarrying	47	212311	153	47153	Sequatchie County, Tennessee	yes	1.0	2.0	123.56666666666666
289	21	Drilling oil and gas wells	47	213111	11	47011	Bradley County, Tennessee	yes	1.0	0.0	0.0
290	21	Drilling oil and gas wells	47	213111	13	47013	Campbell County, Tennessee	yes	1.0	0.0	0.0
291	21	Drilling oil and gas wells	47	213111	17	47017	Carroll County, Tennessee	yes	1.0	3.078379953379953	299.4803807303807
292	21	Drilling oil and gas wells	47	213111	31	47031	Coffee County, Tennessee	yes	1.0	4.965909090909091	528.8257575757576
293	21	Drilling oil and gas wells	47	213111	65	47065	Hamilton County, Tennessee	yes	1.0	8.538461538461538	739.2307692307693
294	21	Drilling oil and gas wells	47	213111	93	47093	Knox County, Tennessee	yes	1.0	3.078379953379953	299.4803807303807
295	21	Drilling oil and gas wells	47	213111	103	47103	Lincoln County, Tennessee	yes	1.1666666666666667	4.501456876456877	422.685508935509
296	21	Drilling oil and gas wells	47	213111	107	47107	McMinn County, Tennessee	yes	1.0	0.0	0.0
297	21	Drilling oil and gas wells	47	213111	131	47131	Obion County, Tennessee	yes	1.0	0.0	0.0
298	21	Drilling oil and gas wells	47	213111	133	47133	Overton County, Tennessee	yes	1.6666666666666667	6.156759906759906	598.9607614607614
299	21	Drilling oil and gas wells	47	213111	135	47135	Perry County, Tennessee	yes	1.0	3.694055944055944	359.37645687645687
300	21	Drilling oil and gas wells	47	213111	137	47137	Pickett County, Tennessee	yes	1.0	0.0	0.0
301	21	Drilling oil and gas wells	47	213111	145	47145	Roane County, Tennessee	yes	1.0	4.269230769230769	369.61538461538464
302	21	Drilling oil and gas wells	47	213111	151	47151	Scott County, Tennessee	yes	1.8333333333333333	6.156759906759906	598.9607614607614
303	21	Drilling oil and gas wells	47	213111	159	47159	Smith County, Tennessee	yes	1.0	4.269230769230769	369.61538461538464
304	21	Drilling oil and gas wells	47	213111	167	47167	Tipton County, Tennessee	yes	1.0	1.9863636363636363	211.53030303030306
305	21	Drilling oil and gas wells	47	213111	171	47171	Unicoi County, Tennessee	yes	1.0	3.694055944055944	359.37645687645687
306	21	Drilling oil and gas wells	47	213111	179	47179	Washington County, Tennessee	yes	1.0	0.0	0.0
307	21	Drilling oil and gas wells	47	213111	187	47187	Williamson County, Tennessee	yes	1.0	0.0	0.0
308	21	Industrial sand mining	47	212322	5	47005	Benton County, Tennessee	yes	1.0	25.75	1584.0
309	21	Industrial sand mining	47	212322	73	47073	Hawkins County, Tennessee	yes	1.0	25.75	1584.0
310	21	Industrial sand mining	47	212322	113	47113	Madison County, Tennessee	yes	2.0	51.5	3168.0
311	21	Kaolin and ball clay mining	47	212324	79	47079	Henry County, Tennessee	yes	1.0	26.833333333333332	1541.1666666666667
312	21	Kaolin and ball clay mining	47	212324	183	47183	Weakley County, Tennessee	yes	2.1666666666666665	53.666666666666664	3082.3333333333335
313	21	Lead ore and zinc ore mining	47	212231	89	47089	Jefferson County, Tennessee	yes	1.0	0.0	0.0
314	21	Lead ore and zinc ore mining	47	212231	159	47159	Smith County, Tennessee	yes	1.0	0.0	0.0
315	21	Natural gas liquid extraction	47	211112	1	47001	Anderson County, Tennessee	yes	1.0	0.0	0.0
316	21	Other crushed and broken stone mining and quarrying	47	212319	7	47007	Bledsoe County, Tennessee	yes	1.0	9.883928571428571	396.54464285714283
317	21	Other crushed and broken stone mining and quarrying	47	212319	29	47029	Cocke County, Tennessee	yes	1.0	10.142857142857142	399.71428571428567
318	21	Other crushed and broken stone mining and quarrying	47	212319	35	47035	Cumberland County, Tennessee	yes	1.0	11.413690476190476	497.5625
319	21	Other crushed and broken stone mining and quarrying	47	212319	51	47051	Franklin County, Tennessee	yes	1.0	11.413690476190476	497.5625
320	21	Other crushed and broken stone mining and quarrying	47	212319	71	47071	Hardin County, Tennessee	yes	1.0	12.428571428571427	568.4285714285714
321	21	Other crushed and broken stone mining and quarrying	47	212319	89	47089	Jefferson County, Tennessee	yes	1.0	11.667857142857141	517.132142857143
322	21	Other crushed and broken stone mining and quarrying	47	212319	125	47125	Montgomery County, Tennessee	yes	1.0	11.667857142857141	517.132142857143
323	21	Other crushed and broken stone mining and quarrying	47	212319	143	47143	Rhea County, Tennessee	yes	1.6666666666666667	18.68452380952381	805.6488095238095
324	21	Other crushed and broken stone mining and quarrying	47	212319	153	47153	Sequatchie County, Tennessee	yes	1.0	11.413690476190476	497.5625
325	21	Support activities for coal mining	47	213113	1	47001	Anderson County, Tennessee	yes	1.3333333333333333	4.905555555555556	278.8277777777777
326	21	Support activities for coal mining	47	213113	13	47013	Campbell County, Tennessee	yes	1.0	3.083333333333333	144.41666666666666
327	21	Support activities for coal mining	47	213113	25	47025	Claiborne County, Tennessee	yes	1.0	5.886666666666667	334.5933333333333
328	21	Support activities for coal mining	47	213113	93	47093	Knox County, Tennessee	yes	2.0	17.1	1095.3
329	21	Support activities for nonmetallic minerals (except fuels) mining	47	213115	5	47005	Benton County, Tennessee	yes	1.0	5.533333333333334	271.76666666666665
330	21	Support activities for nonmetallic minerals (except fuels) mining	47	213115	149	47149	Rutherford County, Tennessee	yes	1.0	5.533333333333334	271.76666666666665
331	21	Support activities for nonmetallic minerals (except fuels) mining	47	213115	159	47159	Smith County, Tennessee	yes	1.0	5.05	228.4
332	21	Support activities for nonmetallic minerals (except fuels) mining	47	213115	189	47189	Wilson County, Tennessee	yes	2.0	11.066666666666668	543.5333333333333
333	21	Support activities for oil and gas operations	47	213112	1	47001	Anderson County, Tennessee	yes	1.3333333333333333	3.166982323232323	234.67077020202018
334	21	Support activities for oil and gas operations	47	213112	21	47021	Cheatham County, Tennessee	yes	1.0	6.783806818181818	469.53948863636367
335	21	Support activities for oil and gas operations	47	213112	35	47035	Cumberland County, Tennessee	yes	1.1666666666666667	4.688510101010102	322.317297979798
336	21	Support activities for oil and gas operations	47	213112	37	47037	Davidson County, Tennessee	yes	2.0	0.6638888888888891	37.16388888888889
337	21	Support activities for oil and gas operations	47	213112	49	47049	Fentress County, Tennessee	yes	1.0	3.844760101010101	273.84854797979796
338	21	Support activities for oil and gas operations	47	213112	65	47065	Hamilton County, Tennessee	yes	1.0	3.844760101010101	273.84854797979796
339	21	Support activities for oil and gas operations	47	213112	85	47085	Humphreys County, Tennessee	yes	1.0	3.559166666666667	268.1091666666666
340	21	Support activities for oil and gas operations	47	213112	89	47089	Jefferson County, Tennessee	yes	1.0	3.844760101010101	273.84854797979796
341	21	Support activities for oil and gas operations	47	213112	93	47093	Knox County, Tennessee	yes	1.0	-2.033333333333333	-117.53333333333333
342	21	Support activities for oil and gas operations	47	213112	129	47129	Morgan County, Tennessee	yes	1.0	-2.033333333333333	-117.53333333333333
343	21	Support activities for oil and gas operations	47	213112	133	47133	Overton County, Tennessee	yes	1.0	8.4	642.4
344	21	Support activities for oil and gas operations	47	213112	151	47151	Scott County, Tennessee	no	3.0	30.5	1763.0
345	21	Support activities for oil and gas operations	47	213112	151	47151	Scott County, Tennessee	yes	2.0	13.567613636363635	939.0789772727273
346	21	Support activities for oil and gas operations	47	213112	155	47155	Sevier County, Tennessee	yes	1.0	7.3575757575757565	529.1151515151515
347	21	Support activities for oil and gas operations	47	213112	157	47157	Shelby County, Tennessee	yes	2.0	7.689520202020202	547.6970959595959
348	21	Support activities for oil and gas operations	47	213112	163	47163	Sullivan County, Tennessee	yes	1.0	0.33194444444444454	18.581944444444446
349	21	Support activities for oil and gas operations	47	213112	165	47165	Sumner County, Tennessee	yes	1.0	8.4	642.4
350	21	Support activities for oil and gas operations	47	213112	183	47183	Weakley County, Tennessee	yes	1.0	8.4	642.4
351	21	Support activities for oil and gas operations	47	213112	187	47187	Williamson County, Tennessee	yes	1.0	0.33194444444444454	18.581944444444446
352	22	Electric power distribution	47	221122	3	47003	Bedford County, Tennessee	yes	1.0	27.737590554064155	1886.2374723590474
353	22	Electric power distribution	47	221122	7	47007	Bledsoe County, Tennessee	yes	1.0	27.737590554064155	1886.2374723590474
354	22	Electric power distribution	47	221122	11	47011	Bradley County, Tennessee	yes	1.0	27.737590554064155	1886.2374723590474
355	22	Electric power distribution	47	221122	15	47015	Cannon County, Tennessee	yes	1.0	27.737590554064155	1886.2374723590474
356	22	Electric power distribution	47	221122	19	47019	Carter County, Tennessee	yes	1.0	27.737590554064155	1886.2374723590474
357	22	Electric power distribution	47	221122	23	47023	Chester County, Tennessee	yes	1.0	27.737590554064155	1886.2374723590474
358	22	Electric power distribution	47	221122	25	47025	Claiborne County, Tennessee	yes	1.0	27.737590554064155	1886.2374723590474
359	22	Electric power distribution	47	221122	27	47027	Clay County, Tennessee	yes	1.0	27.737590554064155	1886.2374723590474
360	22	Electric power distribution	47	221122	29	47029	Cocke County, Tennessee	yes	1.0	26.790697674418603	1792.2906976744187
361	22	Electric power distribution	47	221122	31	47031	Coffee County, Tennessee	yes	1.0	27.737590554064155	1886.2374723590474
362	22	Electric power distribution	47	221122	33	47033	Crockett County, Tennessee	yes	1.0	27.737590554064155	1886.2374723590474
363	22	Electric power distribution	47	221122	35	47035	Cumberland County, Tennessee	yes	1.0	27.737590554064155	1886.2374723590474
364	22	Electric power distribution	47	221122	37	47037	Davidson County, Tennessee	yes	1.8333333333333333	50.81867704308766	3476.708684555493
365	22	Electric power distribution	47	221122	41	47041	DeKalb County, Tennessee	yes	1.0	27.737590554064155	1886.2374723590474
366	22	Electric power distribution	47	221122	47	47047	Fayette County, Tennessee	yes	1.0	27.737590554064155	1886.2374723590474
367	22	Electric power distribution	47	221122	49	47049	Fentress County, Tennessee	yes	1.0	27.737590554064155	1886.2374723590474
368	22	Electric power distribution	47	221122	51	47051	Franklin County, Tennessee	yes	2.0	55.47518110812831	3772.474944718095
369	22	Electric power distribution	47	221122	53	47053	Gibson County, Tennessee	yes	1.0	27.737590554064155	1886.2374723590474
370	22	Electric power distribution	47	221122	61	47061	Grundy County, Tennessee	yes	1.0	27.737590554064155	1886.2374723590474
371	22	Electric power distribution	47	221122	63	47063	Hamblen County, Tennessee	yes	1.0	27.737590554064155	1886.2374723590474
372	22	Electric power distribution	47	221122	65	47065	Hamilton County, Tennessee	yes	1.3333333333333333	36.61937349980059	2471.677394839667
373	22	Electric power distribution	47	221122	67	47067	Hancock County, Tennessee	yes	1.0	27.737590554064155	1886.2374723590474
374	22	Electric power distribution	47	221122	71	47071	Hardin County, Tennessee	yes	1.0	27.737590554064155	1886.2374723590474
375	22	Electric power distribution	47	221122	73	47073	Hawkins County, Tennessee	yes	2.0	55.47518110812831	3772.474944718095
376	22	Electric power distribution	47	221122	75	47075	Haywood County, Tennessee	yes	1.0	27.737590554064155	1886.2374723590474
377	22	Electric power distribution	47	221122	81	47081	Hickman County, Tennessee	yes	1.0	27.737590554064155	1886.2374723590474
378	22	Electric power distribution	47	221122	83	47083	Houston County, Tennessee	yes	1.0	27.737590554064155	1886.2374723590474
379	22	Electric power distribution	47	221122	85	47085	Humphreys County, Tennessee	yes	1.0	27.737590554064155	1886.2374723590474
380	22	Electric power distribution	47	221122	87	47087	Jackson County, Tennessee	yes	1.0	27.737590554064155	1886.2374723590474
381	22	Electric power distribution	47	221122	89	47089	Jefferson County, Tennessee	yes	1.0	27.737590554064155	1886.2374723590474
382	22	Electric power distribution	47	221122	91	47091	Johnson County, Tennessee	yes	1.0	27.737590554064155	1886.2374723590474
383	22	Electric power distribution	47	221122	93	47093	Knox County, Tennessee	yes	1.0	26.790697674418603	1792.2906976744187
384	22	Electric power distribution	47	221122	95	47095	Lake County, Tennessee	yes	1.0	27.737590554064155	1886.2374723590474
385	22	Electric power distribution	47	221122	97	47097	Lauderdale County, Tennessee	yes	1.0	27.737590554064155	1886.2374723590474
386	22	Electric power distribution	47	221122	101	47101	Lewis County, Tennessee	yes	1.0	27.737590554064155	1886.2374723590474
387	22	Electric power distribution	47	221122	109	47109	McNairy County, Tennessee	yes	1.0	27.737590554064155	1886.2374723590474
388	22	Electric power distribution	47	221122	111	47111	Macon County, Tennessee	yes	1.0	27.737590554064155	1886.2374723590474
389	22	Electric power distribution	47	221122	113	47113	Madison County, Tennessee	yes	1.3333333333333333	36.81076128577147	2468.728538723199
390	22	Electric power distribution	47	221122	115	47115	Marion County, Tennessee	yes	1.0	27.737590554064155	1886.2374723590474
391	22	Electric power distribution	47	221122	117	47117	Marshall County, Tennessee	yes	1.0	27.737590554064155	1886.2374723590474
392	22	Electric power distribution	47	221122	119	47119	Maury County, Tennessee	yes	1.0	27.737590554064155	1886.2374723590474
393	22	Electric power distribution	47	221122	121	47121	Meigs County, Tennessee	yes	1.0	27.737590554064155	1886.2374723590474
394	22	Electric power distribution	47	221122	123	47123	Monroe County, Tennessee	yes	1.0	27.737590554064155	1886.2374723590474
395	22	Electric power distribution	47	221122	125	47125	Montgomery County, Tennessee	yes	1.0	27.737590554064155	1886.2374723590474
396	22	Electric power distribution	47	221122	127	47127	Moore County, Tennessee	yes	1.0	27.737590554064155	1886.2374723590474
397	22	Electric power distribution	47	221122	129	47129	Morgan County, Tennessee	yes	1.0	27.737590554064155	1886.2374723590474
398	22	Electric power distribution	47	221122	131	47131	Obion County, Tennessee	yes	1.0	27.737590554064155	1886.2374723590474
399	22	Electric power distribution	47	221122	133	47133	Overton County, Tennessee	yes	1.0	27.737590554064155	1886.2374723590474
400	22	Electric power distribution	47	221122	135	47135	Perry County, Tennessee	yes	1.0	27.737590554064155	1886.2374723590474
401	22	Electric power distribution	47	221122	137	47137	Pickett County, Tennessee	yes	1.0	27.737590554064155	1886.2374723590474
402	22	Electric power distribution	47	221122	139	47139	Polk County, Tennessee	yes	1.0	27.737590554064155	1886.2374723590474
403	22	Electric power distribution	47	221122	141	47141	Putnam County, Tennessee	yes	2.0	55.47518110812831	3772.474944718095
404	22	Electric power distribution	47	221122	143	47143	Rhea County, Tennessee	yes	1.0	27.737590554064155	1886.2374723590474
405	22	Electric power distribution	47	221122	147	47147	Robertson County, Tennessee	yes	1.0	27.737590554064155	1886.2374723590474
406	22	Electric power distribution	47	221122	149	47149	Rutherford County, Tennessee	yes	3.0	83.21277166219248	5658.712417077142
407	22	Electric power distribution	47	221122	151	47151	Scott County, Tennessee	yes	1.0	27.737590554064155	1886.2374723590474
408	22	Electric power distribution	47	221122	153	47153	Sequatchie County, Tennessee	yes	1.0	27.737590554064155	1886.2374723590474
409	22	Electric power distribution	47	221122	157	47157	Shelby County, Tennessee	yes	1.0	27.737590554064155	1886.2374723590474
410	22	Electric power distribution	47	221122	159	47159	Smith County, Tennessee	yes	1.0	27.737590554064155	1886.2374723590474
411	22	Electric power distribution	47	221122	161	47161	Stewart County, Tennessee	yes	1.0	27.737590554064155	1886.2374723590474
412	22	Electric power distribution	47	221122	163	47163	Sullivan County, Tennessee	yes	3.0	83.21277166219248	5658.712417077142
413	22	Electric power distribution	47	221122	165	47165	Sumner County, Tennessee	no	4.0	59.0	5066.333333333333
414	22	Electric power distribution	47	221122	165	47165	Sumner County, Tennessee	yes	3.6666666666666665	98.99328795613538	6458.1169408205715
415	22	Electric power distribution	47	221122	167	47167	Tipton County, Tennessee	yes	2.0	55.47518110812831	3772.474944718095
416	22	Electric power distribution	47	221122	169	47169	Trousdale County, Tennessee	yes	1.0	27.737590554064155	1886.2374723590474
417	22	Electric power distribution	47	221122	175	47175	Van Buren County, Tennessee	yes	1.0	27.737590554064155	1886.2374723590474
418	22	Electric power distribution	47	221122	177	47177	Warren County, Tennessee	yes	1.0	27.737590554064155	1886.2374723590474
419	22	Electric power distribution	47	221122	179	47179	Washington County, Tennessee	yes	1.0	27.737590554064155	1886.2374723590474
420	22	Electric power distribution	47	221122	181	47181	Wayne County, Tennessee	yes	1.0	27.737590554064155	1886.2374723590474
421	22	Electric power distribution	47	221122	185	47185	White County, Tennessee	yes	1.0	27.737590554064155	1886.2374723590474
422	22	Electric power distribution	47	221122	187	47187	Williamson County, Tennessee	yes	2.1666666666666665	59.891847774794975	4059.199750919645
423	22	Electric power distribution	47	221122	189	47189	Wilson County, Tennessee	yes	2.0	55.47518110812831	3772.474944718095
424	22	Fossil fuel electric power generation	47	221112	37	47037	Davidson County, Tennessee	yes	1.0	0.0	0.0
425	22	Hydroelectric power generation	47	221111	9	47009	Blount County, Tennessee	yes	1.4	0.0	0.0
426	22	Hydroelectric power generation	47	221111	29	47029	Cocke County, Tennessee	yes	1.0	0.0	0.0
427	22	Natural gas distribution	47	221210	3	47003	Bedford County, Tennessee	yes	1.0	11.326666666666668	851.56
428	22	Natural gas distribution	47	221210	9	47009	Blount County, Tennessee	yes	1.0	11.326666666666668	851.56
429	22	Natural gas distribution	47	221210	37	47037	Davidson County, Tennessee	yes	2.0	22.653333333333336	1703.12
430	22	Natural gas distribution	47	221210	59	47059	Greene County, Tennessee	yes	1.0	11.326666666666668	851.56
431	22	Natural gas distribution	47	221210	63	47063	Hamblen County, Tennessee	yes	1.0	11.326666666666668	851.56
432	22	Natural gas distribution	47	221210	65	47065	Hamilton County, Tennessee	yes	3.3333333333333335	33.98	2554.68
433	22	Natural gas distribution	47	221210	93	47093	Knox County, Tennessee	yes	1.0	11.326666666666668	851.56
434	22	Natural gas distribution	47	221210	113	47113	Madison County, Tennessee	yes	1.0	11.326666666666668	851.56
435	22	Natural gas distribution	47	221210	119	47119	Maury County, Tennessee	yes	2.0	22.653333333333336	1703.12
436	22	Natural gas distribution	47	221210	123	47123	Monroe County, Tennessee	yes	1.0	13.592000000000002	1021.872
437	22	Natural gas distribution	47	221210	125	47125	Montgomery County, Tennessee	yes	1.0	0.0	0.0
438	22	Natural gas distribution	47	221210	131	47131	Obion County, Tennessee	yes	1.0	11.326666666666668	851.56
439	22	Natural gas distribution	47	221210	149	47149	Rutherford County, Tennessee	yes	2.0	22.653333333333336	1703.12
440	22	Natural gas distribution	47	221210	155	47155	Sevier County, Tennessee	yes	1.0	11.326666666666668	851.56
441	22	Natural gas distribution	47	221210	179	47179	Washington County, Tennessee	yes	2.3333333333333335	22.653333333333336	1703.12
442	22	Natural gas distribution	47	221210	185	47185	White County, Tennessee	yes	1.0	11.326666666666668	851.56
443	22	Natural gas distribution	47	221210	187	47187	Williamson County, Tennessee	yes	4.0	45.30666666666667	3406.24
444	22	Nuclear electric power generation	47	221113	65	47065	Hamilton County, Tennessee	yes	1.0	0.0	0.0
445	22	Other electric power generation	47	221118	37	47037	Davidson County, Tennessee	yes	1.1666666666666667	0.0	0.0
446	22	Sewage treatment facilities	47	221320	35	47035	Cumberland County, Tennessee	yes	1.0	9.682431457431457	432.5979978354979
447	22	Sewage treatment facilities	47	221320	45	47045	Dyer County, Tennessee	yes	1.0	7.494318181818182	323.6761363636364
448	22	Sewage treatment facilities	47	221320	63	47063	Hamblen County, Tennessee	yes	1.0	9.682431457431457	432.5979978354979
449	22	Sewage treatment facilities	47	221320	105	47105	Loudon County, Tennessee	yes	1.1666666666666667	11.960209235209234	528.2646645021645
450	22	Sewage treatment facilities	47	221320	141	47141	Putnam County, Tennessee	yes	1.0	8.32573051948052	372.20949675324675
451	22	Sewage treatment facilities	47	221320	149	47149	Rutherford County, Tennessee	no	3.0	38.0	1924.3333333333333
452	22	Sewage treatment facilities	47	221320	149	47149	Rutherford County, Tennessee	yes	2.3333333333333335	26.127777777777776	1225.0333333333333
453	22	Sewage treatment facilities	47	221320	155	47155	Sevier County, Tennessee	yes	1.0	9.682431457431457	432.5979978354979
454	22	Sewage treatment facilities	47	221320	157	47157	Shelby County, Tennessee	yes	1.0	9.682431457431457	432.5979978354979
455	22	Sewage treatment facilities	47	221320	163	47163	Sullivan County, Tennessee	yes	1.0	9.682431457431457	432.5979978354979
456	22	Solar electric power generation	47	221114	37	47037	Davidson County, Tennessee	yes	1.0	0.0	0.0
457	22	Steam and air-conditioning supply	47	221330	105	47105	Loudon County, Tennessee	yes	1.0	0.0	0.0
458	22	Water supply and irrigation systems	47	221310	3	47003	Bedford County, Tennessee	yes	1.0	12.222256621947023	577.5920651301457
459	22	Water supply and irrigation systems	47	221310	9	47009	Blount County, Tennessee	yes	1.0	11.537323701410386	537.7109276459122
460	22	Water supply and irrigation systems	47	221310	19	47019	Carter County, Tennessee	yes	2.0	24.444513243894047	1155.1841302602913
461	22	Water supply and irrigation systems	47	221310	37	47037	Davidson County, Tennessee	yes	1.5	18.67585139318885	886.3286664373351
462	22	Water supply and irrigation systems	47	221310	65	47065	Hamilton County, Tennessee	yes	5.0	59.774097007223936	2824.512865497076
463	22	Water supply and irrigation systems	47	221310	105	47105	Loudon County, Tennessee	yes	1.0	12.740392156862743	607.4473202614379
464	22	Water supply and irrigation systems	47	221310	109	47109	McNairy County, Tennessee	yes	1.0	12.222256621947023	577.5920651301457
465	22	Water supply and irrigation systems	47	221310	115	47115	Marion County, Tennessee	yes	1.0	12.222256621947023	577.5920651301457
466	22	Water supply and irrigation systems	47	221310	125	47125	Montgomery County, Tennessee	yes	1.0	12.222256621947023	577.5920651301457
467	22	Water supply and irrigation systems	47	221310	157	47157	Shelby County, Tennessee	yes	1.0	12.137296181630546	577.1693016855864
468	22	Water supply and irrigation systems	47	221310	163	47163	Sullivan County, Tennessee	yes	1.1666666666666667	13.82751977984176	648.9780300424263
469	22	Water supply and irrigation systems	47	221310	187	47187	Williamson County, Tennessee	yes	1.0	12.222256621947023	577.5920651301457
470	22	Wind electric power generation	47	221115	1	47001	Anderson County, Tennessee	yes	1.0	0.0	0.0
471	23	All other specialty trade contractors	47	238990	1	47001	Anderson County, Tennessee	no	3.6666666666666665	9.666666666666666	272.6666666666667
472	23	All other specialty trade contractors	47	238990	1	47001	Anderson County, Tennessee	yes	2.3333333333333335	17.76154287479589	459.1777042234874
473	23	All other specialty trade contractors	47	238990	3	47003	Bedford County, Tennessee	no	7.666666666666667	36.666666666666664	1452.5
474	23	All other specialty trade contractors	47	238990	7	47007	Bledsoe County, Tennessee	yes	1.1666666666666667	8.616766820306188	314.2742654900816
475	23	All other specialty trade contractors	47	238990	9	47009	Blount County, Tennessee	no	10.833333333333334	74.66666666666667	2116.1666666666665
476	23	All other specialty trade contractors	47	238990	11	47011	Bradley County, Tennessee	no	5.0	30.666666666666668	1247.6666666666667
477	23	All other specialty trade contractors	47	238990	13	47013	Campbell County, Tennessee	yes	1.0	7.7906817663601124	383.8472106103215
478	23	All other specialty trade contractors	47	238990	15	47015	Cannon County, Tennessee	yes	1.1666666666666667	8.955960959500327	326.52957684539297
479	23	All other specialty trade contractors	47	238990	17	47017	Carroll County, Tennessee	yes	1.0	7.865670553509727	346.71041849197394
480	23	All other specialty trade contractors	47	238990	19	47019	Carter County, Tennessee	no	3.8	8.8	572.4
481	23	All other specialty trade contractors	47	238990	19	47019	Carter County, Tennessee	yes	3.0	21.428571428571427	1158.857142857143
482	23	All other specialty trade contractors	47	238990	21	47021	Cheatham County, Tennessee	no	5.833333333333333	21.833333333333332	939.5
483	23	All other specialty trade contractors	47	238990	23	47023	Chester County, Tennessee	yes	1.0	7.251768536015779	298.69087682985617
484	23	All other specialty trade contractors	47	238990	25	47025	Claiborne County, Tennessee	yes	2.5	18.711281996673986	670.8279387210167
485	23	All other specialty trade contractors	47	238990	29	47029	Cocke County, Tennessee	yes	1.3333333333333333	10.09644462521011	415.668390638577
486	23	All other specialty trade contractors	47	238990	31	47031	Coffee County, Tennessee	no	6.0	13.75	616.75
487	23	All other specialty trade contractors	47	238990	31	47031	Coffee County, Tennessee	yes	5.0	33.83655501125381	848.6856216073083
488	23	All other specialty trade contractors	47	238990	33	47033	Crockett County, Tennessee	yes	1.0	7.4995507030900725	287.7193204351365
489	23	All other specialty trade contractors	47	238990	35	47035	Cumberland County, Tennessee	no	5.0	12.0	551.2
490	23	All other specialty trade contractors	47	238990	35	47035	Cumberland County, Tennessee	yes	4.0	27.32530120481928	720.5783132530121
491	23	All other specialty trade contractors	47	238990	37	47037	Davidson County, Tennessee	no	43.166666666666664	520.0	23736.5
492	23	All other specialty trade contractors	47	238990	43	47043	Dickson County, Tennessee	yes	2.0	14.999101406180145	575.438640870273
493	23	All other specialty trade contractors	47	238990	45	47045	Dyer County, Tennessee	no	4.0	5.75	163.0
494	23	All other specialty trade contractors	47	238990	45	47045	Dyer County, Tennessee	yes	4.0	30.883516483516487	784.3824175824177
495	23	All other specialty trade contractors	47	238990	47	47047	Fayette County, Tennessee	no	4.0	22.75	847.75
496	23	All other specialty trade contractors	47	238990	47	47047	Fayette County, Tennessee	yes	2.0	13.534622004501523	339.4742486429234
497	23	All other specialty trade contractors	47	238990	51	47051	Franklin County, Tennessee	no	3.0	3.0	83.0
498	23	All other specialty trade contractors	47	238990	51	47051	Franklin County, Tennessee	yes	1.6	12.43485442937301	468.11723360145726
499	23	All other specialty trade contractors	47	238990	53	47053	Gibson County, Tennessee	yes	2.3333333333333335	17.233533640612375	628.5485309801632
500	23	All other specialty trade contractors	47	238990	55	47055	Giles County, Tennessee	yes	1.5	11.286920815686301	480.04934301952943
501	23	All other specialty trade contractors	47	238990	57	47057	Grainger County, Tennessee	no	4.0	24.0	1166.6666666666667
502	23	All other specialty trade contractors	47	238990	57	47057	Grainger County, Tennessee	yes	3.0	23.587183900436912	614.418729864513
503	23	All other specialty trade contractors	47	238990	59	47059	Greene County, Tennessee	yes	2.0	15.581363532720225	767.694421220643
504	23	All other specialty trade contractors	47	238990	63	47063	Hamblen County, Tennessee	yes	2.0	14.999101406180145	575.438640870273
505	23	All other specialty trade contractors	47	238990	65	47065	Hamilton County, Tennessee	no	18.166666666666668	191.0	10036.333333333334
506	23	All other specialty trade contractors	47	238990	67	47067	Hancock County, Tennessee	yes	1.0	6.7032967032967035	159.32967032967034
507	23	All other specialty trade contractors	47	238990	71	47071	Hardin County, Tennessee	yes	1.0	7.865670553509727	346.71041849197394
508	23	All other specialty trade contractors	47	238990	73	47073	Hawkins County, Tennessee	no	5.5	21.166666666666668	619.3333333333334
509	23	All other specialty trade contractors	47	238990	77	47077	Henderson County, Tennessee	yes	2.0	14.999101406180145	575.438640870273
510	23	All other specialty trade contractors	47	238990	79	47079	Henry County, Tennessee	no	4.4	12.2	707.2
511	23	All other specialty trade contractors	47	238990	79	47079	Henry County, Tennessee	yes	5.0	33.51648351648352	796.6483516483516
512	23	All other specialty trade contractors	47	238990	81	47081	Hickman County, Tennessee	yes	1.0	6.7032967032967035	159.32967032967034
513	23	All other specialty trade contractors	47	238990	85	47085	Humphreys County, Tennessee	yes	2.0	14.999101406180145	575.438640870273
514	23	All other specialty trade contractors	47	238990	89	47089	Jefferson County, Tennessee	no	5.2	9.8	570.6
515	23	All other specialty trade contractors	47	238990	89	47089	Jefferson County, Tennessee	yes	3.0	20.49397590361446	540.433734939759
516	23	All other specialty trade contractors	47	238990	93	47093	Knox County, Tennessee	no	30.333333333333332	205.5	9395.0
517	23	All other specialty trade contractors	47	238990	97	47097	Lauderdale County, Tennessee	yes	1.0	7.4995507030900725	287.7193204351365
518	23	All other specialty trade contractors	47	238990	99	47099	Lawrence County, Tennessee	yes	1.8333333333333333	13.808625215703954	511.0576884893207
519	23	All other specialty trade contractors	47	238990	103	47103	Lincoln County, Tennessee	no	3.0	7.0	459.5
520	23	All other specialty trade contractors	47	238990	103	47103	Lincoln County, Tennessee	yes	2.75	20.284923748441265	888.4109258055921
521	23	All other specialty trade contractors	47	238990	105	47105	Loudon County, Tennessee	no	4.5	26.5	1087.5
522	23	All other specialty trade contractors	47	238990	107	47107	McMinn County, Tennessee	no	4.333333333333333	18.333333333333332	571.3333333333334
523	23	All other specialty trade contractors	47	238990	107	47107	McMinn County, Tennessee	yes	2.6666666666666665	20.038651308530827	519.2258969945716
524	23	All other specialty trade contractors	47	238990	111	47111	Macon County, Tennessee	yes	1.1666666666666667	8.638104919957541	317.7434168206787
525	23	All other specialty trade contractors	47	238990	113	47113	Madison County, Tennessee	no	11.333333333333334	105.16666666666667	4593.166666666667
526	23	All other specialty trade contractors	47	238990	115	47115	Marion County, Tennessee	yes	1.8333333333333333	13.881885288964027	548.883695815328
527	23	All other specialty trade contractors	47	238990	117	47117	Marshall County, Tennessee	yes	2.0	14.999101406180145	575.438640870273
528	23	All other specialty trade contractors	47	238990	119	47119	Maury County, Tennessee	no	5.666666666666667	57.333333333333336	2037.3333333333333
529	23	All other specialty trade contractors	47	238990	123	47123	Monroe County, Tennessee	no	3.5	3.5	193.25
530	23	All other specialty trade contractors	47	238990	123	47123	Monroe County, Tennessee	yes	2.0	15.581363532720225	767.694421220643
531	23	All other specialty trade contractors	47	238990	125	47125	Montgomery County, Tennessee	no	6.0	41.0	1325.75
532	23	All other specialty trade contractors	47	238990	125	47125	Montgomery County, Tennessee	yes	4.0	27.069244009003047	678.9484972858468
533	23	All other specialty trade contractors	47	238990	127	47127	Moore County, Tennessee	yes	1.3333333333333333	10.09644462521011	415.668390638577
534	23	All other specialty trade contractors	47	238990	129	47129	Morgan County, Tennessee	yes	1.0	7.78489341983318	206.50305838739575
535	23	All other specialty trade contractors	47	238990	131	47131	Obion County, Tennessee	yes	1.0	7.4995507030900725	287.7193204351365
536	23	All other specialty trade contractors	47	238990	137	47137	Pickett County, Tennessee	yes	1.0	7.865670553509727	346.71041849197394
537	23	All other specialty trade contractors	47	238990	141	47141	Putnam County, Tennessee	no	7.75	29.5	999.75
538	23	All other specialty trade contractors	47	238990	141	47141	Putnam County, Tennessee	yes	10.0	67.67311002250761	1697.3712432146167
539	23	All other specialty trade contractors	47	238990	145	47145	Roane County, Tennessee	yes	1.0	7.4995507030900725	287.7193204351365
540	23	All other specialty trade contractors	47	238990	147	47147	Robertson County, Tennessee	no	6.5	15.333333333333334	582.6666666666666
541	23	All other specialty trade contractors	47	238990	149	47149	Rutherford County, Tennessee	no	22.333333333333332	130.5	5889.333333333333
542	23	All other specialty trade contractors	47	238990	151	47151	Scott County, Tennessee	yes	1.0	7.4995507030900725	287.7193204351365
543	23	All other specialty trade contractors	47	238990	155	47155	Sevier County, Tennessee	no	6.6	18.6	816.8
544	23	All other specialty trade contractors	47	238990	155	47155	Sevier County, Tennessee	yes	5.0	33.51648351648352	796.6483516483516
545	23	All other specialty trade contractors	47	238990	157	47157	Shelby County, Tennessee	no	46.166666666666664	650.0	34794.666666666664
546	23	All other specialty trade contractors	47	238990	159	47159	Smith County, Tennessee	yes	2.6666666666666665	19.90175818715018	735.2088911019691
547	23	All other specialty trade contractors	47	238990	161	47161	Stewart County, Tennessee	no	3.0	7.0	208.0
548	23	All other specialty trade contractors	47	238990	161	47161	Stewart County, Tennessee	yes	2.2	16.683868066338455	662.8234165751102
549	23	All other specialty trade contractors	47	238990	163	47163	Sullivan County, Tennessee	no	14.166666666666666	37.0	2476.5
550	23	All other specialty trade contractors	47	238990	165	47165	Sumner County, Tennessee	no	11.166666666666666	46.666666666666664	1515.0
551	23	All other specialty trade contractors	47	238990	167	47167	Tipton County, Tennessee	yes	1.5	11.286920815686301	480.04934301952943
552	23	All other specialty trade contractors	47	238990	169	47169	Trousdale County, Tennessee	yes	1.0	7.278996384305437	276.7921674658916
553	23	All other specialty trade contractors	47	238990	171	47171	Unicoi County, Tennessee	yes	1.0	7.4995507030900725	287.7193204351365
554	23	All other specialty trade contractors	47	238990	173	47173	Union County, Tennessee	no	3.6666666666666665	8.166666666666666	394.0
555	23	All other specialty trade contractors	47	238990	175	47175	Van Buren County, Tennessee	yes	1.0	7.424361180987688	190.77859570148726
556	23	All other specialty trade contractors	47	238990	177	47177	Warren County, Tennessee	yes	1.3333333333333333	10.09644462521011	415.668390638577
557	23	All other specialty trade contractors	47	238990	179	47179	Washington County, Tennessee	no	7.666666666666667	50.5	1713.5
558	23	All other specialty trade contractors	47	238990	183	47183	Weakley County, Tennessee	no	3.3333333333333335	5.0	112.66666666666667
559	23	All other specialty trade contractors	47	238990	183	47183	Weakley County, Tennessee	yes	1.3333333333333333	10.3371816938082	268.3991085220001
560	23	All other specialty trade contractors	47	238990	185	47185	White County, Tennessee	yes	2.3333333333333335	17.59599532830018	703.3877110737135
561	23	All other specialty trade contractors	47	238990	187	47187	Williamson County, Tennessee	no	16.333333333333332	77.33333333333333	4492.166666666667
562	23	All other specialty trade contractors	47	238990	189	47189	Wilson County, Tennessee	no	15.666666666666666	95.0	4370.666666666667
563	23	Commercial and institutional building construction	47	236220	1	47001	Anderson County, Tennessee	no	8.2	73.0	4899.0
564	23	Commercial and institutional building construction	47	236220	1	47001	Anderson County, Tennessee	yes	9.0	239.81012658227849	5978.050632911392
565	23	Commercial and institutional building construction	47	236220	3	47003	Bedford County, Tennessee	yes	3.0	55.6983541817928	1985.8754369331255
566	23	Commercial and institutional building construction	47	236220	7	47007	Bledsoe County, Tennessee	yes	1.0	20.9987607661409	608.0463169589865
567	23	Commercial and institutional building construction	47	236220	9	47009	Blount County, Tennessee	no	10.833333333333334	126.5	6742.166666666667
568	23	Commercial and institutional building construction	47	236220	11	47011	Bradley County, Tennessee	no	9.166666666666666	49.0	2078.0
569	23	Commercial and institutional building construction	47	236220	13	47013	Campbell County, Tennessee	no	3.0	6.0	290.0
570	23	Commercial and institutional building construction	47	236220	13	47013	Campbell County, Tennessee	yes	2.0	39.13932850672457	1340.377768901339
571	23	Commercial and institutional building construction	47	236220	17	47017	Carroll County, Tennessee	yes	1.0	18.5661180605976	661.9584789777085
572	23	Commercial and institutional building construction	47	236220	19	47019	Carter County, Tennessee	no	4.166666666666667	15.166666666666666	688.1666666666666
573	23	Commercial and institutional building construction	47	236220	21	47021	Cheatham County, Tennessee	no	4.5	19.75	713.0
574	23	Commercial and institutional building construction	47	236220	21	47021	Cheatham County, Tennessee	yes	3.5	74.86348837209303	1735.796976744186
575	23	Commercial and institutional building construction	47	236220	23	47023	Chester County, Tennessee	yes	2.0	37.1322361211952	1323.916957955417
576	23	Commercial and institutional building construction	47	236220	25	47025	Claiborne County, Tennessee	yes	1.3333333333333333	23.24452240479142	942.6321328092571
577	23	Commercial and institutional building construction	47	236220	27	47027	Clay County, Tennessee	yes	1.0	21.566162790697675	501.33732558139536
578	23	Commercial and institutional building construction	47	236220	31	47031	Coffee County, Tennessee	no	4.0	84.83333333333333	3194.8333333333335
579	23	Commercial and institutional building construction	47	236220	35	47035	Cumberland County, Tennessee	no	3.25	21.5	632.0
580	23	Commercial and institutional building construction	47	236220	35	47035	Cumberland County, Tennessee	yes	3.0	42.10563909774436	2526.062884483937
581	23	Commercial and institutional building construction	47	236220	37	47037	Davidson County, Tennessee	no	88.16666666666667	1834.3333333333333	156395.33333333334
582	23	Commercial and institutional building construction	47	236220	39	47039	Decatur County, Tennessee	yes	1.8333333333333333	33.74390278786187	1246.6552912887503
583	23	Commercial and institutional building construction	47	236220	43	47043	Dickson County, Tennessee	no	6.5	18.5	1558.1666666666667
584	23	Commercial and institutional building construction	47	236220	45	47045	Dyer County, Tennessee	yes	1.0	21.566162790697675	501.33732558139536
585	23	Commercial and institutional building construction	47	236220	47	47047	Fayette County, Tennessee	no	7.333333333333333	67.5	2609.0
586	23	Commercial and institutional building construction	47	236220	49	47049	Fentress County, Tennessee	yes	1.5	31.731162790697674	733.1223255813953
587	23	Commercial and institutional building construction	47	236220	51	47051	Franklin County, Tennessee	yes	3.1666666666666665	59.08668751512614	2063.137103599792
588	23	Commercial and institutional building construction	47	236220	53	47053	Gibson County, Tennessee	no	3.2	83.8	4398.4
589	23	Commercial and institutional building construction	47	236220	53	47053	Gibson County, Tennessee	yes	2.0	40.660000000000004	927.14
590	23	Commercial and institutional building construction	47	236220	55	47055	Giles County, Tennessee	yes	2.0	37.1322361211952	1323.916957955417
591	23	Commercial and institutional building construction	47	236220	57	47057	Grainger County, Tennessee	yes	1.0	18.5661180605976	661.9584789777085
592	23	Commercial and institutional building construction	47	236220	59	47059	Greene County, Tennessee	yes	1.5	29.143172324163498	906.3325875048403
593	23	Commercial and institutional building construction	47	236220	61	47061	Grundy County, Tennessee	yes	1.0	18.5661180605976	661.9584789777085
594	23	Commercial and institutional building construction	47	236220	63	47063	Hamblen County, Tennessee	no	8.5	97.66666666666667	3950.6666666666665
595	23	Commercial and institutional building construction	47	236220	65	47065	Hamilton County, Tennessee	no	48.166666666666664	522.5	69970.0
596	23	Commercial and institutional building construction	47	236220	69	47069	Hardeman County, Tennessee	yes	1.0	18.5661180605976	661.9584789777085
597	23	Commercial and institutional building construction	47	236220	71	47071	Hardin County, Tennessee	no	3.0	7.2	437.4
598	23	Commercial and institutional building construction	47	236220	71	47071	Hardin County, Tennessee	yes	2.0	40.660000000000004	927.14
599	23	Commercial and institutional building construction	47	236220	73	47073	Hawkins County, Tennessee	no	5.333333333333333	56.0	2701.3333333333335
600	23	Commercial and institutional building construction	47	236220	73	47073	Hawkins County, Tennessee	yes	4.666666666666667	64.52400894709892	3487.0021338781953
601	23	Commercial and institutional building construction	47	236220	75	47075	Haywood County, Tennessee	yes	1.8333333333333333	37.38448819110491	1106.8880040488498
602	23	Commercial and institutional building construction	47	236220	77	47077	Henderson County, Tennessee	no	3.0	23.0	972.0
603	23	Commercial and institutional building construction	47	236220	77	47077	Henderson County, Tennessee	yes	1.5	29.301167348799225	843.0213506224658
604	23	Commercial and institutional building construction	47	236220	79	47079	Henry County, Tennessee	no	4.0	6.0	494.0
605	23	Commercial and institutional building construction	47	236220	79	47079	Henry County, Tennessee	yes	2.0	39.13932850672457	1340.377768901339
606	23	Commercial and institutional building construction	47	236220	81	47081	Hickman County, Tennessee	yes	1.5	30.195767260872355	939.7755621883847
607	23	Commercial and institutional building construction	47	236220	83	47083	Houston County, Tennessee	yes	1.0	18.21334167271712	701.6361747732502
608	23	Commercial and institutional building construction	47	236220	85	47085	Humphreys County, Tennessee	yes	1.0	13.8729377206457	768.2827915340649
609	23	Commercial and institutional building construction	47	236220	89	47089	Jefferson County, Tennessee	yes	2.0	32.4390557812433	1430.2412705117733
610	23	Commercial and institutional building construction	47	236220	93	47093	Knox County, Tennessee	no	63.333333333333336	892.1666666666666	55892.333333333336
611	23	Commercial and institutional building construction	47	236220	99	47099	Lawrence County, Tennessee	no	6.666666666666667	171.0	6619.666666666667
612	23	Commercial and institutional building construction	47	236220	101	47101	Lewis County, Tennessee	yes	1.0	17.718876556438055	686.529244540692
613	23	Commercial and institutional building construction	47	236220	103	47103	Lincoln County, Tennessee	yes	2.0	37.1322361211952	1323.916957955417
614	23	Commercial and institutional building construction	47	236220	105	47105	Loudon County, Tennessee	no	6.333333333333333	57.0	1729.1666666666667
615	23	Commercial and institutional building construction	47	236220	107	47107	McMinn County, Tennessee	no	5.0	72.16666666666667	4593.833333333333
616	23	Commercial and institutional building construction	47	236220	109	47109	McNairy County, Tennessee	no	4.0	13.333333333333334	1009.3333333333334
617	23	Commercial and institutional building construction	47	236220	111	47111	Macon County, Tennessee	yes	1.0	18.5661180605976	661.9584789777085
618	23	Commercial and institutional building construction	47	236220	113	47113	Madison County, Tennessee	no	16.833333333333332	226.83333333333334	14883.833333333334
619	23	Commercial and institutional building construction	47	236220	115	47115	Marion County, Tennessee	yes	1.0	18.5661180605976	661.9584789777085
620	23	Commercial and institutional building construction	47	236220	117	47117	Marshall County, Tennessee	yes	1.0	23.2592984005495	555.6341664213522
621	23	Commercial and institutional building construction	47	236220	119	47119	Maury County, Tennessee	no	4.0	4.0	568.6666666666666
622	23	Commercial and institutional building construction	47	236220	119	47119	Maury County, Tennessee	yes	3.0	50.87275164655825	2223.146574152082
623	23	Commercial and institutional building construction	47	236220	123	47123	Monroe County, Tennessee	yes	2.1666666666666665	40.520569454528534	1401.1786246220836
624	23	Commercial and institutional building construction	47	236220	125	47125	Montgomery County, Tennessee	no	12.0	59.666666666666664	2631.1666666666665
625	23	Commercial and institutional building construction	47	236220	131	47131	Obion County, Tennessee	no	3.5	79.66666666666667	3020.1666666666665
626	23	Commercial and institutional building construction	47	236220	133	47133	Overton County, Tennessee	yes	1.3333333333333333	23.24452240479142	942.6321328092571
627	23	Commercial and institutional building construction	47	236220	137	47137	Pickett County, Tennessee	yes	1.5	25.50258692092045	1046.0998747447409
628	23	Commercial and institutional building construction	47	236220	139	47139	Polk County, Tennessee	yes	1.0	18.5661180605976	661.9584789777085
629	23	Commercial and institutional building construction	47	236220	141	47141	Putnam County, Tennessee	yes	3.0	59.33893958503586	1846.108149693225
630	23	Commercial and institutional building construction	47	236220	143	47143	Rhea County, Tennessee	no	3.5	53.0	3651.0
631	23	Commercial and institutional building construction	47	236220	143	47143	Rhea County, Tennessee	yes	2.5	54.53348837209302	1272.226976744186
632	23	Commercial and institutional building construction	47	236220	145	47145	Roane County, Tennessee	yes	1.5	24.083702211838293	1163.279536423188
633	23	Commercial and institutional building construction	47	236220	147	47147	Robertson County, Tennessee	no	4.75	40.0	1903.25
634	23	Commercial and institutional building construction	47	236220	147	47147	Robertson County, Tennessee	yes	4.5	97.66581395348837	2274.9016279069765
635	23	Commercial and institutional building construction	47	236220	149	47149	Rutherford County, Tennessee	no	14.666666666666666	51.0	3807.8333333333335
636	23	Commercial and institutional building construction	47	236220	151	47151	Scott County, Tennessee	no	4.333333333333333	8.0	621.5
637	23	Commercial and institutional building construction	47	236220	153	47153	Sequatchie County, Tennessee	yes	1.0	21.566162790697675	501.33732558139536
638	23	Commercial and institutional building construction	47	236220	155	47155	Sevier County, Tennessee	no	13.333333333333334	100.16666666666667	4721.166666666667
639	23	Commercial and institutional building construction	47	236220	157	47157	Shelby County, Tennessee	no	84.83333333333333	1252.6666666666667	84174.33333333333
640	23	Commercial and institutional building construction	47	236220	159	47159	Smith County, Tennessee	yes	1.0	23.2592984005495	555.6341664213522
641	23	Commercial and institutional building construction	47	236220	161	47161	Stewart County, Tennessee	yes	2.0	35.58991304042501	1337.5339246971023
642	23	Commercial and institutional building construction	47	236220	163	47163	Sullivan County, Tennessee	no	12.666666666666666	278.0	16156.0
643	23	Commercial and institutional building construction	47	236220	163	47163	Sullivan County, Tennessee	yes	10.333333333333334	241.47484054557944	5777.750946913943
644	23	Commercial and institutional building construction	47	236220	165	47165	Sumner County, Tennessee	no	11.333333333333334	125.16666666666667	8025.833333333333
645	23	Commercial and institutional building construction	47	236220	167	47167	Tipton County, Tennessee	yes	3.8333333333333335	73.38645549509582	2457.0110372730837
646	23	Commercial and institutional building construction	47	236220	169	47169	Trousdale County, Tennessee	no	3.0	17.5	539.8333333333334
647	23	Commercial and institutional building construction	47	236220	173	47173	Union County, Tennessee	yes	1.0	14.035213032581453	842.0209614946457
648	23	Commercial and institutional building construction	47	236220	175	47175	Van Buren County, Tennessee	yes	1.0	18.5661180605976	661.9584789777085
649	23	Commercial and institutional building construction	47	236220	177	47177	Warren County, Tennessee	yes	2.0	37.1322361211952	1323.916957955417
650	23	Commercial and institutional building construction	47	236220	179	47179	Washington County, Tennessee	no	17.833333333333332	211.16666666666666	9191.666666666666
651	23	Commercial and institutional building construction	47	236220	181	47181	Wayne County, Tennessee	yes	1.5	27.114584874804404	1063.5276306044075
652	23	Commercial and institutional building construction	47	236220	183	47183	Weakley County, Tennessee	no	3.0	9.5	340.75
653	23	Commercial and institutional building construction	47	236220	183	47183	Weakley County, Tennessee	yes	2.0	28.070426065162906	1684.0419229892914
654	23	Commercial and institutional building construction	47	236220	185	47185	White County, Tennessee	no	3.0	25.0	584.0
655	23	Commercial and institutional building construction	47	236220	185	47185	White County, Tennessee	yes	2.0	36.42668334543424	1403.2723495465004
656	23	Commercial and institutional building construction	47	236220	187	47187	Williamson County, Tennessee	no	41.833333333333336	912.0	67729.33333333333
657	23	Commercial and institutional building construction	47	236220	189	47189	Wilson County, Tennessee	no	11.8	99.0	5460.4
658	23	Commercial and institutional building construction	47	236220	189	47189	Wilson County, Tennessee	yes	12.0	243.95999999999998	5562.84
659	23	Drywall and insulation contractors	47	238310	1	47001	Anderson County, Tennessee	yes	1.3333333333333333	11.355964568030155	362.5346918320983
660	23	Drywall and insulation contractors	47	238310	3	47003	Bedford County, Tennessee	yes	1.3333333333333333	11.981883001134337	396.38459595959597
661	23	Drywall and insulation contractors	47	238310	9	47009	Blount County, Tennessee	no	6.0	56.333333333333336	2005.6666666666667
662	23	Drywall and insulation contractors	47	238310	11	47011	Bradley County, Tennessee	no	5.0	0.0	1064.0
663	23	Drywall and insulation contractors	47	238310	11	47011	Bradley County, Tennessee	yes	2.8	23.469117547915353	780.7923168392788
664	23	Drywall and insulation contractors	47	238310	13	47013	Campbell County, Tennessee	yes	1.0	8.166165610472449	273.4465061780898
665	23	Drywall and insulation contractors	47	238310	19	47019	Carter County, Tennessee	yes	1.0	8.166165610472449	273.4465061780898
666	23	Drywall and insulation contractors	47	238310	21	47021	Cheatham County, Tennessee	no	4.0	11.0	1624.0
667	23	Drywall and insulation contractors	47	238310	21	47021	Cheatham County, Tennessee	yes	3.25	25.45871891348113	776.0317709288814
668	23	Drywall and insulation contractors	47	238310	23	47023	Chester County, Tennessee	yes	1.25	9.315999254734432	324.3309590469916
669	23	Drywall and insulation contractors	47	238310	25	47025	Claiborne County, Tennessee	yes	1.6666666666666667	14.174577810428564	435.7636773393446
670	23	Drywall and insulation contractors	47	238310	29	47029	Cocke County, Tennessee	yes	1.3333333333333333	10.984778852870859	346.6754916853362
671	23	Drywall and insulation contractors	47	238310	31	47031	Coffee County, Tennessee	no	3.0	0.0	147.0
672	23	Drywall and insulation contractors	47	238310	31	47031	Coffee County, Tennessee	yes	2.75	23.108554349196062	767.738005050505
673	23	Drywall and insulation contractors	47	238310	35	47035	Cumberland County, Tennessee	no	3.0	0.0	61.0
674	23	Drywall and insulation contractors	47	238310	35	47035	Cumberland County, Tennessee	yes	1.6	12.409667664453275	418.440857251658
675	23	Drywall and insulation contractors	47	238310	37	47037	Davidson County, Tennessee	no	39.0	429.1666666666667	19897.166666666668
676	23	Drywall and insulation contractors	47	238310	43	47043	Dickson County, Tennessee	yes	2.0	16.332331220944898	546.8930123561796
677	23	Drywall and insulation contractors	47	238310	45	47045	Dyer County, Tennessee	no	4.833333333333333	26.0	683.1666666666666
678	23	Drywall and insulation contractors	47	238310	47	47047	Fayette County, Tennessee	yes	1.6666666666666667	14.174577810428564	435.7636773393446
679	23	Drywall and insulation contractors	47	238310	49	47049	Fentress County, Tennessee	yes	1.0	8.166165610472449	273.4465061780898
680	23	Drywall and insulation contractors	47	238310	51	47051	Franklin County, Tennessee	yes	1.3333333333333333	10.984778852870859	346.6754916853362
681	23	Drywall and insulation contractors	47	238310	53	47053	Gibson County, Tennessee	no	3.0	26.0	772.0
682	23	Drywall and insulation contractors	47	238310	53	47053	Gibson County, Tennessee	yes	2.5	19.78765490052194	591.5681801504311
683	23	Drywall and insulation contractors	47	238310	55	47055	Giles County, Tennessee	yes	1.0	8.166165610472449	273.4465061780898
684	23	Drywall and insulation contractors	47	238310	59	47059	Greene County, Tennessee	yes	1.0	8.466942148760332	346.37689393939394
685	23	Drywall and insulation contractors	47	238310	65	47065	Hamilton County, Tennessee	no	13.5	147.66666666666666	6788.333333333333
686	23	Drywall and insulation contractors	47	238310	69	47069	Hardeman County, Tennessee	yes	2.6666666666666665	21.976959320118453	777.8109416491088
687	23	Drywall and insulation contractors	47	238310	71	47071	Hardin County, Tennessee	yes	1.0	8.166165610472449	273.4465061780898
688	23	Drywall and insulation contractors	47	238310	73	47073	Hawkins County, Tennessee	yes	1.0	8.166165610472449	273.4465061780898
689	23	Drywall and insulation contractors	47	238310	77	47077	Henderson County, Tennessee	yes	1.0	8.166165610472449	273.4465061780898
690	23	Drywall and insulation contractors	47	238310	79	47079	Henry County, Tennessee	yes	1.6666666666666667	14.485423433728656	388.35898000366905
691	23	Drywall and insulation contractors	47	238310	81	47081	Hickman County, Tennessee	yes	1.0	5.518518518518518	222.2222222222222
692	23	Drywall and insulation contractors	47	238310	85	47085	Humphreys County, Tennessee	yes	1.0	9.632911392405063	286.3291139240506
693	23	Drywall and insulation contractors	47	238310	87	47087	Jackson County, Tennessee	yes	1.0	8.166165610472449	273.4465061780898
694	23	Drywall and insulation contractors	47	238310	89	47089	Jefferson County, Tennessee	yes	1.3333333333333333	10.988479660059227	388.9054708245544
695	23	Drywall and insulation contractors	47	238310	93	47093	Knox County, Tennessee	no	25.166666666666668	444.0	19114.666666666668
696	23	Drywall and insulation contractors	47	238310	99	47099	Lawrence County, Tennessee	yes	1.0	8.166165610472449	273.4465061780898
697	23	Drywall and insulation contractors	47	238310	103	47103	Lincoln County, Tennessee	yes	1.5	11.925703445867924	390.06738104304833
698	23	Drywall and insulation contractors	47	238310	105	47105	Loudon County, Tennessee	yes	1.8333333333333333	14.748017495454704	505.52634568951294
699	23	Drywall and insulation contractors	47	238310	107	47107	McMinn County, Tennessee	yes	1.0	8.848196948931838	241.90100898917626
700	23	Drywall and insulation contractors	47	238310	111	47111	Macon County, Tennessee	yes	1.0	8.015777341328508	236.98131229743774
701	23	Drywall and insulation contractors	47	238310	113	47113	Madison County, Tennessee	no	8.0	39.666666666666664	914.1666666666666
702	23	Drywall and insulation contractors	47	238310	115	47115	Marion County, Tennessee	yes	1.1666666666666667	9.77165084253996	321.1680251654316
703	23	Drywall and insulation contractors	47	238310	117	47117	Marshall County, Tennessee	yes	1.0	8.519354246927168	238.75151348376443
704	23	Drywall and insulation contractors	47	238310	119	47119	Maury County, Tennessee	yes	2.0	16.332331220944898	546.8930123561796
705	23	Drywall and insulation contractors	47	238310	125	47125	Montgomery County, Tennessee	no	6.666666666666667	40.0	1282.8333333333333
706	23	Drywall and insulation contractors	47	238310	131	47131	Obion County, Tennessee	yes	1.0	8.455839727195226	219.68695652173912
707	23	Drywall and insulation contractors	47	238310	137	47137	Pickett County, Tennessee	yes	1.0	8.166165610472449	273.4465061780898
708	23	Drywall and insulation contractors	47	238310	139	47139	Polk County, Tennessee	yes	1.2	9.001925965682407	322.94025185815224
709	23	Drywall and insulation contractors	47	238310	141	47141	Putnam County, Tennessee	no	3.0	21.0	545.0
710	23	Drywall and insulation contractors	47	238310	141	47141	Putnam County, Tennessee	yes	2.0	17.391390057726472	567.3827259385266
711	23	Drywall and insulation contractors	47	238310	143	47143	Rhea County, Tennessee	yes	1.0	8.848196948931838	241.90100898917626
712	23	Drywall and insulation contractors	47	238310	147	47147	Robertson County, Tennessee	no	4.5	34.5	2131.1666666666665
713	23	Drywall and insulation contractors	47	238310	149	47149	Rutherford County, Tennessee	no	10.2	103.2	5880.6
714	23	Drywall and insulation contractors	47	238310	149	47149	Rutherford County, Tennessee	yes	10.0	96.32911392405065	2863.2911392405067
715	23	Drywall and insulation contractors	47	238310	155	47155	Sevier County, Tennessee	yes	2.0	16.332331220944898	546.8930123561796
716	23	Drywall and insulation contractors	47	238310	157	47157	Shelby County, Tennessee	no	29.833333333333332	477.8333333333333	23595.5
717	23	Drywall and insulation contractors	47	238310	159	47159	Smith County, Tennessee	yes	1.0	7.484134272013061	304.9920033670034
718	23	Drywall and insulation contractors	47	238310	163	47163	Sullivan County, Tennessee	no	4.833333333333333	60.166666666666664	1737.8333333333333
719	23	Drywall and insulation contractors	47	238310	165	47165	Sumner County, Tennessee	no	10.2	137.0	6203.2
720	23	Drywall and insulation contractors	47	238310	165	47165	Sumner County, Tennessee	yes	11.0	104.56470588235295	2730.2000000000003
721	23	Drywall and insulation contractors	47	238310	167	47167	Tipton County, Tennessee	yes	1.0	8.848196948931838	241.90100898917626
722	23	Drywall and insulation contractors	47	238310	171	47171	Unicoi County, Tennessee	yes	1.0	8.166165610472449	273.4465061780898
723	23	Drywall and insulation contractors	47	238310	173	47173	Union County, Tennessee	yes	1.0	7.484134272013061	304.9920033670034
724	23	Drywall and insulation contractors	47	238310	177	47177	Warren County, Tennessee	yes	1.0	8.015777341328508	236.98131229743774
725	23	Drywall and insulation contractors	47	238310	179	47179	Washington County, Tennessee	no	8.5	71.0	2647.8333333333335
726	23	Drywall and insulation contractors	47	238310	181	47181	Wayne County, Tennessee	yes	1.0	7.405797101449275	191.17391304347825
727	23	Drywall and insulation contractors	47	238310	183	47183	Weakley County, Tennessee	yes	1.6666666666666667	13.128762371186616	535.9099326599327
728	23	Drywall and insulation contractors	47	238310	185	47185	White County, Tennessee	yes	1.1666666666666667	9.750479335962646	314.8131728447565
729	23	Drywall and insulation contractors	47	238310	187	47187	Williamson County, Tennessee	no	6.666666666666667	81.33333333333333	3144.6666666666665
730	23	Drywall and insulation contractors	47	238310	187	47187	Williamson County, Tennessee	yes	6.666666666666667	59.46877960870645	1629.5824252430746
731	23	Drywall and insulation contractors	47	238310	189	47189	Wilson County, Tennessee	no	4.666666666666667	34.666666666666664	1263.3333333333333
732	23	Drywall and insulation contractors	47	238310	189	47189	Wilson County, Tennessee	yes	5.0	43.54095632749522	1190.4963492937075
733	23	Electrical contractors and other wiring installation contractors	47	238210	1	47001	Anderson County, Tennessee	no	7.0	224.0	14407.0
734	23	Electrical contractors and other wiring installation contractors	47	238210	1	47001	Anderson County, Tennessee	yes	7.25	86.71434376107987	3514.9121640315357
735	23	Electrical contractors and other wiring installation contractors	47	238210	3	47003	Bedford County, Tennessee	no	7.666666666666667	47.166666666666664	1610.6666666666667
736	23	Electrical contractors and other wiring installation contractors	47	238210	5	47005	Benton County, Tennessee	yes	1.6666666666666667	18.98046888070412	827.3220382917161
737	23	Electrical contractors and other wiring installation contractors	47	238210	7	47007	Bledsoe County, Tennessee	no	3.5	6.0	280.0
738	23	Electrical contractors and other wiring installation contractors	47	238210	7	47007	Bledsoe County, Tennessee	yes	2.0	22.46530244556543	973.4727908533152
739	23	Electrical contractors and other wiring installation contractors	47	238210	9	47009	Blount County, Tennessee	no	19.0	254.0	11031.5
740	23	Electrical contractors and other wiring installation contractors	47	238210	11	47011	Bradley County, Tennessee	no	13.5	147.16666666666666	8475.666666666666
741	23	Electrical contractors and other wiring installation contractors	47	238210	13	47013	Campbell County, Tennessee	no	3.0	2.0	28.0
742	23	Electrical contractors and other wiring installation contractors	47	238210	13	47013	Campbell County, Tennessee	yes	1.25	13.214013636735	577.5976235493781
743	23	Electrical contractors and other wiring installation contractors	47	238210	15	47015	Cannon County, Tennessee	no	6.5	23.0	1061.5
744	23	Electrical contractors and other wiring installation contractors	47	238210	15	47015	Cannon County, Tennessee	yes	4.0	47.4281821230924	1701.329909441556
745	23	Electrical contractors and other wiring installation contractors	47	238210	17	47017	Carroll County, Tennessee	no	4.166666666666667	19.0	829.1666666666666
746	23	Electrical contractors and other wiring installation contractors	47	238210	19	47019	Carter County, Tennessee	no	11.0	80.33333333333333	2650.1666666666665
747	23	Electrical contractors and other wiring installation contractors	47	238210	21	47021	Cheatham County, Tennessee	no	14.166666666666666	61.666666666666664	3057.0
748	23	Electrical contractors and other wiring installation contractors	47	238210	23	47023	Chester County, Tennessee	yes	1.0	11.347894132981795	509.4640266325348
749	23	Electrical contractors and other wiring installation contractors	47	238210	25	47025	Claiborne County, Tennessee	yes	1.1666666666666667	12.875984020622242	558.1213300033214
750	23	Electrical contractors and other wiring installation contractors	47	238210	27	47027	Clay County, Tennessee	yes	1.6666666666666667	17.768071082649392	816.9344156837454
751	23	Electrical contractors and other wiring installation contractors	47	238210	29	47029	Cocke County, Tennessee	no	4.0	11.0	281.0
752	23	Electrical contractors and other wiring installation contractors	47	238210	29	47029	Cocke County, Tennessee	yes	2.4	30.254609661287482	1374.274378913425
753	23	Electrical contractors and other wiring installation contractors	47	238210	31	47031	Coffee County, Tennessee	no	11.0	47.666666666666664	1646.5
754	23	Electrical contractors and other wiring installation contractors	47	238210	33	47033	Crockett County, Tennessee	yes	1.0	11.347894132981795	509.4640266325348
755	23	Electrical contractors and other wiring installation contractors	47	238210	35	47035	Cumberland County, Tennessee	no	8.666666666666666	88.66666666666667	3392.5
756	23	Electrical contractors and other wiring installation contractors	47	238210	37	47037	Davidson County, Tennessee	no	143.66666666666666	3733.3333333333335	206824.83333333334
757	23	Electrical contractors and other wiring installation contractors	47	238210	39	47039	Decatur County, Tennessee	yes	1.0	12.63234658599827	499.26998703543654
758	23	Electrical contractors and other wiring installation contractors	47	238210	41	47041	DeKalb County, Tennessee	yes	1.6666666666666667	18.98046888070412	827.3220382917161
759	23	Electrical contractors and other wiring installation contractors	47	238210	43	47043	Dickson County, Tennessee	no	14.5	78.33333333333333	5094.5
760	23	Electrical contractors and other wiring installation contractors	47	238210	45	47045	Dyer County, Tennessee	no	6.0	44.25	2047.75
761	23	Electrical contractors and other wiring installation contractors	47	238210	45	47045	Dyer County, Tennessee	yes	6.0	86.07290470723306	3434.654994259472
762	23	Electrical contractors and other wiring installation contractors	47	238210	47	47047	Fayette County, Tennessee	no	11.333333333333334	69.66666666666667	2807.8333333333335
763	23	Electrical contractors and other wiring installation contractors	47	238210	49	47049	Fentress County, Tennessee	yes	1.1666666666666667	12.875984020622242	558.1213300033214
764	23	Electrical contractors and other wiring installation contractors	47	238210	51	47051	Franklin County, Tennessee	yes	1.6666666666666667	18.92267350270125	886.0431379539846
765	23	Electrical contractors and other wiring installation contractors	47	238210	53	47053	Gibson County, Tennessee	no	8.666666666666666	45.666666666666664	1850.0
766	23	Electrical contractors and other wiring installation contractors	47	238210	55	47055	Giles County, Tennessee	yes	1.5	16.581550950167838	703.939041459826
767	23	Electrical contractors and other wiring installation contractors	47	238210	57	47057	Grainger County, Tennessee	yes	2.0	14.121212121212121	806.4848484848485
768	23	Electrical contractors and other wiring installation contractors	47	238210	59	47059	Greene County, Tennessee	yes	5.833333333333333	68.06519954117495	3058.685811358377
769	23	Electrical contractors and other wiring installation contractors	47	238210	61	47061	Grundy County, Tennessee	yes	1.0	11.448862121583486	476.78701748877205
770	23	Electrical contractors and other wiring installation contractors	47	238210	63	47063	Hamblen County, Tennessee	no	7.5	82.83333333333333	2533.1666666666665
771	23	Electrical contractors and other wiring installation contractors	47	238210	65	47065	Hamilton County, Tennessee	no	59.833333333333336	1389.8333333333333	82314.33333333333
772	23	Electrical contractors and other wiring installation contractors	47	238210	69	47069	Hardeman County, Tennessee	no	3.75	17.75	532.0
773	23	Electrical contractors and other wiring installation contractors	47	238210	69	47069	Hardeman County, Tennessee	yes	3.5	51.08452927669346	2070.6255740528127
774	23	Electrical contractors and other wiring installation contractors	47	238210	71	47071	Hardin County, Tennessee	no	4.4	16.8	655.2
775	23	Electrical contractors and other wiring installation contractors	47	238210	71	47071	Hardin County, Tennessee	yes	3.0	27.50561797752809	875.8314606741573
776	23	Electrical contractors and other wiring installation contractors	47	238210	73	47073	Hawkins County, Tennessee	no	3.0	2.5	59.666666666666664
777	23	Electrical contractors and other wiring installation contractors	47	238210	75	47075	Haywood County, Tennessee	yes	2.0	22.69578826596359	1018.9280532650696
778	23	Electrical contractors and other wiring installation contractors	47	238210	77	47077	Henderson County, Tennessee	no	3.25	4.5	223.0
779	23	Electrical contractors and other wiring installation contractors	47	238210	77	47077	Henderson County, Tennessee	yes	2.0	22.638688579574037	797.3094918665101
780	23	Electrical contractors and other wiring installation contractors	47	238210	79	47079	Henry County, Tennessee	no	6.0	221.4	10621.0
781	23	Electrical contractors and other wiring installation contractors	47	238210	79	47079	Henry County, Tennessee	yes	6.0	55.01123595505618	1751.6629213483145
782	23	Electrical contractors and other wiring installation contractors	47	238210	83	47083	Houston County, Tennessee	yes	1.0	11.347894132981795	509.4640266325348
783	23	Electrical contractors and other wiring installation contractors	47	238210	85	47085	Humphreys County, Tennessee	no	3.0	32.0	1475.0
784	23	Electrical contractors and other wiring installation contractors	47	238210	85	47085	Humphreys County, Tennessee	yes	3.0	33.95803286936106	1195.9642377997652
785	23	Electrical contractors and other wiring installation contractors	47	238210	87	47087	Jackson County, Tennessee	no	3.3333333333333335	6.5	275.0
786	23	Electrical contractors and other wiring installation contractors	47	238210	89	47089	Jefferson County, Tennessee	yes	2.3333333333333335	26.46890302922593	1151.8129685761548
787	23	Electrical contractors and other wiring installation contractors	47	238210	93	47093	Knox County, Tennessee	no	82.0	1618.5	71657.5
788	23	Electrical contractors and other wiring installation contractors	47	238210	97	47097	Lauderdale County, Tennessee	yes	1.0	11.347894132981795	509.4640266325348
789	23	Electrical contractors and other wiring installation contractors	47	238210	99	47099	Lawrence County, Tennessee	yes	2.1666666666666665	24.223878153604037	1067.5853566358562
790	23	Electrical contractors and other wiring installation contractors	47	238210	101	47101	Lewis County, Tennessee	yes	1.0	11.448862121583486	476.78701748877205
791	23	Electrical contractors and other wiring installation contractors	47	238210	103	47103	Lincoln County, Tennessee	no	3.5	10.833333333333334	461.1666666666667
792	23	Electrical contractors and other wiring installation contractors	47	238210	105	47105	Loudon County, Tennessee	no	7.333333333333333	51.666666666666664	2294.3333333333335
793	23	Electrical contractors and other wiring installation contractors	47	238210	107	47107	McMinn County, Tennessee	yes	1.0	11.319344289787018	398.65474593325507
794	23	Electrical contractors and other wiring installation contractors	47	238210	109	47109	McNairy County, Tennessee	no	3.0	0.0	73.0
795	23	Electrical contractors and other wiring installation contractors	47	238210	109	47109	McNairy County, Tennessee	yes	2.0	23.56753018881923	1105.9361358281958
796	23	Electrical contractors and other wiring installation contractors	47	238210	111	47111	Macon County, Tennessee	yes	2.0	21.627531067109377	1001.907512031842
797	23	Electrical contractors and other wiring installation contractors	47	238210	113	47113	Madison County, Tennessee	no	18.333333333333332	293.1666666666667	14681.0
798	23	Electrical contractors and other wiring installation contractors	47	238210	115	47115	Marion County, Tennessee	no	4.0	36.0	1718.3333333333333
799	23	Electrical contractors and other wiring installation contractors	47	238210	115	47115	Marion County, Tennessee	yes	3.6666666666666665	48.590276792356285	1907.8929208753125
800	23	Electrical contractors and other wiring installation contractors	47	238210	117	47117	Marshall County, Tennessee	no	4.6	17.6	622.4
801	23	Electrical contractors and other wiring installation contractors	47	238210	117	47117	Marshall County, Tennessee	yes	3.0	40.41044776119403	1516.097014925373
802	23	Electrical contractors and other wiring installation contractors	47	238210	119	47119	Maury County, Tennessee	no	7.6	24.4	1273.6
803	23	Electrical contractors and other wiring installation contractors	47	238210	119	47119	Maury County, Tennessee	yes	7.0	94.2910447761194	3537.559701492537
804	23	Electrical contractors and other wiring installation contractors	47	238210	121	47121	Meigs County, Tennessee	yes	1.0	11.347894132981795	509.4640266325348
805	23	Electrical contractors and other wiring installation contractors	47	238210	123	47123	Monroe County, Tennessee	no	3.8	10.8	382.6
806	23	Electrical contractors and other wiring installation contractors	47	238210	123	47123	Monroe County, Tennessee	yes	3.0	27.50561797752809	875.8314606741573
807	23	Electrical contractors and other wiring installation contractors	47	238210	125	47125	Montgomery County, Tennessee	no	27.666666666666668	122.66666666666667	5558.666666666667
808	23	Electrical contractors and other wiring installation contractors	47	238210	129	47129	Morgan County, Tennessee	no	4.0	0.0	365.0
809	23	Electrical contractors and other wiring installation contractors	47	238210	129	47129	Morgan County, Tennessee	yes	3.6	37.06523104547473	1720.688506385942
810	23	Electrical contractors and other wiring installation contractors	47	238210	131	47131	Obion County, Tennessee	no	6.333333333333333	68.0	3674.3333333333335
811	23	Electrical contractors and other wiring installation contractors	47	238210	133	47133	Overton County, Tennessee	yes	1.0	11.783765094409615	552.9680679140979
812	23	Electrical contractors and other wiring installation contractors	47	238210	135	47135	Perry County, Tennessee	yes	1.1666666666666667	12.875984020622242	558.1213300033214
813	23	Electrical contractors and other wiring installation contractors	47	238210	137	47137	Pickett County, Tennessee	yes	1.6666666666666667	18.485006070630835	852.5047242532575
814	23	Electrical contractors and other wiring installation contractors	47	238210	139	47139	Polk County, Tennessee	no	3.0	0.0	282.0
815	23	Electrical contractors and other wiring installation contractors	47	238210	139	47139	Polk County, Tennessee	yes	2.0	21.846886217663773	1020.5673952613672
816	23	Electrical contractors and other wiring installation contractors	47	238210	141	47141	Putnam County, Tennessee	no	7.5	142.33333333333334	5506.166666666667
817	23	Electrical contractors and other wiring installation contractors	47	238210	143	47143	Rhea County, Tennessee	no	3.0	7.5	371.6666666666667
818	23	Electrical contractors and other wiring installation contractors	47	238210	145	47145	Roane County, Tennessee	no	3.5	12.0	771.5
819	23	Electrical contractors and other wiring installation contractors	47	238210	145	47145	Roane County, Tennessee	yes	3.0	38.89366455858151	1771.198436496049
820	23	Electrical contractors and other wiring installation contractors	47	238210	147	47147	Robertson County, Tennessee	no	14.166666666666666	114.16666666666667	5151.5
821	23	Electrical contractors and other wiring installation contractors	47	238210	149	47149	Rutherford County, Tennessee	no	57.833333333333336	480.6666666666667	22962.333333333332
822	23	Electrical contractors and other wiring installation contractors	47	238210	151	47151	Scott County, Tennessee	no	3.3333333333333335	14.333333333333334	466.6666666666667
823	23	Electrical contractors and other wiring installation contractors	47	238210	151	47151	Scott County, Tennessee	yes	4.0	52.52179143177801	2072.2843550183397
824	23	Electrical contractors and other wiring installation contractors	47	238210	155	47155	Sevier County, Tennessee	no	11.166666666666666	25.0	984.8333333333334
825	23	Electrical contractors and other wiring installation contractors	47	238210	157	47157	Shelby County, Tennessee	no	155.16666666666666	2718.8333333333335	141306.83333333334
826	23	Electrical contractors and other wiring installation contractors	47	238210	159	47159	Smith County, Tennessee	no	6.833333333333333	19.166666666666668	836.8333333333334
827	23	Electrical contractors and other wiring installation contractors	47	238210	161	47161	Stewart County, Tennessee	no	3.0	3.0	358.3333333333333
828	23	Electrical contractors and other wiring installation contractors	47	238210	161	47161	Stewart County, Tennessee	yes	2.0	19.568348248108588	1035.2523427216966
829	23	Electrical contractors and other wiring installation contractors	47	238210	163	47163	Sullivan County, Tennessee	no	26.0	1065.0	50536.25
830	23	Electrical contractors and other wiring installation contractors	47	238210	163	47163	Sullivan County, Tennessee	yes	25.5	375.0008610792193	15301.590413318025
831	23	Electrical contractors and other wiring installation contractors	47	238210	165	47165	Sumner County, Tennessee	no	37.333333333333336	335.8333333333333	20598.5
832	23	Electrical contractors and other wiring installation contractors	47	238210	167	47167	Tipton County, Tennessee	no	4.333333333333333	8.0	408.8333333333333
833	23	Electrical contractors and other wiring installation contractors	47	238210	169	47169	Trousdale County, Tennessee	yes	1.0	11.783765094409615	552.9680679140979
834	23	Electrical contractors and other wiring installation contractors	47	238210	171	47171	Unicoi County, Tennessee	no	4.5	26.833333333333332	1007.3333333333334
835	23	Electrical contractors and other wiring installation contractors	47	238210	173	47173	Union County, Tennessee	yes	2.0	23.7640454648178	1035.9485944982973
836	23	Electrical contractors and other wiring installation contractors	47	238210	177	47177	Warren County, Tennessee	yes	2.1666666666666665	23.872555942731267	1086.1351239721405
837	23	Electrical contractors and other wiring installation contractors	47	238210	179	47179	Washington County, Tennessee	no	20.5	208.83333333333334	7838.833333333333
838	23	Electrical contractors and other wiring installation contractors	47	238210	181	47181	Wayne County, Tennessee	no	3.0	13.0	655.0
839	23	Electrical contractors and other wiring installation contractors	47	238210	181	47181	Wayne County, Tennessee	yes	1.5	15.506148468195676	650.5835786055579
840	23	Electrical contractors and other wiring installation contractors	47	238210	183	47183	Weakley County, Tennessee	no	3.0	7.0	185.0
841	23	Electrical contractors and other wiring installation contractors	47	238210	183	47183	Weakley County, Tennessee	yes	1.8	20.01317835249523	962.1786312164234
842	23	Electrical contractors and other wiring installation contractors	47	238210	185	47185	White County, Tennessee	no	3.0	1.0	55.0
843	23	Electrical contractors and other wiring installation contractors	47	238210	185	47185	White County, Tennessee	yes	2.2	26.61379223900938	1255.214868947735
844	23	Electrical contractors and other wiring installation contractors	47	238210	187	47187	Williamson County, Tennessee	no	39.666666666666664	313.1666666666667	14501.333333333334
845	23	Electrical contractors and other wiring installation contractors	47	238210	189	47189	Wilson County, Tennessee	no	25.333333333333332	171.5	7719.5
846	23	Finish carpentry contractors	47	238350	1	47001	Anderson County, Tennessee	yes	2.0	12.929904149538748	352.7713235620035
847	23	Finish carpentry contractors	47	238350	3	47003	Bedford County, Tennessee	no	3.75	3.25	288.75
848	23	Finish carpentry contractors	47	238350	3	47003	Bedford County, Tennessee	yes	3.0	22.3963768115942	695.8199275362318
849	23	Finish carpentry contractors	47	238350	5	47005	Benton County, Tennessee	yes	2.0	12.929904149538748	352.7713235620035
850	23	Finish carpentry contractors	47	238350	9	47009	Blount County, Tennessee	no	3.6666666666666665	9.333333333333334	319.5
851	23	Finish carpentry contractors	47	238350	11	47011	Bradley County, Tennessee	no	5.25	10.75	206.0
852	23	Finish carpentry contractors	47	238350	11	47011	Bradley County, Tennessee	yes	4.0	29.005072463768116	941.7221014492752
853	23	Finish carpentry contractors	47	238350	13	47013	Campbell County, Tennessee	yes	2.1666666666666665	14.316941186575784	389.1009531916331
854	23	Finish carpentry contractors	47	238350	15	47015	Cannon County, Tennessee	yes	1.0	6.86817086577725	170.09253252657507
855	23	Finish carpentry contractors	47	238350	17	47017	Carroll County, Tennessee	yes	1.0	6.439789223265171	177.0736315603915
856	23	Finish carpentry contractors	47	238350	19	47019	Carter County, Tennessee	yes	1.8333333333333333	11.373085967720565	335.69556598624587
857	23	Finish carpentry contractors	47	238350	21	47021	Cheatham County, Tennessee	no	4.666666666666667	24.0	824.6666666666666
858	23	Finish carpentry contractors	47	238350	21	47021	Cheatham County, Tennessee	yes	2.0	16.181217976870155	377.5563314302445
859	23	Finish carpentry contractors	47	238350	23	47023	Chester County, Tennessee	yes	1.25	8.422123407992974	207.60445761967503
860	23	Finish carpentry contractors	47	238350	25	47025	Claiborne County, Tennessee	yes	1.0	4.904776074988841	179.96890343698854
861	23	Finish carpentry contractors	47	238350	31	47031	Coffee County, Tennessee	yes	2.1666666666666665	14.031353424901068	393.75501921417737
862	23	Finish carpentry contractors	47	238350	35	47035	Cumberland County, Tennessee	no	7.0	13.833333333333334	425.1666666666667
863	23	Finish carpentry contractors	47	238350	37	47037	Davidson County, Tennessee	no	21.5	159.0	8370.833333333334
864	23	Finish carpentry contractors	47	238350	39	47039	Decatur County, Tennessee	yes	1.0	4.904776074988841	179.96890343698854
865	23	Finish carpentry contractors	47	238350	41	47041	DeKalb County, Tennessee	yes	1.0	6.464952074769374	176.38566178100174
866	23	Finish carpentry contractors	47	238350	43	47043	Dickson County, Tennessee	no	4.0	9.0	197.0
867	23	Finish carpentry contractors	47	238350	43	47043	Dickson County, Tennessee	yes	1.75	12.837906236275803	287.7125384277558
868	23	Finish carpentry contractors	47	238350	45	47045	Dyer County, Tennessee	yes	2.0	12.929904149538748	352.7713235620035
869	23	Finish carpentry contractors	47	238350	47	47047	Fayette County, Tennessee	no	4.5	5.5	417.5
870	23	Finish carpentry contractors	47	238350	47	47047	Fayette County, Tennessee	yes	1.75	11.048221370827754	319.488618385161
871	23	Finish carpentry contractors	47	238350	49	47049	Fentress County, Tennessee	no	3.0	42.0	671.0
872	23	Finish carpentry contractors	47	238350	49	47049	Fentress County, Tennessee	yes	2.0	12.186996090557608	336.13447716329307
873	23	Finish carpentry contractors	47	238350	51	47051	Franklin County, Tennessee	no	3.3333333333333335	5.666666666666667	245.83333333333334
874	23	Finish carpentry contractors	47	238350	53	47053	Gibson County, Tennessee	yes	2.0	13.532218964353563	367.09400874718864
875	23	Finish carpentry contractors	47	238350	55	47055	Giles County, Tennessee	yes	1.0	4.904776074988841	179.96890343698854
876	23	Finish carpentry contractors	47	238350	57	47057	Grainger County, Tennessee	yes	1.0	5.2816452838712316	184.4704118634218
877	23	Finish carpentry contractors	47	238350	59	47059	Greene County, Tennessee	no	3.4	5.8	143.2
878	23	Finish carpentry contractors	47	238350	59	47059	Greene County, Tennessee	yes	2.0	18.681818181818183	204.9090909090909
879	23	Finish carpentry contractors	47	238350	61	47061	Grundy County, Tennessee	yes	1.0	6.464952074769374	176.38566178100174
880	23	Finish carpentry contractors	47	238350	63	47063	Hamblen County, Tennessee	no	3.0	22.333333333333332	751.0
881	23	Finish carpentry contractors	47	238350	63	47063	Hamblen County, Tennessee	yes	2.0	16.181217976870155	377.5563314302445
882	23	Finish carpentry contractors	47	238350	65	47065	Hamilton County, Tennessee	no	15.5	87.66666666666667	2728.6666666666665
883	23	Finish carpentry contractors	47	238350	71	47071	Hardin County, Tennessee	yes	1.0	6.885979358805446	160.13279534475188
884	23	Finish carpentry contractors	47	238350	73	47073	Hawkins County, Tennessee	yes	1.0	6.546417069243156	198.64053945249597
885	23	Finish carpentry contractors	47	238350	75	47075	Haywood County, Tennessee	yes	1.0	8.831565656565658	160.21616161616163
886	23	Finish carpentry contractors	47	238350	77	47077	Henderson County, Tennessee	yes	1.5	10.965625475442772	246.86680656214654
887	23	Finish carpentry contractors	47	238350	79	47079	Henry County, Tennessee	yes	1.0	9.340909090909092	102.45454545454545
888	23	Finish carpentry contractors	47	238350	81	47081	Hickman County, Tennessee	yes	2.0	12.929904149538748	352.7713235620035
889	23	Finish carpentry contractors	47	238350	85	47085	Humphreys County, Tennessee	yes	1.0	6.464952074769374	176.38566178100174
890	23	Finish carpentry contractors	47	238350	87	47087	Jackson County, Tennessee	yes	1.0	6.464952074769374	176.38566178100174
891	23	Finish carpentry contractors	47	238350	89	47089	Jefferson County, Tennessee	yes	1.6666666666666667	13.978319426145516	295.58894012589667
892	23	Finish carpentry contractors	47	238350	91	47091	Johnson County, Tennessee	yes	1.0	6.464952074769374	176.38566178100174
893	23	Finish carpentry contractors	47	238350	93	47093	Knox County, Tennessee	no	28.25	255.5	16380.0
894	23	Finish carpentry contractors	47	238350	93	47093	Knox County, Tennessee	yes	21.0	154.20434782608697	4912.626086956521
895	23	Finish carpentry contractors	47	238350	97	47097	Lauderdale County, Tennessee	yes	1.0	6.464952074769374	176.38566178100174
896	23	Finish carpentry contractors	47	238350	99	47099	Lawrence County, Tennessee	yes	1.0	8.831565656565658	160.21616161616163
897	23	Finish carpentry contractors	47	238350	103	47103	Lincoln County, Tennessee	no	3.1666666666666665	10.5	456.8333333333333
898	23	Finish carpentry contractors	47	238350	105	47105	Loudon County, Tennessee	no	3.0	2.0	43.0
899	23	Finish carpentry contractors	47	238350	105	47105	Loudon County, Tennessee	yes	2.6	15.090573187219809	434.53037187142183
900	23	Finish carpentry contractors	47	238350	107	47107	McMinn County, Tennessee	yes	1.5	9.486914470136027	272.70492588962753
901	23	Finish carpentry contractors	47	238350	109	47109	McNairy County, Tennessee	no	3.0	6.333333333333333	264.1666666666667
902	23	Finish carpentry contractors	47	238350	113	47113	Madison County, Tennessee	no	7.666666666666667	17.0	664.1666666666666
903	23	Finish carpentry contractors	47	238350	115	47115	Marion County, Tennessee	yes	1.0	8.831565656565658	160.21616161616163
904	23	Finish carpentry contractors	47	238350	119	47119	Maury County, Tennessee	no	3.6666666666666665	3.3333333333333335	194.33333333333334
905	23	Finish carpentry contractors	47	238350	119	47119	Maury County, Tennessee	yes	2.0	15.724396171204683	256.585329564053
906	23	Finish carpentry contractors	47	238350	123	47123	Monroe County, Tennessee	no	3.0	1.5	144.5
907	23	Finish carpentry contractors	47	238350	123	47123	Monroe County, Tennessee	yes	1.5	9.320558903271671	260.07698424506935
908	23	Finish carpentry contractors	47	238350	125	47125	Montgomery County, Tennessee	no	8.5	25.166666666666668	959.1666666666666
909	23	Finish carpentry contractors	47	238350	131	47131	Obion County, Tennessee	no	3.0	14.2	377.6
910	23	Finish carpentry contractors	47	238350	131	47131	Obion County, Tennessee	yes	3.0	24.966666666666665	653.9333333333333
911	23	Finish carpentry contractors	47	238350	133	47133	Overton County, Tennessee	yes	1.0	6.464952074769374	176.38566178100174
912	23	Finish carpentry contractors	47	238350	141	47141	Putnam County, Tennessee	no	3.0	6.0	130.0
913	23	Finish carpentry contractors	47	238350	141	47141	Putnam County, Tennessee	yes	2.0	9.809552149977682	359.9378068739771
914	23	Finish carpentry contractors	47	238350	143	47143	Rhea County, Tennessee	yes	1.0	6.093498045278804	168.06723858164654
915	23	Finish carpentry contractors	47	238350	145	47145	Roane County, Tennessee	yes	1.6666666666666667	12.35266251247981	283.1964361917762
916	23	Finish carpentry contractors	47	238350	147	47147	Robertson County, Tennessee	no	4.833333333333333	19.166666666666668	924.6666666666666
917	23	Finish carpentry contractors	47	238350	149	47149	Rutherford County, Tennessee	no	13.666666666666666	41.333333333333336	2301.8333333333335
918	23	Finish carpentry contractors	47	238350	155	47155	Sevier County, Tennessee	no	4.75	13.25	342.5
919	23	Finish carpentry contractors	47	238350	155	47155	Sevier County, Tennessee	yes	3.5	31.67449494949495	474.1141414141414
920	23	Finish carpentry contractors	47	238350	157	47157	Shelby County, Tennessee	no	26.5	140.33333333333334	6353.666666666667
921	23	Finish carpentry contractors	47	238350	159	47159	Smith County, Tennessee	yes	1.0	9.340909090909092	102.45454545454545
922	23	Finish carpentry contractors	47	238350	161	47161	Stewart County, Tennessee	yes	1.0	6.464952074769374	176.38566178100174
923	23	Finish carpentry contractors	47	238350	163	47163	Sullivan County, Tennessee	no	5.25	9.75	409.25
924	23	Finish carpentry contractors	47	238350	163	47163	Sullivan County, Tennessee	yes	4.5	25.938405797101446	878.838768115942
925	23	Finish carpentry contractors	47	238350	165	47165	Sumner County, Tennessee	no	9.4	74.8	2583.0
926	23	Finish carpentry contractors	47	238350	165	47165	Sumner County, Tennessee	yes	9.0	84.06818181818183	922.0909090909091
927	23	Finish carpentry contractors	47	238350	167	47167	Tipton County, Tennessee	no	4.0	9.0	191.0
928	23	Finish carpentry contractors	47	238350	167	47167	Tipton County, Tennessee	yes	2.0	14.490080149319281	349.1880819060167
929	23	Finish carpentry contractors	47	238350	177	47177	Warren County, Tennessee	yes	1.0	9.340909090909092	102.45454545454545
930	23	Finish carpentry contractors	47	238350	179	47179	Washington County, Tennessee	no	5.4	20.6	821.8
931	23	Finish carpentry contractors	47	238350	179	47179	Washington County, Tennessee	yes	4.0	37.36363636363637	409.8181818181818
932	23	Finish carpentry contractors	47	238350	181	47181	Wayne County, Tennessee	yes	1.0	4.904776074988841	179.96890343698854
933	23	Finish carpentry contractors	47	238350	183	47183	Weakley County, Tennessee	yes	2.0	15.393552371541503	370.6721096837945
934	23	Finish carpentry contractors	47	238350	187	47187	Williamson County, Tennessee	no	20.5	113.0	4626.166666666667
935	23	Finish carpentry contractors	47	238350	189	47189	Wilson County, Tennessee	no	7.0	20.666666666666668	907.6666666666666
936	23	Finish carpentry contractors	47	238350	189	47189	Wilson County, Tennessee	yes	6.0	47.97247840726101	1141.977126335822
937	23	Flooring contractors	47	238330	1	47001	Anderson County, Tennessee	yes	1.5	6.516641245907319	211.77992946118232
938	23	Flooring contractors	47	238330	3	47003	Bedford County, Tennessee	yes	1.0	4.595882727741373	132.90305190312958
939	23	Flooring contractors	47	238330	9	47009	Blount County, Tennessee	no	3.0	12.0	163.33333333333334
940	23	Flooring contractors	47	238330	9	47009	Blount County, Tennessee	yes	2.0	10.329190563223461	221.10093065271738
941	23	Flooring contractors	47	238330	11	47011	Bradley County, Tennessee	yes	1.0	4.595882727741373	132.90305190312958
942	23	Flooring contractors	47	238330	15	47015	Cannon County, Tennessee	yes	1.0	4.791756081805004	110.64391268040589
943	23	Flooring contractors	47	238330	17	47017	Carroll County, Tennessee	yes	1.0	5.511111111111111	123.97777777777779
944	23	Flooring contractors	47	238330	19	47019	Carter County, Tennessee	no	3.0	2.0	30.0
945	23	Flooring contractors	47	238330	19	47019	Carter County, Tennessee	yes	1.0	4.791756081805004	110.64391268040589
946	23	Flooring contractors	47	238330	21	47021	Cheatham County, Tennessee	yes	1.6666666666666667	6.6442743827412984	276.0346420151568
947	23	Flooring contractors	47	238330	29	47029	Cocke County, Tennessee	yes	1.0	3.8415170363318896	157.75375511610554
948	23	Flooring contractors	47	238330	35	47035	Cumberland County, Tennessee	yes	1.6666666666666667	6.6442743827412984	276.0346420151568
949	23	Flooring contractors	47	238330	37	47037	Davidson County, Tennessee	no	28.666666666666668	264.6666666666667	11920.333333333334
950	23	Flooring contractors	47	238330	45	47045	Dyer County, Tennessee	yes	1.6666666666666667	7.435159764425837	232.4428924241453
951	23	Flooring contractors	47	238330	47	47047	Fayette County, Tennessee	no	3.0	0.0	107.0
952	23	Flooring contractors	47	238330	47	47047	Fayette County, Tennessee	yes	2.0	9.380118546579297	279.2273245675109
953	23	Flooring contractors	47	238330	51	47051	Franklin County, Tennessee	yes	1.4	5.913786851867002	210.28634076464965
954	23	Flooring contractors	47	238330	53	47053	Gibson County, Tennessee	yes	1.5	7.2710069373168045	186.9292262482064
955	23	Flooring contractors	47	238330	55	47055	Giles County, Tennessee	no	3.0	5.0	121.0
956	23	Flooring contractors	47	238330	55	47055	Giles County, Tennessee	yes	2.6	12.993755970162834	336.431291921138
957	23	Flooring contractors	47	238330	57	47057	Grainger County, Tennessee	yes	1.0	4.595882727741373	132.90305190312958
958	23	Flooring contractors	47	238330	59	47059	Greene County, Tennessee	no	3.0	9.0	121.0
959	23	Flooring contractors	47	238330	59	47059	Greene County, Tennessee	yes	2.4	10.145919295888358	349.6041493898685
960	23	Flooring contractors	47	238330	63	47063	Hamblen County, Tennessee	yes	1.0	3.8415170363318896	157.75375511610554
961	23	Flooring contractors	47	238330	65	47065	Hamilton County, Tennessee	no	9.5	103.66666666666667	4276.666666666667
962	23	Flooring contractors	47	238330	69	47069	Hardeman County, Tennessee	yes	1.0	5.2698170731707314	100.08963414634147
963	23	Flooring contractors	47	238330	71	47071	Hardin County, Tennessee	yes	1.0	5.350248419150859	108.05234869015358
964	23	Flooring contractors	47	238330	73	47073	Hawkins County, Tennessee	yes	1.0	6.414634146341464	100.82926829268293
965	23	Flooring contractors	47	238330	81	47081	Hickman County, Tennessee	yes	1.3333333333333333	7.187285456187895	149.3782746160795
966	23	Flooring contractors	47	238330	83	47083	Houston County, Tennessee	yes	1.0	4.204136019614113	177.4213303485769
967	23	Flooring contractors	47	238330	87	47087	Jackson County, Tennessee	yes	1.0	4.595882727741373	132.90305190312958
968	23	Flooring contractors	47	238330	89	47089	Jefferson County, Tennessee	yes	1.6666666666666667	6.6442743827412984	276.0346420151568
969	23	Flooring contractors	47	238330	93	47093	Knox County, Tennessee	no	14.0	80.66666666666667	4115.166666666667
970	23	Flooring contractors	47	238330	99	47099	Lawrence County, Tennessee	yes	1.0	4.258915555026695	149.3097607815236
971	23	Flooring contractors	47	238330	101	47101	Lewis County, Tennessee	yes	1.0	4.595882727741373	132.90305190312958
972	23	Flooring contractors	47	238330	103	47103	Lincoln County, Tennessee	yes	1.1666666666666667	5.514401246259893	153.56601486609253
973	23	Flooring contractors	47	238330	105	47105	Loudon County, Tennessee	yes	1.3333333333333333	5.997261400946079	192.04349535265519
974	23	Flooring contractors	47	238330	109	47109	McNairy County, Tennessee	yes	1.0	4.595882727741373	132.90305190312958
975	23	Flooring contractors	47	238330	113	47113	Madison County, Tennessee	yes	1.0	3.8415170363318896	157.75375511610554
976	23	Flooring contractors	47	238330	117	47117	Marshall County, Tennessee	yes	1.0	6.414634146341464	100.82926829268293
977	23	Flooring contractors	47	238330	119	47119	Maury County, Tennessee	no	3.0	8.166666666666666	221.16666666666666
978	23	Flooring contractors	47	238330	123	47123	Monroe County, Tennessee	yes	1.0	4.595882727741373	132.90305190312958
979	23	Flooring contractors	47	238330	125	47125	Montgomery County, Tennessee	no	4.833333333333333	6.333333333333333	418.6666666666667
980	23	Flooring contractors	47	238330	133	47133	Overton County, Tennessee	yes	1.0	3.8415170363318896	157.75375511610554
981	23	Flooring contractors	47	238330	145	47145	Roane County, Tennessee	yes	1.0	4.595882727741373	132.90305190312958
982	23	Flooring contractors	47	238330	147	47147	Robertson County, Tennessee	no	4.0	1.0	17.0
983	23	Flooring contractors	47	238330	147	47147	Robertson County, Tennessee	yes	1.6	6.717747272866561	229.34035979786321
984	23	Flooring contractors	47	238330	149	47149	Rutherford County, Tennessee	no	13.166666666666666	22.333333333333332	1635.0
985	23	Flooring contractors	47	238330	151	47151	Scott County, Tennessee	yes	1.0	4.595882727741373	132.90305190312958
986	23	Flooring contractors	47	238330	155	47155	Sevier County, Tennessee	no	5.333333333333333	24.833333333333332	897.5
987	23	Flooring contractors	47	238330	157	47157	Shelby County, Tennessee	no	22.0	132.16666666666666	5820.5
988	23	Flooring contractors	47	238330	159	47159	Smith County, Tennessee	yes	1.0	4.595882727741373	132.90305190312958
989	23	Flooring contractors	47	238330	163	47163	Sullivan County, Tennessee	no	3.0	4.5	185.5
990	23	Flooring contractors	47	238330	163	47163	Sullivan County, Tennessee	yes	2.0	9.02219157516967	289.0852192374658
991	23	Flooring contractors	47	238330	165	47165	Sumner County, Tennessee	no	6.166666666666667	8.5	470.0
992	23	Flooring contractors	47	238330	167	47167	Tipton County, Tennessee	yes	1.0	5.2698170731707314	100.08963414634147
993	23	Flooring contractors	47	238330	173	47173	Union County, Tennessee	yes	1.0	4.736976546392422	138.75548224745918
994	23	Flooring contractors	47	238330	175	47175	Van Buren County, Tennessee	yes	2.0	9.191765455482747	265.80610380625916
995	23	Flooring contractors	47	238330	177	47177	Warren County, Tennessee	yes	1.8333333333333333	8.122659764425837	249.00122575747864
996	23	Flooring contractors	47	238330	179	47179	Washington County, Tennessee	yes	2.3333333333333335	10.948371146539657	299.16931518837293
997	23	Flooring contractors	47	238330	181	47181	Wayne County, Tennessee	yes	1.0	4.595882727741373	132.90305190312958
998	23	Flooring contractors	47	238330	187	47187	Williamson County, Tennessee	no	7.833333333333333	42.166666666666664	2769.0
999	23	Flooring contractors	47	238330	189	47189	Wilson County, Tennessee	no	3.6666666666666665	2.3333333333333335	166.66666666666666
1000	23	Flooring contractors	47	238330	189	47189	Wilson County, Tennessee	yes	2.0	9.279588766892893	319.2136256499544
1001	23	Framing contractors	47	238130	1	47001	Anderson County, Tennessee	no	3.6666666666666665	5.5	287.6666666666667
1002	23	Framing contractors	47	238130	3	47003	Bedford County, Tennessee	yes	1.8333333333333333	13.323869557944635	392.63623638895507
1003	23	Framing contractors	47	238130	9	47009	Blount County, Tennessee	yes	2.3333333333333335	19.051197989317185	570.7178744608505
1004	23	Framing contractors	47	238130	11	47011	Bradley County, Tennessee	yes	1.25	12.759742647058822	378.0891237745098
1005	23	Framing contractors	47	238130	13	47013	Campbell County, Tennessee	yes	1.0	3.700694042799306	104.92037786774628
1006	23	Framing contractors	47	238130	15	47015	Cannon County, Tennessee	yes	1.0	7.6150597789723165	225.51343069447753
1007	23	Framing contractors	47	238130	21	47021	Cheatham County, Tennessee	yes	1.0	3.7754626951995376	94.86358524516419
1008	23	Framing contractors	47	238130	23	47023	Chester County, Tennessee	yes	1.1666666666666667	9.740059778972316	287.03287513892195
1009	23	Framing contractors	47	238130	27	47027	Clay County, Tennessee	yes	1.1666666666666667	9.521309778972316	283.90405569447756
1010	23	Framing contractors	47	238130	29	47029	Cocke County, Tennessee	yes	1.0	6.019097021399652	163.42685560053982
1011	23	Framing contractors	47	238130	31	47031	Coffee County, Tennessee	no	3.0	3.0	141.0
1012	23	Framing contractors	47	238130	31	47031	Coffee County, Tennessee	yes	1.5	13.412867647058823	392.08339460784316
1013	23	Framing contractors	47	238130	35	47035	Cumberland County, Tennessee	yes	1.0	7.6150597789723165	225.51343069447753
1014	23	Framing contractors	47	238130	37	47037	Davidson County, Tennessee	no	18.25	78.75	4986.0
1015	23	Framing contractors	47	238130	37	47037	Davidson County, Tennessee	yes	12.0	129.0533088235294	4195.581801470588
1016	23	Framing contractors	47	238130	41	47041	DeKalb County, Tennessee	yes	1.0	10.806985294117647	349.6865808823529
1017	23	Framing contractors	47	238130	43	47043	Dickson County, Tennessee	no	3.75	2.5	141.25
1018	23	Framing contractors	47	238130	43	47043	Dickson County, Tennessee	yes	3.0	34.38970588235294	1077.219117647059
1019	23	Framing contractors	47	238130	45	47045	Dyer County, Tennessee	yes	1.0	12.75	369.1166666666667
1020	23	Framing contractors	47	238130	47	47047	Fayette County, Tennessee	yes	1.0	7.102777617119722	200.81023448043186
1021	23	Framing contractors	47	238130	49	47049	Fentress County, Tennessee	yes	1.0	3.7754626951995376	94.86358524516419
1022	23	Framing contractors	47	238130	51	47051	Franklin County, Tennessee	no	3.0	0.0	83.0
1023	23	Framing contractors	47	238130	51	47051	Franklin County, Tennessee	yes	1.8	11.665849351886502	331.2888513138049
1024	23	Framing contractors	47	238130	53	47053	Gibson County, Tennessee	yes	1.3333333333333333	11.427559778972316	342.29468069447756
1025	23	Framing contractors	47	238130	57	47057	Grainger County, Tennessee	yes	1.0	7.6150597789723165	225.51343069447753
1026	23	Framing contractors	47	238130	59	47059	Greene County, Tennessee	no	4.0	11.0	242.0
1027	23	Framing contractors	47	238130	59	47059	Greene County, Tennessee	yes	1.0	9.572242647058822	285.80995710784316
1028	23	Framing contractors	47	238130	65	47065	Hamilton County, Tennessee	no	4.0	11.5	370.25
1029	23	Framing contractors	47	238130	65	47065	Hamilton County, Tennessee	yes	4.0	43.22794117647059	1398.7463235294117
1030	23	Framing contractors	47	238130	69	47069	Hardeman County, Tennessee	yes	1.1666666666666667	9.740059778972316	287.03287513892195
1031	23	Framing contractors	47	238130	71	47071	Hardin County, Tennessee	yes	1.0	7.6150597789723165	225.51343069447753
1032	23	Framing contractors	47	238130	77	47077	Henderson County, Tennessee	yes	1.0	7.6150597789723165	225.51343069447753
1033	23	Framing contractors	47	238130	79	47079	Henry County, Tennessee	yes	1.0	3.700694042799306	104.92037786774628
1034	23	Framing contractors	47	238130	81	47081	Hickman County, Tennessee	yes	1.6666666666666667	11.627791126572085	334.4646677615041
1035	23	Framing contractors	47	238130	89	47089	Jefferson County, Tennessee	yes	1.0	12.75	369.1166666666667
1036	23	Framing contractors	47	238130	93	47093	Knox County, Tennessee	no	8.5	40.5	1255.6666666666667
1037	23	Framing contractors	47	238130	105	47105	Loudon County, Tennessee	yes	1.0	11.454656862745097	356.1632761437909
1038	23	Framing contractors	47	238130	109	47109	McNairy County, Tennessee	yes	1.5	9.502791126572085	272.94522331705963
1039	23	Framing contractors	47	238130	111	47111	Macon County, Tennessee	yes	1.0	11.454656862745097	356.1632761437909
1040	23	Framing contractors	47	238130	119	47119	Maury County, Tennessee	no	3.0	5.0	117.0
1041	23	Framing contractors	47	238130	119	47119	Maury County, Tennessee	yes	1.0	9.572242647058822	285.80995710784316
1042	23	Framing contractors	47	238130	125	47125	Montgomery County, Tennessee	yes	1.6666666666666667	15.248638210344865	461.985693766373
1043	23	Framing contractors	47	238130	127	47127	Moore County, Tennessee	yes	1.3333333333333333	11.217388210344865	342.0756243219285
1044	23	Framing contractors	47	238130	129	47129	Morgan County, Tennessee	yes	1.0	7.6150597789723165	225.51343069447753
1045	23	Framing contractors	47	238130	133	47133	Overton County, Tennessee	yes	1.1666666666666667	9.311138210344867	283.6849993219285
1046	23	Framing contractors	47	238130	141	47141	Putnam County, Tennessee	no	3.0	20.0	356.0
1047	23	Framing contractors	47	238130	141	47141	Putnam County, Tennessee	yes	1.4	10.921159970060899	340.1591315392554
1048	23	Framing contractors	47	238130	147	47147	Robertson County, Tennessee	yes	1.3333333333333333	8.848624459905418	260.48688998372626
1049	23	Framing contractors	47	238130	149	47149	Rutherford County, Tennessee	no	8.5	26.333333333333332	932.3333333333334
1050	23	Framing contractors	47	238130	155	47155	Sevier County, Tennessee	yes	1.0	7.6150597789723165	225.51343069447753
1051	23	Framing contractors	47	238130	157	47157	Shelby County, Tennessee	no	8.0	15.333333333333334	770.0
1052	23	Framing contractors	47	238130	163	47163	Sullivan County, Tennessee	no	7.0	12.833333333333334	392.5
1053	23	Framing contractors	47	238130	165	47165	Sumner County, Tennessee	no	7.333333333333333	21.666666666666668	585.0
1054	23	Framing contractors	47	238130	167	47167	Tipton County, Tennessee	yes	1.0	11.454656862745097	356.1632761437909
1055	23	Framing contractors	47	238130	169	47169	Trousdale County, Tennessee	yes	1.0	3.7754626951995376	94.86358524516419
1056	23	Framing contractors	47	238130	177	47177	Warren County, Tennessee	yes	1.0	7.6150597789723165	225.51343069447753
1057	23	Framing contractors	47	238130	179	47179	Washington County, Tennessee	no	4.0	17.6	534.2
1058	23	Framing contractors	47	238130	179	47179	Washington County, Tennessee	yes	5.0	63.75	1845.5833333333333
1059	23	Framing contractors	47	238130	183	47183	Weakley County, Tennessee	yes	1.3333333333333333	8.848624459905418	260.48688998372626
1060	23	Framing contractors	47	238130	187	47187	Williamson County, Tennessee	no	7.666666666666667	63.0	3692.6666666666665
1061	23	Framing contractors	47	238130	187	47187	Williamson County, Tennessee	yes	7.333333333333333	83.99509803921569	2609.9241830065357
1062	23	Framing contractors	47	238130	189	47189	Wilson County, Tennessee	yes	2.1666666666666665	17.136369557944633	509.41748638895507
1063	23	Glass and glazing contractors	47	238150	1	47001	Anderson County, Tennessee	yes	1.1666666666666667	10.510150775775776	525.1787864940039
1064	23	Glass and glazing contractors	47	238150	3	47003	Bedford County, Tennessee	yes	1.0	9.080963776276278	461.24081610019107
1065	23	Glass and glazing contractors	47	238150	9	47009	Blount County, Tennessee	yes	2.0	18.614896146146148	932.6818973123321
1066	23	Glass and glazing contractors	47	238150	11	47011	Bradley County, Tennessee	yes	1.0	9.080963776276278	461.24081610019107
1067	23	Glass and glazing contractors	47	238150	19	47019	Carter County, Tennessee	yes	1.1666666666666667	10.894253628628627	542.1083097672772
1068	23	Glass and glazing contractors	47	238150	21	47021	Cheatham County, Tennessee	yes	1.0	9.307448073073074	466.34094865616606
1069	23	Glass and glazing contractors	47	238150	31	47031	Coffee County, Tennessee	yes	1.0	9.520833333333332	454.60416666666663
1070	23	Glass and glazing contractors	47	238150	35	47035	Cumberland County, Tennessee	yes	1.0	9.307448073073074	466.34094865616606
1071	23	Glass and glazing contractors	47	238150	37	47037	Davidson County, Tennessee	no	11.666666666666666	258.0	15175.0
1072	23	Glass and glazing contractors	47	238150	37	47037	Davidson County, Tennessee	yes	10.333333333333334	104.53935185185185	5040.327999194847
1073	23	Glass and glazing contractors	47	238150	39	47039	Decatur County, Tennessee	yes	1.0	10.0	498.4782608695652
1074	23	Glass and glazing contractors	47	238150	43	47043	Dickson County, Tennessee	yes	1.8333333333333333	16.94822947947948	849.6021871674046
1075	23	Glass and glazing contractors	47	238150	47	47047	Fayette County, Tennessee	yes	1.0	9.307448073073074	466.34094865616606
1076	23	Glass and glazing contractors	47	238150	55	47055	Giles County, Tennessee	yes	1.0	9.307448073073074	466.34094865616606
1077	23	Glass and glazing contractors	47	238150	59	47059	Greene County, Tennessee	yes	1.0	9.307448073073074	466.34094865616606
1078	23	Glass and glazing contractors	47	238150	65	47065	Hamilton County, Tennessee	no	5.666666666666667	57.0	2138.3333333333335
1079	23	Glass and glazing contractors	47	238150	71	47071	Hardin County, Tennessee	yes	1.0	9.307448073073074	466.34094865616606
1080	23	Glass and glazing contractors	47	238150	77	47077	Henderson County, Tennessee	yes	1.0	9.168937687687688	459.91348621348624
1081	23	Glass and glazing contractors	47	238150	83	47083	Houston County, Tennessee	yes	1.0	10.0	498.4782608695652
1082	23	Glass and glazing contractors	47	238150	93	47093	Knox County, Tennessee	no	8.166666666666666	46.0	2131.1666666666665
1083	23	Glass and glazing contractors	47	238150	109	47109	McNairy County, Tennessee	yes	1.0	9.307448073073074	466.34094865616606
1084	23	Glass and glazing contractors	47	238150	113	47113	Madison County, Tennessee	yes	2.6666666666666665	24.668871996996995	1240.1757747124593
1085	23	Glass and glazing contractors	47	238150	119	47119	Maury County, Tennessee	yes	1.6666666666666667	15.962540665665664	786.5479736159083
1086	23	Glass and glazing contractors	47	238150	125	47125	Montgomery County, Tennessee	no	3.0	46.6	1962.8
1087	23	Glass and glazing contractors	47	238150	125	47125	Montgomery County, Tennessee	yes	3.0	30.0	1495.4347826086955
1088	23	Glass and glazing contractors	47	238150	141	47141	Putnam County, Tennessee	yes	1.0	9.168937687687688	459.91348621348624
1089	23	Glass and glazing contractors	47	238150	147	47147	Robertson County, Tennessee	yes	1.0	9.307448073073074	466.34094865616606
1090	23	Glass and glazing contractors	47	238150	149	47149	Rutherford County, Tennessee	no	6.166666666666667	66.33333333333333	3243.5
1091	23	Glass and glazing contractors	47	238150	157	47157	Shelby County, Tennessee	no	14.5	186.5	8925.833333333334
1092	23	Glass and glazing contractors	47	238150	163	47163	Sullivan County, Tennessee	yes	4.333333333333333	40.48326451451452	2024.210865880703
1093	23	Glass and glazing contractors	47	238150	165	47165	Sumner County, Tennessee	yes	1.3333333333333333	10.883727477477478	561.4782452907453
1094	23	Glass and glazing contractors	47	238150	167	47167	Tipton County, Tennessee	yes	1.6666666666666667	15.133414664664665	764.009594574812
1095	23	Glass and glazing contractors	47	238150	177	47177	Warren County, Tennessee	yes	1.0	9.307448073073074	466.34094865616606
1096	23	Glass and glazing contractors	47	238150	179	47179	Washington County, Tennessee	no	4.0	30.0	1950.0
1097	23	Glass and glazing contractors	47	238150	179	47179	Washington County, Tennessee	yes	3.0	28.219453828828826	1364.7487575891107
1098	23	Glass and glazing contractors	47	238150	187	47187	Williamson County, Tennessee	yes	2.0	18.614896146146148	932.6818973123321
1099	23	Glass and glazing contractors	47	238150	189	47189	Wilson County, Tennessee	yes	1.3333333333333333	13.469907407407407	655.0387479871175
1100	23	Highway, street, and bridge construction	47	237310	1	47001	Anderson County, Tennessee	no	4.0	55.6	2456.0
1101	23	Highway, street, and bridge construction	47	237310	1	47001	Anderson County, Tennessee	yes	3.0	85.69014084507042	4295.830985915493
1102	23	Highway, street, and bridge construction	47	237310	5	47005	Benton County, Tennessee	yes	1.0	29.531690140845072	1408.2282412423258
1103	23	Highway, street, and bridge construction	47	237310	7	47007	Bledsoe County, Tennessee	yes	2.0	61.4841305572461	3196.366589298065
1104	23	Highway, street, and bridge construction	47	237310	9	47009	Blount County, Tennessee	no	6.8	27.8	1649.4
1105	23	Highway, street, and bridge construction	47	237310	9	47009	Blount County, Tennessee	yes	5.0	142.81690140845072	7159.718309859155
1106	23	Highway, street, and bridge construction	47	237310	11	47011	Bradley County, Tennessee	no	5.0	484.0	25890.833333333332
1107	23	Highway, street, and bridge construction	47	237310	13	47013	Campbell County, Tennessee	yes	1.6666666666666667	51.64023384363108	2726.957175550623
1108	23	Highway, street, and bridge construction	47	237310	19	47019	Carter County, Tennessee	yes	2.0	61.4841305572461	3196.366589298065
1109	23	Highway, street, and bridge construction	47	237310	21	47021	Cheatham County, Tennessee	yes	2.3333333333333335	71.17746264888329	3740.469929460727
1110	23	Highway, street, and bridge construction	47	237310	29	47029	Cocke County, Tennessee	no	3.0	2.0	115.0
1111	23	Highway, street, and bridge construction	47	237310	29	47029	Cocke County, Tennessee	yes	2.0	63.05737704918033	3190.9390500210175
1112	23	Highway, street, and bridge construction	47	237310	31	47031	Coffee County, Tennessee	yes	2.0	61.4841305572461	3196.366589298065
1113	23	Highway, street, and bridge construction	47	237310	33	47033	Crockett County, Tennessee	yes	1.0	29.531690140845072	1408.2282412423258
1114	23	Highway, street, and bridge construction	47	237310	35	47035	Cumberland County, Tennessee	yes	1.5	45.66929532557142	2298.3448451486115
1115	23	Highway, street, and bridge construction	47	237310	37	47037	Davidson County, Tennessee	no	14.333333333333334	500.3333333333333	32539.333333333332
1116	23	Highway, street, and bridge construction	47	237310	41	47041	DeKalb County, Tennessee	yes	1.0	30.74206527862305	1598.1832946490324
1117	23	Highway, street, and bridge construction	47	237310	43	47043	Dickson County, Tennessee	yes	2.0	61.4841305572461	3196.366589298065
1118	23	Highway, street, and bridge construction	47	237310	45	47045	Dyer County, Tennessee	yes	4.333333333333333	132.66159320612937	6936.8365187587915
1119	23	Highway, street, and bridge construction	47	237310	47	47047	Fayette County, Tennessee	no	4.0	72.0	3082.4
1120	23	Highway, street, and bridge construction	47	237310	47	47047	Fayette County, Tennessee	yes	2.0	61.0	2769.025641025641
1121	23	Highway, street, and bridge construction	47	237310	49	47049	Fentress County, Tennessee	yes	1.3333333333333333	41.09158221606124	2292.490833330789
1122	23	Highway, street, and bridge construction	47	237310	53	47053	Gibson County, Tennessee	no	3.0	58.333333333333336	2429.6666666666665
1123	23	Highway, street, and bridge construction	47	237310	53	47053	Gibson County, Tennessee	yes	3.0	92.83163434086782	4966.217055901346
1124	23	Highway, street, and bridge construction	47	237310	55	47055	Giles County, Tennessee	yes	1.0	30.3790029245116	1556.5347076771995
1125	23	Highway, street, and bridge construction	47	237310	57	47057	Grainger County, Tennessee	yes	1.0	30.74206527862305	1598.1832946490324
1126	23	Highway, street, and bridge construction	47	237310	65	47065	Hamilton County, Tennessee	no	7.666666666666667	38.166666666666664	2511.6666666666665
1127	23	Highway, street, and bridge construction	47	237310	71	47071	Hardin County, Tennessee	no	4.0	39.333333333333336	1286.8333333333333
1128	23	Highway, street, and bridge construction	47	237310	79	47079	Henry County, Tennessee	yes	1.0	30.790478334347664	1640.9173894762748
1129	23	Highway, street, and bridge construction	47	237310	81	47081	Hickman County, Tennessee	yes	2.0	61.4841305572461	3196.366589298065
1130	23	Highway, street, and bridge construction	47	237310	85	47085	Humphreys County, Tennessee	yes	1.0	30.74206527862305	1598.1832946490324
1131	23	Highway, street, and bridge construction	47	237310	91	47091	Johnson County, Tennessee	yes	1.0	30.74206527862305	1598.1832946490324
1132	23	Highway, street, and bridge construction	47	237310	93	47093	Knox County, Tennessee	no	14.0	466.8333333333333	25140.5
1133	23	Highway, street, and bridge construction	47	237310	99	47099	Lawrence County, Tennessee	yes	1.0	30.74206527862305	1598.1832946490324
1134	23	Highway, street, and bridge construction	47	237310	103	47103	Lincoln County, Tennessee	no	3.0	74.0	4416.0
1135	23	Highway, street, and bridge construction	47	237310	103	47103	Lincoln County, Tennessee	yes	2.5	79.42488808554779	4065.4529782132095
1136	23	Highway, street, and bridge construction	47	237310	105	47105	Loudon County, Tennessee	no	3.4	30.0	2102.4
1137	23	Highway, street, and bridge construction	47	237310	105	47105	Loudon County, Tennessee	yes	4.0	122.0	5538.051282051282
1138	23	Highway, street, and bridge construction	47	237310	107	47107	McMinn County, Tennessee	yes	1.0	30.74206527862305	1598.1832946490324
1139	23	Highway, street, and bridge construction	47	237310	109	47109	McNairy County, Tennessee	yes	1.0	29.3058432078783	1520.2691308651563
1140	23	Highway, street, and bridge construction	47	237310	113	47113	Madison County, Tennessee	no	4.333333333333333	165.66666666666666	14868.5
1141	23	Highway, street, and bridge construction	47	237310	115	47115	Marion County, Tennessee	yes	1.0	31.573099780478813	1581.1199317295554
1142	23	Highway, street, and bridge construction	47	237310	119	47119	Maury County, Tennessee	no	4.2	9.8	927.2
1143	23	Highway, street, and bridge construction	47	237310	119	47119	Maury County, Tennessee	yes	3.0	104.01492537313432	5104.791044776119
1144	23	Highway, street, and bridge construction	47	237310	123	47123	Monroe County, Tennessee	yes	1.3333333333333333	40.435397370260226	2142.2866348116945
1145	23	Highway, street, and bridge construction	47	237310	125	47125	Montgomery County, Tennessee	yes	1.8333333333333333	56.723567176964416	2957.7093123027603
1146	23	Highway, street, and bridge construction	47	237310	133	47133	Overton County, Tennessee	yes	1.0	30.74206527862305	1598.1832946490324
1147	23	Highway, street, and bridge construction	47	237310	141	47141	Putnam County, Tennessee	yes	3.0	92.22619583586915	4794.549883947097
1148	23	Highway, street, and bridge construction	47	237310	147	47147	Robertson County, Tennessee	no	4.0	75.66666666666667	4217.0
1149	23	Highway, street, and bridge construction	47	237310	147	47147	Robertson County, Tennessee	yes	3.0	93.7350220727349	4518.053497410025
1150	23	Highway, street, and bridge construction	47	237310	149	47149	Rutherford County, Tennessee	no	3.8	54.4	1961.8
1151	23	Highway, street, and bridge construction	47	237310	149	47149	Rutherford County, Tennessee	yes	4.0	122.0	5538.051282051282
1152	23	Highway, street, and bridge construction	47	237310	151	47151	Scott County, Tennessee	yes	1.3333333333333333	40.585961992238076	2067.5927083964743
1153	23	Highway, street, and bridge construction	47	237310	153	47153	Sequatchie County, Tennessee	yes	1.0	30.74206527862305	1598.1832946490324
1154	23	Highway, street, and bridge construction	47	237310	155	47155	Sevier County, Tennessee	yes	1.0	30.74206527862305	1598.1832946490324
1155	23	Highway, street, and bridge construction	47	237310	157	47157	Shelby County, Tennessee	no	21.666666666666668	512.0	27243.666666666668
1156	23	Highway, street, and bridge construction	47	237310	159	47159	Smith County, Tennessee	yes	2.3333333333333335	71.17746264888329	3740.469929460727
1157	23	Highway, street, and bridge construction	47	237310	161	47161	Stewart County, Tennessee	yes	1.0	30.3790029245116	1556.5347076771995
1158	23	Highway, street, and bridge construction	47	237310	163	47163	Sullivan County, Tennessee	yes	3.0	92.22619583586915	4794.549883947097
1159	23	Highway, street, and bridge construction	47	237310	165	47165	Sumner County, Tennessee	yes	2.1666666666666665	67.26273752242022	3479.966091785627
1160	23	Highway, street, and bridge construction	47	237310	169	47169	Trousdale County, Tennessee	yes	1.0	30.239123199667798	1690.3487568280568
1161	23	Highway, street, and bridge construction	47	237310	177	47177	Warren County, Tennessee	yes	1.0	30.5	1384.5128205128206
1162	23	Highway, street, and bridge construction	47	237310	179	47179	Washington County, Tennessee	yes	1.5	46.36456895741221	2351.1922108840367
1163	23	Highway, street, and bridge construction	47	237310	183	47183	Weakley County, Tennessee	yes	1.0	30.74206527862305	1598.1832946490324
1164	23	Highway, street, and bridge construction	47	237310	185	47185	White County, Tennessee	yes	2.0	61.4841305572461	3196.366589298065
1165	23	Highway, street, and bridge construction	47	237310	187	47187	Williamson County, Tennessee	no	6.0	376.0	22673.0
1166	23	Highway, street, and bridge construction	47	237310	187	47187	Williamson County, Tennessee	yes	4.25	133.91739912191525	6670.607932046427
1167	23	Highway, street, and bridge construction	47	237310	189	47189	Wilson County, Tennessee	no	10.333333333333334	294.0	21514.666666666668
1168	23	Industrial building construction	47	236210	1	47001	Anderson County, Tennessee	yes	1.0	163.55938881757237	6682.84431480123
1169	23	Industrial building construction	47	236210	5	47005	Benton County, Tennessee	yes	1.0	161.7501782912566	6600.608966815883
1170	23	Industrial building construction	47	236210	9	47009	Blount County, Tennessee	yes	1.0	131.57894736842104	5407.638326585695
1171	23	Industrial building construction	47	236210	11	47011	Bradley County, Tennessee	yes	1.1666666666666667	167.2150311415395	6830.990564343421
1172	23	Industrial building construction	47	236210	17	47017	Carroll County, Tennessee	yes	1.0	152.89924166785525	6257.775652062719
1173	23	Industrial building construction	47	236210	19	47019	Carter County, Tennessee	yes	1.6666666666666667	237.6966314838587	9739.34561629475
1174	23	Industrial building construction	47	236210	21	47021	Cheatham County, Tennessee	yes	1.0	189.4476061427281	7764.029261840238
1175	23	Industrial building construction	47	236210	37	47037	Davidson County, Tennessee	yes	2.3333333333333335	350.8642728093948	14372.920978310902
1176	23	Industrial building construction	47	236210	43	47043	Dickson County, Tennessee	yes	1.0	166.30014263300527	6821.4728877384205
1177	23	Industrial building construction	47	236210	45	47045	Dyer County, Tennessee	yes	2.0	305.7984833357105	12515.551304125438
1178	23	Industrial building construction	47	236210	51	47051	Franklin County, Tennessee	yes	2.0	305.7984833357105	12515.551304125438
1179	23	Industrial building construction	47	236210	55	47055	Giles County, Tennessee	yes	2.0	305.7984833357105	12515.551304125438
1180	23	Industrial building construction	47	236210	65	47065	Hamilton County, Tennessee	yes	1.1666666666666667	179.52119288736745	7363.584595152149
1181	23	Industrial building construction	47	236210	73	47073	Hawkins County, Tennessee	yes	1.0	152.89924166785525	6257.775652062719
1182	23	Industrial building construction	47	236210	85	47085	Humphreys County, Tennessee	yes	1.0	166.30014263300527	6821.4728877384205
1183	23	Industrial building construction	47	236210	93	47093	Knox County, Tennessee	no	5.2	238.2	17926.2
1184	23	Industrial building construction	47	236210	93	47093	Knox County, Tennessee	yes	3.0	553.5	23114.785714285714
1185	23	Industrial building construction	47	236210	113	47113	Madison County, Tennessee	yes	2.0	171.78947368421052	6878.578947368421
1186	23	Industrial building construction	47	236210	117	47117	Marshall County, Tennessee	yes	1.0	152.89924166785525	6257.775652062719
1187	23	Industrial building construction	47	236210	119	47119	Maury County, Tennessee	yes	1.0	189.4476061427281	7764.029261840238
1188	23	Industrial building construction	47	236210	123	47123	Monroe County, Tennessee	yes	1.0	131.57894736842104	5407.638326585695
1189	23	Industrial building construction	47	236210	125	47125	Montgomery County, Tennessee	yes	1.5	227.50889079066232	9344.476522829378
1190	23	Industrial building construction	47	236210	127	47127	Moore County, Tennessee	yes	1.0	152.89924166785525	6257.775652062719
1191	23	Industrial building construction	47	236210	133	47133	Overton County, Tennessee	yes	1.0	152.89924166785525	6257.775652062719
1192	23	Industrial building construction	47	236210	141	47141	Putnam County, Tennessee	no	3.3333333333333335	10.666666666666666	620.1666666666666
1193	23	Industrial building construction	47	236210	145	47145	Roane County, Tennessee	yes	1.5	223.38084201017446	9166.130704014047
1194	23	Industrial building construction	47	236210	149	47149	Rutherford County, Tennessee	yes	2.8333333333333335	444.38193552988156	18200.11204390745
1195	23	Industrial building construction	47	236210	151	47151	Scott County, Tennessee	yes	1.0	152.89924166785525	6257.775652062719
1196	23	Industrial building construction	47	236210	157	47157	Shelby County, Tennessee	no	8.0	145.16666666666666	12245.166666666666
1197	23	Industrial building construction	47	236210	161	47161	Stewart County, Tennessee	yes	1.0	164.8352826510721	6698.841200222778
1198	23	Industrial building construction	47	236210	163	47163	Sullivan County, Tennessee	yes	3.3333333333333335	503.76351447725	20630.69663037362
1199	23	Industrial building construction	47	236210	165	47165	Sumner County, Tennessee	yes	1.0	127.19608472400513	5222.354946348047
1200	23	Industrial building construction	47	236210	177	47177	Warren County, Tennessee	yes	1.5	235.31688299339135	9607.196252174108
1201	23	Industrial building construction	47	236210	179	47179	Washington County, Tennessee	yes	1.3333333333333333	197.9650311415395	8115.145326248182
1202	23	Industrial building construction	47	236210	183	47183	Weakley County, Tennessee	yes	1.0	140.96320068463842	5816.710103902659
1203	23	Industrial building construction	47	236210	187	47187	Williamson County, Tennessee	yes	1.3333333333333333	194.20710312366282	8028.3279900815205
1204	23	Industrial building construction	47	236210	189	47189	Wilson County, Tennessee	yes	1.0	152.89924166785525	6257.775652062719
1205	23	Land subdivision	47	237210	5	47005	Benton County, Tennessee	yes	1.0	10.704918032786885	588.8196721311476
1206	23	Land subdivision	47	237210	7	47007	Bledsoe County, Tennessee	yes	1.0	6.347653154682885	307.6769695971789
1207	23	Land subdivision	47	237210	9	47009	Blount County, Tennessee	yes	1.0	5.836872925753646	348.0701831815074
1208	23	Land subdivision	47	237210	11	47011	Bradley County, Tennessee	no	4.25	10.0	432.75
1209	23	Land subdivision	47	237210	11	47011	Bradley County, Tennessee	yes	3.5	20.577799388719086	1049.116282300639
1210	23	Land subdivision	47	237210	21	47021	Cheatham County, Tennessee	yes	1.0	5.836872925753646	348.0701831815074
1211	23	Land subdivision	47	237210	29	47029	Cocke County, Tennessee	yes	1.75	10.649257509802107	544.9654543957685
1212	23	Land subdivision	47	237210	35	47035	Cumberland County, Tennessee	yes	1.0	5.836872925753646	348.0701831815074
1213	23	Land subdivision	47	237210	37	47037	Davidson County, Tennessee	no	14.5	47.5	5192.833333333333
1214	23	Land subdivision	47	237210	43	47043	Dickson County, Tennessee	yes	2.0	11.673745851507292	696.1403663630148
1215	23	Land subdivision	47	237210	47	47047	Fayette County, Tennessee	yes	1.1666666666666667	7.621025931218127	446.20679520336535
1216	23	Land subdivision	47	237210	49	47049	Fentress County, Tennessee	yes	1.0	5.836872925753646	348.0701831815074
1217	23	Land subdivision	47	237210	53	47053	Gibson County, Tennessee	yes	1.0	7.608014571948998	461.3098360655738
1218	23	Land subdivision	47	237210	63	47063	Hamblen County, Tennessee	yes	1.0	5.836872925753646	348.0701831815074
1219	23	Land subdivision	47	237210	65	47065	Hamilton County, Tennessee	no	8.666666666666666	3.6666666666666665	446.0
1220	23	Land subdivision	47	237210	65	47065	Hamilton County, Tennessee	yes	8.333333333333334	44.112445278298935	3218.973840793353
1221	23	Land subdivision	47	237210	69	47069	Hardeman County, Tennessee	yes	1.0	7.546903460837887	369.4561323618701
1222	23	Land subdivision	47	237210	71	47071	Hardin County, Tennessee	yes	1.8333333333333333	9.889592846042808	598.0037543411569
1223	23	Land subdivision	47	237210	79	47079	Henry County, Tennessee	yes	1.0	5.836872925753646	348.0701831815074
1224	23	Land subdivision	47	237210	89	47089	Jefferson County, Tennessee	yes	1.0	10.704918032786885	588.8196721311476
1225	23	Land subdivision	47	237210	93	47093	Knox County, Tennessee	no	7.25	66.25	5678.0
1226	23	Land subdivision	47	237210	93	47093	Knox County, Tennessee	yes	5.0	20.845103578154422	835.528091650973
1227	23	Land subdivision	47	237210	99	47099	Lawrence County, Tennessee	yes	1.0	4.230131826741996	258.95932203389833
1228	23	Land subdivision	47	237210	105	47105	Loudon County, Tennessee	yes	1.0	5.836872925753646	348.0701831815074
1229	23	Land subdivision	47	237210	113	47113	Madison County, Tennessee	yes	1.1666666666666667	6.568354407235127	373.0856152802728
1230	23	Land subdivision	47	237210	115	47115	Marion County, Tennessee	yes	1.5	8.499919274165846	542.3018815644252
1231	23	Land subdivision	47	237210	125	47125	Montgomery County, Tennessee	no	3.3333333333333335	11.333333333333334	342.6666666666667
1232	23	Land subdivision	47	237210	125	47125	Montgomery County, Tennessee	yes	4.0	25.39061261873154	1230.7078783887157
1233	23	Land subdivision	47	237210	135	47135	Perry County, Tennessee	yes	1.0	5.836872925753646	348.0701831815074
1234	23	Land subdivision	47	237210	139	47139	Polk County, Tennessee	yes	1.0	5.836872925753646	348.0701831815074
1235	23	Land subdivision	47	237210	141	47141	Putnam County, Tennessee	yes	1.0	5.836872925753646	348.0701831815074
1236	23	Land subdivision	47	237210	147	47147	Robertson County, Tennessee	yes	1.0	5.733583489681051	415.7950951487537
1237	23	Land subdivision	47	237210	149	47149	Rutherford County, Tennessee	yes	2.0	11.673745851507292	696.1403663630148
1238	23	Land subdivision	47	237210	151	47151	Scott County, Tennessee	yes	1.0	5.836872925753646	348.0701831815074
1239	23	Land subdivision	47	237210	153	47153	Sequatchie County, Tennessee	yes	1.0	5.836872925753646	348.0701831815074
1240	23	Land subdivision	47	237210	155	47155	Sevier County, Tennessee	no	3.0	4.0	100.0
1241	23	Land subdivision	47	237210	155	47155	Sevier County, Tennessee	yes	2.4	15.44759538919475	909.503434953247
1242	23	Land subdivision	47	237210	157	47157	Shelby County, Tennessee	no	9.666666666666666	35.333333333333336	1696.3333333333333
1243	23	Land subdivision	47	237210	157	47157	Shelby County, Tennessee	yes	13.333333333333334	94.80232677801446	4758.3592338749795
1244	23	Land subdivision	47	237210	163	47163	Sullivan County, Tennessee	yes	1.0	7.390695004049662	473.469954142885
1245	23	Land subdivision	47	237210	165	47165	Sumner County, Tennessee	no	5.0	6.0	698.5
1246	23	Land subdivision	47	237210	165	47165	Sumner County, Tennessee	yes	2.5	12.078781229794044	804.2340781996012
1247	23	Land subdivision	47	237210	167	47167	Tipton County, Tennessee	yes	1.1666666666666667	6.495065016149126	378.75662385947345
1248	23	Land subdivision	47	237210	177	47177	Warren County, Tennessee	yes	1.0	5.836872925753646	348.0701831815074
1249	23	Land subdivision	47	237210	179	47179	Washington County, Tennessee	yes	2.0	11.673745851507292	696.1403663630148
1250	23	Land subdivision	47	237210	187	47187	Williamson County, Tennessee	no	11.333333333333334	36.333333333333336	3770.1666666666665
1251	23	Land subdivision	47	237210	189	47189	Wilson County, Tennessee	yes	1.1666666666666667	6.5887247776054965	403.7035165148407
1252	23	Masonry contractors	47	238140	1	47001	Anderson County, Tennessee	yes	1.1666666666666667	10.708592514410576	296.50235707712426
1253	23	Masonry contractors	47	238140	3	47003	Bedford County, Tennessee	yes	1.0	8.621922270489623	269.9880373587043
1254	23	Masonry contractors	47	238140	9	47009	Blount County, Tennessee	no	6.833333333333333	63.666666666666664	3068.6666666666665
1255	23	Masonry contractors	47	238140	11	47011	Bradley County, Tennessee	yes	2.0	18.301242999835647	535.3477093233306
1256	23	Masonry contractors	47	238140	13	47013	Campbell County, Tennessee	yes	1.0	9.469933728636205	343.5111614928497
1257	23	Masonry contractors	47	238140	19	47019	Carter County, Tennessee	no	4.2	6.0	94.0
1258	23	Masonry contractors	47	238140	19	47019	Carter County, Tennessee	yes	4.0	31.28767123287671	982.0273972602739
1259	23	Masonry contractors	47	238140	21	47021	Cheatham County, Tennessee	no	3.8	14.0	277.2
1260	23	Masonry contractors	47	238140	21	47021	Cheatham County, Tennessee	yes	3.0	28.043478260869563	518.9130434782609
1261	23	Masonry contractors	47	238140	23	47023	Chester County, Tennessee	yes	1.0	9.150621499917824	267.6738546616653
1262	23	Masonry contractors	47	238140	25	47025	Claiborne County, Tennessee	yes	1.3333333333333333	12.67427878892038	339.186180606536
1263	23	Masonry contractors	47	238140	29	47029	Cocke County, Tennessee	yes	1.5	13.977931756956911	380.10398882571417
1264	23	Masonry contractors	47	238140	31	47031	Coffee County, Tennessee	yes	1.0	9.150621499917824	267.6738546616653
1265	23	Masonry contractors	47	238140	33	47033	Crockett County, Tennessee	yes	1.0	9.150621499917824	267.6738546616653
1266	23	Masonry contractors	47	238140	35	47035	Cumberland County, Tennessee	no	3.75	5.0	233.0
1267	23	Masonry contractors	47	238140	35	47035	Cumberland County, Tennessee	yes	3.0	28.409801185908613	1030.5334844785489
1268	23	Masonry contractors	47	238140	37	47037	Davidson County, Tennessee	no	34.166666666666664	718.1666666666666	26957.166666666668
1269	23	Masonry contractors	47	238140	39	47039	Decatur County, Tennessee	yes	1.0	8.64662248575747	310.4874409952331
1270	23	Masonry contractors	47	238140	41	47041	DeKalb County, Tennessee	yes	2.3333333333333335	21.961886590208067	607.0378434873794
1271	23	Masonry contractors	47	238140	43	47043	Dickson County, Tennessee	yes	1.0	9.111180582510084	286.6144226954477
1272	23	Masonry contractors	47	238140	45	47045	Dyer County, Tennessee	yes	1.8333333333333333	16.726861073151927	480.75238820937784
1273	23	Masonry contractors	47	238140	47	47047	Fayette County, Tennessee	yes	1.0	9.150621499917824	267.6738546616653
1274	23	Masonry contractors	47	238140	51	47051	Franklin County, Tennessee	no	3.0	8.6	215.0
1275	23	Masonry contractors	47	238140	51	47051	Franklin County, Tennessee	yes	3.0	23.46575342465753	736.5205479452054
1276	23	Masonry contractors	47	238140	53	47053	Gibson County, Tennessee	yes	3.8333333333333335	34.86682613658211	984.8423923453256
1277	23	Masonry contractors	47	238140	55	47055	Giles County, Tennessee	yes	1.0	8.64662248575747	310.4874409952331
1278	23	Masonry contractors	47	238140	59	47059	Greene County, Tennessee	yes	1.6666666666666667	15.168890058659175	451.92388579391894
1279	23	Masonry contractors	47	238140	63	47063	Hamblen County, Tennessee	yes	3.3333333333333335	30.60850907596554	917.5252844826124
1280	23	Masonry contractors	47	238140	65	47065	Hamilton County, Tennessee	no	14.666666666666666	270.8333333333333	10995.833333333334
1281	23	Masonry contractors	47	238140	71	47071	Hardin County, Tennessee	yes	1.3333333333333333	12.012245482447106	337.4201652963024
1282	23	Masonry contractors	47	238140	73	47073	Hawkins County, Tennessee	yes	2.0	18.301242999835647	535.3477093233306
1283	23	Masonry contractors	47	238140	77	47077	Henderson County, Tennessee	yes	1.8333333333333333	16.997590031799117	494.4299011041526
1284	23	Masonry contractors	47	238140	79	47079	Henry County, Tennessee	yes	2.1666666666666665	20.266929274345447	578.0315328527424
1285	23	Masonry contractors	47	238140	81	47081	Hickman County, Tennessee	no	6.166666666666667	41.333333333333336	1065.3333333333333
1286	23	Masonry contractors	47	238140	83	47083	Houston County, Tennessee	yes	1.0	9.150621499917824	267.6738546616653
1287	23	Masonry contractors	47	238140	87	47087	Jackson County, Tennessee	yes	2.0	18.301242999835647	535.3477093233306
1288	23	Masonry contractors	47	238140	89	47089	Jefferson County, Tennessee	yes	1.1666666666666667	10.708592514410576	296.50235707712426
1289	23	Masonry contractors	47	238140	93	47093	Knox County, Tennessee	no	9.833333333333334	87.66666666666667	2627.1666666666665
1290	23	Masonry contractors	47	238140	97	47097	Lauderdale County, Tennessee	no	3.0	2.6666666666666665	22.0
1291	23	Masonry contractors	47	238140	97	47097	Lauderdale County, Tennessee	yes	3.0	28.963861542234525	674.5808049842926
1292	23	Masonry contractors	47	238140	99	47099	Lawrence County, Tennessee	no	3.3333333333333335	2.1666666666666665	83.16666666666667
1293	23	Masonry contractors	47	238140	103	47103	Lincoln County, Tennessee	yes	1.5	13.258784991066111	295.7244391502879
1294	23	Masonry contractors	47	238140	105	47105	Loudon County, Tennessee	no	4.333333333333333	26.166666666666668	790.8333333333334
1295	23	Masonry contractors	47	238140	113	47113	Madison County, Tennessee	no	4.75	15.75	592.0
1296	23	Masonry contractors	47	238140	113	47113	Madison County, Tennessee	yes	3.0	28.409801185908613	1030.5334844785489
1297	23	Masonry contractors	47	238140	117	47117	Marshall County, Tennessee	yes	1.0	9.150621499917824	267.6738546616653
1298	23	Masonry contractors	47	238140	119	47119	Maury County, Tennessee	no	5.833333333333333	74.5	3753.5
1299	23	Masonry contractors	47	238140	123	47123	Monroe County, Tennessee	yes	1.0	9.433496276082808	296.8913160405425
1300	23	Masonry contractors	47	238140	125	47125	Montgomery County, Tennessee	no	3.5	4.0	183.0
1301	23	Masonry contractors	47	238140	125	47125	Montgomery County, Tennessee	yes	2.75	26.792405732856615	876.4505059027017
1302	23	Masonry contractors	47	238140	127	47127	Moore County, Tennessee	yes	1.0	9.150621499917824	267.6738546616653
1303	23	Masonry contractors	47	238140	131	47131	Obion County, Tennessee	yes	1.0	9.150621499917824	267.6738546616653
1304	23	Masonry contractors	47	238140	135	47135	Perry County, Tennessee	yes	1.0	7.0	244.44
1305	23	Masonry contractors	47	238140	137	47137	Pickett County, Tennessee	yes	1.0	9.150621499917824	267.6738546616653
1306	23	Masonry contractors	47	238140	141	47141	Putnam County, Tennessee	no	4.666666666666667	12.666666666666666	474.0
1307	23	Masonry contractors	47	238140	141	47141	Putnam County, Tennessee	yes	3.0	28.963861542234525	674.5808049842926
1308	23	Masonry contractors	47	238140	143	47143	Rhea County, Tennessee	yes	1.5	13.473932742796558	422.91757515928185
1309	23	Masonry contractors	47	238140	145	47145	Roane County, Tennessee	no	3.25	4.0	198.0
1310	23	Masonry contractors	47	238140	145	47145	Roane County, Tennessee	yes	2.5	24.691176470588236	628.5944117647059
1311	23	Masonry contractors	47	238140	147	47147	Robertson County, Tennessee	no	3.4	3.6	77.6
1312	23	Masonry contractors	47	238140	147	47147	Robertson County, Tennessee	yes	2.0	18.695652173913043	345.94202898550725
1313	23	Masonry contractors	47	238140	149	47149	Rutherford County, Tennessee	no	15.666666666666666	93.83333333333333	3385.8333333333335
1314	23	Masonry contractors	47	238140	155	47155	Sevier County, Tennessee	no	3.6666666666666665	7.5	172.33333333333334
1315	23	Masonry contractors	47	238140	157	47157	Shelby County, Tennessee	no	22.333333333333332	368.6666666666667	13555.0
1316	23	Masonry contractors	47	238140	161	47161	Stewart County, Tennessee	yes	1.0	9.469933728636205	343.5111614928497
1317	23	Masonry contractors	47	238140	163	47163	Sullivan County, Tennessee	no	5.833333333333333	40.833333333333336	1751.3333333333333
1318	23	Masonry contractors	47	238140	165	47165	Sumner County, Tennessee	no	6.666666666666667	90.83333333333333	5125.5
1319	23	Masonry contractors	47	238140	167	47167	Tipton County, Tennessee	yes	1.3333333333333333	12.012245482447106	337.4201652963024
1320	23	Masonry contractors	47	238140	169	47169	Trousdale County, Tennessee	yes	1.0	8.58487194758785	209.23893190391107
1321	23	Masonry contractors	47	238140	173	47173	Union County, Tennessee	yes	1.0	9.347826086956522	172.97101449275362
1322	23	Masonry contractors	47	238140	177	47177	Warren County, Tennessee	yes	1.1666666666666667	11.116307774427625	310.3576781910771
1323	23	Masonry contractors	47	238140	179	47179	Washington County, Tennessee	no	4.166666666666667	6.166666666666667	186.33333333333334
1324	23	Masonry contractors	47	238140	183	47183	Weakley County, Tennessee	yes	1.0	9.654620514078173	224.8602683280976
1325	23	Masonry contractors	47	238140	185	47185	White County, Tennessee	yes	1.1666666666666667	11.116307774427625	310.3576781910771
1326	23	Masonry contractors	47	238140	187	47187	Williamson County, Tennessee	no	6.0	120.5	5811.5
1327	23	Masonry contractors	47	238140	187	47187	Williamson County, Tennessee	yes	7.5	72.56708299758259	1878.3876913779209
1328	23	Masonry contractors	47	238140	189	47189	Wilson County, Tennessee	yes	2.1666666666666665	19.604895967872174	576.2655175425087
1329	23	New housing for-sale builders	47	236117	1	47001	Anderson County, Tennessee	yes	1.1666666666666667	6.725532915481746	441.1980339281143
1330	23	New housing for-sale builders	47	236117	3	47003	Bedford County, Tennessee	yes	1.1666666666666667	6.725532915481746	441.1980339281143
1331	23	New housing for-sale builders	47	236117	9	47009	Blount County, Tennessee	no	6.0	29.666666666666668	1082.6666666666667
1332	23	New housing for-sale builders	47	236117	9	47009	Blount County, Tennessee	yes	5.0	33.15138154027043	1840.7896090534978
1333	23	New housing for-sale builders	47	236117	11	47011	Bradley County, Tennessee	yes	1.8333333333333333	10.346127559358553	774.013351806846
1334	23	New housing for-sale builders	47	236117	13	47013	Campbell County, Tennessee	yes	1.3333333333333333	8.785831863609642	509.22736625514403
1335	23	New housing for-sale builders	47	236117	19	47019	Carter County, Tennessee	yes	1.1666666666666667	6.7683312693912105	475.60518413387564
1336	23	New housing for-sale builders	47	236117	21	47021	Cheatham County, Tennessee	yes	1.8333333333333333	9.537875394856389	746.2113586611027
1337	23	New housing for-sale builders	47	236117	25	47025	Claiborne County, Tennessee	yes	2.1666666666666665	12.416086407095177	846.2684958397676
1338	23	New housing for-sale builders	47	236117	29	47029	Cocke County, Tennessee	yes	1.0	5.690553491613433	405.07046191165347
1339	23	New housing for-sale builders	47	236117	31	47031	Coffee County, Tennessee	no	5.5	7.333333333333333	282.5
1340	23	New housing for-sale builders	47	236117	35	47035	Cumberland County, Tennessee	yes	1.0	4.75083067517278	441.9830020126072
1341	23	New housing for-sale builders	47	236117	37	47037	Davidson County, Tennessee	no	27.0	81.83333333333333	5073.333333333333
1342	23	New housing for-sale builders	47	236117	41	47041	DeKalb County, Tennessee	yes	1.0	6.338271604938272	319.98688271604937
1343	23	New housing for-sale builders	47	236117	43	47043	Dickson County, Tennessee	yes	1.0	6.338271604938272	319.98688271604937
1344	23	New housing for-sale builders	47	236117	47	47047	Fayette County, Tennessee	yes	2.6666666666666665	15.599753909183733	1095.0619899918147
1345	23	New housing for-sale builders	47	236117	49	47049	Fentress County, Tennessee	yes	1.0	5.586688881294145	442.73146787423104
1346	23	New housing for-sale builders	47	236117	51	47051	Franklin County, Tennessee	yes	1.0	5.563900412858746	350.54045163941
1347	23	New housing for-sale builders	47	236117	53	47053	Gibson County, Tennessee	no	4.0	8.0	405.0
1348	23	New housing for-sale builders	47	236117	53	47053	Gibson County, Tennessee	yes	2.25	14.272607444537268	960.5652818388563
1349	23	New housing for-sale builders	47	236117	55	47055	Giles County, Tennessee	yes	1.0	6.338271604938272	319.98688271604937
1350	23	New housing for-sale builders	47	236117	57	47057	Grainger County, Tennessee	no	3.0	7.5	190.33333333333334
1351	23	New housing for-sale builders	47	236117	59	47059	Greene County, Tennessee	no	3.0	15.0	554.5
1352	23	New housing for-sale builders	47	236117	59	47059	Greene County, Tennessee	yes	2.5	17.288095238095238	1119.9583333333333
1353	23	New housing for-sale builders	47	236117	63	47063	Hamblen County, Tennessee	no	3.5	7.75	343.5
1354	23	New housing for-sale builders	47	236117	63	47063	Hamblen County, Tennessee	yes	2.5	16.52910052910053	789.6481481481482
1355	23	New housing for-sale builders	47	236117	65	47065	Hamilton County, Tennessee	no	21.0	61.0	3745.75
1356	23	New housing for-sale builders	47	236117	65	47065	Hamilton County, Tennessee	yes	22.0	139.44197530864196	7039.7114197530855
1357	23	New housing for-sale builders	47	236117	67	47067	Hancock County, Tennessee	yes	1.0	5.690553491613433	405.07046191165347
1358	23	New housing for-sale builders	47	236117	71	47071	Hardin County, Tennessee	yes	1.0	5.366694434951014	447.61225150945546
1359	23	New housing for-sale builders	47	236117	79	47079	Henry County, Tennessee	yes	1.0	5.690553491613433	405.07046191165347
1360	23	New housing for-sale builders	47	236117	87	47087	Jackson County, Tennessee	yes	1.1666666666666667	6.725532915481746	441.1980339281143
1361	23	New housing for-sale builders	47	236117	89	47089	Jefferson County, Tennessee	yes	2.0	11.381106983226866	810.1409238233069
1362	23	New housing for-sale builders	47	236117	93	47093	Knox County, Tennessee	no	36.8	184.0	9941.8
1363	23	New housing for-sale builders	47	236117	93	47093	Knox County, Tennessee	yes	42.0	271.59999999999997	17774.75
1364	23	New housing for-sale builders	47	236117	99	47099	Lawrence County, Tennessee	yes	2.0	11.381106983226866	810.1409238233069
1365	23	New housing for-sale builders	47	236117	103	47103	Lincoln County, Tennessee	yes	1.0	5.690553491613433	405.07046191165347
1366	23	New housing for-sale builders	47	236117	105	47105	Loudon County, Tennessee	no	4.0	4.0	155.0
1367	23	New housing for-sale builders	47	236117	105	47105	Loudon County, Tennessee	yes	2.0	11.17337776258829	885.4629357484621
1368	23	New housing for-sale builders	47	236117	109	47109	McNairy County, Tennessee	yes	1.0	5.690553491613433	405.07046191165347
1369	23	New housing for-sale builders	47	236117	113	47113	Madison County, Tennessee	no	4.0	7.0	238.0
1370	23	New housing for-sale builders	47	236117	113	47113	Madison County, Tennessee	yes	2.2	12.312637021847548	846.238861674388
1371	23	New housing for-sale builders	47	236117	117	47117	Marshall County, Tennessee	yes	1.0	6.209876543209877	216.76543209876542
1372	23	New housing for-sale builders	47	236117	119	47119	Maury County, Tennessee	yes	3.6666666666666665	20.182875134666073	1496.7992718714577
1373	23	New housing for-sale builders	47	236117	123	47123	Monroe County, Tennessee	yes	1.0	6.338271604938272	319.98688271604937
1374	23	New housing for-sale builders	47	236117	125	47125	Montgomery County, Tennessee	no	19.833333333333332	89.16666666666667	4989.166666666667
1375	23	New housing for-sale builders	47	236117	141	47141	Putnam County, Tennessee	no	5.0	7.75	358.75
1376	23	New housing for-sale builders	47	236117	141	47141	Putnam County, Tennessee	yes	3.0	13.24715909090909	1081.3445616883118
1377	23	New housing for-sale builders	47	236117	143	47143	Rhea County, Tennessee	yes	1.5	9.005691645640475	589.1494228170033
1378	23	New housing for-sale builders	47	236117	145	47145	Roane County, Tennessee	yes	1.1666666666666667	6.725532915481746	441.1980339281143
1379	23	New housing for-sale builders	47	236117	147	47147	Robertson County, Tennessee	no	4.4	6.8	355.4
1380	23	New housing for-sale builders	47	236117	147	47147	Robertson County, Tennessee	yes	4.0	21.684210526315788	2420.210526315789
1381	23	New housing for-sale builders	47	236117	149	47149	Rutherford County, Tennessee	no	19.833333333333332	66.33333333333333	6858.333333333333
1382	23	New housing for-sale builders	47	236117	151	47151	Scott County, Tennessee	yes	1.1666666666666667	6.7683312693912105	475.60518413387564
1383	23	New housing for-sale builders	47	236117	155	47155	Sevier County, Tennessee	no	3.5	4.5	250.5
1384	23	New housing for-sale builders	47	236117	157	47157	Shelby County, Tennessee	no	23.5	98.83333333333333	7183.666666666667
1385	23	New housing for-sale builders	47	236117	163	47163	Sullivan County, Tennessee	no	4.666666666666667	4.0	324.3333333333333
1386	23	New housing for-sale builders	47	236117	163	47163	Sullivan County, Tennessee	yes	3.3333333333333335	16.05950956937799	1527.6332165641377
1387	23	New housing for-sale builders	47	236117	165	47165	Sumner County, Tennessee	no	8.0	162.0	16508.0
1388	23	New housing for-sale builders	47	236117	165	47165	Sumner County, Tennessee	yes	6.5	40.16584284786039	2850.3433438921375
1389	23	New housing for-sale builders	47	236117	167	47167	Tipton County, Tennessee	yes	1.0	5.366694434951014	447.61225150945546
1390	23	New housing for-sale builders	47	236117	173	47173	Union County, Tennessee	yes	1.3333333333333333	7.162460057269999	525.2198576547992
1391	23	New housing for-sale builders	47	236117	179	47179	Washington County, Tennessee	no	7.0	25.0	879.8333333333334
1392	23	New housing for-sale builders	47	236117	183	47183	Weakley County, Tennessee	yes	1.0	6.466666666666667	423.2083333333333
1393	23	New housing for-sale builders	47	236117	185	47185	White County, Tennessee	yes	1.0	4.75083067517278	441.9830020126072
1394	23	New housing for-sale builders	47	236117	187	47187	Williamson County, Tennessee	no	35.166666666666664	402.1666666666667	33620.166666666664
1395	23	New housing for-sale builders	47	236117	189	47189	Wilson County, Tennessee	no	10.166666666666666	40.833333333333336	3177.6666666666665
1396	23	New multifamily housing construction (except for-sale builders)	47	236116	37	47037	Davidson County, Tennessee	no	6.666666666666667	71.0	9463.333333333334
1397	23	New multifamily housing construction (except for-sale builders)	47	236116	37	47037	Davidson County, Tennessee	yes	4.666666666666667	43.56929824561403	3708.578070175439
1398	23	New multifamily housing construction (except for-sale builders)	47	236116	39	47039	Decatur County, Tennessee	yes	1.0	9.649753550543023	795.4512071846283
1399	23	New multifamily housing construction (except for-sale builders)	47	236116	49	47049	Fentress County, Tennessee	yes	1.0	9.649753550543023	795.4512071846283
1400	23	New multifamily housing construction (except for-sale builders)	47	236116	53	47053	Gibson County, Tennessee	yes	1.0	9.649753550543023	795.4512071846283
1401	23	New multifamily housing construction (except for-sale builders)	47	236116	55	47055	Giles County, Tennessee	yes	1.0	9.649753550543023	795.4512071846283
1402	23	New multifamily housing construction (except for-sale builders)	47	236116	57	47057	Grainger County, Tennessee	yes	1.0	9.649753550543023	795.4512071846283
1403	23	New multifamily housing construction (except for-sale builders)	47	236116	79	47079	Henry County, Tennessee	yes	1.0	9.649753550543023	795.4512071846283
1404	23	New multifamily housing construction (except for-sale builders)	47	236116	93	47093	Knox County, Tennessee	no	3.75	12.25	324.75
1405	23	New multifamily housing construction (except for-sale builders)	47	236116	93	47093	Knox County, Tennessee	yes	2.0	20.465714285714284	1552.142857142857
1406	23	New multifamily housing construction (except for-sale builders)	47	236116	97	47097	Lauderdale County, Tennessee	yes	1.0	9.974736842105262	841.2905263157894
1407	23	New multifamily housing construction (except for-sale builders)	47	236116	113	47113	Madison County, Tennessee	yes	1.0	9.974736842105262	841.2905263157894
1408	23	New multifamily housing construction (except for-sale builders)	47	236116	123	47123	Monroe County, Tennessee	yes	1.0	9.649753550543023	795.4512071846283
1409	23	New multifamily housing construction (except for-sale builders)	47	236116	139	47139	Polk County, Tennessee	yes	1.0	8.933333333333334	792.3333333333334
1410	23	New multifamily housing construction (except for-sale builders)	47	236116	143	47143	Rhea County, Tennessee	yes	1.0	8.16	667.16
1411	23	New multifamily housing construction (except for-sale builders)	47	236116	149	47149	Rutherford County, Tennessee	yes	1.0	9.541904761904762	739.7676190476191
1412	23	New multifamily housing construction (except for-sale builders)	47	236116	155	47155	Sevier County, Tennessee	yes	1.0	8.55	745.6500000000001
1413	23	New multifamily housing construction (except for-sale builders)	47	236116	157	47157	Shelby County, Tennessee	no	4.0	35.166666666666664	1586.6666666666667
1414	23	New multifamily housing construction (except for-sale builders)	47	236116	163	47163	Sullivan County, Tennessee	yes	1.0	8.16	667.16
1415	23	New multifamily housing construction (except for-sale builders)	47	236116	165	47165	Sumner County, Tennessee	yes	1.6666666666666667	15.974594820384295	1310.47223893066
1416	23	New multifamily housing construction (except for-sale builders)	47	236116	167	47167	Tipton County, Tennessee	yes	1.0	8.55	745.6500000000001
1417	23	New multifamily housing construction (except for-sale builders)	47	236116	177	47177	Warren County, Tennessee	yes	1.0	9.627602339181285	824.971461988304
1418	23	New multifamily housing construction (except for-sale builders)	47	236116	179	47179	Washington County, Tennessee	yes	1.0	8.16	667.16
1419	23	New multifamily housing construction (except for-sale builders)	47	236116	187	47187	Williamson County, Tennessee	yes	1.3333333333333333	12.498642439431913	1038.700096073517
1420	23	New multifamily housing construction (except for-sale builders)	47	236116	189	47189	Wilson County, Tennessee	yes	2.1666666666666665	20.638467000835423	1736.9171136173766
1421	23	New single-family housing construction (except for-sale builders)	47	236115	1	47001	Anderson County, Tennessee	no	6.666666666666667	13.333333333333334	797.6666666666666
1422	23	New single-family housing construction (except for-sale builders)	47	236115	3	47003	Bedford County, Tennessee	yes	2.3333333333333335	20.15127064850872	442.7167503305887
1423	23	New single-family housing construction (except for-sale builders)	47	236115	5	47005	Benton County, Tennessee	no	3.0	8.5	310.0
1424	23	New single-family housing construction (except for-sale builders)	47	236115	7	47007	Bledsoe County, Tennessee	yes	1.0	15.024096385542169	270.3614457831325
1425	23	New single-family housing construction (except for-sale builders)	47	236115	9	47009	Blount County, Tennessee	no	27.5	77.66666666666667	3505.5
1426	23	New single-family housing construction (except for-sale builders)	47	236115	11	47011	Bradley County, Tennessee	no	11.166666666666666	55.5	1397.1666666666667
1427	23	New single-family housing construction (except for-sale builders)	47	236115	13	47013	Campbell County, Tennessee	no	4.0	11.0	454.3333333333333
1428	23	New single-family housing construction (except for-sale builders)	47	236115	15	47015	Cannon County, Tennessee	yes	1.0	7.571619259997333	176.29813420143896
1429	23	New single-family housing construction (except for-sale builders)	47	236115	17	47017	Carroll County, Tennessee	yes	1.3333333333333333	10.57208922496358	236.30872977522344
1430	23	New single-family housing construction (except for-sale builders)	47	236115	19	47019	Carter County, Tennessee	no	3.0	5.0	84.0
1431	23	New single-family housing construction (except for-sale builders)	47	236115	19	47019	Carter County, Tennessee	yes	2.0	14.211886223993597	302.9505220834534
1432	23	New single-family housing construction (except for-sale builders)	47	236115	21	47021	Cheatham County, Tennessee	no	6.0	8.666666666666666	353.6666666666667
1433	23	New single-family housing construction (except for-sale builders)	47	236115	23	47023	Chester County, Tennessee	yes	1.0	9.624743408987834	182.26805682221521
1434	23	New single-family housing construction (except for-sale builders)	47	236115	25	47025	Claiborne County, Tennessee	no	6.333333333333333	12.333333333333334	353.1666666666667
1435	23	New single-family housing construction (except for-sale builders)	47	236115	27	47027	Clay County, Tennessee	yes	1.5	11.484098801732193	252.74993111906034
1436	23	New single-family housing construction (except for-sale builders)	47	236115	29	47029	Cocke County, Tennessee	no	3.0	2.5	80.5
1437	23	New single-family housing construction (except for-sale builders)	47	236115	29	47029	Cocke County, Tennessee	yes	3.0	37.38614457831325	856.1609186746987
1438	23	New single-family housing construction (except for-sale builders)	47	236115	31	47031	Coffee County, Tennessee	no	6.5	53.0	1693.25
1439	23	New single-family housing construction (except for-sale builders)	47	236115	31	47031	Coffee County, Tennessee	yes	5.0	59.748192771084334	1441.9603915662651
1440	23	New single-family housing construction (except for-sale builders)	47	236115	33	47033	Crockett County, Tennessee	yes	1.0	7.571619259997333	176.29813420143896
1441	23	New single-family housing construction (except for-sale builders)	47	236115	35	47035	Cumberland County, Tennessee	no	9.333333333333334	22.333333333333332	1236.5
1442	23	New single-family housing construction (except for-sale builders)	47	236115	37	47037	Davidson County, Tennessee	no	60.5	168.16666666666666	10701.666666666666
1443	23	New single-family housing construction (except for-sale builders)	47	236115	39	47039	Decatur County, Tennessee	yes	2.0	15.143238519994666	352.5962684028779
1444	23	New single-family housing construction (except for-sale builders)	47	236115	41	47041	DeKalb County, Tennessee	no	3.5	2.0	68.5
1445	23	New single-family housing construction (except for-sale builders)	47	236115	41	47041	DeKalb County, Tennessee	yes	2.0	9.904732664143989	359.4156027896736
1446	23	New single-family housing construction (except for-sale builders)	47	236115	43	47043	Dickson County, Tennessee	no	6.333333333333333	7.5	448.8333333333333
1447	23	New single-family housing construction (except for-sale builders)	47	236115	45	47045	Dyer County, Tennessee	no	4.333333333333333	4.833333333333333	256.3333333333333
1448	23	New single-family housing construction (except for-sale builders)	47	236115	47	47047	Fayette County, Tennessee	no	5.0	6.5	444.3333333333333
1449	23	New single-family housing construction (except for-sale builders)	47	236115	49	47049	Fentress County, Tennessee	no	4.0	1.6666666666666667	157.66666666666666
1450	23	New single-family housing construction (except for-sale builders)	47	236115	49	47049	Fentress County, Tennessee	yes	2.0	6.606310218858652	278.9458037195648
1451	23	New single-family housing construction (except for-sale builders)	47	236115	51	47051	Franklin County, Tennessee	no	9.166666666666666	16.0	713.0
1452	23	New single-family housing construction (except for-sale builders)	47	236115	53	47053	Gibson County, Tennessee	no	7.333333333333333	8.5	403.3333333333333
1453	23	New single-family housing construction (except for-sale builders)	47	236115	55	47055	Giles County, Tennessee	no	3.4	5.6	157.4
1454	23	New single-family housing construction (except for-sale builders)	47	236115	55	47055	Giles County, Tennessee	yes	2.0	30.048192771084338	540.722891566265
1455	23	New single-family housing construction (except for-sale builders)	47	236115	57	47057	Grainger County, Tennessee	no	5.833333333333333	13.0	470.8333333333333
1456	23	New single-family housing construction (except for-sale builders)	47	236115	59	47059	Greene County, Tennessee	no	11.166666666666666	25.333333333333332	869.6666666666666
1457	23	New single-family housing construction (except for-sale builders)	47	236115	63	47063	Hamblen County, Tennessee	yes	1.3333333333333333	16.848115539079394	303.2438484708063
1458	23	New single-family housing construction (except for-sale builders)	47	236115	65	47065	Hamilton County, Tennessee	no	37.666666666666664	114.83333333333333	5378.833333333333
1459	23	New single-family housing construction (except for-sale builders)	47	236115	67	47067	Hancock County, Tennessee	yes	1.0	3.303155109429326	139.4729018597824
1460	23	New single-family housing construction (except for-sale builders)	47	236115	69	47069	Hardeman County, Tennessee	yes	2.0	15.143238519994666	352.5962684028779
1461	23	New single-family housing construction (except for-sale builders)	47	236115	71	47071	Hardin County, Tennessee	no	4.833333333333333	31.166666666666668	481.0
1462	23	New single-family housing construction (except for-sale builders)	47	236115	73	47073	Hawkins County, Tennessee	no	4.0	15.0	249.0
1463	23	New single-family housing construction (except for-sale builders)	47	236115	73	47073	Hawkins County, Tennessee	yes	2.4	18.918243962640492	509.83184970161835
1464	23	New single-family housing construction (except for-sale builders)	47	236115	75	47075	Haywood County, Tennessee	no	4.0	5.4	193.6
1465	23	New single-family housing construction (except for-sale builders)	47	236115	75	47075	Haywood County, Tennessee	yes	3.0	31.78846153846154	205.78846153846155
1466	23	New single-family housing construction (except for-sale builders)	47	236115	77	47077	Henderson County, Tennessee	no	5.0	10.2	167.2
1467	23	New single-family housing construction (except for-sale builders)	47	236115	77	47077	Henderson County, Tennessee	yes	2.0	21.192307692307693	137.1923076923077
1468	23	New single-family housing construction (except for-sale builders)	47	236115	79	47079	Henry County, Tennessee	no	4.833333333333333	6.833333333333333	258.8333333333333
1469	23	New single-family housing construction (except for-sale builders)	47	236115	81	47081	Hickman County, Tennessee	yes	2.0	8.174413515207819	306.7380097045673
1470	23	New single-family housing construction (except for-sale builders)	47	236115	83	47083	Houston County, Tennessee	no	3.3333333333333335	4.333333333333333	81.33333333333333
1471	23	New single-family housing construction (except for-sale builders)	47	236115	83	47083	Houston County, Tennessee	yes	2.0	14.636558873049886	399.3853491352702
1472	23	New single-family housing construction (except for-sale builders)	47	236115	85	47085	Humphreys County, Tennessee	yes	1.6666666666666667	12.996784619285444	287.5771637929488
1473	23	New single-family housing construction (except for-sale builders)	47	236115	87	47087	Jackson County, Tennessee	yes	1.0	11.84008341056534	213.12336654309547
1474	23	New single-family housing construction (except for-sale builders)	47	236115	89	47089	Jefferson County, Tennessee	no	7.0	10.666666666666666	652.1666666666666
1475	23	New single-family housing construction (except for-sale builders)	47	236115	91	47091	Johnson County, Tennessee	yes	2.1666666666666665	16.793238519994663	402.6650184028779
1476	23	New single-family housing construction (except for-sale builders)	47	236115	93	47093	Knox County, Tennessee	no	49.333333333333336	137.83333333333334	5136.5
1477	23	New single-family housing construction (except for-sale builders)	47	236115	95	47095	Lake County, Tennessee	yes	1.0	9.9	300.4125
1478	23	New single-family housing construction (except for-sale builders)	47	236115	97	47097	Lauderdale County, Tennessee	yes	1.0	7.571619259997333	176.29813420143896
1479	23	New single-family housing construction (except for-sale builders)	47	236115	99	47099	Lawrence County, Tennessee	yes	1.0	7.571619259997333	176.29813420143896
1480	23	New single-family housing construction (except for-sale builders)	47	236115	101	47101	Lewis County, Tennessee	yes	1.0	10.596153846153847	68.59615384615385
1481	23	New single-family housing construction (except for-sale builders)	47	236115	103	47103	Lincoln County, Tennessee	no	5.833333333333333	13.166666666666666	376.1666666666667
1482	23	New single-family housing construction (except for-sale builders)	47	236115	105	47105	Loudon County, Tennessee	no	10.833333333333334	10.166666666666666	1074.6666666666667
1483	23	New single-family housing construction (except for-sale builders)	47	236115	107	47107	McMinn County, Tennessee	no	4.333333333333333	7.0	215.33333333333334
1484	23	New single-family housing construction (except for-sale builders)	47	236115	109	47109	McNairy County, Tennessee	no	6.5	13.833333333333334	330.8333333333333
1485	23	New single-family housing construction (except for-sale builders)	47	236115	111	47111	Macon County, Tennessee	no	3.2	4.2	75.8
1486	23	New single-family housing construction (except for-sale builders)	47	236115	111	47111	Macon County, Tennessee	yes	2.0	19.8	600.825
1487	23	New single-family housing construction (except for-sale builders)	47	236115	113	47113	Madison County, Tennessee	no	9.75	151.75	12374.75
1488	23	New single-family housing construction (except for-sale builders)	47	236115	113	47113	Madison County, Tennessee	yes	13.0	162.0066265060241	3710.0306475903617
1489	23	New single-family housing construction (except for-sale builders)	47	236115	115	47115	Marion County, Tennessee	no	4.2	4.8	214.8
1490	23	New single-family housing construction (except for-sale builders)	47	236115	115	47115	Marion County, Tennessee	yes	3.0	29.7	901.2375
1491	23	New single-family housing construction (except for-sale builders)	47	236115	117	47117	Marshall County, Tennessee	no	3.5	10.0	409.1666666666667
1492	23	New single-family housing construction (except for-sale builders)	47	236115	119	47119	Maury County, Tennessee	no	8.333333333333334	38.5	1757.6666666666667
1493	23	New single-family housing construction (except for-sale builders)	47	236115	121	47121	Meigs County, Tennessee	yes	1.0	12.462048192771086	285.3869728915663
1494	23	New single-family housing construction (except for-sale builders)	47	236115	123	47123	Monroe County, Tennessee	no	4.8	4.2	300.0
1495	23	New single-family housing construction (except for-sale builders)	47	236115	123	47123	Monroe County, Tennessee	yes	3.0	45.0722891566265	811.0843373493975
1496	23	New single-family housing construction (except for-sale builders)	47	236115	125	47125	Montgomery County, Tennessee	no	12.333333333333334	28.0	2041.1666666666667
1497	23	New single-family housing construction (except for-sale builders)	47	236115	129	47129	Morgan County, Tennessee	no	4.0	2.0	66.0
1498	23	New single-family housing construction (except for-sale builders)	47	236115	129	47129	Morgan County, Tennessee	yes	1.8	14.527276300725527	390.0162449610374
1499	23	New single-family housing construction (except for-sale builders)	47	236115	131	47131	Obion County, Tennessee	no	4.5	7.0	283.25
1500	23	New single-family housing construction (except for-sale builders)	47	236115	131	47131	Obion County, Tennessee	yes	2.0	6.930741924032659	328.7165779197728
1501	23	New single-family housing construction (except for-sale builders)	47	236115	133	47133	Overton County, Tennessee	yes	1.5	13.491660965280003	282.85981747298666
1502	23	New single-family housing construction (except for-sale builders)	47	236115	135	47135	Perry County, Tennessee	yes	1.0	15.024096385542169	270.3614457831325
1503	23	New single-family housing construction (except for-sale builders)	47	236115	137	47137	Pickett County, Tennessee	no	3.0	13.0	139.0
1504	23	New single-family housing construction (except for-sale builders)	47	236115	137	47137	Pickett County, Tennessee	yes	2.0	12.162247669776729	314.9709437702005
1505	23	New single-family housing construction (except for-sale builders)	47	236115	141	47141	Putnam County, Tennessee	no	14.166666666666666	35.833333333333336	1567.1666666666667
1506	23	New single-family housing construction (except for-sale builders)	47	236115	143	47143	Rhea County, Tennessee	yes	2.0	19.24948681797567	364.53611364443043
1507	23	New single-family housing construction (except for-sale builders)	47	236115	145	47145	Roane County, Tennessee	no	8.0	16.0	635.3333333333334
1508	23	New single-family housing construction (except for-sale builders)	47	236115	147	47147	Robertson County, Tennessee	no	5.5	11.0	512.1666666666666
1509	23	New single-family housing construction (except for-sale builders)	47	236115	149	47149	Rutherford County, Tennessee	no	25.0	100.33333333333333	4264.5
1510	23	New single-family housing construction (except for-sale builders)	47	236115	153	47153	Sequatchie County, Tennessee	yes	1.0	3.303155109429326	139.4729018597824
1511	23	New single-family housing construction (except for-sale builders)	47	236115	155	47155	Sevier County, Tennessee	no	21.5	71.0	2113.5
1512	23	New single-family housing construction (except for-sale builders)	47	236115	157	47157	Shelby County, Tennessee	no	39.666666666666664	116.0	4873.333333333333
1513	23	New single-family housing construction (except for-sale builders)	47	236115	159	47159	Smith County, Tennessee	yes	1.5	13.018462721590124	221.84262719864728
1514	23	New single-family housing construction (except for-sale builders)	47	236115	161	47161	Stewart County, Tennessee	yes	1.0	8.137748038932168	166.9185443872648
1515	23	New single-family housing construction (except for-sale builders)	47	236115	163	47163	Sullivan County, Tennessee	no	21.5	61.166666666666664	1960.5
1516	23	New single-family housing construction (except for-sale builders)	47	236115	165	47165	Sumner County, Tennessee	no	20.666666666666668	102.5	7097.333333333333
1517	23	New single-family housing construction (except for-sale builders)	47	236115	167	47167	Tipton County, Tennessee	no	4.0	0.0	232.0
1518	23	New single-family housing construction (except for-sale builders)	47	236115	167	47167	Tipton County, Tennessee	yes	2.6	15.667626823814032	394.43349012338575
1519	23	New single-family housing construction (except for-sale builders)	47	236115	169	47169	Trousdale County, Tennessee	yes	1.6666666666666667	15.257686606305642	294.292509780679
1520	23	New single-family housing construction (except for-sale builders)	47	236115	173	47173	Union County, Tennessee	yes	1.5	13.491660965280003	282.85981747298666
1521	23	New single-family housing construction (except for-sale builders)	47	236115	177	47177	Warren County, Tennessee	no	3.0	0.0	127.0
1522	23	New single-family housing construction (except for-sale builders)	47	236115	177	47177	Warren County, Tennessee	yes	2.2	15.913424685532059	455.7595605449919
1523	23	New single-family housing construction (except for-sale builders)	47	236115	179	47179	Washington County, Tennessee	no	18.666666666666668	55.0	1743.5
1524	23	New single-family housing construction (except for-sale builders)	47	236115	181	47181	Wayne County, Tennessee	yes	1.0	7.571619259997333	176.29813420143896
1525	23	New single-family housing construction (except for-sale builders)	47	236115	183	47183	Weakley County, Tennessee	no	4.333333333333333	11.666666666666666	352.0
1526	23	New single-family housing construction (except for-sale builders)	47	236115	183	47183	Weakley County, Tennessee	yes	6.0	72.74853259190608	1268.7231811862837
1527	23	New single-family housing construction (except for-sale builders)	47	236115	185	47185	White County, Tennessee	no	4.0	22.6	763.6
1528	23	New single-family housing construction (except for-sale builders)	47	236115	185	47185	White County, Tennessee	yes	3.0	45.0722891566265	811.0843373493975
1529	23	New single-family housing construction (except for-sale builders)	47	236115	187	47187	Williamson County, Tennessee	no	39.333333333333336	151.33333333333334	10080.5
1530	23	New single-family housing construction (except for-sale builders)	47	236115	189	47189	Wilson County, Tennessee	no	16.333333333333332	44.0	2406.6666666666665
1531	23	Oil and gas pipeline and related structures construction	47	237120	13	47013	Campbell County, Tennessee	yes	1.0	17.8009768009768	1713.4696275946274
1532	23	Oil and gas pipeline and related structures construction	47	237120	23	47023	Chester County, Tennessee	yes	1.3333333333333333	24.365079365079367	2371.2709096459093
1533	23	Oil and gas pipeline and related structures construction	47	237120	37	47037	Davidson County, Tennessee	yes	1.0	20.576923076923077	2008.5384615384617
1534	23	Oil and gas pipeline and related structures construction	47	237120	39	47039	Decatur County, Tennessee	yes	1.0	17.8009768009768	1713.4696275946274
1535	23	Oil and gas pipeline and related structures construction	47	237120	49	47049	Fentress County, Tennessee	yes	1.0	17.8009768009768	1713.4696275946274
1536	23	Oil and gas pipeline and related structures construction	47	237120	65	47065	Hamilton County, Tennessee	yes	1.0	17.8009768009768	1713.4696275946274
1537	23	Oil and gas pipeline and related structures construction	47	237120	81	47081	Hickman County, Tennessee	yes	1.0	19.64038461538462	1577.128846153846
1538	23	Oil and gas pipeline and related structures construction	47	237120	89	47089	Jefferson County, Tennessee	yes	1.5	26.839438339438345	2424.3125763125763
1539	23	Oil and gas pipeline and related structures construction	47	237120	93	47093	Knox County, Tennessee	no	4.0	51.0	3355.0
1540	23	Oil and gas pipeline and related structures construction	47	237120	93	47093	Knox County, Tennessee	yes	2.6	44.94274725274725	4374.677582417583
1541	23	Oil and gas pipeline and related structures construction	47	237120	99	47099	Lawrence County, Tennessee	yes	1.0	19.692307692307693	1973.4038461538462
1542	23	Oil and gas pipeline and related structures construction	47	237120	105	47105	Loudon County, Tennessee	yes	1.0	17.8009768009768	1713.4696275946274
1543	23	Oil and gas pipeline and related structures construction	47	237120	125	47125	Montgomery County, Tennessee	yes	1.0	17.8009768009768	1713.4696275946274
1544	23	Oil and gas pipeline and related structures construction	47	237120	131	47131	Obion County, Tennessee	yes	1.0	17.8009768009768	1713.4696275946274
1545	23	Oil and gas pipeline and related structures construction	47	237120	141	47141	Putnam County, Tennessee	yes	2.0	35.6019536019536	3426.9392551892547
1546	23	Oil and gas pipeline and related structures construction	47	237120	149	47149	Rutherford County, Tennessee	yes	2.0	35.8968253968254	3438.6507936507937
1547	23	Oil and gas pipeline and related structures construction	47	237120	157	47157	Shelby County, Tennessee	yes	1.0	16.881272893772895	1781.6400183150183
1548	23	Oil and gas pipeline and related structures construction	47	237120	165	47165	Sumner County, Tennessee	no	5.0	224.8	19530.8
1549	23	Oil and gas pipeline and related structures construction	47	237120	165	47165	Sumner County, Tennessee	yes	6.0	112.84615384615385	11629.615384615385
1550	23	Oil and gas pipeline and related structures construction	47	237120	177	47177	Warren County, Tennessee	yes	1.3333333333333333	24.34777167277167	2239.179242979243
1551	23	Oil and gas pipeline and related structures construction	47	237120	185	47185	White County, Tennessee	yes	1.0	17.8009768009768	1713.4696275946274
1552	23	Oil and gas pipeline and related structures construction	47	237120	187	47187	Williamson County, Tennessee	yes	2.6666666666666665	48.17826617826618	5326.10927960928
1553	23	Other building equipment contractors	47	238290	1	47001	Anderson County, Tennessee	yes	1.0	16.05269837193566	908.2970018995443
1554	23	Other building equipment contractors	47	238290	3	47003	Bedford County, Tennessee	yes	1.0	15.698412698412698	810.9206349206348
1555	23	Other building equipment contractors	47	238290	5	47005	Benton County, Tennessee	yes	1.0	16.05269837193566	908.2970018995443
1556	23	Other building equipment contractors	47	238290	9	47009	Blount County, Tennessee	yes	2.1666666666666665	34.716118163067314	1931.5837507439203
1557	23	Other building equipment contractors	47	238290	11	47011	Bradley County, Tennessee	no	4.0	53.0	1990.0
1558	23	Other building equipment contractors	47	238290	11	47011	Bradley County, Tennessee	yes	3.2	51.90884833810257	2895.5352674444202
1559	23	Other building equipment contractors	47	238290	17	47017	Carroll County, Tennessee	yes	1.0	15.432460195172059	772.697354904982
1560	23	Other building equipment contractors	47	238290	19	47019	Carter County, Tennessee	yes	1.3333333333333333	21.196851770326347	1165.8627868678716
1561	23	Other building equipment contractors	47	238290	21	47021	Cheatham County, Tennessee	yes	1.3333333333333333	21.854365038602328	1279.6414463439887
1562	23	Other building equipment contractors	47	238290	25	47025	Claiborne County, Tennessee	yes	1.0	16.05269837193566	908.2970018995443
1563	23	Other building equipment contractors	47	238290	31	47031	Coffee County, Tennessee	yes	1.0	15.432460195172059	772.697354904982
1564	23	Other building equipment contractors	47	238290	37	47037	Davidson County, Tennessee	no	20.833333333333332	338.3333333333333	23357.5
1565	23	Other building equipment contractors	47	238290	43	47043	Dickson County, Tennessee	yes	2.0	32.10539674387132	1816.5940037990886
1566	23	Other building equipment contractors	47	238290	45	47045	Dyer County, Tennessee	yes	1.0	16.05269837193566	908.2970018995443
1567	23	Other building equipment contractors	47	238290	47	47047	Fayette County, Tennessee	yes	1.0	17.405	1114.0333333333333
1568	23	Other building equipment contractors	47	238290	53	47053	Gibson County, Tennessee	yes	1.0	15.32063492063492	838.1603174603174
1569	23	Other building equipment contractors	47	238290	55	47055	Giles County, Tennessee	yes	1.0	16.05269837193566	908.2970018995443
1570	23	Other building equipment contractors	47	238290	57	47057	Grainger County, Tennessee	yes	1.0	16.05269837193566	908.2970018995443
1571	23	Other building equipment contractors	47	238290	59	47059	Greene County, Tennessee	no	6.0	151.0	9280.0
1572	23	Other building equipment contractors	47	238290	59	47059	Greene County, Tennessee	yes	6.0	93.12666617751364	4712.630689461198
1573	23	Other building equipment contractors	47	238290	63	47063	Hamblen County, Tennessee	yes	1.6666666666666667	26.918287556762134	1560.6855141405988
1574	23	Other building equipment contractors	47	238290	65	47065	Hamilton County, Tennessee	no	13.5	370.3333333333333	21927.333333333332
1575	23	Other building equipment contractors	47	238290	77	47077	Henderson County, Tennessee	yes	1.0	16.05269837193566	908.2970018995443
1576	23	Other building equipment contractors	47	238290	79	47079	Henry County, Tennessee	no	3.0	0.0	392.0
1577	23	Other building equipment contractors	47	238290	79	47079	Henry County, Tennessee	yes	2.0	32.35020490620491	1851.5670418470418
1578	23	Other building equipment contractors	47	238290	83	47083	Houston County, Tennessee	yes	1.0	15.698412698412698	810.9206349206348
1579	23	Other building equipment contractors	47	238290	89	47089	Jefferson County, Tennessee	yes	1.0	16.584285714285716	1031.1555555555556
1580	23	Other building equipment contractors	47	238290	93	47093	Knox County, Tennessee	no	13.5	288.8333333333333	15118.666666666666
1581	23	Other building equipment contractors	47	238290	99	47099	Lawrence County, Tennessee	yes	1.0	15.432460195172059	772.697354904982
1582	23	Other building equipment contractors	47	238290	105	47105	Loudon County, Tennessee	yes	1.0	16.362817460317462	976.0968253968254
1583	23	Other building equipment contractors	47	238290	107	47107	McMinn County, Tennessee	yes	1.25	20.287420634920636	1178.8269841269841
1584	23	Other building equipment contractors	47	238290	113	47113	Madison County, Tennessee	no	6.0	153.0	7428.0
1585	23	Other building equipment contractors	47	238290	113	47113	Madison County, Tennessee	yes	5.333333333333333	82.83835938073226	4197.499119524543
1586	23	Other building equipment contractors	47	238290	115	47115	Marion County, Tennessee	yes	1.0	16.05269837193566	908.2970018995443
1587	23	Other building equipment contractors	47	238290	117	47117	Marshall County, Tennessee	yes	1.0	16.05269837193566	908.2970018995443
1588	23	Other building equipment contractors	47	238290	119	47119	Maury County, Tennessee	no	4.666666666666667	87.33333333333333	5608.333333333333
1589	23	Other building equipment contractors	47	238290	119	47119	Maury County, Tennessee	yes	4.0	62.08444411834242	3141.753792974132
1590	23	Other building equipment contractors	47	238290	125	47125	Montgomery County, Tennessee	no	6.25	37.75	1824.5
1591	23	Other building equipment contractors	47	238290	125	47125	Montgomery County, Tennessee	yes	1.5	23.152799178222907	1183.1295582948126
1592	23	Other building equipment contractors	47	238290	131	47131	Obion County, Tennessee	yes	1.0	16.05269837193566	908.2970018995443
1593	23	Other building equipment contractors	47	238290	133	47133	Overton County, Tennessee	yes	1.0	16.05269837193566	908.2970018995443
1594	23	Other building equipment contractors	47	238290	141	47141	Putnam County, Tennessee	yes	1.0	16.05269837193566	908.2970018995443
1595	23	Other building equipment contractors	47	238290	145	47145	Roane County, Tennessee	yes	1.0	15.432460195172059	772.697354904982
1596	23	Other building equipment contractors	47	238290	147	47147	Robertson County, Tennessee	yes	3.8333333333333335	61.59439137134052	3498.0345684447384
1597	23	Other building equipment contractors	47	238290	149	47149	Rutherford County, Tennessee	no	5.5	76.5	3975.0
1598	23	Other building equipment contractors	47	238290	149	47149	Rutherford County, Tennessee	yes	5.5	85.51875901875903	4200.8924963924965
1599	23	Other building equipment contractors	47	238290	155	47155	Sevier County, Tennessee	yes	1.1666666666666667	18.669100488337776	1043.4504410529835
1600	23	Other building equipment contractors	47	238290	157	47157	Shelby County, Tennessee	no	20.166666666666668	839.1666666666666	59994.5
1601	23	Other building equipment contractors	47	238290	163	47163	Sullivan County, Tennessee	no	5.666666666666667	188.33333333333334	8600.0
1602	23	Other building equipment contractors	47	238290	165	47165	Sumner County, Tennessee	no	3.3333333333333335	14.666666666666666	840.3333333333334
1603	23	Other building equipment contractors	47	238290	165	47165	Sumner County, Tennessee	yes	1.0	15.521111029585605	785.438448243533
1604	23	Other building equipment contractors	47	238290	167	47167	Tipton County, Tennessee	yes	1.5	23.81325388672846	1301.0162260213108
1605	23	Other building equipment contractors	47	238290	171	47171	Unicoi County, Tennessee	yes	1.0	15.432460195172059	772.697354904982
1606	23	Other building equipment contractors	47	238290	177	47177	Warren County, Tennessee	yes	2.0	32.10539674387132	1816.5940037990886
1607	23	Other building equipment contractors	47	238290	179	47179	Washington County, Tennessee	no	3.3333333333333335	30.0	1417.6666666666667
1608	23	Other building equipment contractors	47	238290	179	47179	Washington County, Tennessee	yes	2.0	33.16857142857143	2062.311111111111
1609	23	Other building equipment contractors	47	238290	187	47187	Williamson County, Tennessee	no	5.333333333333333	40.0	3001.3333333333335
1610	23	Other building equipment contractors	47	238290	189	47189	Wilson County, Tennessee	no	4.333333333333333	4.666666666666667	95.66666666666667
1611	23	Other building equipment contractors	47	238290	189	47189	Wilson County, Tennessee	yes	2.0	31.128133636608215	1567.5623058673907
1612	23	Other building finishing contractors	47	238390	1	47001	Anderson County, Tennessee	yes	1.0	7.78769401330377	207.83536585365854
1613	23	Other building finishing contractors	47	238390	9	47009	Blount County, Tennessee	yes	1.5	14.99043671846073	542.6519604934164
1614	23	Other building finishing contractors	47	238390	11	47011	Bradley County, Tennessee	yes	1.3333333333333333	12.38568045292287	421.9224612325147
1615	23	Other building finishing contractors	47	238390	13	47013	Campbell County, Tennessee	yes	2.0	19.57956489697656	705.2880118959238
1616	23	Other building finishing contractors	47	238390	15	47015	Cannon County, Tennessee	yes	1.0	11.18918732782369	450.1211722488038
1617	23	Other building finishing contractors	47	238390	19	47019	Carter County, Tennessee	yes	1.3333333333333333	12.972406561963455	477.5849353992497
1618	23	Other building finishing contractors	47	238390	21	47021	Cheatham County, Tennessee	yes	2.1666666666666665	21.178855677118403	763.5929764349308
1619	23	Other building finishing contractors	47	238390	23	47023	Chester County, Tennessee	yes	1.0	8.667783176864651	291.32907710376094
1620	23	Other building finishing contractors	47	238390	29	47029	Cocke County, Tennessee	yes	2.0	19.57956489697656	705.2880118959238
1621	23	Other building finishing contractors	47	238390	31	47031	Coffee County, Tennessee	yes	1.1666666666666667	11.19628651352893	390.3391278991814
1622	23	Other building finishing contractors	47	238390	35	47035	Cumberland County, Tennessee	yes	1.1666666666666667	11.389073228630123	410.948970486969
1623	23	Other building finishing contractors	47	238390	37	47037	Davidson County, Tennessee	no	22.0	348.5	14379.833333333334
1624	23	Other building finishing contractors	47	238390	39	47039	Decatur County, Tennessee	yes	1.0	9.78978244848828	352.6440059479619
1625	23	Other building finishing contractors	47	238390	43	47043	Dickson County, Tennessee	yes	1.0	10.835528791238326	392.2394863266815
1626	23	Other building finishing contractors	47	238390	45	47045	Dyer County, Tennessee	yes	1.75	14.960566353729302	482.70420683910083
1627	23	Other building finishing contractors	47	238390	47	47047	Fayette County, Tennessee	yes	1.0	10.059934060137156	377.9386607960908
1628	23	Other building finishing contractors	47	238390	53	47053	Gibson County, Tennessee	yes	1.0	9.78978244848828	352.6440059479619
1629	23	Other building finishing contractors	47	238390	59	47059	Greene County, Tennessee	yes	1.0	9.78978244848828	352.6440059479619
1630	23	Other building finishing contractors	47	238390	63	47063	Hamblen County, Tennessee	yes	2.3333333333333335	23.590825227555072	863.7126331080449
1631	23	Other building finishing contractors	47	238390	65	47065	Hamilton County, Tennessee	no	7.5	42.833333333333336	1310.1666666666667
1632	23	Other building finishing contractors	47	238390	77	47077	Henderson County, Tennessee	yes	1.0	8.667783176864651	291.32907710376094
1633	23	Other building finishing contractors	47	238390	81	47081	Hickman County, Tennessee	yes	1.0	12.033780991735537	475.27386363636367
1634	23	Other building finishing contractors	47	238390	89	47089	Jefferson County, Tennessee	yes	1.0	10.401308539944905	380.01590909090913
1635	23	Other building finishing contractors	47	238390	93	47093	Knox County, Tennessee	no	12.0	148.0	6087.5
1636	23	Other building finishing contractors	47	238390	105	47105	Loudon County, Tennessee	yes	1.5	15.207546844107442	548.7637491113026
1637	23	Other building finishing contractors	47	238390	109	47109	McNairy County, Tennessee	yes	1.0	10.320466210913208	385.2728071375542
1638	23	Other building finishing contractors	47	238390	113	47113	Madison County, Tennessee	yes	1.0	9.78978244848828	352.6440059479619
1639	23	Other building finishing contractors	47	238390	115	47115	Marion County, Tennessee	yes	1.3333333333333333	13.801042779066792	511.06862716008305
1640	23	Other building finishing contractors	47	238390	119	47119	Maury County, Tennessee	yes	1.5	16.807717161948304	662.6852578132954
1641	23	Other building finishing contractors	47	238390	125	47125	Montgomery County, Tennessee	yes	2.0	19.57956489697656	705.2880118959238
1642	23	Other building finishing contractors	47	238390	141	47141	Putnam County, Tennessee	yes	1.0	9.78978244848828	352.6440059479619
1643	23	Other building finishing contractors	47	238390	147	47147	Robertson County, Tennessee	no	3.25	33.25	690.0
1644	23	Other building finishing contractors	47	238390	147	47147	Robertson County, Tennessee	yes	3.0	26.327852998065765	889.1595744680851
1645	23	Other building finishing contractors	47	238390	149	47149	Rutherford County, Tennessee	no	7.5	45.333333333333336	2697.3333333333335
1646	23	Other building finishing contractors	47	238390	155	47155	Sevier County, Tennessee	yes	1.0	9.78978244848828	352.6440059479619
1647	23	Other building finishing contractors	47	238390	157	47157	Shelby County, Tennessee	no	18.333333333333332	259.3333333333333	9817.0
1648	23	Other building finishing contractors	47	238390	163	47163	Sullivan County, Tennessee	yes	1.0	10.175981404958678	384.9658791866029
1649	23	Other building finishing contractors	47	238390	165	47165	Sumner County, Tennessee	no	4.0	3.0	190.0
1650	23	Other building finishing contractors	47	238390	165	47165	Sumner County, Tennessee	yes	1.75	14.345721092607443	442.6217600305902
1651	23	Other building finishing contractors	47	238390	167	47167	Tipton County, Tennessee	yes	1.0	8.667783176864651	291.32907710376094
1652	23	Other building finishing contractors	47	238390	173	47173	Union County, Tennessee	yes	1.0	9.78978244848828	352.6440059479619
1653	23	Other building finishing contractors	47	238390	177	47177	Warren County, Tennessee	yes	1.5	13.984971233064712	480.22742577152184
1654	23	Other building finishing contractors	47	238390	179	47179	Washington County, Tennessee	yes	2.0	19.57956489697656	705.2880118959238
1655	23	Other building finishing contractors	47	238390	187	47187	Williamson County, Tennessee	no	3.8	9.2	361.0
1656	23	Other building finishing contractors	47	238390	187	47187	Williamson County, Tennessee	yes	3.0	28.78723404255319	1049.4893617021276
1657	23	Other building finishing contractors	47	238390	189	47189	Wilson County, Tennessee	no	4.833333333333333	30.166666666666668	1084.5
1658	23	Other foundation, structure, and building exterior contractors	47	238190	1	47001	Anderson County, Tennessee	yes	1.0	7.861936058881031	331.4279162662132
1659	23	Other foundation, structure, and building exterior contractors	47	238190	3	47003	Bedford County, Tennessee	yes	2.0	15.551143431468383	635.369443777022
1660	23	Other foundation, structure, and building exterior contractors	47	238190	11	47011	Bradley County, Tennessee	yes	1.0	7.775571715734191	317.684721888511
1661	23	Other foundation, structure, and building exterior contractors	47	238190	13	47013	Campbell County, Tennessee	yes	1.0	6.3999999999999995	239.05714285714285
1662	23	Other foundation, structure, and building exterior contractors	47	238190	21	47021	Cheatham County, Tennessee	yes	1.0	7.775571715734191	317.684721888511
1663	23	Other foundation, structure, and building exterior contractors	47	238190	31	47031	Coffee County, Tennessee	yes	1.0	7.775571715734191	317.684721888511
1664	23	Other foundation, structure, and building exterior contractors	47	238190	35	47035	Cumberland County, Tennessee	yes	1.0	8.353731815306768	378.9466714104997
1665	23	Other foundation, structure, and building exterior contractors	47	238190	37	47037	Davidson County, Tennessee	no	5.666666666666667	73.66666666666667	3638.3333333333335
1666	23	Other foundation, structure, and building exterior contractors	47	238190	37	47037	Davidson County, Tennessee	yes	4.666666666666667	33.370896464646464	1188.3663870851371
1667	23	Other foundation, structure, and building exterior contractors	47	238190	43	47043	Dickson County, Tennessee	yes	1.1666666666666667	8.999530049067525	359.17951355517766
1668	23	Other foundation, structure, and building exterior contractors	47	238190	47	47047	Fayette County, Tennessee	yes	1.1666666666666667	8.84223838240086	357.52757903136813
1669	23	Other foundation, structure, and building exterior contractors	47	238190	51	47051	Franklin County, Tennessee	yes	1.0	7.617647058823529	328.38235294117646
1670	23	Other foundation, structure, and building exterior contractors	47	238190	57	47057	Grainger County, Tennessee	yes	1.0	7.34375	248.96875
1671	23	Other foundation, structure, and building exterior contractors	47	238190	63	47063	Hamblen County, Tennessee	yes	1.0	7.617647058823529	328.38235294117646
1672	23	Other foundation, structure, and building exterior contractors	47	238190	65	47065	Hamilton County, Tennessee	yes	1.6666666666666667	13.17639595672091	548.6528492604275
1673	23	Other foundation, structure, and building exterior contractors	47	238190	69	47069	Hardeman County, Tennessee	yes	1.0	7.775571715734191	317.684721888511
1674	23	Other foundation, structure, and building exterior contractors	47	238190	71	47071	Hardin County, Tennessee	yes	1.0	7.848484848484849	281.24242424242425
1675	23	Other foundation, structure, and building exterior contractors	47	238190	89	47089	Jefferson County, Tennessee	yes	1.0	7.34375	248.96875
1676	23	Other foundation, structure, and building exterior contractors	47	238190	93	47093	Knox County, Tennessee	no	5.0	12.2	495.6
1677	23	Other foundation, structure, and building exterior contractors	47	238190	93	47093	Knox County, Tennessee	yes	2.0	14.6875	497.9375
1678	23	Other foundation, structure, and building exterior contractors	47	238190	103	47103	Lincoln County, Tennessee	yes	1.0	8.353731815306768	378.9466714104997
1679	23	Other foundation, structure, and building exterior contractors	47	238190	105	47105	Loudon County, Tennessee	yes	1.0	7.733065953654188	304.81238859180036
1680	23	Other foundation, structure, and building exterior contractors	47	238190	109	47109	McNairy County, Tennessee	yes	1.1666666666666667	8.84223838240086	357.52757903136813
1681	23	Other foundation, structure, and building exterior contractors	47	238190	111	47111	Macon County, Tennessee	yes	1.0	7.848484848484849	281.24242424242425
1682	23	Other foundation, structure, and building exterior contractors	47	238190	113	47113	Madison County, Tennessee	yes	1.6666666666666667	11.778661616161616	419.09806998556996
1683	23	Other foundation, structure, and building exterior contractors	47	238190	117	47117	Marshall County, Tennessee	yes	1.0	8.721774193548388	404.2288306451613
1684	23	Other foundation, structure, and building exterior contractors	47	238190	119	47119	Maury County, Tennessee	yes	1.0	7.34375	248.96875
1685	23	Other foundation, structure, and building exterior contractors	47	238190	125	47125	Montgomery County, Tennessee	no	3.5	6.166666666666667	212.33333333333334
1686	23	Other foundation, structure, and building exterior contractors	47	238190	141	47141	Putnam County, Tennessee	yes	1.8333333333333333	14.327185098135049	593.8746521103553
1687	23	Other foundation, structure, and building exterior contractors	47	238190	145	47145	Roane County, Tennessee	yes	1.0	7.775571715734191	317.684721888511
1688	23	Other foundation, structure, and building exterior contractors	47	238190	147	47147	Robertson County, Tennessee	no	4.0	17.0	230.0
1689	23	Other foundation, structure, and building exterior contractors	47	238190	147	47147	Robertson County, Tennessee	yes	2.4	19.212581795181414	824.547364790491
1690	23	Other foundation, structure, and building exterior contractors	47	238190	149	47149	Rutherford County, Tennessee	no	3.0	4.0	60.0
1691	23	Other foundation, structure, and building exterior contractors	47	238190	149	47149	Rutherford County, Tennessee	yes	2.4	19.212581795181414	824.547364790491
1692	23	Other foundation, structure, and building exterior contractors	47	238190	155	47155	Sevier County, Tennessee	no	3.0	6.0	170.0
1693	23	Other foundation, structure, and building exterior contractors	47	238190	155	47155	Sevier County, Tennessee	yes	1.0	7.302470476827094	274.4126675101859
1694	23	Other foundation, structure, and building exterior contractors	47	238190	157	47157	Shelby County, Tennessee	no	11.0	114.16666666666667	4633.666666666667
1695	23	Other foundation, structure, and building exterior contractors	47	238190	159	47159	Smith County, Tennessee	yes	1.0	7.617647058823529	328.38235294117646
1696	23	Other foundation, structure, and building exterior contractors	47	238190	163	47163	Sullivan County, Tennessee	yes	1.0	6.3999999999999995	239.05714285714285
1697	23	Other foundation, structure, and building exterior contractors	47	238190	165	47165	Sumner County, Tennessee	no	3.0	12.0	1267.0
1698	23	Other foundation, structure, and building exterior contractors	47	238190	165	47165	Sumner County, Tennessee	yes	2.0	16.707463630613535	757.8933428209994
1699	23	Other foundation, structure, and building exterior contractors	47	238190	167	47167	Tipton County, Tennessee	yes	1.0	7.807156647116324	315.54519567797786
1700	23	Other foundation, structure, and building exterior contractors	47	238190	169	47169	Trousdale County, Tennessee	yes	1.0	8.227420073601287	354.5206096184808
1701	23	Other foundation, structure, and building exterior contractors	47	238190	173	47173	Union County, Tennessee	yes	1.0	7.775571715734191	317.684721888511
1702	23	Other foundation, structure, and building exterior contractors	47	238190	179	47179	Washington County, Tennessee	yes	1.0	7.775571715734191	317.684721888511
1703	23	Other foundation, structure, and building exterior contractors	47	238190	183	47183	Weakley County, Tennessee	yes	1.0	7.775571715734191	317.684721888511
1704	23	Other foundation, structure, and building exterior contractors	47	238190	187	47187	Williamson County, Tennessee	yes	1.0	8.353731815306768	378.9466714104997
1705	23	Other foundation, structure, and building exterior contractors	47	238190	189	47189	Wilson County, Tennessee	no	3.0	16.0	538.0
1706	23	Other foundation, structure, and building exterior contractors	47	238190	189	47189	Wilson County, Tennessee	yes	1.0	7.302470476827094	274.4126675101859
1707	23	Other heavy and civil engineering construction	47	237990	1	47001	Anderson County, Tennessee	yes	1.4	14.473456582633053	664.2283921568628
1708	23	Other heavy and civil engineering construction	47	237990	3	47003	Bedford County, Tennessee	yes	1.0	10.273912231559288	485.60143790849673
1709	23	Other heavy and civil engineering construction	47	237990	5	47005	Benton County, Tennessee	yes	1.0	10.273912231559288	485.60143790849673
1710	23	Other heavy and civil engineering construction	47	237990	9	47009	Blount County, Tennessee	no	3.0	0.0	306.0
1711	23	Other heavy and civil engineering construction	47	237990	9	47009	Blount County, Tennessee	yes	2.2	22.065008403361343	1083.972974789916
1712	23	Other heavy and civil engineering construction	47	237990	13	47013	Campbell County, Tennessee	yes	1.0	10.651344537815126	520.3902521008404
1713	23	Other heavy and civil engineering construction	47	237990	21	47021	Cheatham County, Tennessee	yes	1.0	9.985154061624648	448.44929971988796
1714	23	Other heavy and civil engineering construction	47	237990	27	47027	Clay County, Tennessee	yes	1.0	10.273912231559288	485.60143790849673
1715	23	Other heavy and civil engineering construction	47	237990	29	47029	Cocke County, Tennessee	yes	1.0	10.651344537815126	520.3902521008404
1716	23	Other heavy and civil engineering construction	47	237990	35	47035	Cumberland County, Tennessee	yes	1.0	10.85142857142857	559.9057142857143
1717	23	Other heavy and civil engineering construction	47	237990	37	47037	Davidson County, Tennessee	no	7.166666666666667	11.166666666666666	832.5
1718	23	Other heavy and civil engineering construction	47	237990	45	47045	Dyer County, Tennessee	yes	2.0	20.547824463118577	971.2028758169935
1719	23	Other heavy and civil engineering construction	47	237990	47	47047	Fayette County, Tennessee	yes	1.0	10.185238095238095	487.9647619047619
1720	23	Other heavy and civil engineering construction	47	237990	51	47051	Franklin County, Tennessee	yes	2.0	20.547824463118577	971.2028758169935
1721	23	Other heavy and civil engineering construction	47	237990	57	47057	Grainger County, Tennessee	yes	1.0	10.273912231559288	485.60143790849673
1722	23	Other heavy and civil engineering construction	47	237990	61	47061	Grundy County, Tennessee	yes	1.0	10.005714285714285	514.775238095238
1723	23	Other heavy and civil engineering construction	47	237990	65	47065	Hamilton County, Tennessee	no	8.5	107.66666666666667	5457.833333333333
1724	23	Other heavy and civil engineering construction	47	237990	71	47071	Hardin County, Tennessee	yes	1.1666666666666667	11.669150326797386	555.4204855275444
1725	23	Other heavy and civil engineering construction	47	237990	73	47073	Hawkins County, Tennessee	yes	1.0	10.651344537815126	520.3902521008404
1726	23	Other heavy and civil engineering construction	47	237990	79	47079	Henry County, Tennessee	yes	1.0	10.273912231559288	485.60143790849673
1727	23	Other heavy and civil engineering construction	47	237990	81	47081	Hickman County, Tennessee	yes	1.0	9.519047619047619	416.0238095238095
1728	23	Other heavy and civil engineering construction	47	237990	93	47093	Knox County, Tennessee	no	11.666666666666666	151.83333333333334	7022.833333333333
1729	23	Other heavy and civil engineering construction	47	237990	105	47105	Loudon County, Tennessee	yes	1.1666666666666667	12.051690009337067	554.4569934640523
1730	23	Other heavy and civil engineering construction	47	237990	113	47113	Madison County, Tennessee	yes	1.0	12.588235294117647	537.2352941176471
1731	23	Other heavy and civil engineering construction	47	237990	119	47119	Maury County, Tennessee	yes	1.0	10.651344537815126	520.3902521008404
1732	23	Other heavy and civil engineering construction	47	237990	129	47129	Morgan County, Tennessee	yes	1.6666666666666667	17.374808590102706	832.5282726423902
1733	23	Other heavy and civil engineering construction	47	237990	131	47131	Obion County, Tennessee	yes	1.0	10.005714285714285	514.775238095238
1734	23	Other heavy and civil engineering construction	47	237990	141	47141	Putnam County, Tennessee	yes	1.0	10.273912231559288	485.60143790849673
1735	23	Other heavy and civil engineering construction	47	237990	143	47143	Rhea County, Tennessee	yes	1.0	10.651344537815126	520.3902521008404
1736	23	Other heavy and civil engineering construction	47	237990	145	47145	Roane County, Tennessee	yes	1.0	10.273912231559288	485.60143790849673
1737	23	Other heavy and civil engineering construction	47	237990	147	47147	Robertson County, Tennessee	yes	1.0	8.314285714285713	424.5142857142857
1738	23	Other heavy and civil engineering construction	47	237990	149	47149	Rutherford County, Tennessee	yes	1.0	10.273912231559288	485.60143790849673
1739	23	Other heavy and civil engineering construction	47	237990	155	47155	Sevier County, Tennessee	yes	1.0	10.273912231559288	485.60143790849673
1740	23	Other heavy and civil engineering construction	47	237990	157	47157	Shelby County, Tennessee	no	8.5	289.8333333333333	17021.666666666668
1741	23	Other heavy and civil engineering construction	47	237990	159	47159	Smith County, Tennessee	no	3.0	3.0	125.0
1742	23	Other heavy and civil engineering construction	47	237990	159	47159	Smith County, Tennessee	yes	1.2	12.787742296918768	581.5655350140056
1743	23	Other heavy and civil engineering construction	47	237990	163	47163	Sullivan County, Tennessee	yes	2.3333333333333335	24.041101774042946	1130.5611391223156
1744	23	Other heavy and civil engineering construction	47	237990	165	47165	Sumner County, Tennessee	no	3.3333333333333335	6.833333333333333	214.83333333333334
1745	23	Other heavy and civil engineering construction	47	237990	179	47179	Washington County, Tennessee	yes	1.0	10.273912231559288	485.60143790849673
1746	23	Other heavy and civil engineering construction	47	237990	183	47183	Weakley County, Tennessee	yes	1.0	10.273912231559288	485.60143790849673
1747	23	Other heavy and civil engineering construction	47	237990	187	47187	Williamson County, Tennessee	yes	1.6666666666666667	16.123062558356676	735.7038281979458
1748	23	Other heavy and civil engineering construction	47	237990	189	47189	Wilson County, Tennessee	no	3.0	7.0	314.0
1749	23	Other heavy and civil engineering construction	47	237990	189	47189	Wilson County, Tennessee	yes	1.4	13.148190476190475	643.960380952381
1750	23	Painting and wall covering contractors	47	238320	1	47001	Anderson County, Tennessee	no	3.8	19.8	673.2
1751	23	Painting and wall covering contractors	47	238320	1	47001	Anderson County, Tennessee	yes	3.0	28.227272727272727	1059.7272727272727
1752	23	Painting and wall covering contractors	47	238320	3	47003	Bedford County, Tennessee	no	4.0	6.0	169.0
1753	23	Painting and wall covering contractors	47	238320	3	47003	Bedford County, Tennessee	yes	2.25	22.067216598260227	760.3715755942171
1754	23	Painting and wall covering contractors	47	238320	9	47009	Blount County, Tennessee	no	10.666666666666666	60.333333333333336	1855.6666666666667
1755	23	Painting and wall covering contractors	47	238320	11	47011	Bradley County, Tennessee	no	4.166666666666667	20.833333333333332	616.1666666666666
1756	23	Painting and wall covering contractors	47	238320	13	47013	Campbell County, Tennessee	yes	1.0	11.866094807829086	369.71764749787064
1757	23	Painting and wall covering contractors	47	238320	15	47015	Cannon County, Tennessee	yes	1.0	10.733243629747692	365.33692223128486
1758	23	Painting and wall covering contractors	47	238320	19	47019	Carter County, Tennessee	yes	1.0	10.733243629747692	365.33692223128486
1759	23	Painting and wall covering contractors	47	238320	21	47021	Cheatham County, Tennessee	no	6.0	18.25	680.75
1760	23	Painting and wall covering contractors	47	238320	21	47021	Cheatham County, Tennessee	yes	5.5	60.94155844155844	1754.0487012987014
1761	23	Painting and wall covering contractors	47	238320	23	47023	Chester County, Tennessee	no	4.333333333333333	11.0	315.5
1762	23	Painting and wall covering contractors	47	238320	25	47025	Claiborne County, Tennessee	yes	1.0	9.40909090909091	353.24242424242425
1763	23	Painting and wall covering contractors	47	238320	29	47029	Cocke County, Tennessee	yes	1.0	10.998074173879049	367.7558218290569
1764	23	Painting and wall covering contractors	47	238320	31	47031	Coffee County, Tennessee	yes	1.0	10.733243629747692	365.33692223128486
1765	23	Painting and wall covering contractors	47	238320	35	47035	Cumberland County, Tennessee	no	3.4	8.4	172.4
1766	23	Painting and wall covering contractors	47	238320	35	47035	Cumberland County, Tennessee	yes	2.0	26.17142857142857	555.4571428571428
1767	23	Painting and wall covering contractors	47	238320	37	47037	Davidson County, Tennessee	no	37.666666666666664	330.3333333333333	14327.666666666666
1768	23	Painting and wall covering contractors	47	238320	41	47041	DeKalb County, Tennessee	yes	1.0	10.733243629747692	365.33692223128486
1769	23	Painting and wall covering contractors	47	238320	43	47043	Dickson County, Tennessee	no	4.0	18.25	552.5
1770	23	Painting and wall covering contractors	47	238320	43	47043	Dickson County, Tennessee	yes	4.0	44.98961038961039	1261.9419913419913
1771	23	Painting and wall covering contractors	47	238320	45	47045	Dyer County, Tennessee	yes	1.0	10.733243629747692	365.33692223128486
1772	23	Painting and wall covering contractors	47	238320	47	47047	Fayette County, Tennessee	yes	2.0	21.466487259495384	730.6738444625697
1773	23	Painting and wall covering contractors	47	238320	51	47051	Franklin County, Tennessee	yes	1.3333333333333333	14.894839302499554	506.6535212846993
1774	23	Painting and wall covering contractors	47	238320	53	47053	Gibson County, Tennessee	no	3.0	4.666666666666667	58.333333333333336
1775	23	Painting and wall covering contractors	47	238320	53	47053	Gibson County, Tennessee	yes	2.6666666666666665	33.58241528586356	867.1445389859182
1776	23	Painting and wall covering contractors	47	238320	57	47057	Grainger County, Tennessee	yes	1.0	10.733243629747692	365.33692223128486
1777	23	Painting and wall covering contractors	47	238320	59	47059	Greene County, Tennessee	yes	2.0	21.466487259495384	730.6738444625697
1778	23	Painting and wall covering contractors	47	238320	63	47063	Hamblen County, Tennessee	no	3.3333333333333335	12.0	720.8333333333334
1779	23	Painting and wall covering contractors	47	238320	65	47065	Hamilton County, Tennessee	no	18.5	75.83333333333333	4527.333333333333
1780	23	Painting and wall covering contractors	47	238320	69	47069	Hardeman County, Tennessee	yes	1.0	13.085714285714285	277.7285714285714
1781	23	Painting and wall covering contractors	47	238320	71	47071	Hardin County, Tennessee	yes	1.0	10.733243629747692	365.33692223128486
1782	23	Painting and wall covering contractors	47	238320	73	47073	Hawkins County, Tennessee	yes	1.6666666666666667	17.304891586743526	589.3572454091552
1783	23	Painting and wall covering contractors	47	238320	81	47081	Hickman County, Tennessee	yes	3.3333333333333335	36.718303898384036	1190.5284140453762
1784	23	Painting and wall covering contractors	47	238320	83	47083	Houston County, Tennessee	yes	1.0	8.467541273584906	356.57547169811323
1785	23	Painting and wall covering contractors	47	238320	85	47085	Humphreys County, Tennessee	yes	1.0	9.037184378468368	389.67776544580096
1786	23	Painting and wall covering contractors	47	238320	87	47087	Jackson County, Tennessee	yes	1.0	12.484787018255577	423.9497971602434
1787	23	Painting and wall covering contractors	47	238320	89	47089	Jefferson County, Tennessee	yes	1.0	14.793103448275861	392.01724137931035
1788	23	Painting and wall covering contractors	47	238320	93	47093	Knox County, Tennessee	no	22.166666666666668	140.16666666666666	5024.333333333333
1789	23	Painting and wall covering contractors	47	238320	97	47097	Lauderdale County, Tennessee	no	3.5	11.0	292.5
1790	23	Painting and wall covering contractors	47	238320	97	47097	Lauderdale County, Tennessee	yes	2.0	20.568638452268292	729.2053045089805
1791	23	Painting and wall covering contractors	47	238320	99	47099	Lawrence County, Tennessee	yes	1.5	15.251835818981876	560.1758049541853
1792	23	Painting and wall covering contractors	47	238320	101	47101	Lewis County, Tennessee	yes	1.0	10.733243629747692	365.33692223128486
1793	23	Painting and wall covering contractors	47	238320	105	47105	Loudon County, Tennessee	yes	3.0	33.41091619094257	1101.3622203981058
1794	23	Painting and wall covering contractors	47	238320	107	47107	McMinn County, Tennessee	yes	1.0	11.866094807829086	369.71764749787064
1795	23	Painting and wall covering contractors	47	238320	109	47109	McNairy County, Tennessee	yes	1.8333333333333333	20.824925882586133	658.1034491346272
1796	23	Painting and wall covering contractors	47	238320	113	47113	Madison County, Tennessee	no	5.0	24.166666666666668	646.6666666666666
1797	23	Painting and wall covering contractors	47	238320	117	47117	Marshall County, Tennessee	yes	1.0	9.037184378468368	389.67776544580096
1798	23	Painting and wall covering contractors	47	238320	119	47119	Maury County, Tennessee	no	4.8	6.4	221.6
1799	23	Painting and wall covering contractors	47	238320	119	47119	Maury County, Tennessee	yes	2.0	26.17142857142857	555.4571428571428
1800	23	Painting and wall covering contractors	47	238320	123	47123	Monroe County, Tennessee	yes	1.0	11.866094807829086	369.71764749787064
1801	23	Painting and wall covering contractors	47	238320	125	47125	Montgomery County, Tennessee	no	12.666666666666666	25.5	895.8333333333334
1802	23	Painting and wall covering contractors	47	238320	129	47129	Morgan County, Tennessee	yes	1.3333333333333333	14.482377828881893	470.49875484311747
1803	23	Painting and wall covering contractors	47	238320	131	47131	Obion County, Tennessee	yes	1.3333333333333333	14.766942689308822	489.54686650157396
1804	23	Painting and wall covering contractors	47	238320	133	47133	Overton County, Tennessee	yes	1.0	10.733243629747692	365.33692223128486
1805	23	Painting and wall covering contractors	47	238320	137	47137	Pickett County, Tennessee	yes	1.0	9.037184378468368	389.67776544580096
1806	23	Painting and wall covering contractors	47	238320	141	47141	Putnam County, Tennessee	no	4.666666666666667	20.0	334.1666666666667
1807	23	Painting and wall covering contractors	47	238320	145	47145	Roane County, Tennessee	yes	2.1666666666666665	22.7208191991752	790.6585976548699
1808	23	Painting and wall covering contractors	47	238320	147	47147	Robertson County, Tennessee	no	6.5	19.166666666666668	1139.5
1809	23	Painting and wall covering contractors	47	238320	149	47149	Rutherford County, Tennessee	no	9.166666666666666	12.166666666666666	427.0
1810	23	Painting and wall covering contractors	47	238320	151	47151	Scott County, Tennessee	yes	1.0	8.467541273584906	356.57547169811323
1811	23	Painting and wall covering contractors	47	238320	155	47155	Sevier County, Tennessee	no	8.833333333333334	30.666666666666668	791.1666666666666
1812	23	Painting and wall covering contractors	47	238320	157	47157	Shelby County, Tennessee	no	46.166666666666664	327.1666666666667	14547.666666666666
1813	23	Painting and wall covering contractors	47	238320	159	47159	Smith County, Tennessee	yes	1.2	13.46174109519303	402.77355037502076
1814	23	Painting and wall covering contractors	47	238320	163	47163	Sullivan County, Tennessee	no	10.166666666666666	41.666666666666664	1852.1666666666667
1815	23	Painting and wall covering contractors	47	238320	165	47165	Sumner County, Tennessee	no	5.5	10.0	441.0
1816	23	Painting and wall covering contractors	47	238320	167	47167	Tipton County, Tennessee	yes	6.0	64.39946177848616	2192.021533387709
1817	23	Painting and wall covering contractors	47	238320	173	47173	Union County, Tennessee	yes	2.0	21.466487259495384	730.6738444625697
1818	23	Painting and wall covering contractors	47	238320	177	47177	Warren County, Tennessee	yes	1.0	11.247402597402598	315.4854978354978
1819	23	Painting and wall covering contractors	47	238320	179	47179	Washington County, Tennessee	no	4.5	39.5	1557.0
1820	23	Painting and wall covering contractors	47	238320	179	47179	Washington County, Tennessee	yes	3.0	34.59127352510621	1188.5087881281336
1821	23	Painting and wall covering contractors	47	238320	183	47183	Weakley County, Tennessee	yes	1.0	10.049316855279846	361.6904669414936
1822	23	Painting and wall covering contractors	47	238320	185	47185	White County, Tennessee	no	3.0	0.0	129.0
1823	23	Painting and wall covering contractors	47	238320	185	47185	White County, Tennessee	yes	2.0	21.996148347758098	735.5116436581138
1824	23	Painting and wall covering contractors	47	238320	187	47187	Williamson County, Tennessee	no	20.166666666666668	151.16666666666666	7438.5
1825	23	Painting and wall covering contractors	47	238320	189	47189	Wilson County, Tennessee	no	9.166666666666666	28.5	1259.3333333333333
1826	23	Plumbing, heating, and air-conditioning contractors	47	238220	1	47001	Anderson County, Tennessee	no	14.833333333333334	125.83333333333333	5317.0
1827	23	Plumbing, heating, and air-conditioning contractors	47	238220	3	47003	Bedford County, Tennessee	no	15.833333333333334	60.166666666666664	2560.3333333333335
1828	23	Plumbing, heating, and air-conditioning contractors	47	238220	5	47005	Benton County, Tennessee	yes	2.5	34.803594153037274	1373.5682198961974
1829	23	Plumbing, heating, and air-conditioning contractors	47	238220	7	47007	Bledsoe County, Tennessee	yes	1.6666666666666667	23.246301772642706	949.8065504801449
1830	23	Plumbing, heating, and air-conditioning contractors	47	238220	9	47009	Blount County, Tennessee	no	31.0	287.5	13922.166666666666
1831	23	Plumbing, heating, and air-conditioning contractors	47	238220	11	47011	Bradley County, Tennessee	no	17.833333333333332	82.33333333333333	2723.1666666666665
1832	23	Plumbing, heating, and air-conditioning contractors	47	238220	13	47013	Campbell County, Tennessee	no	5.5	8.666666666666666	454.3333333333333
1833	23	Plumbing, heating, and air-conditioning contractors	47	238220	15	47015	Cannon County, Tennessee	yes	2.0	28.53645890926427	1103.1156222101026
1834	23	Plumbing, heating, and air-conditioning contractors	47	238220	17	47017	Carroll County, Tennessee	no	3.0	7.666666666666667	162.66666666666666
1835	23	Plumbing, heating, and air-conditioning contractors	47	238220	17	47017	Carroll County, Tennessee	yes	3.0	46.5139099178508	1781.2330790902217
1836	23	Plumbing, heating, and air-conditioning contractors	47	238220	19	47019	Carter County, Tennessee	no	8.0	99.83333333333333	4158.0
1837	23	Plumbing, heating, and air-conditioning contractors	47	238220	21	47021	Cheatham County, Tennessee	no	13.5	67.5	2822.3333333333335
1838	23	Plumbing, heating, and air-conditioning contractors	47	238220	23	47023	Chester County, Tennessee	no	4.6	6.8	257.6
1839	23	Plumbing, heating, and air-conditioning contractors	47	238220	23	47023	Chester County, Tennessee	yes	4.0	60.56565656565657	2023.4747474747476
1840	23	Plumbing, heating, and air-conditioning contractors	47	238220	25	47025	Claiborne County, Tennessee	no	8.666666666666666	40.166666666666664	932.1666666666666
1841	23	Plumbing, heating, and air-conditioning contractors	47	238220	27	47027	Clay County, Tennessee	yes	1.1666666666666667	16.78834439716087	636.1411444383847
1842	23	Plumbing, heating, and air-conditioning contractors	47	238220	29	47029	Cocke County, Tennessee	no	5.833333333333333	13.333333333333334	339.0
1843	23	Plumbing, heating, and air-conditioning contractors	47	238220	31	47031	Coffee County, Tennessee	no	10.833333333333334	89.83333333333333	4000.3333333333335
1844	23	Plumbing, heating, and air-conditioning contractors	47	238220	33	47033	Crockett County, Tennessee	no	4.0	0.0	4003.0
1845	23	Plumbing, heating, and air-conditioning contractors	47	238220	33	47033	Crockett County, Tennessee	yes	3.8	52.163016022305854	2216.420211626712
1846	23	Plumbing, heating, and air-conditioning contractors	47	238220	35	47035	Cumberland County, Tennessee	no	8.333333333333334	59.833333333333336	2112.0
1847	23	Plumbing, heating, and air-conditioning contractors	47	238220	37	47037	Davidson County, Tennessee	no	161.5	3017.3333333333335	169876.83333333334
1848	23	Plumbing, heating, and air-conditioning contractors	47	238220	39	47039	Decatur County, Tennessee	yes	3.1666666666666665	45.508717276053396	1783.013346047924
1849	23	Plumbing, heating, and air-conditioning contractors	47	238220	41	47041	DeKalb County, Tennessee	no	3.0	7.0	263.0
1850	23	Plumbing, heating, and air-conditioning contractors	47	238220	41	47041	DeKalb County, Tennessee	yes	2.0	31.563627460163595	1097.0656402568698
1851	23	Plumbing, heating, and air-conditioning contractors	47	238220	43	47043	Dickson County, Tennessee	no	14.0	86.33333333333333	3437.5
1852	23	Plumbing, heating, and air-conditioning contractors	47	238220	45	47045	Dyer County, Tennessee	no	9.833333333333334	56.5	1966.3333333333333
1853	23	Plumbing, heating, and air-conditioning contractors	47	238220	47	47047	Fayette County, Tennessee	no	13.833333333333334	65.16666666666667	2920.1666666666665
1854	23	Plumbing, heating, and air-conditioning contractors	47	238220	49	47049	Fentress County, Tennessee	yes	2.0	28.53645890926427	1103.1156222101026
1855	23	Plumbing, heating, and air-conditioning contractors	47	238220	51	47051	Franklin County, Tennessee	no	3.6666666666666665	0.0	493.6666666666667
1856	23	Plumbing, heating, and air-conditioning contractors	47	238220	51	47051	Franklin County, Tennessee	yes	3.0	38.72701976664929	1883.6237493818744
1857	23	Plumbing, heating, and air-conditioning contractors	47	238220	53	47053	Gibson County, Tennessee	no	13.666666666666666	58.833333333333336	1844.0
1858	23	Plumbing, heating, and air-conditioning contractors	47	238220	55	47055	Giles County, Tennessee	no	6.833333333333333	33.333333333333336	1225.8333333333333
1859	23	Plumbing, heating, and air-conditioning contractors	47	238220	57	47057	Grainger County, Tennessee	no	6.0	81.16666666666667	3079.5
1860	23	Plumbing, heating, and air-conditioning contractors	47	238220	59	47059	Greene County, Tennessee	no	11.666666666666666	62.0	1753.0
1861	23	Plumbing, heating, and air-conditioning contractors	47	238220	63	47063	Hamblen County, Tennessee	no	7.166666666666667	14.333333333333334	756.8333333333334
1862	23	Plumbing, heating, and air-conditioning contractors	47	238220	65	47065	Hamilton County, Tennessee	no	115.0	1513.8333333333333	77522.5
1863	23	Plumbing, heating, and air-conditioning contractors	47	238220	67	47067	Hancock County, Tennessee	yes	1.1666666666666667	16.975712447829412	679.6258383159357
1864	23	Plumbing, heating, and air-conditioning contractors	47	238220	69	47069	Hardeman County, Tennessee	no	3.8333333333333335	6.0	200.0
1865	23	Plumbing, heating, and air-conditioning contractors	47	238220	71	47071	Hardin County, Tennessee	no	3.8333333333333335	15.833333333333334	1057.5
1866	23	Plumbing, heating, and air-conditioning contractors	47	238220	73	47073	Hawkins County, Tennessee	no	7.0	20.5	832.0
1867	23	Plumbing, heating, and air-conditioning contractors	47	238220	75	47075	Haywood County, Tennessee	yes	1.1666666666666667	16.78834439716087	636.1411444383847
1868	23	Plumbing, heating, and air-conditioning contractors	47	238220	77	47077	Henderson County, Tennessee	no	9.833333333333334	24.666666666666668	1688.8333333333333
1869	23	Plumbing, heating, and air-conditioning contractors	47	238220	79	47079	Henry County, Tennessee	no	8.666666666666666	56.166666666666664	2222.5
1870	23	Plumbing, heating, and air-conditioning contractors	47	238220	81	47081	Hickman County, Tennessee	no	4.0	15.0	597.0
1871	23	Plumbing, heating, and air-conditioning contractors	47	238220	81	47081	Hickman County, Tennessee	yes	4.0	63.22109372167051	2105.1178472923502
1872	23	Plumbing, heating, and air-conditioning contractors	47	238220	83	47083	Houston County, Tennessee	no	3.0	6.0	270.0
1873	23	Plumbing, heating, and air-conditioning contractors	47	238220	83	47083	Houston County, Tennessee	yes	2.0	31.563627460163595	1097.0656402568698
1874	23	Plumbing, heating, and air-conditioning contractors	47	238220	85	47085	Humphreys County, Tennessee	yes	2.0	27.177236043515233	1179.4323942323429
1875	23	Plumbing, heating, and air-conditioning contractors	47	238220	87	47087	Jackson County, Tennessee	yes	1.0	14.268229454632134	551.5578111050513
1876	23	Plumbing, heating, and air-conditioning contractors	47	238220	89	47089	Jefferson County, Tennessee	no	8.666666666666666	40.333333333333336	1243.8333333333333
1877	23	Plumbing, heating, and air-conditioning contractors	47	238220	91	47091	Johnson County, Tennessee	no	3.0	14.333333333333334	583.3333333333334
1878	23	Plumbing, heating, and air-conditioning contractors	47	238220	91	47091	Johnson County, Tennessee	yes	2.3333333333333335	36.29513452581981	1119.6487448322891
1879	23	Plumbing, heating, and air-conditioning contractors	47	238220	93	47093	Knox County, Tennessee	no	124.33333333333333	1512.3333333333333	69528.66666666667
1880	23	Plumbing, heating, and air-conditioning contractors	47	238220	95	47095	Lake County, Tennessee	yes	1.0	12.909006588883097	627.8745831272914
1881	23	Plumbing, heating, and air-conditioning contractors	47	238220	97	47097	Lauderdale County, Tennessee	no	3.1666666666666665	21.5	726.1666666666666
1882	23	Plumbing, heating, and air-conditioning contractors	47	238220	99	47099	Lawrence County, Tennessee	no	7.666666666666667	28.333333333333332	1140.8333333333333
1883	23	Plumbing, heating, and air-conditioning contractors	47	238220	101	47101	Lewis County, Tennessee	no	3.0	10.75	243.25
1884	23	Plumbing, heating, and air-conditioning contractors	47	238220	101	47101	Lewis County, Tennessee	yes	2.0	30.262103796586555	1013.3686868686868
1885	23	Plumbing, heating, and air-conditioning contractors	47	238220	103	47103	Lincoln County, Tennessee	no	9.166666666666666	29.833333333333332	997.5
1886	23	Plumbing, heating, and air-conditioning contractors	47	238220	105	47105	Loudon County, Tennessee	no	7.0	65.66666666666667	2470.1666666666665
1887	23	Plumbing, heating, and air-conditioning contractors	47	238220	107	47107	McMinn County, Tennessee	no	8.5	81.66666666666667	3594.1666666666665
1888	23	Plumbing, heating, and air-conditioning contractors	47	238220	109	47109	McNairy County, Tennessee	no	5.0	12.2	375.8
1889	23	Plumbing, heating, and air-conditioning contractors	47	238220	109	47109	McNairy County, Tennessee	yes	3.0	45.42424242424242	1517.6060606060607
1890	23	Plumbing, heating, and air-conditioning contractors	47	238220	111	47111	Macon County, Tennessee	yes	1.0	14.268229454632134	551.5578111050513
1891	23	Plumbing, heating, and air-conditioning contractors	47	238220	113	47113	Madison County, Tennessee	no	30.75	535.0	28763.75
1892	23	Plumbing, heating, and air-conditioning contractors	47	238220	113	47113	Madison County, Tennessee	yes	30.5	483.9957166602736	14026.28110216085
1893	23	Plumbing, heating, and air-conditioning contractors	47	238220	115	47115	Marion County, Tennessee	no	6.75	18.5	1159.5
1894	23	Plumbing, heating, and air-conditioning contractors	47	238220	115	47115	Marion County, Tennessee	yes	5.0	79.40416826492776	2295.557793121084
1895	23	Plumbing, heating, and air-conditioning contractors	47	238220	117	47117	Marshall County, Tennessee	no	5.6	72.6	2608.8
1896	23	Plumbing, heating, and air-conditioning contractors	47	238220	117	47117	Marshall County, Tennessee	yes	5.0	75.7070707070707	2529.343434343434
1897	23	Plumbing, heating, and air-conditioning contractors	47	238220	119	47119	Maury County, Tennessee	no	19.0	165.33333333333334	7199.5
1898	23	Plumbing, heating, and air-conditioning contractors	47	238220	121	47121	Meigs County, Tennessee	no	3.0	13.0	256.0
1899	23	Plumbing, heating, and air-conditioning contractors	47	238220	121	47121	Meigs County, Tennessee	yes	1.8	24.717508679160822	915.2017439722634
1900	23	Plumbing, heating, and air-conditioning contractors	47	238220	123	47123	Monroe County, Tennessee	no	9.5	34.0	966.5
1901	23	Plumbing, heating, and air-conditioning contractors	47	238220	125	47125	Montgomery County, Tennessee	no	40.666666666666664	401.0	17384.5
1902	23	Plumbing, heating, and air-conditioning contractors	47	238220	127	47127	Moore County, Tennessee	yes	1.6666666666666667	23.308860973538255	890.4642616658851
1903	23	Plumbing, heating, and air-conditioning contractors	47	238220	131	47131	Obion County, Tennessee	no	10.0	45.5	1294.5
1904	23	Plumbing, heating, and air-conditioning contractors	47	238220	133	47133	Overton County, Tennessee	no	3.4	18.4	756.6
1905	23	Plumbing, heating, and air-conditioning contractors	47	238220	133	47133	Overton County, Tennessee	yes	3.0	45.42424242424242	1517.6060606060607
1906	23	Plumbing, heating, and air-conditioning contractors	47	238220	137	47137	Pickett County, Tennessee	yes	1.1666666666666667	17.03827164872496	620.2835495016758
1907	23	Plumbing, heating, and air-conditioning contractors	47	238220	139	47139	Polk County, Tennessee	no	3.0	25.0	1337.25
1908	23	Plumbing, heating, and air-conditioning contractors	47	238220	139	47139	Polk County, Tennessee	yes	3.0	33.723182711198426	1672.8233791748526
1909	23	Plumbing, heating, and air-conditioning contractors	47	238220	141	47141	Putnam County, Tennessee	no	19.833333333333332	345.8333333333333	14439.5
1910	23	Plumbing, heating, and air-conditioning contractors	47	238220	143	47143	Rhea County, Tennessee	no	4.166666666666667	20.333333333333332	1109.3333333333333
1911	23	Plumbing, heating, and air-conditioning contractors	47	238220	145	47145	Roane County, Tennessee	no	12.166666666666666	31.5	1443.1666666666667
1912	23	Plumbing, heating, and air-conditioning contractors	47	238220	147	47147	Robertson County, Tennessee	no	15.333333333333334	89.33333333333333	3330.3333333333335
1913	23	Plumbing, heating, and air-conditioning contractors	47	238220	149	47149	Rutherford County, Tennessee	no	60.5	547.8333333333334	28075.833333333332
1914	23	Plumbing, heating, and air-conditioning contractors	47	238220	151	47151	Scott County, Tennessee	no	3.6666666666666665	7.333333333333333	597.6666666666666
1915	23	Plumbing, heating, and air-conditioning contractors	47	238220	151	47151	Scott County, Tennessee	yes	3.6666666666666665	46.22106036913783	2255.3622780873975
1916	23	Plumbing, heating, and air-conditioning contractors	47	238220	153	47153	Sequatchie County, Tennessee	no	3.0	0.0	396.5
1917	23	Plumbing, heating, and air-conditioning contractors	47	238220	153	47153	Sequatchie County, Tennessee	yes	2.0	26.923854710910852	1195.5618746909372
1918	23	Plumbing, heating, and air-conditioning contractors	47	238220	155	47155	Sevier County, Tennessee	no	27.833333333333332	155.16666666666666	6143.666666666667
1919	23	Plumbing, heating, and air-conditioning contractors	47	238220	157	47157	Shelby County, Tennessee	no	213.66666666666666	3106.0	154812.16666666666
1920	23	Plumbing, heating, and air-conditioning contractors	47	238220	159	47159	Smith County, Tennessee	no	4.5	12.166666666666666	372.1666666666667
1921	23	Plumbing, heating, and air-conditioning contractors	47	238220	161	47161	Stewart County, Tennessee	no	3.6666666666666665	3.8333333333333335	207.0
1922	23	Plumbing, heating, and air-conditioning contractors	47	238220	163	47163	Sullivan County, Tennessee	no	32.666666666666664	548.6666666666666	25311.333333333332
1923	23	Plumbing, heating, and air-conditioning contractors	47	238220	165	47165	Sumner County, Tennessee	no	40.666666666666664	317.1666666666667	13506.166666666666
1924	23	Plumbing, heating, and air-conditioning contractors	47	238220	167	47167	Tipton County, Tennessee	no	17.666666666666668	99.33333333333333	4305.333333333333
1925	23	Plumbing, heating, and air-conditioning contractors	47	238220	169	47169	Trousdale County, Tennessee	yes	1.0	14.268229454632134	551.5578111050513
1926	23	Plumbing, heating, and air-conditioning contractors	47	238220	171	47171	Unicoi County, Tennessee	yes	1.1666666666666667	16.79179847820116	635.8692589164992
1927	23	Plumbing, heating, and air-conditioning contractors	47	238220	173	47173	Union County, Tennessee	no	5.0	15.333333333333334	267.6666666666667
1928	23	Plumbing, heating, and air-conditioning contractors	47	238220	173	47173	Union County, Tennessee	yes	4.333333333333333	67.55694732866273	2069.5870519541404
1929	23	Plumbing, heating, and air-conditioning contractors	47	238220	177	47177	Warren County, Tennessee	no	9.5	47.833333333333336	1700.0
1930	23	Plumbing, heating, and air-conditioning contractors	47	238220	179	47179	Washington County, Tennessee	no	27.333333333333332	213.0	8236.5
1931	23	Plumbing, heating, and air-conditioning contractors	47	238220	181	47181	Wayne County, Tennessee	yes	1.0	14.268229454632134	551.5578111050513
1932	23	Plumbing, heating, and air-conditioning contractors	47	238220	183	47183	Weakley County, Tennessee	no	5.75	24.75	1197.75
1933	23	Plumbing, heating, and air-conditioning contractors	47	238220	183	47183	Weakley County, Tennessee	yes	5.0	78.60257529463115	2347.2088607594937
1934	23	Plumbing, heating, and air-conditioning contractors	47	238220	185	47185	White County, Tennessee	no	5.166666666666667	35.0	1574.5
1935	23	Plumbing, heating, and air-conditioning contractors	47	238220	187	47187	Williamson County, Tennessee	no	50.333333333333336	1309.6666666666667	72118.16666666667
1936	23	Plumbing, heating, and air-conditioning contractors	47	238220	189	47189	Wilson County, Tennessee	no	34.333333333333336	184.66666666666666	8839.333333333334
1937	23	Poured concrete foundation and structure contractors	47	238110	1	47001	Anderson County, Tennessee	no	4.666666666666667	30.333333333333332	1384.6666666666667
1938	23	Poured concrete foundation and structure contractors	47	238110	1	47001	Anderson County, Tennessee	yes	3.3333333333333335	29.7615278076271	1030.90610896196
1939	23	Poured concrete foundation and structure contractors	47	238110	3	47003	Bedford County, Tennessee	no	3.2	5.0	342.2
1940	23	Poured concrete foundation and structure contractors	47	238110	3	47003	Bedford County, Tennessee	yes	2.0	16.271604938271604	514.0
1941	23	Poured concrete foundation and structure contractors	47	238110	7	47007	Bledsoe County, Tennessee	no	3.0	6.2	155.6
1942	23	Poured concrete foundation and structure contractors	47	238110	7	47007	Bledsoe County, Tennessee	yes	2.0	20.272727272727273	719.6136363636364
1943	23	Poured concrete foundation and structure contractors	47	238110	9	47009	Blount County, Tennessee	no	9.833333333333334	234.16666666666666	10805.5
1944	23	Poured concrete foundation and structure contractors	47	238110	11	47011	Bradley County, Tennessee	no	3.0	18.0	734.0
1945	23	Poured concrete foundation and structure contractors	47	238110	11	47011	Bradley County, Tennessee	yes	3.0	24.298246468774778	860.6630833442612
1946	23	Poured concrete foundation and structure contractors	47	238110	13	47013	Campbell County, Tennessee	no	4.666666666666667	9.833333333333334	692.8333333333334
1947	23	Poured concrete foundation and structure contractors	47	238110	17	47017	Carroll County, Tennessee	yes	1.0	8.232597334518998	326.47405508789694
1948	23	Poured concrete foundation and structure contractors	47	238110	19	47019	Carter County, Tennessee	yes	2.2	17.37986830273051	739.7588218682106
1949	23	Poured concrete foundation and structure contractors	47	238110	21	47021	Cheatham County, Tennessee	no	4.5	21.333333333333332	1039.8333333333333
1950	23	Poured concrete foundation and structure contractors	47	238110	23	47023	Chester County, Tennessee	yes	1.0	8.498961024373806	405.64677636751657
1951	23	Poured concrete foundation and structure contractors	47	238110	29	47029	Cocke County, Tennessee	yes	1.0	7.5021322083396	343.8210147534856
1952	23	Poured concrete foundation and structure contractors	47	238110	31	47031	Coffee County, Tennessee	yes	1.8333333333333333	14.816650446813398	633.6001545871452
1953	23	Poured concrete foundation and structure contractors	47	238110	33	47033	Crockett County, Tennessee	yes	1.8333333333333333	15.109227590848691	610.1147768424605
1954	23	Poured concrete foundation and structure contractors	47	238110	35	47035	Cumberland County, Tennessee	yes	1.0	7.5021322083396	343.8210147534856
1955	23	Poured concrete foundation and structure contractors	47	238110	37	47037	Davidson County, Tennessee	no	31.5	574.0	35503.833333333336
1956	23	Poured concrete foundation and structure contractors	47	238110	41	47041	DeKalb County, Tennessee	yes	1.0	8.232597334518998	326.47405508789694
1957	23	Poured concrete foundation and structure contractors	47	238110	43	47043	Dickson County, Tennessee	no	5.0	32.0	1426.0
1958	23	Poured concrete foundation and structure contractors	47	238110	43	47043	Dickson County, Tennessee	yes	4.666666666666667	42.103378147113375	1459.9688104448742
1959	23	Poured concrete foundation and structure contractors	47	238110	45	47045	Dyer County, Tennessee	yes	2.0	16.465194669037995	652.9481101757939
1960	23	Poured concrete foundation and structure contractors	47	238110	47	47047	Fayette County, Tennessee	no	8.333333333333334	266.0	12220.333333333334
1961	23	Poured concrete foundation and structure contractors	47	238110	47	47047	Fayette County, Tennessee	yes	8.0	71.1980522323312	2456.6059800128946
1962	23	Poured concrete foundation and structure contractors	47	238110	51	47051	Franklin County, Tennessee	no	3.0	3.8333333333333335	57.5
1963	23	Poured concrete foundation and structure contractors	47	238110	53	47053	Gibson County, Tennessee	no	3.2	14.4	678.6
1964	23	Poured concrete foundation and structure contractors	47	238110	53	47053	Gibson County, Tennessee	yes	3.0	24.407407407407405	771.0
1965	23	Poured concrete foundation and structure contractors	47	238110	55	47055	Giles County, Tennessee	yes	1.5	12.967352291496177	489.2429944818362
1966	23	Poured concrete foundation and structure contractors	47	238110	57	47057	Grainger County, Tennessee	yes	1.0	8.251956307595638	340.3688661054763
1967	23	Poured concrete foundation and structure contractors	47	238110	59	47059	Greene County, Tennessee	no	3.0	12.333333333333334	219.66666666666666
1968	23	Poured concrete foundation and structure contractors	47	238110	59	47059	Greene County, Tennessee	yes	3.0	26.889187382095184	927.3812862669246
1969	23	Poured concrete foundation and structure contractors	47	238110	63	47063	Hamblen County, Tennessee	no	3.0	61.666666666666664	2701.6666666666665
1970	23	Poured concrete foundation and structure contractors	47	238110	63	47063	Hamblen County, Tennessee	yes	3.3333333333333335	29.60112153847378	1013.0479529335912
1971	23	Poured concrete foundation and structure contractors	47	238110	65	47065	Hamilton County, Tennessee	no	17.0	201.83333333333334	8866.833333333334
1972	23	Poured concrete foundation and structure contractors	47	238110	71	47071	Hardin County, Tennessee	yes	2.0	16.465194669037995	652.9481101757939
1973	23	Poured concrete foundation and structure contractors	47	238110	73	47073	Hawkins County, Tennessee	yes	2.0	16.465194669037995	652.9481101757939
1974	23	Poured concrete foundation and structure contractors	47	238110	75	47075	Haywood County, Tennessee	yes	1.0	8.160690065345609	347.8174656105688
1975	23	Poured concrete foundation and structure contractors	47	238110	77	47077	Henderson County, Tennessee	yes	1.8333333333333333	15.506265855823456	575.6333474799021
1976	23	Poured concrete foundation and structure contractors	47	238110	79	47079	Henry County, Tennessee	yes	1.6666666666666667	13.857721633598857	556.2853918912535
1977	23	Poured concrete foundation and structure contractors	47	238110	81	47081	Hickman County, Tennessee	yes	1.3333333333333333	11.065584342643598	461.6896472104025
1978	23	Poured concrete foundation and structure contractors	47	238110	83	47083	Houston County, Tennessee	no	4.0	13.0	641.0
1979	23	Poured concrete foundation and structure contractors	47	238110	83	47083	Houston County, Tennessee	yes	2.0	16.198830979183185	573.7753888961743
1980	23	Poured concrete foundation and structure contractors	47	238110	85	47085	Humphreys County, Tennessee	yes	1.1666666666666667	9.921991273912937	386.4418581181999
1981	23	Poured concrete foundation and structure contractors	47	238110	87	47087	Jackson County, Tennessee	yes	1.0	8.498961024373806	405.64677636751657
1982	23	Poured concrete foundation and structure contractors	47	238110	89	47089	Jefferson County, Tennessee	yes	1.0	8.08728649641019	296.8502592641161
1983	23	Poured concrete foundation and structure contractors	47	238110	93	47093	Knox County, Tennessee	no	16.333333333333332	122.66666666666667	4968.5
1984	23	Poured concrete foundation and structure contractors	47	238110	97	47097	Lauderdale County, Tennessee	yes	1.0	8.232597334518998	326.47405508789694
1985	23	Poured concrete foundation and structure contractors	47	238110	99	47099	Lawrence County, Tennessee	no	3.0	8.666666666666666	252.5
1986	23	Poured concrete foundation and structure contractors	47	238110	103	47103	Lincoln County, Tennessee	yes	1.1666666666666667	9.921991273912937	386.4418581181999
1987	23	Poured concrete foundation and structure contractors	47	238110	105	47105	Loudon County, Tennessee	yes	1.6666666666666667	13.857721633598857	556.2853918912535
1988	23	Poured concrete foundation and structure contractors	47	238110	107	47107	McMinn County, Tennessee	yes	1.3333333333333333	11.065584342643598	461.6896472104025
1989	23	Poured concrete foundation and structure contractors	47	238110	109	47109	McNairy County, Tennessee	no	3.0	22.0	229.0
1990	23	Poured concrete foundation and structure contractors	47	238110	109	47109	McNairy County, Tennessee	yes	1.2	9.353651222849873	384.40276441056096
1991	23	Poured concrete foundation and structure contractors	47	238110	111	47111	Macon County, Tennessee	yes	1.0	8.43768644861979	344.71700520503487
1992	23	Poured concrete foundation and structure contractors	47	238110	113	47113	Madison County, Tennessee	no	9.166666666666666	71.5	4005.5
1993	23	Poured concrete foundation and structure contractors	47	238110	117	47117	Marshall County, Tennessee	yes	1.0	8.777421886168558	347.73496780039153
1994	23	Poured concrete foundation and structure contractors	47	238110	119	47119	Maury County, Tennessee	no	3.5	8.166666666666666	322.6666666666667
1995	23	Poured concrete foundation and structure contractors	47	238110	121	47121	Meigs County, Tennessee	yes	1.0	7.5021322083396	343.8210147534856
1996	23	Poured concrete foundation and structure contractors	47	238110	123	47123	Monroe County, Tennessee	no	4.5	52.666666666666664	1092.0
1997	23	Poured concrete foundation and structure contractors	47	238110	125	47125	Montgomery County, Tennessee	no	6.833333333333333	37.5	1573.8333333333333
1998	23	Poured concrete foundation and structure contractors	47	238110	127	47127	Moore County, Tennessee	yes	1.0	8.498961024373806	405.64677636751657
1999	23	Poured concrete foundation and structure contractors	47	238110	129	47129	Morgan County, Tennessee	yes	1.0	8.232597334518998	326.47405508789694
2000	23	Poured concrete foundation and structure contractors	47	238110	131	47131	Obion County, Tennessee	yes	1.0	8.232597334518998	326.47405508789694
2001	23	Poured concrete foundation and structure contractors	47	238110	133	47133	Overton County, Tennessee	yes	1.3333333333333333	11.065584342643598	461.6896472104025
2002	23	Poured concrete foundation and structure contractors	47	238110	139	47139	Polk County, Tennessee	no	3.0	8.0	214.0
2003	23	Poured concrete foundation and structure contractors	47	238110	139	47139	Polk County, Tennessee	yes	1.25	9.476534133659388	341.93006732944303
2004	23	Poured concrete foundation and structure contractors	47	238110	141	47141	Putnam County, Tennessee	no	4.0	27.0	587.0
2005	23	Poured concrete foundation and structure contractors	47	238110	141	47141	Putnam County, Tennessee	yes	3.0	26.98722670330161	1024.8689201268953
2006	23	Poured concrete foundation and structure contractors	47	238110	143	47143	Rhea County, Tennessee	yes	1.0	7.5021322083396	343.8210147534856
2007	23	Poured concrete foundation and structure contractors	47	238110	145	47145	Roane County, Tennessee	no	3.0	0.0	38.0
2008	23	Poured concrete foundation and structure contractors	47	238110	145	47145	Roane County, Tennessee	yes	1.6	13.104328205441751	518.479021663946
2009	23	Poured concrete foundation and structure contractors	47	238110	147	47147	Robertson County, Tennessee	no	3.8	12.2	346.0
2010	23	Poured concrete foundation and structure contractors	47	238110	147	47147	Robertson County, Tennessee	yes	2.0	17.23404255319149	621.1489361702128
2011	23	Poured concrete foundation and structure contractors	47	238110	149	47149	Rutherford County, Tennessee	no	15.666666666666666	104.5	3428.6666666666665
2012	23	Poured concrete foundation and structure contractors	47	238110	151	47151	Scott County, Tennessee	yes	1.0	8.160690065345609	347.8174656105688
2013	23	Poured concrete foundation and structure contractors	47	238110	155	47155	Sevier County, Tennessee	no	4.0	12.75	228.25
2014	23	Poured concrete foundation and structure contractors	47	238110	155	47155	Sevier County, Tennessee	yes	4.5	37.57354872603099	1263.648936170213
2015	23	Poured concrete foundation and structure contractors	47	238110	157	47157	Shelby County, Tennessee	no	23.333333333333332	524.6666666666666	26273.333333333332
2016	23	Poured concrete foundation and structure contractors	47	238110	159	47159	Smith County, Tennessee	yes	1.1666666666666667	9.588564412708296	369.3073884212302
2017	23	Poured concrete foundation and structure contractors	47	238110	161	47161	Stewart County, Tennessee	yes	1.5	11.942813721519455	457.7647150229853
2018	23	Poured concrete foundation and structure contractors	47	238110	163	47163	Sullivan County, Tennessee	yes	1.3333333333333333	11.358161486678894	438.2042694657177
2019	23	Poured concrete foundation and structure contractors	47	238110	165	47165	Sumner County, Tennessee	no	9.5	145.0	6228.5
2020	23	Poured concrete foundation and structure contractors	47	238110	167	47167	Tipton County, Tennessee	yes	1.1666666666666667	9.150676430564195	363.1689703421342
2021	23	Poured concrete foundation and structure contractors	47	238110	171	47171	Unicoi County, Tennessee	yes	1.0	7.5021322083396	343.8210147534856
2022	23	Poured concrete foundation and structure contractors	47	238110	173	47173	Union County, Tennessee	yes	1.0	8.498961024373806	405.64677636751657
2023	23	Poured concrete foundation and structure contractors	47	238110	177	47177	Warren County, Tennessee	yes	1.6666666666666667	13.632207660913393	517.7325180532883
2024	23	Poured concrete foundation and structure contractors	47	238110	179	47179	Washington County, Tennessee	no	4.0	0.0	1507.0
2025	23	Poured concrete foundation and structure contractors	47	238110	179	47179	Washington County, Tennessee	yes	2.6	21.356284513037387	858.8478877694222
2026	23	Poured concrete foundation and structure contractors	47	238110	183	47183	Weakley County, Tennessee	no	3.0	11.0	158.0
2027	23	Poured concrete foundation and structure contractors	47	238110	183	47183	Weakley County, Tennessee	yes	1.5	11.630789452808324	419.5736843507196
2028	23	Poured concrete foundation and structure contractors	47	238110	187	47187	Williamson County, Tennessee	no	10.666666666666666	73.5	4916.333333333333
2029	23	Poured concrete foundation and structure contractors	47	238110	189	47189	Wilson County, Tennessee	no	8.75	47.75	1993.25
2030	23	Poured concrete foundation and structure contractors	47	238110	189	47189	Wilson County, Tennessee	yes	7.0	65.63684719535783	2346.334501934236
2031	23	Power and communication line and related structures construction	47	237130	3	47003	Bedford County, Tennessee	yes	1.0	61.21205533596838	2968.9000988142293
2032	23	Power and communication line and related structures construction	47	237130	9	47009	Blount County, Tennessee	yes	2.2	99.25861792750865	4564.856744417603
2033	23	Power and communication line and related structures construction	47	237130	11	47011	Bradley County, Tennessee	yes	2.1666666666666665	97.12006494620395	4508.27539514661
2034	23	Power and communication line and related structures construction	47	237130	13	47013	Campbell County, Tennessee	yes	1.0	42.606642642593485	1987.1885450309321
2035	23	Power and communication line and related structures construction	47	237130	17	47017	Carroll County, Tennessee	yes	1.0	42.606642642593485	1987.1885450309321
2036	23	Power and communication line and related structures construction	47	237130	19	47019	Carter County, Tennessee	yes	1.0	71.44067796610169	3203.3898305084745
2037	23	Power and communication line and related structures construction	47	237130	21	47021	Cheatham County, Tennessee	yes	2.0	85.21328528518697	3974.3770900618642
2038	23	Power and communication line and related structures construction	47	237130	23	47023	Chester County, Tennessee	yes	1.0	42.606642642593485	1987.1885450309321
2039	23	Power and communication line and related structures construction	47	237130	25	47025	Claiborne County, Tennessee	yes	1.0	21.195225916453538	905.7911338448423
2040	23	Power and communication line and related structures construction	47	237130	31	47031	Coffee County, Tennessee	yes	1.0	40.10414229845176	1950.2505773105836
2041	23	Power and communication line and related structures construction	47	237130	35	47035	Cumberland County, Tennessee	yes	1.0	19.384615384615383	970.3589743589744
2042	23	Power and communication line and related structures construction	47	237130	37	47037	Davidson County, Tennessee	no	11.0	1541.2	89748.2
2043	23	Power and communication line and related structures construction	47	237130	37	47037	Davidson County, Tennessee	yes	8.0	571.5254237288135	25627.118644067796
2044	23	Power and communication line and related structures construction	47	237130	39	47039	Decatur County, Tennessee	no	3.5	54.0	2587.0
2045	23	Power and communication line and related structures construction	47	237130	39	47039	Decatur County, Tennessee	yes	2.25	84.86024538121725	4123.711938934893
2046	23	Power and communication line and related structures construction	47	237130	41	47041	DeKalb County, Tennessee	yes	1.0	23.782608695652172	918.7391304347826
2047	23	Power and communication line and related structures construction	47	237130	43	47043	Dickson County, Tennessee	yes	1.0	23.782608695652172	918.7391304347826
2048	23	Power and communication line and related structures construction	47	237130	45	47045	Dyer County, Tennessee	yes	1.0	23.782608695652172	918.7391304347826
2049	23	Power and communication line and related structures construction	47	237130	47	47047	Fayette County, Tennessee	yes	1.0	33.303936295906034	1496.3327681392834
2050	23	Power and communication line and related structures construction	47	237130	53	47053	Gibson County, Tennessee	yes	1.0	18.996229260935145	931.6010558069381
2051	23	Power and communication line and related structures construction	47	237130	65	47065	Hamilton County, Tennessee	no	17.333333333333332	1068.5	76576.33333333333
2052	23	Power and communication line and related structures construction	47	237130	77	47077	Henderson County, Tennessee	yes	1.3333333333333333	63.010661087916276	2976.821911302342
2053	23	Power and communication line and related structures construction	47	237130	79	47079	Henry County, Tennessee	yes	1.0	42.606642642593485	1987.1885450309321
2054	23	Power and communication line and related structures construction	47	237130	85	47085	Humphreys County, Tennessee	yes	1.0	40.10414229845176	1950.2505773105836
2055	23	Power and communication line and related structures construction	47	237130	89	47089	Jefferson County, Tennessee	yes	1.5	61.57849760909494	2823.0172280639586
2056	23	Power and communication line and related structures construction	47	237130	93	47093	Knox County, Tennessee	yes	3.5	142.64924313239803	6727.8343815484395
2057	23	Power and communication line and related structures construction	47	237130	101	47101	Lewis County, Tennessee	yes	1.0	18.996229260935145	931.6010558069381
2058	23	Power and communication line and related structures construction	47	237130	105	47105	Loudon County, Tennessee	yes	1.2	41.59635731702228	1927.69611402238
2059	23	Power and communication line and related structures construction	47	237130	111	47111	Macon County, Tennessee	yes	1.75	76.85001520218911	3683.764368602412
2060	23	Power and communication line and related structures construction	47	237130	113	47113	Madison County, Tennessee	no	3.2	184.8	5059.6
2061	23	Power and communication line and related structures construction	47	237130	113	47113	Madison County, Tennessee	yes	2.0	142.88135593220338	6406.779661016949
2062	23	Power and communication line and related structures construction	47	237130	117	47117	Marshall County, Tennessee	yes	1.0	53.31235100566346	2527.887250623977
2063	23	Power and communication line and related structures construction	47	237130	119	47119	Maury County, Tennessee	yes	1.8333333333333333	73.30650562417001	3440.4787849771183
2064	23	Power and communication line and related structures construction	47	237130	121	47121	Meigs County, Tennessee	yes	1.0	42.606642642593485	1987.1885450309321
2065	23	Power and communication line and related structures construction	47	237130	125	47125	Montgomery County, Tennessee	no	7.4	71.0	3118.2
2066	23	Power and communication line and related structures construction	47	237130	125	47125	Montgomery County, Tennessee	yes	3.0	214.3220338983051	9610.169491525425
2067	23	Power and communication line and related structures construction	47	237130	127	47127	Moore County, Tennessee	yes	1.0	33.303936295906034	1496.3327681392834
2068	23	Power and communication line and related structures construction	47	237130	129	47129	Morgan County, Tennessee	yes	1.5	83.33198231392777	3662.759395725866
2069	23	Power and communication line and related structures construction	47	237130	131	47131	Obion County, Tennessee	yes	1.0	42.606642642593485	1987.1885450309321
2070	23	Power and communication line and related structures construction	47	237130	141	47141	Putnam County, Tennessee	no	3.0	133.0	5367.0
2071	23	Power and communication line and related structures construction	47	237130	141	47141	Putnam County, Tennessee	yes	1.8	80.21396059515789	3740.4309522289523
2072	23	Power and communication line and related structures construction	47	237130	147	47147	Robertson County, Tennessee	no	4.25	42.5	1823.25
2073	23	Power and communication line and related structures construction	47	237130	147	47147	Robertson County, Tennessee	yes	2.0	122.42411067193676	5937.800197628459
2074	23	Power and communication line and related structures construction	47	237130	149	47149	Rutherford County, Tennessee	no	3.0	58.333333333333336	3105.6666666666665
2075	23	Power and communication line and related structures construction	47	237130	149	47149	Rutherford County, Tennessee	yes	3.0	96.22018485605984	4244.7898671136345
2076	23	Power and communication line and related structures construction	47	237130	151	47151	Scott County, Tennessee	yes	1.4	66.45105987601198	3030.4834187747897
2077	23	Power and communication line and related structures construction	47	237130	155	47155	Sevier County, Tennessee	yes	1.0	42.606642642593485	1987.1885450309321
2078	23	Power and communication line and related structures construction	47	237130	157	47157	Shelby County, Tennessee	no	8.5	274.8333333333333	14623.5
2079	23	Power and communication line and related structures construction	47	237130	163	47163	Sullivan County, Tennessee	no	5.2	12.4	815.2
2080	23	Power and communication line and related structures construction	47	237130	163	47163	Sullivan County, Tennessee	yes	5.0	93.0392156862745	4464.21568627451
2081	23	Power and communication line and related structures construction	47	237130	165	47165	Sumner County, Tennessee	no	7.4	51.6	1809.8
2082	23	Power and communication line and related structures construction	47	237130	165	47165	Sumner County, Tennessee	yes	3.0	214.3220338983051	9610.169491525425
2083	23	Power and communication line and related structures construction	47	237130	167	47167	Tipton County, Tennessee	yes	1.1666666666666667	54.51342230361043	2521.086850115678
2084	23	Power and communication line and related structures construction	47	237130	173	47173	Union County, Tennessee	yes	1.0	47.26957535218404	2302.719723995811
2085	23	Power and communication line and related structures construction	47	237130	177	47177	Warren County, Tennessee	yes	1.0	42.606642642593485	1987.1885450309321
2086	23	Power and communication line and related structures construction	47	237130	179	47179	Washington County, Tennessee	no	3.0	33.0	1524.0
2087	23	Power and communication line and related structures construction	47	237130	179	47179	Washington County, Tennessee	yes	2.4	118.98691832276556	5568.668957856338
2088	23	Power and communication line and related structures construction	47	237130	183	47183	Weakley County, Tennessee	yes	1.0	42.606642642593485	1987.1885450309321
2089	23	Power and communication line and related structures construction	47	237130	187	47187	Williamson County, Tennessee	yes	1.6666666666666667	64.80926683986416	2984.743723790454
2090	23	Power and communication line and related structures construction	47	237130	189	47189	Wilson County, Tennessee	no	3.6	8.2	807.8
2091	23	Power and communication line and related structures construction	47	237130	189	47189	Wilson County, Tennessee	yes	4.0	285.76271186440675	12813.559322033898
2092	23	Residential remodelers	47	236118	1	47001	Anderson County, Tennessee	no	9.0	15.0	597.2
2093	23	Residential remodelers	47	236118	1	47001	Anderson County, Tennessee	yes	9.0	72.78750000000001	788.5125
2094	23	Residential remodelers	47	236118	3	47003	Bedford County, Tennessee	no	3.8	5.0	137.8
2095	23	Residential remodelers	47	236118	3	47003	Bedford County, Tennessee	yes	3.0	10.108695652173912	238.6304347826087
2096	23	Residential remodelers	47	236118	5	47005	Benton County, Tennessee	yes	1.0	7.991801948051949	87.35819805194805
2097	23	Residential remodelers	47	236118	7	47007	Bledsoe County, Tennessee	yes	1.0	7.143686718284693	84.01831447290053
2098	23	Residential remodelers	47	236118	9	47009	Blount County, Tennessee	no	25.166666666666668	41.5	2334.1666666666665
2099	23	Residential remodelers	47	236118	11	47011	Bradley County, Tennessee	no	5.4	8.0	328.2
2100	23	Residential remodelers	47	236118	11	47011	Bradley County, Tennessee	yes	2.0	15.792207792207794	174.2077922077922
2101	23	Residential remodelers	47	236118	13	47013	Campbell County, Tennessee	no	5.0	11.333333333333334	794.0
2102	23	Residential remodelers	47	236118	15	47015	Cannon County, Tennessee	no	3.6	9.0	421.4
2103	23	Residential remodelers	47	236118	15	47015	Cannon County, Tennessee	yes	3.0	23.68831168831169	261.31168831168833
2104	23	Residential remodelers	47	236118	17	47017	Carroll County, Tennessee	no	4.75	7.5	96.5
2105	23	Residential remodelers	47	236118	17	47017	Carroll County, Tennessee	yes	4.5	41.5758761786159	394.74604162960327
2106	23	Residential remodelers	47	236118	19	47019	Carter County, Tennessee	no	6.833333333333333	16.5	447.6666666666667
2107	23	Residential remodelers	47	236118	21	47021	Cheatham County, Tennessee	no	10.666666666666666	11.5	673.0
2108	23	Residential remodelers	47	236118	23	47023	Chester County, Tennessee	yes	1.6666666666666667	11.25703185091726	156.9504022749633
2109	23	Residential remodelers	47	236118	25	47025	Claiborne County, Tennessee	yes	1.5	10.695437648018709	143.69315589815173
2110	23	Residential remodelers	47	236118	29	47029	Cocke County, Tennessee	yes	1.2	8.96389135492341	121.57981220482891
2111	23	Residential remodelers	47	236118	31	47031	Coffee County, Tennessee	no	7.6	29.6	1304.8
2112	23	Residential remodelers	47	236118	31	47031	Coffee County, Tennessee	yes	5.0	40.4375	438.0625
2113	23	Residential remodelers	47	236118	33	47033	Crockett County, Tennessee	yes	2.0	12.42373792427676	199.6497962000275
2114	23	Residential remodelers	47	236118	35	47035	Cumberland County, Tennessee	no	5.666666666666667	36.333333333333336	1279.3333333333333
2115	23	Residential remodelers	47	236118	35	47035	Cumberland County, Tennessee	yes	3.0	26.83761341398328	263.040012156793
2116	23	Residential remodelers	47	236118	37	47037	Davidson County, Tennessee	no	119.16666666666667	660.3333333333334	32502.666666666668
2117	23	Residential remodelers	47	236118	39	47039	Decatur County, Tennessee	yes	1.0	7.896103896103897	87.1038961038961
2118	23	Residential remodelers	47	236118	41	47041	DeKalb County, Tennessee	no	4.0	12.0	248.0
2119	23	Residential remodelers	47	236118	41	47041	DeKalb County, Tennessee	yes	2.25	17.109514640362615	193.15248655082263
2120	23	Residential remodelers	47	236118	43	47043	Dickson County, Tennessee	no	7.0	15.5	1056.3333333333333
2121	23	Residential remodelers	47	236118	45	47045	Dyer County, Tennessee	no	5.0	11.0	281.0
2122	23	Residential remodelers	47	236118	45	47045	Dyer County, Tennessee	yes	2.5	19.88681572113116	215.40292519608144
2123	23	Residential remodelers	47	236118	47	47047	Fayette County, Tennessee	no	9.4	23.8	1172.0
2124	23	Residential remodelers	47	236118	47	47047	Fayette County, Tennessee	yes	6.0	48.525	525.675
2125	23	Residential remodelers	47	236118	49	47049	Fentress County, Tennessee	yes	1.0	6.21186896213838	99.82489810001375
2126	23	Residential remodelers	47	236118	51	47051	Franklin County, Tennessee	no	8.166666666666666	24.166666666666668	807.5
2127	23	Residential remodelers	47	236118	53	47053	Gibson County, Tennessee	no	10.666666666666666	53.0	1845.0
2128	23	Residential remodelers	47	236118	55	47055	Giles County, Tennessee	no	4.0	0.0	192.0
2129	23	Residential remodelers	47	236118	55	47055	Giles County, Tennessee	yes	2.0	12.526572043799753	186.62495760290912
2130	23	Residential remodelers	47	236118	57	47057	Grainger County, Tennessee	yes	1.1666666666666667	7.559785628805046	114.42698143334708
2131	23	Residential remodelers	47	236118	59	47059	Greene County, Tennessee	no	6.0	12.333333333333334	622.6666666666666
2132	23	Residential remodelers	47	236118	61	47061	Grundy County, Tennessee	no	3.0	4.25	77.5
2133	23	Residential remodelers	47	236118	61	47061	Grundy County, Tennessee	yes	2.0	7.000236440156996	256.1963635503854
2134	23	Residential remodelers	47	236118	63	47063	Hamblen County, Tennessee	no	6.666666666666667	26.5	1302.0
2135	23	Residential remodelers	47	236118	65	47065	Hamilton County, Tennessee	no	57.666666666666664	294.5	9540.5
2136	23	Residential remodelers	47	236118	69	47069	Hardeman County, Tennessee	yes	1.3333333333333333	9.347520981352043	129.0910725648184
2137	23	Residential remodelers	47	236118	71	47071	Hardin County, Tennessee	yes	1.3333333333333333	8.875802944822363	128.94429745066313
2138	23	Residential remodelers	47	236118	73	47073	Hawkins County, Tennessee	no	3.0	3.0	60.0
2139	23	Residential remodelers	47	236118	73	47073	Hawkins County, Tennessee	yes	1.4	8.180376999119193	155.12045477791966
2140	23	Residential remodelers	47	236118	75	47075	Haywood County, Tennessee	no	3.0	9.0	355.0
2141	23	Residential remodelers	47	236118	75	47075	Haywood County, Tennessee	yes	1.5	11.563645307194294	129.3673552883983
2142	23	Residential remodelers	47	236118	77	47077	Henderson County, Tennessee	no	4.333333333333333	10.0	190.66666666666666
2143	23	Residential remodelers	47	236118	77	47077	Henderson County, Tennessee	yes	2.3333333333333335	20.56630937555595	204.5076632271838
2144	23	Residential remodelers	47	236118	79	47079	Henry County, Tennessee	no	5.0	7.6	217.8
2145	23	Residential remodelers	47	236118	79	47079	Henry County, Tennessee	yes	2.0	16.175	175.22500000000002
2146	23	Residential remodelers	47	236118	81	47081	Hickman County, Tennessee	no	4.333333333333333	5.666666666666667	201.5
2147	23	Residential remodelers	47	236118	83	47083	Houston County, Tennessee	yes	2.0	15.55954628122027	173.04645431437234
2148	23	Residential remodelers	47	236118	87	47087	Jackson County, Tennessee	yes	1.75	7.91435288356867	189.99320857686035
2149	23	Residential remodelers	47	236118	89	47089	Jefferson County, Tennessee	no	8.5	10.5	427.8333333333333
2150	23	Residential remodelers	47	236118	91	47091	Johnson County, Tennessee	yes	1.0	3.369565217391304	79.54347826086956
2151	23	Residential remodelers	47	236118	93	47093	Knox County, Tennessee	no	86.5	472.5	20769.333333333332
2152	23	Residential remodelers	47	236118	95	47095	Lake County, Tennessee	yes	1.2	7.4925219753452765	119.8915984992373
2153	23	Residential remodelers	47	236118	97	47097	Lauderdale County, Tennessee	yes	1.0	6.21186896213838	99.82489810001375
2154	23	Residential remodelers	47	236118	99	47099	Lawrence County, Tennessee	yes	2.3333333333333335	14.062162034165942	242.49596523924706
2155	23	Residential remodelers	47	236118	101	47101	Lewis County, Tennessee	yes	1.3333333333333333	7.378575035497879	142.52429202507798
2156	23	Residential remodelers	47	236118	103	47103	Lincoln County, Tennessee	no	5.0	15.5	336.5
2157	23	Residential remodelers	47	236118	103	47103	Lincoln County, Tennessee	yes	3.25	21.526033494501306	346.12963567648774
2158	23	Residential remodelers	47	236118	105	47105	Loudon County, Tennessee	no	10.4	21.6	1112.8
2159	23	Residential remodelers	47	236118	105	47105	Loudon County, Tennessee	yes	7.0	55.27272727272727	609.7272727272727
2160	23	Residential remodelers	47	236118	107	47107	McMinn County, Tennessee	no	3.0	13.0	364.0
2161	23	Residential remodelers	47	236118	107	47107	McMinn County, Tennessee	yes	2.25	17.864940721131163	193.49980019608145
2162	23	Residential remodelers	47	236118	109	47109	McNairy County, Tennessee	yes	1.0	3.369565217391304	79.54347826086956
2163	23	Residential remodelers	47	236118	111	47111	Macon County, Tennessee	no	3.25	4.5	96.0
2164	23	Residential remodelers	47	236118	111	47111	Macon County, Tennessee	yes	1.0	3.500118220078498	128.0981817751927
2165	23	Residential remodelers	47	236118	113	47113	Madison County, Tennessee	no	15.833333333333334	95.33333333333333	3184.8333333333335
2166	23	Residential remodelers	47	236118	115	47115	Marion County, Tennessee	yes	1.6	7.948982306854937	169.51706686148827
2167	23	Residential remodelers	47	236118	117	47117	Marshall County, Tennessee	no	4.333333333333333	7.0	197.33333333333334
2168	23	Residential remodelers	47	236118	117	47117	Marshall County, Tennessee	yes	2.0	17.934274743521318	175.47303119255173
2169	23	Residential remodelers	47	236118	119	47119	Maury County, Tennessee	no	11.666666666666666	20.5	872.6666666666666
2170	23	Residential remodelers	47	236118	121	47121	Meigs County, Tennessee	yes	1.6666666666666667	5.790012699235099	197.3120684538801
2171	23	Residential remodelers	47	236118	123	47123	Monroe County, Tennessee	no	3.0	3.6666666666666665	42.333333333333336
2172	23	Residential remodelers	47	236118	123	47123	Monroe County, Tennessee	yes	1.3333333333333333	8.58147955132023	111.73086906889021
2173	23	Residential remodelers	47	236118	125	47125	Montgomery County, Tennessee	no	20.0	101.83333333333333	5025.833333333333
2174	23	Residential remodelers	47	236118	127	47127	Moore County, Tennessee	yes	1.0	6.780329711087795	103.88118206784262
2175	23	Residential remodelers	47	236118	129	47129	Morgan County, Tennessee	yes	1.0	3.4566005525161003	111.91328060375166
2176	23	Residential remodelers	47	236118	131	47131	Obion County, Tennessee	no	4.166666666666667	9.333333333333334	389.8333333333333
2177	23	Residential remodelers	47	236118	133	47133	Overton County, Tennessee	no	3.0	5.0	147.0
2178	23	Residential remodelers	47	236118	137	47137	Pickett County, Tennessee	yes	1.0	3.500118220078498	128.0981817751927
2179	23	Residential remodelers	47	236118	139	47139	Polk County, Tennessee	yes	1.0	3.4566005525161003	111.91328060375166
2180	23	Residential remodelers	47	236118	141	47141	Putnam County, Tennessee	no	10.0	31.5	946.5
2181	23	Residential remodelers	47	236118	143	47143	Rhea County, Tennessee	no	4.166666666666667	10.0	231.83333333333334
2182	23	Residential remodelers	47	236118	145	47145	Roane County, Tennessee	no	4.333333333333333	15.0	416.3333333333333
2183	23	Residential remodelers	47	236118	145	47145	Roane County, Tennessee	yes	4.0	36.9395829626994	351.57868187748323
2184	23	Residential remodelers	47	236118	147	47147	Robertson County, Tennessee	no	13.0	43.833333333333336	1453.0
2185	23	Residential remodelers	47	236118	149	47149	Rutherford County, Tennessee	no	49.5	266.0	11527.0
2186	23	Residential remodelers	47	236118	151	47151	Scott County, Tennessee	yes	1.3333333333333333	11.599172003795294	116.77114763090792
2187	23	Residential remodelers	47	236118	153	47153	Sequatchie County, Tennessee	yes	1.6666666666666667	5.790012699235099	197.3120684538801
2188	23	Residential remodelers	47	236118	155	47155	Sevier County, Tennessee	no	17.333333333333332	33.833333333333336	1138.6666666666667
2189	23	Residential remodelers	47	236118	157	47157	Shelby County, Tennessee	no	113.16666666666667	579.6666666666666	35061.5
2190	23	Residential remodelers	47	236118	159	47159	Smith County, Tennessee	no	4.166666666666667	4.833333333333333	136.0
2191	23	Residential remodelers	47	236118	161	47161	Stewart County, Tennessee	yes	1.0	3.4566005525161003	111.91328060375166
2192	23	Residential remodelers	47	236118	163	47163	Sullivan County, Tennessee	no	23.666666666666668	89.83333333333333	3311.0
2193	23	Residential remodelers	47	236118	165	47165	Sumner County, Tennessee	no	39.833333333333336	128.5	5784.666666666667
2194	23	Residential remodelers	47	236118	167	47167	Tipton County, Tennessee	no	4.2	6.4	124.2
2195	23	Residential remodelers	47	236118	167	47167	Tipton County, Tennessee	yes	2.0	16.175	175.22500000000002
2196	23	Residential remodelers	47	236118	169	47169	Trousdale County, Tennessee	yes	1.0	3.4566005525161003	111.91328060375166
2197	23	Residential remodelers	47	236118	171	47171	Unicoi County, Tennessee	yes	2.6666666666666665	18.223323926174405	258.0353700154815
2198	23	Residential remodelers	47	236118	177	47177	Warren County, Tennessee	no	4.8	19.6	737.2
2199	23	Residential remodelers	47	236118	177	47177	Warren County, Tennessee	yes	5.0	39.480519480519476	435.51948051948045
2200	23	Residential remodelers	47	236118	179	47179	Washington County, Tennessee	no	18.6	82.0	2723.0
2201	23	Residential remodelers	47	236118	179	47179	Washington County, Tennessee	yes	12.0	131.013698630137	1061.917808219178
2202	23	Residential remodelers	47	236118	183	47183	Weakley County, Tennessee	no	3.5	11.0	465.3333333333333
2203	23	Residential remodelers	47	236118	185	47185	White County, Tennessee	yes	1.3333333333333333	8.875802944822363	128.94429745066313
2204	23	Residential remodelers	47	236118	187	47187	Williamson County, Tennessee	no	53.666666666666664	104.5	6002.833333333333
2205	23	Residential remodelers	47	236118	189	47189	Wilson County, Tennessee	no	20.0	83.66666666666667	3765.8333333333335
2206	23	Roofing contractors	47	238160	1	47001	Anderson County, Tennessee	yes	2.0	22.164782648326042	723.9102060411105
2207	23	Roofing contractors	47	238160	3	47003	Bedford County, Tennessee	no	6.666666666666667	41.333333333333336	2102.6666666666665
2208	23	Roofing contractors	47	238160	9	47009	Blount County, Tennessee	no	6.833333333333333	10.166666666666666	459.3333333333333
2209	23	Roofing contractors	47	238160	11	47011	Bradley County, Tennessee	no	3.8333333333333335	33.0	1185.5
2210	23	Roofing contractors	47	238160	13	47013	Campbell County, Tennessee	yes	2.3333333333333335	24.553886935452027	879.567855357962
2211	23	Roofing contractors	47	238160	15	47015	Cannon County, Tennessee	yes	1.0	10.430119588995627	366.6398736246663
2212	23	Roofing contractors	47	238160	17	47017	Carroll County, Tennessee	yes	1.0	11.082391324163021	361.95510302055527
2213	23	Roofing contractors	47	238160	19	47019	Carter County, Tennessee	yes	2.0	22.164782648326042	723.9102060411105
2214	23	Roofing contractors	47	238160	21	47021	Cheatham County, Tennessee	no	4.0	25.5	1050.75
2215	23	Roofing contractors	47	238160	21	47021	Cheatham County, Tennessee	yes	2.5	31.947916666666664	759.0729166666666
2216	23	Roofing contractors	47	238160	23	47023	Chester County, Tennessee	no	3.2	12.0	207.2
2217	23	Roofing contractors	47	238160	23	47023	Chester County, Tennessee	yes	2.0	28.6875	677.0625
2218	23	Roofing contractors	47	238160	25	47025	Claiborne County, Tennessee	yes	1.0	13.039930555555555	309.44618055555554
2219	23	Roofing contractors	47	238160	31	47031	Coffee County, Tennessee	no	4.0	5.0	67.0
2220	23	Roofing contractors	47	238160	31	47031	Coffee County, Tennessee	yes	2.3333333333333335	26.09097280552504	690.2463566008342
2221	23	Roofing contractors	47	238160	33	47033	Crockett County, Tennessee	yes	1.1666666666666667	12.887586129357828	417.54601211146434
2222	23	Roofing contractors	47	238160	35	47035	Cumberland County, Tennessee	yes	1.0	11.082391324163021	361.95510302055527
2223	23	Roofing contractors	47	238160	37	47037	Davidson County, Tennessee	no	36.666666666666664	598.1666666666666	26876.666666666668
2224	23	Roofing contractors	47	238160	41	47041	DeKalb County, Tennessee	yes	1.0	10.411061986423721	441.95237138263667
2225	23	Roofing contractors	47	238160	43	47043	Dickson County, Tennessee	yes	1.0	11.082391324163021	361.95510302055527
2226	23	Roofing contractors	47	238160	45	47045	Dyer County, Tennessee	yes	2.0	22.164782648326042	723.9102060411105
2227	23	Roofing contractors	47	238160	47	47047	Fayette County, Tennessee	no	4.666666666666667	9.5	396.8333333333333
2228	23	Roofing contractors	47	238160	49	47049	Fentress County, Tennessee	yes	1.0	11.082391324163021	361.95510302055527
2229	23	Roofing contractors	47	238160	51	47051	Franklin County, Tennessee	no	3.0	6.666666666666667	166.33333333333334
2230	23	Roofing contractors	47	238160	51	47051	Franklin County, Tennessee	yes	2.3333333333333335	28.217742905242904	746.1403619528619
2231	23	Roofing contractors	47	238160	53	47053	Gibson County, Tennessee	no	5.0	21.0	308.0
2232	23	Roofing contractors	47	238160	53	47053	Gibson County, Tennessee	yes	4.4	45.884903150552	1643.3404430517198
2233	23	Roofing contractors	47	238160	55	47055	Giles County, Tennessee	yes	1.1666666666666667	13.03840984268154	408.68195487240706
2234	23	Roofing contractors	47	238160	57	47057	Grainger County, Tennessee	yes	1.0	11.082391324163021	361.95510302055527
2235	23	Roofing contractors	47	238160	59	47059	Greene County, Tennessee	yes	1.0	11.721957990949148	407.47866425509113
2236	23	Roofing contractors	47	238160	61	47061	Grundy County, Tennessee	yes	1.0	11.082391324163021	361.95510302055527
2237	23	Roofing contractors	47	238160	63	47063	Hamblen County, Tennessee	no	6.0	134.16666666666666	5911.333333333333
2238	23	Roofing contractors	47	238160	65	47065	Hamilton County, Tennessee	no	20.166666666666668	266.5	9329.0
2239	23	Roofing contractors	47	238160	69	47069	Hardeman County, Tennessee	yes	1.0	10.430119588995627	366.6398736246663
2240	23	Roofing contractors	47	238160	73	47073	Hawkins County, Tennessee	no	4.5	49.5	1702.5
2241	23	Roofing contractors	47	238160	73	47073	Hawkins County, Tennessee	yes	3.5	35.51639611861213	1385.6048784504837
2242	23	Roofing contractors	47	238160	75	47075	Haywood County, Tennessee	yes	1.5	16.01294432461272	565.1705700983496
2243	23	Roofing contractors	47	238160	77	47077	Henderson County, Tennessee	yes	1.0	11.082391324163021	361.95510302055527
2244	23	Roofing contractors	47	238160	79	47079	Henry County, Tennessee	yes	2.0	22.164782648326042	723.9102060411105
2245	23	Roofing contractors	47	238160	85	47085	Humphreys County, Tennessee	yes	1.0	11.082391324163021	361.95510302055527
2246	23	Roofing contractors	47	238160	89	47089	Jefferson County, Tennessee	yes	1.0	11.082391324163021	361.95510302055527
2247	23	Roofing contractors	47	238160	91	47091	Johnson County, Tennessee	yes	1.0	11.41805599303267	321.9564688395145
2248	23	Roofing contractors	47	238160	93	47093	Knox County, Tennessee	no	19.0	198.0	6711.5
2249	23	Roofing contractors	47	238160	99	47099	Lawrence County, Tennessee	yes	1.0	11.082391324163021	361.95510302055527
2250	23	Roofing contractors	47	238160	101	47101	Lewis County, Tennessee	yes	1.0	11.73611111111111	280.3611111111111
2251	23	Roofing contractors	47	238160	103	47103	Lincoln County, Tennessee	yes	2.0	22.164782648326042	723.9102060411105
2252	23	Roofing contractors	47	238160	105	47105	Loudon County, Tennessee	no	4.25	1.25	182.25
2253	23	Roofing contractors	47	238160	105	47105	Loudon County, Tennessee	yes	2.0	20.822123972847443	883.9047427652733
2254	23	Roofing contractors	47	238160	107	47107	McMinn County, Tennessee	yes	1.0	11.082391324163021	361.95510302055527
2255	23	Roofing contractors	47	238160	109	47109	McNairy County, Tennessee	yes	1.0	10.103621708466756	388.2095642530551
2256	23	Roofing contractors	47	238160	111	47111	Macon County, Tennessee	yes	1.0	11.082391324163021	361.95510302055527
2257	23	Roofing contractors	47	238160	113	47113	Madison County, Tennessee	yes	1.0	11.082391324163021	361.95510302055527
2258	23	Roofing contractors	47	238160	115	47115	Marion County, Tennessee	yes	1.5	16.943370319637598	565.6944351481008
2259	23	Roofing contractors	47	238160	117	47117	Marshall County, Tennessee	no	5.0	39.0	1336.0
2260	23	Roofing contractors	47	238160	117	47117	Marshall County, Tennessee	yes	3.6	39.64216467252413	1336.3146570567217
2261	23	Roofing contractors	47	238160	119	47119	Maury County, Tennessee	no	3.0	0.0	240.0
2262	23	Roofing contractors	47	238160	119	47119	Maury County, Tennessee	yes	2.0	20.860239177991254	733.2797472493326
2263	23	Roofing contractors	47	238160	123	47123	Monroe County, Tennessee	yes	1.0	10.411061986423721	441.95237138263667
2264	23	Roofing contractors	47	238160	125	47125	Montgomery County, Tennessee	no	4.166666666666667	5.166666666666667	204.33333333333334
2265	23	Roofing contractors	47	238160	133	47133	Overton County, Tennessee	yes	1.1666666666666667	12.887586129357828	417.54601211146434
2266	23	Roofing contractors	47	238160	141	47141	Putnam County, Tennessee	no	3.25	18.5	780.0
2267	23	Roofing contractors	47	238160	141	47141	Putnam County, Tennessee	yes	3.5	46.291666666666664	1097.6041666666665
2268	23	Roofing contractors	47	238160	145	47145	Roane County, Tennessee	yes	1.3333333333333333	14.552745319637594	509.2725601481008
2269	23	Roofing contractors	47	238160	147	47147	Robertson County, Tennessee	no	6.0	59.333333333333336	3536.6666666666665
2270	23	Roofing contractors	47	238160	147	47147	Robertson County, Tennessee	yes	5.333333333333333	66.29963323713322	1700.2401094276095
2271	23	Roofing contractors	47	238160	149	47149	Rutherford County, Tennessee	no	14.666666666666666	200.33333333333334	10422.833333333334
2272	23	Roofing contractors	47	238160	151	47151	Scott County, Tennessee	yes	2.0	22.164782648326042	723.9102060411105
2273	23	Roofing contractors	47	238160	153	47153	Sequatchie County, Tennessee	yes	1.0	8.761194029850746	335.3880597014925
2274	23	Roofing contractors	47	238160	155	47155	Sevier County, Tennessee	no	3.5	12.5	557.5
2275	23	Roofing contractors	47	238160	155	47155	Sevier County, Tennessee	yes	2.25	22.915035624725718	859.8054921424738
2276	23	Roofing contractors	47	238160	157	47157	Shelby County, Tennessee	no	38.333333333333336	665.6666666666666	33632.166666666664
2277	23	Roofing contractors	47	238160	159	47159	Smith County, Tennessee	no	4.0	56.0	2727.0
2278	23	Roofing contractors	47	238160	159	47159	Smith County, Tennessee	yes	3.75	37.706694626074814	1469.4518933758568
2279	23	Roofing contractors	47	238160	163	47163	Sullivan County, Tennessee	no	10.333333333333334	130.0	4340.333333333333
2280	23	Roofing contractors	47	238160	165	47165	Sumner County, Tennessee	no	12.166666666666666	158.0	8509.166666666666
2281	23	Roofing contractors	47	238160	167	47167	Tipton County, Tennessee	yes	1.6666666666666667	17.81813912980753	620.7614791892587
2282	23	Roofing contractors	47	238160	173	47173	Union County, Tennessee	no	3.0	21.333333333333332	548.6666666666666
2283	23	Roofing contractors	47	238160	173	47173	Union County, Tennessee	yes	3.6666666666666665	44.73510401635402	1139.345223063973
2284	23	Roofing contractors	47	238160	177	47177	Warren County, Tennessee	yes	3.5	38.177726972938764	1289.08077613946
2285	23	Roofing contractors	47	238160	179	47179	Washington County, Tennessee	no	7.666666666666667	34.0	1209.5
2286	23	Roofing contractors	47	238160	183	47183	Weakley County, Tennessee	no	4.0	12.0	205.83333333333334
2287	23	Roofing contractors	47	238160	185	47185	White County, Tennessee	yes	1.0	11.082391324163021	361.95510302055527
2288	23	Roofing contractors	47	238160	187	47187	Williamson County, Tennessee	no	6.5	21.833333333333332	2155.1666666666665
2289	23	Roofing contractors	47	238160	189	47189	Wilson County, Tennessee	no	13.833333333333334	84.33333333333333	6134.5
2290	23	Siding contractors	47	238170	1	47001	Anderson County, Tennessee	yes	2.3333333333333335	10.182622883674226	322.0256390721958
2291	23	Siding contractors	47	238170	3	47003	Bedford County, Tennessee	yes	2.0	8.645552176603518	285.35917442573117
2292	23	Siding contractors	47	238170	9	47009	Blount County, Tennessee	no	3.6666666666666665	12.166666666666666	291.1666666666667
2293	23	Siding contractors	47	238170	11	47011	Bradley County, Tennessee	no	4.666666666666667	39.666666666666664	1699.5
2294	23	Siding contractors	47	238170	13	47013	Campbell County, Tennessee	yes	2.0	8.645552176603518	285.35917442573117
2295	23	Siding contractors	47	238170	19	47019	Carter County, Tennessee	yes	1.5	6.289515952291432	219.77316954938146
2296	23	Siding contractors	47	238170	21	47021	Cheatham County, Tennessee	yes	1.0	4.322776088301759	142.67958721286558
2297	23	Siding contractors	47	238170	25	47025	Claiborne County, Tennessee	yes	1.0	4.01071585659057	148.73507047447077
2298	23	Siding contractors	47	238170	31	47031	Coffee County, Tennessee	yes	2.0	8.645552176603518	285.35917442573117
2299	23	Siding contractors	47	238170	35	47035	Cumberland County, Tennessee	yes	1.5	6.678812312613846	208.26559208921526
2300	23	Siding contractors	47	238170	37	47037	Davidson County, Tennessee	no	12.666666666666666	221.83333333333334	12709.0
2301	23	Siding contractors	47	238170	43	47043	Dickson County, Tennessee	yes	2.0	8.645552176603518	285.35917442573117
2302	23	Siding contractors	47	238170	53	47053	Gibson County, Tennessee	yes	1.1666666666666667	5.152776088301759	157.2829205461989
2303	23	Siding contractors	47	238170	55	47055	Giles County, Tennessee	yes	2.0	8.645552176603518	285.35917442573117
2304	23	Siding contractors	47	238170	59	47059	Greene County, Tennessee	no	3.75	7.0	183.5
2305	23	Siding contractors	47	238170	59	47059	Greene County, Tennessee	yes	2.0	8.637173877815588	365.88802463134016
2306	23	Siding contractors	47	238170	65	47065	Hamilton County, Tennessee	no	6.333333333333333	9.833333333333334	309.6666666666667
2307	23	Siding contractors	47	238170	73	47073	Hawkins County, Tennessee	yes	2.5	10.612292040593191	362.452756762247
2308	23	Siding contractors	47	238170	77	47077	Henderson County, Tennessee	yes	1.75	7.858924999466871	220.92638197598788
2309	23	Siding contractors	47	238170	81	47081	Hickman County, Tennessee	yes	1.0	4.322776088301759	142.67958721286558
2310	23	Siding contractors	47	238170	89	47089	Jefferson County, Tennessee	no	3.0	4.0	76.0
2311	23	Siding contractors	47	238170	89	47089	Jefferson County, Tennessee	yes	2.0	6.326530612244897	193.34693877551018
2312	23	Siding contractors	47	238170	91	47091	Johnson County, Tennessee	yes	1.0	4.322776088301759	142.67958721286558
2313	23	Siding contractors	47	238170	93	47093	Knox County, Tennessee	no	9.166666666666666	41.833333333333336	1358.3333333333333
2314	23	Siding contractors	47	238170	99	47099	Lawrence County, Tennessee	yes	1.1666666666666667	4.8499869726555005	158.79183211082477
2315	23	Siding contractors	47	238170	103	47103	Lincoln County, Tennessee	yes	1.0	4.913793103448276	173.51724137931035
2316	23	Siding contractors	47	238170	105	47105	Loudon County, Tennessee	yes	1.0	4.322776088301759	142.67958721286558
2317	23	Siding contractors	47	238170	109	47109	McNairy County, Tennessee	no	3.5	4.0	69.0
2318	23	Siding contractors	47	238170	109	47109	McNairy County, Tennessee	yes	2.0	8.637173877815588	365.88802463134016
2319	23	Siding contractors	47	238170	111	47111	Macon County, Tennessee	yes	1.0	4.191331305962111	153.69150465543868
2320	23	Siding contractors	47	238170	113	47113	Madison County, Tennessee	no	3.3333333333333335	0.0	131.0
2321	23	Siding contractors	47	238170	113	47113	Madison County, Tennessee	yes	2.0	7.866959455958692	308.3743293460635
2322	23	Siding contractors	47	238170	117	47117	Marshall County, Tennessee	yes	1.0	4.322776088301759	142.67958721286558
2323	23	Siding contractors	47	238170	119	47119	Maury County, Tennessee	no	3.0	20.0	585.0
2324	23	Siding contractors	47	238170	119	47119	Maury County, Tennessee	yes	1.8	7.534177763439374	280.9072517351198
2325	23	Siding contractors	47	238170	125	47125	Montgomery County, Tennessee	no	4.666666666666667	16.666666666666668	561.0
2326	23	Siding contractors	47	238170	131	47131	Obion County, Tennessee	yes	1.0	4.242424242424242	132.37878787878788
2327	23	Siding contractors	47	238170	135	47135	Perry County, Tennessee	yes	1.0	4.318586938907794	182.94401231567008
2328	23	Siding contractors	47	238170	141	47141	Putnam County, Tennessee	no	3.6666666666666665	6.0	86.5
2329	23	Siding contractors	47	238170	143	47143	Rhea County, Tennessee	yes	1.0	4.322776088301759	142.67958721286558
2330	23	Siding contractors	47	238170	145	47145	Roane County, Tennessee	no	3.0	5.0	83.0
2331	23	Siding contractors	47	238170	145	47145	Roane County, Tennessee	yes	2.0	8.382662611924221	307.38300931087736
2332	23	Siding contractors	47	238170	147	47147	Robertson County, Tennessee	no	4.25	5.25	267.75
2333	23	Siding contractors	47	238170	147	47147	Robertson County, Tennessee	yes	5.5	25.17727272727273	616.1863636363637
2334	23	Siding contractors	47	238170	149	47149	Rutherford County, Tennessee	no	5.333333333333333	19.666666666666668	916.0
2335	23	Siding contractors	47	238170	149	47149	Rutherford County, Tennessee	yes	5.666666666666667	26.590365726227798	786.4578056426332
2336	23	Siding contractors	47	238170	157	47157	Shelby County, Tennessee	no	7.25	65.0	3693.0
2337	23	Siding contractors	47	238170	157	47157	Shelby County, Tennessee	yes	7.5	34.16797283176594	1136.8254963427378
2338	23	Siding contractors	47	238170	163	47163	Sullivan County, Tennessee	yes	1.8333333333333333	8.118341292249777	269.246929527772
2339	23	Siding contractors	47	238170	165	47165	Sumner County, Tennessee	yes	2.6666666666666665	11.719693590744933	358.69210371866046
2340	23	Siding contractors	47	238170	169	47169	Trousdale County, Tennessee	yes	1.0	4.322776088301759	142.67958721286558
2341	23	Siding contractors	47	238170	171	47171	Unicoi County, Tennessee	yes	1.0	4.322776088301759	142.67958721286558
2342	23	Siding contractors	47	238170	175	47175	Van Buren County, Tennessee	yes	1.0	4.293199373413277	166.088937503376
2343	23	Siding contractors	47	238170	177	47177	Warren County, Tennessee	yes	1.0	4.0385292047853625	135.0953553835327
2344	23	Siding contractors	47	238170	179	47179	Washington County, Tennessee	yes	2.3333333333333335	10.182622883674226	322.0256390721958
2345	23	Siding contractors	47	238170	185	47185	White County, Tennessee	yes	1.0	4.178558071846578	159.0196838496014
2346	23	Siding contractors	47	238170	187	47187	Williamson County, Tennessee	yes	1.6	6.698934294264871	237.25204588350016
2347	23	Siding contractors	47	238170	189	47189	Wilson County, Tennessee	no	5.833333333333333	43.5	1779.5
2348	23	Site preparation contractors	47	238910	1	47001	Anderson County, Tennessee	no	7.5	131.0	7617.5
2349	23	Site preparation contractors	47	238910	1	47001	Anderson County, Tennessee	yes	7.25	76.4624898048811	2906.7639542168354
2350	23	Site preparation contractors	47	238910	3	47003	Bedford County, Tennessee	no	4.833333333333333	4.5	211.5
2351	23	Site preparation contractors	47	238910	7	47007	Bledsoe County, Tennessee	yes	1.0	9.50689935064935	349.00547889610397
2352	23	Site preparation contractors	47	238910	9	47009	Blount County, Tennessee	no	16.0	179.33333333333334	10817.666666666666
2353	23	Site preparation contractors	47	238910	9	47009	Blount County, Tennessee	yes	11.666666666666666	136.26137147876275	4432.937480394002
2354	23	Site preparation contractors	47	238910	11	47011	Bradley County, Tennessee	no	9.333333333333334	65.83333333333333	3619.0
2355	23	Site preparation contractors	47	238910	13	47013	Campbell County, Tennessee	no	7.5	26.166666666666668	1049.8333333333333
2356	23	Site preparation contractors	47	238910	15	47015	Cannon County, Tennessee	no	3.0	2.6666666666666665	99.66666666666667
2357	23	Site preparation contractors	47	238910	15	47015	Cannon County, Tennessee	yes	2.0	19.0137987012987	698.0109577922079
2358	23	Site preparation contractors	47	238910	17	47017	Carroll County, Tennessee	yes	1.0	9.96923067371437	378.2411995734369
2359	23	Site preparation contractors	47	238910	19	47019	Carter County, Tennessee	yes	1.8333333333333333	18.943669680762074	712.2610449802072
2360	23	Site preparation contractors	47	238910	21	47021	Cheatham County, Tennessee	no	5.2	28.0	1160.6
2361	23	Site preparation contractors	47	238910	21	47021	Cheatham County, Tennessee	yes	6.0	75.43478260869566	2110.913043478261
2362	23	Site preparation contractors	47	238910	23	47023	Chester County, Tennessee	yes	1.1666666666666667	12.064641301733692	436.8776730033887
2363	23	Site preparation contractors	47	238910	25	47025	Claiborne County, Tennessee	no	5.0	35.5	1946.5
2364	23	Site preparation contractors	47	238910	25	47025	Claiborne County, Tennessee	yes	4.5	46.87806637806638	1859.8586734193532
2365	23	Site preparation contractors	47	238910	27	47027	Clay County, Tennessee	yes	2.0	19.93846134742874	756.4823991468738
2366	23	Site preparation contractors	47	238910	29	47029	Cocke County, Tennessee	no	4.5	33.0	1676.5
2367	23	Site preparation contractors	47	238910	29	47029	Cocke County, Tennessee	yes	5.0	59.79154903067946	1795.9756728778466
2368	23	Site preparation contractors	47	238910	31	47031	Coffee County, Tennessee	no	4.0	10.166666666666666	320.0
2369	23	Site preparation contractors	47	238910	33	47033	Crockett County, Tennessee	yes	1.1666666666666667	10.964022340381035	422.46255374010366
2370	23	Site preparation contractors	47	238910	35	47035	Cumberland County, Tennessee	no	8.666666666666666	26.166666666666668	1044.6666666666667
2371	23	Site preparation contractors	47	238910	37	47037	Davidson County, Tennessee	no	34.166666666666664	744.0	39676.333333333336
2372	23	Site preparation contractors	47	238910	39	47039	Decatur County, Tennessee	yes	1.6666666666666667	16.17980333877073	626.2010138654887
2373	23	Site preparation contractors	47	238910	41	47041	DeKalb County, Tennessee	no	3.0	5.666666666666667	65.0
2374	23	Site preparation contractors	47	238910	41	47041	DeKalb County, Tennessee	yes	2.0	23.41627454670933	755.6714348453479
2375	23	Site preparation contractors	47	238910	43	47043	Dickson County, Tennessee	no	16.166666666666668	46.333333333333336	2486.6666666666665
2376	23	Site preparation contractors	47	238910	45	47045	Dyer County, Tennessee	no	4.0	9.0	608.0
2377	23	Site preparation contractors	47	238910	45	47045	Dyer County, Tennessee	yes	2.0	20.546580910032	699.4176386340109
2378	23	Site preparation contractors	47	238910	47	47047	Fayette County, Tennessee	no	4.75	16.0	1052.5
2379	23	Site preparation contractors	47	238910	47	47047	Fayette County, Tennessee	yes	5.0	56.37987012987013	1954.220779220779
2380	23	Site preparation contractors	47	238910	49	47049	Fentress County, Tennessee	yes	3.3333333333333335	34.09851327718175	1251.9965455802142
2381	23	Site preparation contractors	47	238910	51	47051	Franklin County, Tennessee	no	5.0	49.0	2002.3333333333333
2382	23	Site preparation contractors	47	238910	51	47051	Franklin County, Tennessee	yes	5.0	58.54068636677332	1889.1785871133695
2383	23	Site preparation contractors	47	238910	53	47053	Gibson County, Tennessee	no	10.6	21.6	476.2
2384	23	Site preparation contractors	47	238910	53	47053	Gibson County, Tennessee	yes	8.0	89.66233766233766	3320.935064935065
2385	23	Site preparation contractors	47	238910	55	47055	Giles County, Tennessee	no	3.75	20.0	1062.75
2386	23	Site preparation contractors	47	238910	55	47055	Giles County, Tennessee	yes	4.5	50.77597402597402	1746.6623376623374
2387	23	Site preparation contractors	47	238910	57	47057	Grainger County, Tennessee	yes	2.0	16.46064814814815	757.2933634483999
2388	23	Site preparation contractors	47	238910	59	47059	Greene County, Tennessee	no	6.166666666666667	65.66666666666667	2273.1666666666665
2389	23	Site preparation contractors	47	238910	61	47061	Grundy County, Tennessee	yes	1.6666666666666667	16.81809097705837	611.3804124514406
2390	23	Site preparation contractors	47	238910	63	47063	Hamblen County, Tennessee	yes	2.0	21.904813207122988	745.5272432399153
2391	23	Site preparation contractors	47	238910	65	47065	Hamilton County, Tennessee	no	30.0	212.5	10043.5
2392	23	Site preparation contractors	47	238910	67	47067	Hancock County, Tennessee	yes	1.0	12.572463768115941	351.8188405797101
2393	23	Site preparation contractors	47	238910	69	47069	Hardeman County, Tennessee	yes	1.8333333333333333	17.843050719409415	697.8459257169221
2394	23	Site preparation contractors	47	238910	71	47071	Hardin County, Tennessee	no	3.0	0.0	615.0
2395	23	Site preparation contractors	47	238910	71	47071	Hardin County, Tennessee	yes	2.25	20.751330266955264	879.3076849239623
2396	23	Site preparation contractors	47	238910	73	47073	Hawkins County, Tennessee	no	6.666666666666667	7.333333333333333	333.5
2397	23	Site preparation contractors	47	238910	75	47075	Haywood County, Tennessee	yes	1.0	9.96923067371437	378.2411995734369
2398	23	Site preparation contractors	47	238910	77	47077	Henderson County, Tennessee	no	3.5	17.75	820.5
2399	23	Site preparation contractors	47	238910	77	47077	Henderson County, Tennessee	yes	3.0	33.827922077922075	1172.5324675324675
2400	23	Site preparation contractors	47	238910	79	47079	Henry County, Tennessee	no	6.0	40.0	1762.0
2401	23	Site preparation contractors	47	238910	79	47079	Henry County, Tennessee	yes	5.666666666666667	66.10345692954388	2133.559539494322
2402	23	Site preparation contractors	47	238910	81	47081	Hickman County, Tennessee	no	6.0	20.833333333333332	981.0
2403	23	Site preparation contractors	47	238910	83	47083	Houston County, Tennessee	yes	1.0	9.96923067371437	378.2411995734369
2404	23	Site preparation contractors	47	238910	85	47085	Humphreys County, Tennessee	no	6.0	56.166666666666664	3695.5
2405	23	Site preparation contractors	47	238910	87	47087	Jackson County, Tennessee	yes	2.0	19.93846134742874	756.4823991468738
2406	23	Site preparation contractors	47	238910	89	47089	Jefferson County, Tennessee	no	8.0	165.66666666666666	6006.333333333333
2407	23	Site preparation contractors	47	238910	89	47089	Jefferson County, Tennessee	yes	7.333333333333333	85.73834619486793	2767.040498149194
2408	23	Site preparation contractors	47	238910	91	47091	Johnson County, Tennessee	no	3.3333333333333335	9.0	213.16666666666666
2409	23	Site preparation contractors	47	238910	93	47093	Knox County, Tennessee	no	38.666666666666664	462.8333333333333	26721.333333333332
2410	23	Site preparation contractors	47	238910	97	47097	Lauderdale County, Tennessee	yes	2.0	19.93846134742874	756.4823991468738
2411	23	Site preparation contractors	47	238910	99	47099	Lawrence County, Tennessee	no	5.166666666666667	3.0	108.0
2412	23	Site preparation contractors	47	238910	103	47103	Lincoln County, Tennessee	yes	2.1666666666666665	22.03387197544806	815.1188725768257
2413	23	Site preparation contractors	47	238910	105	47105	Loudon County, Tennessee	no	8.0	31.833333333333332	1075.5
2414	23	Site preparation contractors	47	238910	107	47107	McMinn County, Tennessee	no	6.666666666666667	59.666666666666664	3225.3333333333335
2415	23	Site preparation contractors	47	238910	107	47107	McMinn County, Tennessee	yes	3.3333333333333335	39.2697785306481	1266.9619173097435
2416	23	Site preparation contractors	47	238910	109	47109	McNairy County, Tennessee	no	3.0	3.0	108.0
2417	23	Site preparation contractors	47	238910	109	47109	McNairy County, Tennessee	yes	2.0	16.46064814814815	757.2933634483999
2418	23	Site preparation contractors	47	238910	111	47111	Macon County, Tennessee	yes	2.0	19.93846134742874	756.4823991468738
2419	23	Site preparation contractors	47	238910	113	47113	Madison County, Tennessee	no	6.5	14.333333333333334	1232.0
2420	23	Site preparation contractors	47	238910	115	47115	Marion County, Tennessee	yes	1.5	14.084392710751407	567.564540435537
2421	23	Site preparation contractors	47	238910	117	47117	Marshall County, Tennessee	no	3.6666666666666665	20.0	731.6666666666666
2422	23	Site preparation contractors	47	238910	117	47117	Marshall County, Tennessee	yes	1.3333333333333333	15.444068009285402	516.2080117949682
2423	23	Site preparation contractors	47	238910	119	47119	Maury County, Tennessee	no	13.666666666666666	77.16666666666667	3871.0
2424	23	Site preparation contractors	47	238910	121	47121	Meigs County, Tennessee	yes	1.4	13.465962811343246	544.9884468992676
2425	23	Site preparation contractors	47	238910	123	47123	Monroe County, Tennessee	no	3.8	3.4	162.6
2426	23	Site preparation contractors	47	238910	123	47123	Monroe County, Tennessee	yes	4.0	50.289855072463766	1407.2753623188405
2427	23	Site preparation contractors	47	238910	125	47125	Montgomery County, Tennessee	no	8.5	70.66666666666667	2776.3333333333335
2428	23	Site preparation contractors	47	238910	129	47129	Morgan County, Tennessee	yes	1.5	15.823299310391704	567.159058284774
2429	23	Site preparation contractors	47	238910	131	47131	Obion County, Tennessee	no	4.4	10.8	401.4
2430	23	Site preparation contractors	47	238910	131	47131	Obion County, Tennessee	yes	3.0	17.90625	795.984375
2431	23	Site preparation contractors	47	238910	133	47133	Overton County, Tennessee	no	3.0	3.3333333333333335	61.333333333333336
2432	23	Site preparation contractors	47	238910	133	47133	Overton County, Tennessee	yes	1.5	14.328530844155845	499.2354910714286
2433	23	Site preparation contractors	47	238910	135	47135	Perry County, Tennessee	no	3.6666666666666665	9.0	291.0
2434	23	Site preparation contractors	47	238910	135	47135	Perry County, Tennessee	yes	2.0	16.46064814814815	757.2933634483999
2435	23	Site preparation contractors	47	238910	137	47137	Pickett County, Tennessee	yes	1.0	9.96923067371437	378.2411995734369
2436	23	Site preparation contractors	47	238910	139	47139	Polk County, Tennessee	no	3.1666666666666665	3.5	99.5
2437	23	Site preparation contractors	47	238910	141	47141	Putnam County, Tennessee	no	7.5	60.5	2132.25
2438	23	Site preparation contractors	47	238910	141	47141	Putnam County, Tennessee	yes	5.5	62.051948051948045	2137.5064935064934
2439	23	Site preparation contractors	47	238910	143	47143	Rhea County, Tennessee	no	7.5	0.0	349.0
2440	23	Site preparation contractors	47	238910	143	47143	Rhea County, Tennessee	yes	3.0	26.92407332251082	1163.292696217112
2441	23	Site preparation contractors	47	238910	145	47145	Roane County, Tennessee	no	5.333333333333333	14.0	489.5
2442	23	Site preparation contractors	47	238910	147	47147	Robertson County, Tennessee	no	6.166666666666667	5.166666666666667	290.5
2443	23	Site preparation contractors	47	238910	149	47149	Rutherford County, Tennessee	no	26.0	201.83333333333334	9079.333333333334
2444	23	Site preparation contractors	47	238910	151	47151	Scott County, Tennessee	yes	2.6666666666666665	26.817489726457115	1031.8657711236924
2445	23	Site preparation contractors	47	238910	153	47153	Sequatchie County, Tennessee	yes	1.1666666666666667	12.064641301733692	436.8776730033887
2446	23	Site preparation contractors	47	238910	155	47155	Sevier County, Tennessee	no	18.0	131.16666666666666	4899.833333333333
2447	23	Site preparation contractors	47	238910	157	47157	Shelby County, Tennessee	no	35.833333333333336	376.1666666666667	16499.5
2448	23	Site preparation contractors	47	238910	159	47159	Smith County, Tennessee	no	3.8333333333333335	24.666666666666668	1324.3333333333333
2449	23	Site preparation contractors	47	238910	161	47161	Stewart County, Tennessee	yes	1.5	13.689337572150071	593.280848479157
2450	23	Site preparation contractors	47	238910	163	47163	Sullivan County, Tennessee	no	18.0	178.83333333333334	6239.166666666667
2451	23	Site preparation contractors	47	238910	165	47165	Sumner County, Tennessee	no	13.833333333333334	110.33333333333333	4750.166666666667
2452	23	Site preparation contractors	47	238910	167	47167	Tipton County, Tennessee	no	7.25	22.25	671.75
2453	23	Site preparation contractors	47	238910	167	47167	Tipton County, Tennessee	yes	4.0	37.44444444444444	1741.2238403451997
2454	23	Site preparation contractors	47	238910	169	47169	Trousdale County, Tennessee	yes	1.0	9.96923067371437	378.2411995734369
2455	23	Site preparation contractors	47	238910	171	47171	Unicoi County, Tennessee	yes	3.1666666666666665	31.775657389108474	1203.909745906458
2456	23	Site preparation contractors	47	238910	173	47173	Union County, Tennessee	no	4.0	23.0	303.0
2457	23	Site preparation contractors	47	238910	173	47173	Union County, Tennessee	yes	2.2	21.13872655122655	850.0747193677413
2458	23	Site preparation contractors	47	238910	177	47177	Warren County, Tennessee	no	5.333333333333333	19.666666666666668	747.1666666666666
2459	23	Site preparation contractors	47	238910	179	47179	Washington County, Tennessee	no	11.333333333333334	97.0	4624.333333333333
2460	23	Site preparation contractors	47	238910	179	47179	Washington County, Tennessee	yes	11.333333333333334	132.98033126293996	4273.465838509316
2461	23	Site preparation contractors	47	238910	181	47181	Wayne County, Tennessee	yes	1.8333333333333333	18.70878361775101	672.4756505466787
2462	23	Site preparation contractors	47	238910	185	47185	White County, Tennessee	no	3.2	1.8	46.0
2463	23	Site preparation contractors	47	238910	185	47185	White County, Tennessee	yes	2.0	22.68831168831169	733.1428571428572
2464	23	Site preparation contractors	47	238910	187	47187	Williamson County, Tennessee	no	22.0	552.0	32516.333333333332
2465	23	Site preparation contractors	47	238910	187	47187	Williamson County, Tennessee	yes	17.666666666666668	206.96508563899866	6678.852437417653
2466	23	Site preparation contractors	47	238910	189	47189	Wilson County, Tennessee	no	16.166666666666668	222.66666666666666	13690.666666666666
2467	23	Structural steel and precast concrete contractors	47	238120	1	47001	Anderson County, Tennessee	yes	1.0	25.550000000000004	1727.1807692307693
2468	23	Structural steel and precast concrete contractors	47	238120	3	47003	Bedford County, Tennessee	yes	2.0	55.75331035923142	3156.6965436714495
2469	23	Structural steel and precast concrete contractors	47	238120	11	47011	Bradley County, Tennessee	yes	1.5	40.7717940685046	2370.2800560237592
2470	23	Structural steel and precast concrete contractors	47	238120	13	47013	Campbell County, Tennessee	yes	1.0	25.664136904761907	1513.1323701596023
2471	23	Structural steel and precast concrete contractors	47	238120	31	47031	Coffee County, Tennessee	no	4.5	105.0	4070.25
2472	23	Structural steel and precast concrete contractors	47	238120	31	47031	Coffee County, Tennessee	yes	5.5	162.63345864661653	7424.395273899033
2473	23	Structural steel and precast concrete contractors	47	238120	37	47037	Davidson County, Tennessee	no	4.666666666666667	87.0	4637.0
2474	23	Structural steel and precast concrete contractors	47	238120	37	47037	Davidson County, Tennessee	yes	4.666666666666667	132.20828111946534	6208.45534222461
2475	23	Structural steel and precast concrete contractors	47	238120	43	47043	Dickson County, Tennessee	no	5.666666666666667	99.33333333333333	3787.6666666666665
2476	23	Structural steel and precast concrete contractors	47	238120	47	47047	Fayette County, Tennessee	yes	1.6666666666666667	47.23664369256475	2580.9696205945265
2477	23	Structural steel and precast concrete contractors	47	238120	49	47049	Fentress County, Tennessee	yes	1.0	25.550000000000004	1727.1807692307693
2478	23	Structural steel and precast concrete contractors	47	238120	65	47065	Hamilton County, Tennessee	yes	2.1666666666666665	60.13178258145363	3372.9014047825603
2479	23	Structural steel and precast concrete contractors	47	238120	85	47085	Humphreys County, Tennessee	yes	1.3333333333333333	38.64388575605681	2147.9416302317145
2480	23	Structural steel and precast concrete contractors	47	238120	93	47093	Knox County, Tennessee	no	3.3333333333333335	64.66666666666667	2531.3333333333335
2481	23	Structural steel and precast concrete contractors	47	238120	93	47093	Knox County, Tennessee	yes	2.3333333333333335	69.08155806182121	3140.743540398615
2482	23	Structural steel and precast concrete contractors	47	238120	105	47105	Loudon County, Tennessee	yes	1.0	25.550000000000004	1727.1807692307693
2483	23	Structural steel and precast concrete contractors	47	238120	113	47113	Madison County, Tennessee	no	5.0	94.0	5128.0
2484	23	Structural steel and precast concrete contractors	47	238120	113	47113	Madison County, Tennessee	yes	2.5	72.12088815789474	3834.4034808002143
2485	23	Structural steel and precast concrete contractors	47	238120	119	47119	Maury County, Tennessee	yes	2.0	55.75331035923142	3156.6965436714495
2486	23	Structural steel and precast concrete contractors	47	238120	127	47127	Moore County, Tennessee	yes	1.0	25.77827380952381	1299.0839710884352
2487	23	Structural steel and precast concrete contractors	47	238120	131	47131	Obion County, Tennessee	yes	1.0	27.87665517961571	1578.3482718357247
2488	23	Structural steel and precast concrete contractors	47	238120	139	47139	Polk County, Tennessee	yes	1.0	29.892857142857142	2008.9285714285713
2489	23	Structural steel and precast concrete contractors	47	238120	141	47141	Putnam County, Tennessee	yes	2.0	55.75331035923142	3156.6965436714495
2490	23	Structural steel and precast concrete contractors	47	238120	147	47147	Robertson County, Tennessee	no	3.0	68.33333333333333	2892.0
2491	23	Structural steel and precast concrete contractors	47	238120	147	47147	Robertson County, Tennessee	yes	2.3333333333333335	65.93995405179616	3104.8459392528944
2492	23	Structural steel and precast concrete contractors	47	238120	149	47149	Rutherford County, Tennessee	yes	1.1666666666666667	32.25512740183793	1794.5531329468358
2493	23	Structural steel and precast concrete contractors	47	238120	151	47151	Scott County, Tennessee	yes	1.0	27.87665517961571	1578.3482718357247
2494	23	Structural steel and precast concrete contractors	47	238120	155	47155	Sevier County, Tennessee	yes	1.0	27.87665517961571	1578.3482718357247
2495	23	Structural steel and precast concrete contractors	47	238120	157	47157	Shelby County, Tennessee	no	5.25	102.0	9135.75
2496	23	Structural steel and precast concrete contractors	47	238120	157	47157	Shelby County, Tennessee	yes	6.0	154.17708333333334	7796.358630952381
2497	23	Structural steel and precast concrete contractors	47	238120	165	47165	Sumner County, Tennessee	no	3.8	103.8	6113.0
2498	23	Structural steel and precast concrete contractors	47	238120	165	47165	Sumner County, Tennessee	yes	3.0	78.8125	3891.6875
2499	23	Structural steel and precast concrete contractors	47	238120	167	47167	Tipton County, Tennessee	yes	1.0	27.87665517961571	1578.3482718357247
2500	23	Structural steel and precast concrete contractors	47	238120	171	47171	Unicoi County, Tennessee	yes	1.0	27.87665517961571	1578.3482718357247
2501	23	Structural steel and precast concrete contractors	47	238120	177	47177	Warren County, Tennessee	yes	1.5	41.37546470342523	2488.8966234840764
2502	23	Structural steel and precast concrete contractors	47	238120	179	47179	Washington County, Tennessee	yes	1.3333333333333333	36.46941311612364	2011.3762621985363
2503	23	Structural steel and precast concrete contractors	47	238120	185	47185	White County, Tennessee	yes	1.0	27.87665517961571	1578.3482718357247
2504	23	Structural steel and precast concrete contractors	47	238120	187	47187	Williamson County, Tennessee	yes	1.0	28.081845238095237	1653.0788690476188
2505	23	Structural steel and precast concrete contractors	47	238120	189	47189	Wilson County, Tennessee	no	5.0	34.666666666666664	1229.3333333333333
2506	23	Tile and terrazzo contractors	47	238340	1	47001	Anderson County, Tennessee	yes	1.5	7.345415554745698	198.90469612718417
2507	23	Tile and terrazzo contractors	47	238340	9	47009	Blount County, Tennessee	no	4.0	18.0	729.0
2508	23	Tile and terrazzo contractors	47	238340	9	47009	Blount County, Tennessee	yes	2.0	9.352260154891734	237.2858779832464
2509	23	Tile and terrazzo contractors	47	238340	11	47011	Bradley County, Tennessee	yes	1.0	4.890032540152157	140.99921828091684
2510	23	Tile and terrazzo contractors	47	238340	19	47019	Carter County, Tennessee	yes	1.6666666666666667	8.36071810174681	244.23259835520602
2511	23	Tile and terrazzo contractors	47	238340	21	47021	Cheatham County, Tennessee	no	3.0	2.75	109.25
2512	23	Tile and terrazzo contractors	47	238340	21	47021	Cheatham County, Tennessee	yes	2.0	8.51608187134503	226.59502923976606
2513	23	Tile and terrazzo contractors	47	238340	33	47033	Crockett County, Tennessee	yes	1.0	4.890032540152157	140.99921828091684
2514	23	Tile and terrazzo contractors	47	238340	35	47035	Cumberland County, Tennessee	yes	2.6666666666666665	12.897485131934893	361.0937292229158
2515	23	Tile and terrazzo contractors	47	238340	37	47037	Davidson County, Tennessee	no	15.333333333333334	130.0	5538.833333333333
2516	23	Tile and terrazzo contractors	47	238340	43	47043	Dickson County, Tennessee	yes	1.6666666666666667	8.04716994071061	217.20294174121923
2517	23	Tile and terrazzo contractors	47	238340	45	47045	Dyer County, Tennessee	yes	1.0	4.890032540152157	140.99921828091684
2518	23	Tile and terrazzo contractors	47	238340	47	47047	Fayette County, Tennessee	yes	1.6666666666666667	8.007452591782735	220.09451094199895
2519	23	Tile and terrazzo contractors	47	238340	53	47053	Gibson County, Tennessee	yes	1.0	4.831331331331331	121.59409409409409
2520	23	Tile and terrazzo contractors	47	238340	65	47065	Hamilton County, Tennessee	no	10.666666666666666	57.333333333333336	2058.3333333333335
2521	23	Tile and terrazzo contractors	47	238340	73	47073	Hawkins County, Tennessee	yes	1.0	5.0942192192192195	123.98836336336336
2522	23	Tile and terrazzo contractors	47	238340	77	47077	Henderson County, Tennessee	yes	1.0	4.79965491807597	119.25540013697908
2523	23	Tile and terrazzo contractors	47	238340	79	47079	Henry County, Tennessee	yes	1.0	4.2105263157894735	109.78947368421052
2524	23	Tile and terrazzo contractors	47	238340	81	47081	Hickman County, Tennessee	yes	1.0	4.890032540152157	140.99921828091684
2525	23	Tile and terrazzo contractors	47	238340	93	47093	Knox County, Tennessee	no	10.833333333333334	71.0	2539.8333333333335
2526	23	Tile and terrazzo contractors	47	238340	103	47103	Lincoln County, Tennessee	yes	1.0	4.890032540152157	140.99921828091684
2527	23	Tile and terrazzo contractors	47	238340	105	47105	Loudon County, Tennessee	no	3.0	12.8	301.4
2528	23	Tile and terrazzo contractors	47	238340	105	47105	Loudon County, Tennessee	yes	2.0	8.421052631578947	219.57894736842104
2529	23	Tile and terrazzo contractors	47	238340	107	47107	McMinn County, Tennessee	yes	1.0	6.216216216216217	120.83783783783784
2530	23	Tile and terrazzo contractors	47	238340	109	47109	McNairy County, Tennessee	yes	1.0	5.617297049115231	164.0871305189487
2531	23	Tile and terrazzo contractors	47	238340	113	47113	Madison County, Tennessee	no	3.0	5.0	146.75
2532	23	Tile and terrazzo contractors	47	238340	113	47113	Madison County, Tennessee	yes	2.0	8.51608187134503	226.59502923976606
2533	23	Tile and terrazzo contractors	47	238340	119	47119	Maury County, Tennessee	yes	1.25	5.728761656393235	146.09030741267583
2534	23	Tile and terrazzo contractors	47	238340	125	47125	Montgomery County, Tennessee	no	3.0	3.3333333333333335	94.66666666666667
2535	23	Tile and terrazzo contractors	47	238340	125	47125	Montgomery County, Tennessee	yes	1.6666666666666667	7.59059059059059	202.90890890890887
2536	23	Tile and terrazzo contractors	47	238340	137	47137	Pickett County, Tennessee	yes	1.0	4.890032540152157	140.99921828091684
2537	23	Tile and terrazzo contractors	47	238340	139	47139	Polk County, Tennessee	yes	1.0	4.890032540152157	140.99921828091684
2538	23	Tile and terrazzo contractors	47	238340	141	47141	Putnam County, Tennessee	yes	1.3333333333333333	6.309379518709662	178.7650564875445
2539	23	Tile and terrazzo contractors	47	238340	147	47147	Robertson County, Tennessee	yes	1.0	3.972222222222222	127.13888888888889
2540	23	Tile and terrazzo contractors	47	238340	149	47149	Rutherford County, Tennessee	no	4.0	15.166666666666666	465.5
2541	23	Tile and terrazzo contractors	47	238340	157	47157	Shelby County, Tennessee	no	23.0	155.33333333333334	5359.166666666667
2542	23	Tile and terrazzo contractors	47	238340	163	47163	Sullivan County, Tennessee	yes	1.6666666666666667	8.007452591782735	220.09451094199895
2543	23	Tile and terrazzo contractors	47	238340	165	47165	Sumner County, Tennessee	no	3.6666666666666665	9.166666666666666	293.3333333333333
2544	23	Tile and terrazzo contractors	47	238340	167	47167	Tipton County, Tennessee	no	4.0	3.5	62.0
2545	23	Tile and terrazzo contractors	47	238340	167	47167	Tipton County, Tennessee	yes	2.5	12.959166294393567	371.6943219045492
2546	23	Tile and terrazzo contractors	47	238340	173	47173	Union County, Tennessee	yes	1.1666666666666667	5.60762513274475	160.46681087350944
2547	23	Tile and terrazzo contractors	47	238340	177	47177	Warren County, Tennessee	yes	1.0	4.890032540152157	140.99921828091684
2548	23	Tile and terrazzo contractors	47	238340	179	47179	Washington County, Tennessee	no	4.666666666666667	11.5	419.0
2549	23	Tile and terrazzo contractors	47	238340	183	47183	Weakley County, Tennessee	yes	1.0	4.869299051117232	166.18748086929907
2550	23	Tile and terrazzo contractors	47	238340	187	47187	Williamson County, Tennessee	yes	2.0	9.780065080304315	281.99843656183367
2551	23	Tile and terrazzo contractors	47	238340	189	47189	Wilson County, Tennessee	no	4.333333333333333	11.166666666666666	555.5
2552	23	Water and sewer line and related structures construction	47	237110	3	47003	Bedford County, Tennessee	yes	2.0	20.36831651634923	838.2870159997568
2553	23	Water and sewer line and related structures construction	47	237110	5	47005	Benton County, Tennessee	yes	1.0	10.184158258174614	419.1435079998784
2554	23	Water and sewer line and related structures construction	47	237110	7	47007	Bledsoe County, Tennessee	no	3.8333333333333335	6.333333333333333	235.16666666666666
2555	23	Water and sewer line and related structures construction	47	237110	9	47009	Blount County, Tennessee	no	4.0	35.666666666666664	1764.0
2556	23	Water and sewer line and related structures construction	47	237110	9	47009	Blount County, Tennessee	yes	4.0	39.69940550860954	1506.7875934397762
2557	23	Water and sewer line and related structures construction	47	237110	11	47011	Bradley County, Tennessee	no	3.0	7.0	196.66666666666666
2558	23	Water and sewer line and related structures construction	47	237110	11	47011	Bradley County, Tennessee	yes	4.0	40.56542697151032	1575.9936636221448
2559	23	Water and sewer line and related structures construction	47	237110	17	47017	Carroll County, Tennessee	no	3.0	29.0	1135.0
2560	23	Water and sewer line and related structures construction	47	237110	17	47017	Carroll County, Tennessee	yes	2.0	19.199777065728576	748.1390975399161
2561	23	Water and sewer line and related structures construction	47	237110	19	47019	Carter County, Tennessee	yes	1.0	10.184158258174614	419.1435079998784
2562	23	Water and sewer line and related structures construction	47	237110	21	47021	Cheatham County, Tennessee	yes	1.2	11.864908828728456	506.5826825728271
2563	23	Water and sewer line and related structures construction	47	237110	25	47025	Claiborne County, Tennessee	no	4.5	0.0	1028.0
2564	23	Water and sewer line and related structures construction	47	237110	25	47025	Claiborne County, Tennessee	yes	3.25	31.943203189698927	1345.5011457136752
2565	23	Water and sewer line and related structures construction	47	237110	29	47029	Cocke County, Tennessee	no	3.0	31.0	1156.0
2566	23	Water and sewer line and related structures construction	47	237110	29	47029	Cocke County, Tennessee	yes	2.0	20.048537196668256	808.0296651013475
2567	23	Water and sewer line and related structures construction	47	237110	31	47031	Coffee County, Tennessee	no	3.6666666666666665	5.0	241.33333333333334
2568	23	Water and sewer line and related structures construction	47	237110	31	47031	Coffee County, Tennessee	yes	2.3333333333333335	26.12053683577074	1173.8421205255272
2569	23	Water and sewer line and related structures construction	47	237110	35	47035	Cumberland County, Tennessee	no	5.0	7.833333333333333	331.0
2570	23	Water and sewer line and related structures construction	47	237110	37	47037	Davidson County, Tennessee	no	13.0	220.66666666666666	12973.0
2571	23	Water and sewer line and related structures construction	47	237110	39	47039	Decatur County, Tennessee	yes	1.0	10.184158258174614	419.1435079998784
2572	23	Water and sewer line and related structures construction	47	237110	41	47041	DeKalb County, Tennessee	yes	1.1666666666666667	11.581748619620399	467.004953783011
2573	23	Water and sewer line and related structures construction	47	237110	43	47043	Dickson County, Tennessee	no	5.6	27.4	1075.6
2574	23	Water and sewer line and related structures construction	47	237110	43	47043	Dickson County, Tennessee	yes	4.0	43.9344262295082	1979.1475409836066
2575	23	Water and sewer line and related structures construction	47	237110	45	47045	Dyer County, Tennessee	yes	2.1666666666666665	22.102550750583465	896.3095385222795
2576	23	Water and sewer line and related structures construction	47	237110	47	47047	Fayette County, Tennessee	yes	2.0	21.389011962782455	842.9220203810369
2577	23	Water and sewer line and related structures construction	47	237110	49	47049	Fentress County, Tennessee	yes	1.6666666666666667	16.584083946750805	668.5232071798504
2578	23	Water and sewer line and related structures construction	47	237110	51	47051	Franklin County, Tennessee	yes	1.6666666666666667	17.236491920669213	732.4030476941017
2579	23	Water and sewer line and related structures construction	47	237110	53	47053	Gibson County, Tennessee	no	3.0	4.333333333333333	354.6666666666667
2580	23	Water and sewer line and related structures construction	47	237110	53	47053	Gibson County, Tennessee	yes	2.6666666666666665	30.027799789175237	1348.440776416706
2581	23	Water and sewer line and related structures construction	47	237110	55	47055	Giles County, Tennessee	yes	1.0	10.184158258174614	419.1435079998784
2582	23	Water and sewer line and related structures construction	47	237110	57	47057	Grainger County, Tennessee	yes	1.0	10.184158258174614	419.1435079998784
2583	23	Water and sewer line and related structures construction	47	237110	59	47059	Greene County, Tennessee	yes	2.0	20.54202036677739	830.4434414510068
2584	23	Water and sewer line and related structures construction	47	237110	65	47065	Hamilton County, Tennessee	no	4.0	55.333333333333336	2225.6666666666665
2585	23	Water and sewer line and related structures construction	47	237110	65	47065	Hamilton County, Tennessee	yes	6.333333333333333	63.88359819428356	2445.4325053870775
2586	23	Water and sewer line and related structures construction	47	237110	69	47069	Hardeman County, Tennessee	yes	3.1666666666666665	31.950065135969627	1305.2919697827676
2587	23	Water and sewer line and related structures construction	47	237110	75	47075	Haywood County, Tennessee	yes	1.0	10.024268598334128	404.01483255067376
2588	23	Water and sewer line and related structures construction	47	237110	77	47077	Henderson County, Tennessee	yes	1.0	10.184158258174614	419.1435079998784
2589	23	Water and sewer line and related structures construction	47	237110	83	47083	Houston County, Tennessee	yes	1.0	10.024268598334128	404.01483255067376
2590	23	Water and sewer line and related structures construction	47	237110	85	47085	Humphreys County, Tennessee	yes	2.0	20.36831651634923	838.2870159997568
2591	23	Water and sewer line and related structures construction	47	237110	87	47087	Jackson County, Tennessee	yes	1.0	10.443465139196846	461.5901176398127
2592	23	Water and sewer line and related structures construction	47	237110	89	47089	Jefferson County, Tennessee	yes	2.8333333333333335	29.154884413078065	1209.5690782165027
2593	23	Water and sewer line and related structures construction	47	237110	91	47091	Johnson County, Tennessee	yes	2.0	20.36831651634923	838.2870159997568
2594	23	Water and sewer line and related structures construction	47	237110	93	47093	Knox County, Tennessee	no	12.0	97.0	5964.0
2595	23	Water and sewer line and related structures construction	47	237110	93	47093	Knox County, Tennessee	yes	10.0	107.23416038989811	4287.935976960567
2596	23	Water and sewer line and related structures construction	47	237110	95	47095	Lake County, Tennessee	yes	1.0	9.138649191360036	333.8304366113101
2597	23	Water and sewer line and related structures construction	47	237110	99	47099	Lawrence County, Tennessee	no	3.0	36.5	865.5
2598	23	Water and sewer line and related structures construction	47	237110	99	47099	Lawrence County, Tennessee	yes	2.0	20.748171495835322	826.9433313766845
2599	23	Water and sewer line and related structures construction	47	237110	103	47103	Lincoln County, Tennessee	yes	1.5	15.146583946750807	607.4919571798504
2600	23	Water and sewer line and related structures construction	47	237110	105	47105	Loudon County, Tennessee	yes	1.0	10.98360655737705	494.78688524590166
2601	23	Water and sewer line and related structures construction	47	237110	107	47107	McMinn County, Tennessee	no	7.166666666666667	186.83333333333334	8871.833333333334
2602	23	Water and sewer line and related structures construction	47	237110	111	47111	Macon County, Tennessee	yes	1.0	9.599888532864288	374.06954876995803
2603	23	Water and sewer line and related structures construction	47	237110	113	47113	Madison County, Tennessee	yes	2.6666666666666665	27.717384413078065	1148.5378282165027
2604	23	Water and sewer line and related structures construction	47	237110	115	47115	Marion County, Tennessee	yes	1.5	15.186493585305024	620.6617613967179
2605	23	Water and sewer line and related structures construction	47	237110	119	47119	Maury County, Tennessee	yes	2.0	20.36831651634923	838.2870159997568
2606	23	Water and sewer line and related structures construction	47	237110	123	47123	Monroe County, Tennessee	no	3.6666666666666665	26.333333333333332	1094.3333333333333
2607	23	Water and sewer line and related structures construction	47	237110	123	47123	Monroe County, Tennessee	yes	2.0	19.84970275430477	753.3937967198881
2608	23	Water and sewer line and related structures construction	47	237110	125	47125	Montgomery County, Tennessee	no	5.0	97.33333333333333	4321.166666666667
2609	23	Water and sewer line and related structures construction	47	237110	127	47127	Moore County, Tennessee	yes	1.0	10.184158258174614	419.1435079998784
2610	23	Water and sewer line and related structures construction	47	237110	129	47129	Morgan County, Tennessee	yes	1.0	9.599888532864288	374.06954876995803
2611	23	Water and sewer line and related structures construction	47	237110	131	47131	Obion County, Tennessee	yes	1.0	10.5438814760746	445.538474660095
2612	23	Water and sewer line and related structures construction	47	237110	133	47133	Overton County, Tennessee	no	3.0	149.0	7429.166666666667
2613	23	Water and sewer line and related structures construction	47	237110	139	47139	Polk County, Tennessee	yes	1.5	15.146583946750807	607.4919571798504
2614	23	Water and sewer line and related structures construction	47	237110	141	47141	Putnam County, Tennessee	yes	3.1666666666666665	32.20937201699186	1347.738579422702
2615	23	Water and sewer line and related structures construction	47	237110	145	47145	Roane County, Tennessee	yes	1.3333333333333333	13.968390827773037	588.9073168197848
2616	23	Water and sewer line and related structures construction	47	237110	147	47147	Robertson County, Tennessee	yes	1.3333333333333333	13.968390827773037	588.9073168197848
2617	23	Water and sewer line and related structures construction	47	237110	149	47149	Rutherford County, Tennessee	no	8.666666666666666	84.83333333333333	3920.5
2618	23	Water and sewer line and related structures construction	47	237110	151	47151	Scott County, Tennessee	yes	1.0	10.98360655737705	494.78688524590166
2619	23	Water and sewer line and related structures construction	47	237110	155	47155	Sevier County, Tennessee	no	3.0	31.5	1944.5
2620	23	Water and sewer line and related structures construction	47	237110	157	47157	Shelby County, Tennessee	no	15.833333333333334	259.1666666666667	11862.5
2621	23	Water and sewer line and related structures construction	47	237110	159	47159	Smith County, Tennessee	no	3.0	36.0	1428.0
2622	23	Water and sewer line and related structures construction	47	237110	159	47159	Smith County, Tennessee	yes	2.0	19.199777065728576	748.1390975399161
2623	23	Water and sewer line and related structures construction	47	237110	161	47161	Stewart County, Tennessee	yes	2.0	21.9672131147541	989.5737704918033
2624	23	Water and sewer line and related structures construction	47	237110	163	47163	Sullivan County, Tennessee	no	3.5	57.5	3422.5
2625	23	Water and sewer line and related structures construction	47	237110	165	47165	Sumner County, Tennessee	no	8.25	164.5	7061.5
2626	23	Water and sewer line and related structures construction	47	237110	165	47165	Sumner County, Tennessee	yes	8.0	85.266947275144	3298.362206468764
2627	23	Water and sewer line and related structures construction	47	237110	167	47167	Tipton County, Tennessee	yes	1.6666666666666667	16.584083946750805	668.5232071798504
2628	23	Water and sewer line and related structures construction	47	237110	175	47175	Van Buren County, Tennessee	yes	1.0	11.352697708795269	509.29142645971916
2629	23	Water and sewer line and related structures construction	47	237110	177	47177	Warren County, Tennessee	no	3.0	6.0	293.0
2630	23	Water and sewer line and related structures construction	47	237110	177	47177	Warren County, Tennessee	yes	2.6	26.946890645910507	1085.4875582156744
2631	23	Water and sewer line and related structures construction	47	237110	179	47179	Washington County, Tennessee	no	4.0	20.333333333333332	870.0
2632	23	Water and sewer line and related structures construction	47	237110	179	47179	Washington County, Tennessee	yes	3.0	29.77455413145715	1130.090695079832
2633	23	Water and sewer line and related structures construction	47	237110	183	47183	Weakley County, Tennessee	yes	1.0	10.184158258174614	419.1435079998784
2634	23	Water and sewer line and related structures construction	47	237110	185	47185	White County, Tennessee	yes	1.3333333333333333	13.968390827773037	588.9073168197848
2635	23	Water and sewer line and related structures construction	47	237110	187	47187	Williamson County, Tennessee	no	8.5	53.75	2701.25
2636	23	Water and sewer line and related structures construction	47	237110	187	47187	Williamson County, Tennessee	yes	7.0	75.15064244572442	3023.552946389012
2637	23	Water and sewer line and related structures construction	47	237110	189	47189	Wilson County, Tennessee	no	7.166666666666667	36.333333333333336	1469.1666666666667
2638	31	All other leather good and allied product manufacturing	47	316998	3	47003	Bedford County, Tennessee	yes	1.0	9.596311858076565	280.11673669467785
2639	31	All other leather good and allied product manufacturing	47	316998	9	47009	Blount County, Tennessee	yes	1.0	9.596311858076565	280.11673669467785
2640	31	All other leather good and allied product manufacturing	47	316998	11	47011	Bradley County, Tennessee	yes	1.0	10.033221288515408	291.1518487394958
2641	31	All other leather good and allied product manufacturing	47	316998	21	47021	Cheatham County, Tennessee	yes	1.0	9.596311858076565	280.11673669467785
2642	31	All other leather good and allied product manufacturing	47	316998	31	47031	Coffee County, Tennessee	yes	1.0	9.596311858076565	280.11673669467785
2643	31	All other leather good and allied product manufacturing	47	316998	37	47037	Davidson County, Tennessee	yes	1.3333333333333333	12.140662931839403	353.80161064425766
2644	31	All other leather good and allied product manufacturing	47	316998	65	47065	Hamilton County, Tennessee	no	4.5	26.25	952.5
2645	31	All other leather good and allied product manufacturing	47	316998	65	47065	Hamilton County, Tennessee	yes	4.0	46.22352941176471	1423.5823529411764
2646	31	All other leather good and allied product manufacturing	47	316998	69	47069	Hardeman County, Tennessee	yes	1.0	9.596311858076565	280.11673669467785
2647	31	All other leather good and allied product manufacturing	47	316998	93	47093	Knox County, Tennessee	yes	1.0	9.596311858076565	280.11673669467785
2648	31	All other leather good and allied product manufacturing	47	316998	117	47117	Marshall County, Tennessee	yes	1.8333333333333333	17.95732959850607	522.7432773109243
2649	31	All other leather good and allied product manufacturing	47	316998	133	47133	Overton County, Tennessee	yes	1.0	7.633053221288515	221.0546218487395
2650	31	All other leather good and allied product manufacturing	47	316998	155	47155	Sevier County, Tennessee	yes	1.0	9.596311858076565	280.11673669467785
2651	31	All other leather good and allied product manufacturing	47	316998	179	47179	Washington County, Tennessee	yes	1.0	9.596311858076565	280.11673669467785
2652	31	All other leather good and allied product manufacturing	47	316998	187	47187	Williamson County, Tennessee	yes	2.0	19.19262371615313	560.2334733893557
2653	31	All other leather good and allied product manufacturing	47	316998	189	47189	Wilson County, Tennessee	yes	1.1666666666666667	12.21297852474323	361.25840336134456
2654	31	All other miscellaneous food manufacturing	47	311999	11	47011	Bradley County, Tennessee	yes	1.0	0.0	0.0
2655	31	All other miscellaneous food manufacturing	47	311999	37	47037	Davidson County, Tennessee	yes	1.5	27.09259259259259	1772.9259259259259
2656	31	All other miscellaneous food manufacturing	47	311999	65	47065	Hamilton County, Tennessee	yes	1.0	13.416666666666666	759.1666666666666
2657	31	All other miscellaneous food manufacturing	47	311999	141	47141	Putnam County, Tennessee	yes	1.0	18.01851851851852	1139.5185185185185
2658	31	All other miscellaneous food manufacturing	47	311999	157	47157	Shelby County, Tennessee	yes	3.0	54.05555555555555	3418.555555555555
2659	31	All other miscellaneous food manufacturing	47	311999	163	47163	Sullivan County, Tennessee	yes	1.6666666666666667	36.2962962962963	2533.6296296296296
2660	31	All other miscellaneous food manufacturing	47	311999	189	47189	Wilson County, Tennessee	yes	1.0	27.22222222222222	1900.2222222222222
2661	31	All other miscellaneous textile product mills	47	314999	11	47011	Bradley County, Tennessee	no	3.0	3.0	29.666666666666668
2662	31	All other miscellaneous textile product mills	47	314999	11	47011	Bradley County, Tennessee	yes	2.3333333333333335	43.52554112554112	1335.1844155844155
2663	31	All other miscellaneous textile product mills	47	314999	17	47017	Carroll County, Tennessee	yes	1.0	-0.9736842105263157	-50.815789473684205
2664	31	All other miscellaneous textile product mills	47	314999	19	47019	Carter County, Tennessee	yes	2.0	26.840072403230298	819.8572327282855
2665	31	All other miscellaneous textile product mills	47	314999	21	47021	Cheatham County, Tennessee	yes	1.0	13.420036201615149	409.9286163641427
2666	31	All other miscellaneous textile product mills	47	314999	25	47025	Claiborne County, Tennessee	yes	1.1666666666666667	13.257755499860764	401.45931811852864
2667	31	All other miscellaneous textile product mills	47	314999	27	47027	Clay County, Tennessee	yes	1.0	13.420036201615149	409.9286163641427
2668	31	All other miscellaneous textile product mills	47	314999	37	47037	Davidson County, Tennessee	no	7.8	17.2	510.4
2669	31	All other miscellaneous textile product mills	47	314999	37	47037	Davidson County, Tennessee	yes	9.0	147.6818181818182	6328.431818181819
2670	31	All other miscellaneous textile product mills	47	314999	41	47041	DeKalb County, Tennessee	yes	1.3333333333333333	20.058997240576186	584.368659654186
2671	31	All other miscellaneous textile product mills	47	314999	53	47053	Gibson County, Tennessee	yes	3.0	41.61574517100833	1280.694079263816
2672	31	All other miscellaneous textile product mills	47	314999	59	47059	Greene County, Tennessee	yes	1.0	13.420036201615149	409.9286163641427
2673	31	All other miscellaneous textile product mills	47	314999	63	47063	Hamblen County, Tennessee	yes	1.0	13.420036201615149	409.9286163641427
2674	31	All other miscellaneous textile product mills	47	314999	65	47065	Hamilton County, Tennessee	no	3.6	28.0	816.0
2675	31	All other miscellaneous textile product mills	47	314999	65	47065	Hamilton County, Tennessee	yes	3.0	-2.9210526315789473	-152.44736842105263
2676	31	All other miscellaneous textile product mills	47	314999	71	47071	Hardin County, Tennessee	yes	1.0	16.40909090909091	703.1590909090909
2677	31	All other miscellaneous textile product mills	47	314999	75	47075	Haywood County, Tennessee	yes	1.0	12.625522138680033	380.2940685045948
2678	31	All other miscellaneous textile product mills	47	314999	77	47077	Henderson County, Tennessee	yes	1.1666666666666667	16.435187716766663	494.2543739399003
2679	31	All other miscellaneous textile product mills	47	314999	89	47089	Jefferson County, Tennessee	yes	1.0	8.558612440191387	227.56937799043064
2680	31	All other miscellaneous textile product mills	47	314999	93	47093	Knox County, Tennessee	no	6.25	33.5	772.5
2681	31	All other miscellaneous textile product mills	47	314999	93	47093	Knox County, Tennessee	yes	7.5	68.95574162679425	1845.9629186602872
2682	31	All other miscellaneous textile product mills	47	314999	103	47103	Lincoln County, Tennessee	yes	1.0	13.420036201615149	409.9286163641427
2683	31	All other miscellaneous textile product mills	47	314999	105	47105	Loudon County, Tennessee	yes	1.0	13.420036201615149	409.9286163641427
2684	31	All other miscellaneous textile product mills	47	314999	107	47107	McMinn County, Tennessee	yes	1.0	15.85074808232703	501.10823555099876
2685	31	All other miscellaneous textile product mills	47	314999	119	47119	Maury County, Tennessee	yes	1.3333333333333333	20.058997240576186	584.368659654186
2686	31	All other miscellaneous textile product mills	47	314999	125	47125	Montgomery County, Tennessee	yes	2.0	26.840072403230298	819.8572327282855
2687	31	All other miscellaneous textile product mills	47	314999	129	47129	Morgan County, Tennessee	yes	1.6666666666666667	23.987201589833166	744.0007733981419
2688	31	All other miscellaneous textile product mills	47	314999	145	47145	Roane County, Tennessee	yes	1.0	13.88671172881699	487.9157426394268
2689	31	All other miscellaneous textile product mills	47	314999	147	47147	Robertson County, Tennessee	yes	1.5	28.96233766233766	776.2974025974027
2690	31	All other miscellaneous textile product mills	47	314999	149	47149	Rutherford County, Tennessee	yes	1.0	15.85074808232703	501.10823555099876
2691	31	All other miscellaneous textile product mills	47	314999	151	47151	Scott County, Tennessee	yes	2.0	26.840072403230298	819.8572327282855
2692	31	All other miscellaneous textile product mills	47	314999	153	47153	Sequatchie County, Tennessee	yes	1.0	12.625522138680033	380.2940685045948
2693	31	All other miscellaneous textile product mills	47	314999	155	47155	Sevier County, Tennessee	yes	1.4	21.348989139515457	654.195124933546
2694	31	All other miscellaneous textile product mills	47	314999	157	47157	Shelby County, Tennessee	no	5.666666666666667	21.833333333333332	1342.5
2695	31	All other miscellaneous textile product mills	47	314999	163	47163	Sullivan County, Tennessee	yes	1.0	13.88671172881699	487.9157426394268
2696	31	All other miscellaneous textile product mills	47	314999	165	47165	Sumner County, Tennessee	yes	1.1666666666666667	17.04384572542467	500.0429020784284
2697	31	All other miscellaneous textile product mills	47	314999	177	47177	Warren County, Tennessee	yes	1.0	-0.9736842105263157	-50.815789473684205
2698	31	All other miscellaneous textile product mills	47	314999	179	47179	Washington County, Tennessee	no	3.5	31.0	526.0
2699	31	All other miscellaneous textile product mills	47	314999	179	47179	Washington County, Tennessee	yes	2.75	32.01962292093871	924.4991171109591
2700	31	All other miscellaneous textile product mills	47	314999	183	47183	Weakley County, Tennessee	yes	1.6	24.630807321333638	794.8269431153642
2701	31	All other miscellaneous textile product mills	47	314999	187	47187	Williamson County, Tennessee	yes	1.1666666666666667	17.04384572542467	500.0429020784284
2702	31	All other miscellaneous textile product mills	47	314999	189	47189	Wilson County, Tennessee	yes	1.1666666666666667	16.154884686463635	527.1217981823245
2703	31	Animal (except poultry) slaughtering	47	311611	3	47003	Bedford County, Tennessee	yes	1.0	54.387096774193544	1879.967741935484
2704	31	Animal (except poultry) slaughtering	47	311611	7	47007	Bledsoe County, Tennessee	yes	1.0	28.888291517323776	983.1744324970132
2705	31	Animal (except poultry) slaughtering	47	311611	17	47017	Carroll County, Tennessee	yes	1.0	54.387096774193544	1879.967741935484
2706	31	Animal (except poultry) slaughtering	47	311611	25	47025	Claiborne County, Tennessee	yes	1.0	57.77658303464755	1966.3488649940264
2707	31	Animal (except poultry) slaughtering	47	311611	27	47027	Clay County, Tennessee	yes	1.0	57.77658303464755	1966.3488649940264
2708	31	Animal (except poultry) slaughtering	47	311611	35	47035	Cumberland County, Tennessee	yes	2.0	57.77658303464755	1966.3488649940264
2709	31	Animal (except poultry) slaughtering	47	311611	45	47045	Dyer County, Tennessee	yes	1.0	28.888291517323776	983.1744324970132
2710	31	Animal (except poultry) slaughtering	47	311611	49	47049	Fentress County, Tennessee	yes	1.0	28.888291517323776	983.1744324970132
2711	31	Animal (except poultry) slaughtering	47	311611	51	47051	Franklin County, Tennessee	yes	1.5	28.888291517323776	983.1744324970132
2712	31	Animal (except poultry) slaughtering	47	311611	57	47057	Grainger County, Tennessee	yes	1.0	28.888291517323776	983.1744324970132
2713	31	Animal (except poultry) slaughtering	47	311611	59	47059	Greene County, Tennessee	yes	1.0	28.888291517323776	983.1744324970132
2714	31	Animal (except poultry) slaughtering	47	311611	77	47077	Henderson County, Tennessee	yes	1.0	0.0	0.0
2715	31	Animal (except poultry) slaughtering	47	311611	79	47079	Henry County, Tennessee	yes	2.0	57.77658303464755	1966.3488649940264
2716	31	Animal (except poultry) slaughtering	47	311611	81	47081	Hickman County, Tennessee	yes	1.0	28.888291517323776	983.1744324970132
2717	31	Animal (except poultry) slaughtering	47	311611	93	47093	Knox County, Tennessee	yes	1.0	28.888291517323776	983.1744324970132
2718	31	Animal (except poultry) slaughtering	47	311611	107	47107	McMinn County, Tennessee	yes	1.0	43.33243727598566	1474.7616487455198
2719	31	Animal (except poultry) slaughtering	47	311611	115	47115	Marion County, Tennessee	yes	1.0	28.888291517323776	983.1744324970132
2720	31	Animal (except poultry) slaughtering	47	311611	117	47117	Marshall County, Tennessee	yes	1.0	32.27777777777778	1069.5555555555554
2721	31	Animal (except poultry) slaughtering	47	311611	119	47119	Maury County, Tennessee	yes	1.0	54.387096774193544	1879.967741935484
2722	31	Animal (except poultry) slaughtering	47	311611	121	47121	Meigs County, Tennessee	yes	1.0	28.888291517323776	983.1744324970132
2723	31	Animal (except poultry) slaughtering	47	311611	123	47123	Monroe County, Tennessee	yes	1.0	28.888291517323776	983.1744324970132
2724	31	Animal (except poultry) slaughtering	47	311611	131	47131	Obion County, Tennessee	yes	2.0	57.77658303464755	1966.3488649940264
2725	31	Animal (except poultry) slaughtering	47	311611	141	47141	Putnam County, Tennessee	yes	1.8333333333333333	57.77658303464755	1966.3488649940264
2726	31	Animal (except poultry) slaughtering	47	311611	157	47157	Shelby County, Tennessee	yes	1.0	28.888291517323776	983.1744324970132
2727	31	Animal (except poultry) slaughtering	47	311611	165	47165	Sumner County, Tennessee	yes	1.1666666666666667	28.888291517323776	983.1744324970132
2728	31	Animal (except poultry) slaughtering	47	311611	167	47167	Tipton County, Tennessee	yes	1.0	21.75483870967742	751.9870967741936
2729	31	Animal (except poultry) slaughtering	47	311611	173	47173	Union County, Tennessee	yes	1.0	28.888291517323776	983.1744324970132
2730	31	Animal (except poultry) slaughtering	47	311611	185	47185	White County, Tennessee	yes	1.0	54.387096774193544	1879.967741935484
2731	31	Animal (except poultry) slaughtering	47	311611	187	47187	Williamson County, Tennessee	yes	1.0	28.888291517323776	983.1744324970132
2732	31	Apparel accessories and other apparel manufacturing	47	315990	37	47037	Davidson County, Tennessee	no	3.0	22.0	473.0
2733	31	Apparel accessories and other apparel manufacturing	47	315990	37	47037	Davidson County, Tennessee	yes	2.0	14.679797979797979	334.9616161616162
2734	31	Apparel accessories and other apparel manufacturing	47	315990	51	47051	Franklin County, Tennessee	yes	1.0	5.42104377104377	193.6205387205387
2735	31	Apparel accessories and other apparel manufacturing	47	315990	65	47065	Hamilton County, Tennessee	yes	1.0	5.42104377104377	193.6205387205387
2736	31	Apparel accessories and other apparel manufacturing	47	315990	93	47093	Knox County, Tennessee	yes	1.0	5.031565656565656	208.28080808080807
2737	31	Apparel accessories and other apparel manufacturing	47	315990	113	47113	Madison County, Tennessee	yes	1.0	5.42104377104377	193.6205387205387
2738	31	Apparel accessories and other apparel manufacturing	47	315990	139	47139	Polk County, Tennessee	yes	1.0	5.42104377104377	193.6205387205387
2739	31	Apparel accessories and other apparel manufacturing	47	315990	157	47157	Shelby County, Tennessee	yes	2.3333333333333335	11.622390572390572	474.9653198653198
2740	31	Apparel accessories and other apparel manufacturing	47	315990	167	47167	Tipton County, Tennessee	yes	1.0	6.2	164.3
2741	31	Apparel accessories and other apparel manufacturing	47	315990	183	47183	Weakley County, Tennessee	yes	1.0	3.4494949494949494	215.11515151515152
2742	31	Apparel accessories and other apparel manufacturing	47	315990	187	47187	Williamson County, Tennessee	yes	1.0	3.8916666666666666	205.10000000000002
2743	31	Bottled water manufacturing	47	312112	59	47059	Greene County, Tennessee	yes	1.0	16.246031746031743	780.0396825396825
2744	31	Bottled water manufacturing	47	312112	111	47111	Macon County, Tennessee	yes	1.0	16.246031746031743	780.0396825396825
2745	31	Bottled water manufacturing	47	312112	113	47113	Madison County, Tennessee	yes	1.0	0.0	0.0
2746	31	Bottled water manufacturing	47	312112	137	47137	Pickett County, Tennessee	yes	1.0	16.246031746031743	780.0396825396825
2747	31	Bottled water manufacturing	47	312112	139	47139	Polk County, Tennessee	yes	1.0	16.246031746031743	780.0396825396825
2748	31	Bottled water manufacturing	47	312112	155	47155	Sevier County, Tennessee	yes	1.0	16.246031746031743	780.0396825396825
2749	31	Bottled water manufacturing	47	312112	157	47157	Shelby County, Tennessee	yes	1.0	30.57142857142857	1519.2857142857142
2750	31	Bottled water manufacturing	47	312112	179	47179	Washington County, Tennessee	yes	1.0	0.0	0.0
2751	31	Bottled water manufacturing	47	312112	181	47181	Wayne County, Tennessee	yes	1.0	16.246031746031743	780.0396825396825
2752	31	Breakfast cereal manufacturing	47	311230	31	47031	Coffee County, Tennessee	yes	1.0	0.0	0.0
2753	31	Breakfast cereal manufacturing	47	311230	157	47157	Shelby County, Tennessee	yes	1.0	0.0	0.0
2754	31	Breweries	47	312120	1	47001	Anderson County, Tennessee	yes	1.0	-2.444444444444444	627.5555555555555
2755	31	Breweries	47	312120	9	47009	Blount County, Tennessee	yes	1.0	10.306071992449702	515.7865971174795
2756	31	Breweries	47	312120	31	47031	Coffee County, Tennessee	yes	1.0	15.30931174089069	616.7948717948718
2757	31	Breweries	47	312120	37	47037	Davidson County, Tennessee	no	8.166666666666666	79.16666666666667	2651.5
2758	31	Breweries	47	312120	53	47053	Gibson County, Tennessee	yes	1.0	-2.444444444444444	627.5555555555555
2759	31	Breweries	47	312120	59	47059	Greene County, Tennessee	yes	1.0	-2.444444444444444	627.5555555555555
2760	31	Breweries	47	312120	65	47065	Hamilton County, Tennessee	no	3.0	18.0	390.0
2761	31	Breweries	47	312120	65	47065	Hamilton County, Tennessee	yes	2.2	24.519636950596702	1036.1095274007039
2762	31	Breweries	47	312120	77	47077	Henderson County, Tennessee	yes	1.0	-2.444444444444444	627.5555555555555
2763	31	Breweries	47	312120	79	47079	Henry County, Tennessee	yes	1.0	15.30931174089069	616.7948717948718
2764	31	Breweries	47	312120	87	47087	Jackson County, Tennessee	yes	1.0	11.663967611336032	405.1923076923077
2765	31	Breweries	47	312120	93	47093	Knox County, Tennessee	no	6.0	6.0	291.0
2766	31	Breweries	47	312120	93	47093	Knox County, Tennessee	yes	1.25	15.277124183006537	831.0837418300654
2767	31	Breweries	47	312120	101	47101	Lewis County, Tennessee	yes	1.0	-2.444444444444444	627.5555555555555
2768	31	Breweries	47	312120	117	47117	Marshall County, Tennessee	yes	1.0	-2.444444444444444	627.5555555555555
2769	31	Breweries	47	312120	147	47147	Robertson County, Tennessee	yes	1.0	0.0	-135.75
2770	31	Breweries	47	312120	149	47149	Rutherford County, Tennessee	yes	1.6	20.068985737344867	1130.1109100050276
2771	31	Breweries	47	312120	155	47155	Sevier County, Tennessee	yes	1.0	16.070219099785664	650.7285067873304
2772	31	Breweries	47	312120	157	47157	Shelby County, Tennessee	no	5.0	350.0	17424.0
2773	31	Breweries	47	312120	157	47157	Shelby County, Tennessee	yes	4.25	48.135620915032675	2957.231209150327
2774	31	Breweries	47	312120	163	47163	Sullivan County, Tennessee	yes	2.0	32.14043819957133	1301.4570135746608
2775	31	Breweries	47	312120	179	47179	Washington County, Tennessee	no	3.0	17.0	297.0
2776	31	Breweries	47	312120	179	47179	Washington County, Tennessee	yes	1.4	12.512873435474054	573.0208396178984
2777	31	Breweries	47	312120	187	47187	Williamson County, Tennessee	no	3.0	7.333333333333333	208.33333333333334
2778	31	Breweries	47	312120	187	47187	Williamson County, Tennessee	yes	1.0	5.302832244008714	414.77832244008715
2779	31	Broadwoven fabric mills	47	313210	37	47037	Davidson County, Tennessee	yes	1.0	0.0	0.0
2780	31	Broadwoven fabric mills	47	313210	147	47147	Robertson County, Tennessee	yes	1.0	4.166666666666666	342.5
2781	31	Broadwoven fabric mills	47	313210	157	47157	Shelby County, Tennessee	yes	1.0	1.3888888888888886	114.16666666666667
2782	31	Broadwoven fabric mills	47	313210	163	47163	Sullivan County, Tennessee	yes	1.0	4.166666666666666	342.5
2783	31	Broadwoven fabric mills	47	313210	165	47165	Sumner County, Tennessee	yes	1.0	0.0	0.0
2784	31	Carpet and rug mills	47	314110	31	47031	Coffee County, Tennessee	yes	1.0	17.479166666666668	1844.7916666666665
2785	31	Carpet and rug mills	47	314110	37	47037	Davidson County, Tennessee	yes	1.5	57.62480158730159	2120.938492063492
2786	31	Carpet and rug mills	47	314110	51	47051	Franklin County, Tennessee	yes	1.0	41.10257936507936	1407.2162698412696
2787	31	Carpet and rug mills	47	314110	65	47065	Hamilton County, Tennessee	no	3.0	23.333333333333332	2457.0
2788	31	Carpet and rug mills	47	314110	65	47065	Hamilton County, Tennessee	yes	3.0	147.48214285714286	4160.964285714285
2789	31	Carpet and rug mills	47	314110	107	47107	McMinn County, Tennessee	yes	1.0	41.10257936507936	1407.2162698412696
2790	31	Carpet and rug mills	47	314110	157	47157	Shelby County, Tennessee	yes	1.0	41.10257936507936	1407.2162698412696
2791	31	Cheese manufacturing	47	311513	31	47031	Coffee County, Tennessee	yes	1.0	32.5625	1990.2946428571431
2792	31	Cheese manufacturing	47	311513	37	47037	Davidson County, Tennessee	yes	1.0	43.0	2650.714285714286
2793	31	Cheese manufacturing	47	311513	53	47053	Gibson County, Tennessee	yes	1.0	21.708333333333332	1326.8630952380954
2794	31	Cheese manufacturing	47	311513	65	47065	Hamilton County, Tennessee	yes	1.0	0.0	0.0
2795	31	Cheese manufacturing	47	311513	93	47093	Knox County, Tennessee	yes	1.0	0.0	0.0
2796	31	Cheese manufacturing	47	311513	115	47115	Marion County, Tennessee	yes	1.0	32.5625	1990.2946428571431
2797	31	Cheese manufacturing	47	311513	155	47155	Sevier County, Tennessee	yes	1.0	11.0625	664.9375
2798	31	Cheese manufacturing	47	311513	157	47157	Shelby County, Tennessee	no	3.0	19.0	400.0
2799	31	Cheese manufacturing	47	311513	157	47157	Shelby County, Tennessee	yes	2.8	51.6	3180.8571428571427
2800	31	Chocolate and confectionery manufacturing from cacao beans	47	311351	11	47011	Bradley County, Tennessee	yes	1.0	0.0	0.0
2801	31	Chocolate and confectionery manufacturing from cacao beans	47	311351	41	47041	DeKalb County, Tennessee	yes	1.0	5.857142857142857	123.14285714285714
2802	31	Chocolate and confectionery manufacturing from cacao beans	47	311351	65	47065	Hamilton County, Tennessee	yes	1.0	4.8809523809523805	102.6190476190476
2803	31	Chocolate and confectionery manufacturing from cacao beans	47	311351	93	47093	Knox County, Tennessee	yes	1.8	11.714285714285714	246.28571428571428
2804	31	Chocolate and confectionery manufacturing from cacao beans	47	311351	119	47119	Maury County, Tennessee	yes	1.0	4.8809523809523805	102.6190476190476
2805	31	Chocolate and confectionery manufacturing from cacao beans	47	311351	155	47155	Sevier County, Tennessee	yes	2.0	9.761904761904761	205.2380952380952
2806	31	Coffee and tea manufacturing	47	311920	9	47009	Blount County, Tennessee	yes	1.0	1.347222222222222	44.194444444444436
2807	31	Coffee and tea manufacturing	47	311920	31	47031	Coffee County, Tennessee	yes	1.0	0.9375	20.0625
2808	31	Coffee and tea manufacturing	47	311920	37	47037	Davidson County, Tennessee	no	3.0	16.0	536.0
2809	31	Coffee and tea manufacturing	47	311920	37	47037	Davidson County, Tennessee	yes	2.0	0.8666666666666666	59.633333333333326
2810	31	Coffee and tea manufacturing	47	311920	65	47065	Hamilton County, Tennessee	yes	1.0	1.347222222222222	44.194444444444436
2811	31	Coffee and tea manufacturing	47	311920	93	47093	Knox County, Tennessee	no	3.3333333333333335	737.3333333333334	47470.0
2812	31	Coffee and tea manufacturing	47	311920	93	47093	Knox County, Tennessee	yes	3.6666666666666665	0.0	0.0
2813	31	Coffee and tea manufacturing	47	311920	155	47155	Sevier County, Tennessee	yes	1.0	0.0	0.0
2814	31	Coffee and tea manufacturing	47	311920	157	47157	Shelby County, Tennessee	yes	1.0	0.0	0.0
2815	31	Coffee and tea manufacturing	47	311920	187	47187	Williamson County, Tennessee	yes	1.0	1.875	40.125
2816	31	Commercial bakeries	47	311812	11	47011	Bradley County, Tennessee	yes	3.0	309.9964590964591	14140.726953601954
2817	31	Commercial bakeries	47	311812	35	47035	Cumberland County, Tennessee	yes	1.0	103.33215303215303	4713.575651200651
2818	31	Commercial bakeries	47	311812	37	47037	Davidson County, Tennessee	no	7.0	231.66666666666666	8414.333333333334
2819	31	Commercial bakeries	47	311812	37	47037	Davidson County, Tennessee	yes	7.333333333333333	-34.83689458689458	-1652.005698005698
2820	31	Commercial bakeries	47	311812	43	47043	Dickson County, Tennessee	yes	1.0	103.33215303215303	4713.575651200651
2821	31	Commercial bakeries	47	311812	51	47051	Franklin County, Tennessee	yes	2.0	206.66430606430606	9427.151302401302
2822	31	Commercial bakeries	47	311812	53	47053	Gibson County, Tennessee	yes	1.0	-5.552350427350428	-211.8087606837607
2823	31	Commercial bakeries	47	311812	63	47063	Hamblen County, Tennessee	yes	1.0	81.11965811965811	4050.4706196581196
2824	31	Commercial bakeries	47	311812	65	47065	Hamilton County, Tennessee	yes	2.1666666666666665	206.24300976800978	9412.952228327229
2825	31	Commercial bakeries	47	311812	77	47077	Henderson County, Tennessee	yes	1.0	-2.5277777777777777	-85.19444444444444
2826	31	Commercial bakeries	47	311812	93	47093	Knox County, Tennessee	no	5.0	92.33333333333333	6512.666666666667
2827	31	Commercial bakeries	47	311812	93	47093	Knox County, Tennessee	yes	5.0	488.3108465608466	19990.62830687831
2828	31	Commercial bakeries	47	311812	127	47127	Moore County, Tennessee	yes	1.0	103.33215303215303	4713.575651200651
2829	31	Commercial bakeries	47	311812	135	47135	Perry County, Tennessee	yes	1.0	81.11965811965811	4050.4706196581196
2830	31	Commercial bakeries	47	311812	149	47149	Rutherford County, Tennessee	yes	1.3333333333333333	159.2627085877086	7484.492317867317
2831	31	Commercial bakeries	47	311812	153	47153	Sequatchie County, Tennessee	yes	1.0	147.75714285714287	6039.785714285714
2832	31	Commercial bakeries	47	311812	155	47155	Sevier County, Tennessee	yes	1.0	158.00853174603174	7223.022817460317
2833	31	Commercial bakeries	47	311812	157	47157	Shelby County, Tennessee	yes	4.833333333333333	518.0902523402523	23624.2821021571
2834	31	Commercial bakeries	47	311812	165	47165	Sumner County, Tennessee	yes	1.0	97.35000000000001	3935.785714285714
2835	31	Commercial bakeries	47	311812	185	47185	White County, Tennessee	yes	1.0	103.33215303215303	4713.575651200651
2836	31	Commercial bakeries	47	311812	189	47189	Wilson County, Tennessee	no	3.0	101.33333333333333	3654.6666666666665
2837	31	Confectionery manufacturing from purchased chocolate	47	311352	11	47011	Bradley County, Tennessee	yes	1.0	139.84852813852814	5808.246969696969
2838	31	Confectionery manufacturing from purchased chocolate	47	311352	37	47037	Davidson County, Tennessee	yes	3.8333333333333335	457.4474747474747	21118.037518037516
2839	31	Confectionery manufacturing from purchased chocolate	47	311352	53	47053	Gibson County, Tennessee	yes	1.0	113.6356782106782	5425.943903318903
2840	31	Confectionery manufacturing from purchased chocolate	47	311352	65	47065	Hamilton County, Tennessee	yes	1.2	162.38186147186147	6750.880303030304
2841	31	Confectionery manufacturing from purchased chocolate	47	311352	93	47093	Knox County, Tennessee	yes	1.0	148.4	6038.200000000001
2842	31	Confectionery manufacturing from purchased chocolate	47	311352	155	47155	Sevier County, Tennessee	no	8.833333333333334	138.5	2972.1666666666665
2843	31	Confectionery manufacturing from purchased chocolate	47	311352	157	47157	Shelby County, Tennessee	no	4.0	42.0	1078.0
2844	31	Confectionery manufacturing from purchased chocolate	47	311352	157	47157	Shelby County, Tennessee	yes	3.0	311.6069264069264	15338.299134199135
2845	31	Confectionery manufacturing from purchased chocolate	47	311352	187	47187	Williamson County, Tennessee	yes	1.0	-17.428571428571427	3514.428571428571
2846	31	Cookie and cracker manufacturing	47	311821	11	47011	Bradley County, Tennessee	yes	1.0	0.0	0.0
2847	31	Cookie and cracker manufacturing	47	311821	37	47037	Davidson County, Tennessee	yes	1.0	87.0	8674.625
2848	31	Cookie and cracker manufacturing	47	311821	55	47055	Giles County, Tennessee	yes	1.0	29.0	2891.5416666666665
2849	31	Cookie and cracker manufacturing	47	311821	65	47065	Hamilton County, Tennessee	yes	1.0	29.0	2891.5416666666665
2850	31	Cookie and cracker manufacturing	47	311821	139	47139	Polk County, Tennessee	yes	1.0	0.0	0.0
2851	31	Cookie and cracker manufacturing	47	311821	189	47189	Wilson County, Tennessee	yes	1.0	29.0	2891.5416666666665
2852	31	Curtain and linen mills	47	314120	3	47003	Bedford County, Tennessee	yes	1.0	3.966544626870714	183.96850613154962
2853	31	Curtain and linen mills	47	314120	9	47009	Blount County, Tennessee	yes	1.0	5.769230769230769	136.76923076923077
2854	31	Curtain and linen mills	47	314120	11	47011	Bradley County, Tennessee	yes	2.0	7.933089253741428	367.93701226309923
2855	31	Curtain and linen mills	47	314120	13	47013	Campbell County, Tennessee	yes	1.0	2.554560023310023	184.99854312354313
2856	31	Curtain and linen mills	47	314120	19	47019	Carter County, Tennessee	yes	1.0	2.8381410256410255	168.3397435897436
2857	31	Curtain and linen mills	47	314120	21	47021	Cheatham County, Tennessee	yes	1.0	3.966544626870714	183.96850613154962
2858	31	Curtain and linen mills	47	314120	31	47031	Coffee County, Tennessee	yes	1.0	6.790513833992096	181.90843214756256
2859	31	Curtain and linen mills	47	314120	35	47035	Cumberland County, Tennessee	yes	1.0	3.966544626870714	183.96850613154962
2860	31	Curtain and linen mills	47	314120	37	47037	Davidson County, Tennessee	no	5.5	27.0	961.3333333333334
2861	31	Curtain and linen mills	47	314120	49	47049	Fentress County, Tennessee	yes	1.0	3.966544626870714	183.96850613154962
2862	31	Curtain and linen mills	47	314120	57	47057	Grainger County, Tennessee	yes	2.0	7.933089253741428	367.93701226309923
2863	31	Curtain and linen mills	47	314120	65	47065	Hamilton County, Tennessee	no	3.5	7.5	268.0
2864	31	Curtain and linen mills	47	314120	79	47079	Henry County, Tennessee	yes	1.0	4.814327429816561	175.12408786865308
2865	31	Curtain and linen mills	47	314120	93	47093	Knox County, Tennessee	yes	2.5	11.328538309516569	457.37871186784236
2866	31	Curtain and linen mills	47	314120	103	47103	Lincoln County, Tennessee	yes	1.0	1.1421911421911422	189.05361305361308
2867	31	Curtain and linen mills	47	314120	105	47105	Loudon County, Tennessee	yes	1.0	2.3269230769230766	150.30769230769232
2868	31	Curtain and linen mills	47	314120	113	47113	Madison County, Tennessee	yes	1.0	5.005308097699402	167.45311644876864
2869	31	Curtain and linen mills	47	314120	119	47119	Maury County, Tennessee	yes	1.0	-1.2272727272727273	266.54545454545456
2870	31	Curtain and linen mills	47	314120	149	47149	Rutherford County, Tennessee	no	3.0	0.0	102.0
2871	31	Curtain and linen mills	47	314120	149	47149	Rutherford County, Tennessee	yes	2.4	10.941385426168036	395.0293098206141
2872	31	Curtain and linen mills	47	314120	157	47157	Shelby County, Tennessee	yes	2.5	8.48553680618898	479.5803689064558
2873	31	Curtain and linen mills	47	314120	159	47159	Smith County, Tennessee	yes	1.0	2.554560023310023	184.99854312354313
2874	31	Curtain and linen mills	47	314120	163	47163	Sullivan County, Tennessee	yes	1.0	3.966544626870714	183.96850613154962
2875	31	Curtain and linen mills	47	314120	167	47167	Tipton County, Tennessee	yes	1.0	2.270979020979021	201.65734265734267
2876	31	Curtain and linen mills	47	314120	177	47177	Warren County, Tennessee	yes	1.0	4.814327429816561	175.12408786865308
2877	31	Curtain and linen mills	47	314120	179	47179	Washington County, Tennessee	yes	1.0	3.966544626870714	183.96850613154962
2878	31	Curtain and linen mills	47	314120	187	47187	Williamson County, Tennessee	yes	1.3333333333333333	6.2300492382014125	244.60465018073714
2879	31	Cut and sew apparel contractors	47	315210	1	47001	Anderson County, Tennessee	yes	1.0	24.685723530750412	400.57909213745234
2880	31	Cut and sew apparel contractors	47	315210	3	47003	Bedford County, Tennessee	yes	1.0	24.685723530750412	400.57909213745234
2881	31	Cut and sew apparel contractors	47	315210	9	47009	Blount County, Tennessee	yes	1.0	21.658059964726633	386.0359082892416
2882	31	Cut and sew apparel contractors	47	315210	17	47017	Carroll County, Tennessee	yes	2.0	49.371447061500824	801.1581842749047
2883	31	Cut and sew apparel contractors	47	315210	25	47025	Claiborne County, Tennessee	yes	1.5	38.542417079137515	608.1402301302838
2884	31	Cut and sew apparel contractors	47	315210	27	47027	Clay County, Tennessee	yes	1.0	24.685723530750412	400.57909213745234
2885	31	Cut and sew apparel contractors	47	315210	33	47033	Crockett County, Tennessee	yes	1.0	31.64516129032258	448.64516129032256
2886	31	Cut and sew apparel contractors	47	315210	35	47035	Cumberland County, Tennessee	yes	1.0	21.375	398.04166666666663
2887	31	Cut and sew apparel contractors	47	315210	37	47037	Davidson County, Tennessee	no	3.6	12.6	407.8
2888	31	Cut and sew apparel contractors	47	315210	37	47037	Davidson County, Tennessee	yes	3.0	94.93548387096774	1345.9354838709678
2889	31	Cut and sew apparel contractors	47	315210	39	47039	Decatur County, Tennessee	yes	1.0	30.88258064516129	423.66258064516126
2890	31	Cut and sew apparel contractors	47	315210	49	47049	Fentress County, Tennessee	yes	1.0	23.598868236900493	400.9589105649428
2891	31	Cut and sew apparel contractors	47	315210	53	47053	Gibson County, Tennessee	yes	1.0	31.64516129032258	448.64516129032256
2892	31	Cut and sew apparel contractors	47	315210	55	47055	Giles County, Tennessee	yes	1.0	25.606868236900493	403.4469105649428
2893	31	Cut and sew apparel contractors	47	315210	61	47061	Grundy County, Tennessee	yes	2.0	49.371447061500824	801.1581842749047
2894	31	Cut and sew apparel contractors	47	315210	63	47063	Hamblen County, Tennessee	yes	1.0	24.685723530750412	400.57909213745234
2895	31	Cut and sew apparel contractors	47	315210	65	47065	Hamilton County, Tennessee	yes	1.3333333333333333	31.594890197417083	531.2927032485635
2896	31	Cut and sew apparel contractors	47	315210	79	47079	Henry County, Tennessee	yes	1.0	23.29383597883598	390.96587830687827
2897	31	Cut and sew apparel contractors	47	315210	81	47081	Hickman County, Tennessee	yes	1.0	24.685723530750412	400.57909213745234
2898	31	Cut and sew apparel contractors	47	315210	89	47089	Jefferson County, Tennessee	yes	1.0	20.080000000000002	386.24
2899	31	Cut and sew apparel contractors	47	315210	93	47093	Knox County, Tennessee	yes	1.5	35.51475351311373	593.5970462820732
2900	31	Cut and sew apparel contractors	47	315210	99	47099	Lawrence County, Tennessee	yes	1.5	41.246330645161294	619.7329973118278
2901	31	Cut and sew apparel contractors	47	315210	103	47103	Lincoln County, Tennessee	yes	1.0	22.447089947089943	385.93386243386243
2902	31	Cut and sew apparel contractors	47	315210	109	47109	McNairy County, Tennessee	yes	1.0	31.64516129032258	448.64516129032256
2903	31	Cut and sew apparel contractors	47	315210	111	47111	Macon County, Tennessee	yes	1.0	20.080000000000002	386.24
2904	31	Cut and sew apparel contractors	47	315210	115	47115	Marion County, Tennessee	yes	1.0	30.88258064516129	423.66258064516126
2905	31	Cut and sew apparel contractors	47	315210	129	47129	Morgan County, Tennessee	yes	1.0	30.88258064516129	423.66258064516126
2906	31	Cut and sew apparel contractors	47	315210	131	47131	Obion County, Tennessee	yes	1.0	31.64516129032258	448.64516129032256
2907	31	Cut and sew apparel contractors	47	315210	149	47149	Rutherford County, Tennessee	yes	1.0	20.080000000000002	386.24
2908	31	Cut and sew apparel contractors	47	315210	151	47151	Scott County, Tennessee	yes	1.0	24.685723530750412	400.57909213745234
2909	31	Cut and sew apparel contractors	47	315210	155	47155	Sevier County, Tennessee	yes	1.0	20.080000000000002	386.24
2910	31	Cut and sew apparel contractors	47	315210	157	47157	Shelby County, Tennessee	no	3.6	4.4	251.4
2911	31	Cut and sew apparel contractors	47	315210	157	47157	Shelby County, Tennessee	yes	3.0	90.36	1196.04
2912	31	Cut and sew apparel contractors	47	315210	163	47163	Sullivan County, Tennessee	yes	2.0	42.75	796.0833333333333
2913	31	Cut and sew apparel contractors	47	315210	167	47167	Tipton County, Tennessee	yes	1.0	21.375	398.04166666666663
2914	31	Cut and sew apparel contractors	47	315210	173	47173	Union County, Tennessee	yes	1.0	21.658059964726633	386.0359082892416
2915	31	Cut and sew apparel contractors	47	315210	181	47181	Wayne County, Tennessee	yes	1.0	30.88258064516129	423.66258064516126
2916	31	Cut and sew apparel contractors	47	315210	185	47185	White County, Tennessee	yes	1.0	31.64516129032258	448.64516129032256
2917	31	Cut and sew apparel contractors	47	315210	187	47187	Williamson County, Tennessee	yes	1.0	23.598868236900493	400.9589105649428
2918	31	Distilleries	47	312140	29	47029	Cocke County, Tennessee	yes	1.6666666666666667	59.6473968897904	4124.845090526632
2919	31	Distilleries	47	312140	31	47031	Coffee County, Tennessee	yes	1.0	43.083674619273005	2792.1750292454144
2920	31	Distilleries	47	312140	37	47037	Davidson County, Tennessee	no	3.0	31.333333333333332	1172.6666666666667
2921	31	Distilleries	47	312140	37	47037	Davidson County, Tennessee	yes	2.0	59.71111111111111	3862.325925925926
2922	31	Distilleries	47	312140	45	47045	Dyer County, Tennessee	yes	1.0	40.446940500338066	2689.869686725265
2923	31	Distilleries	47	312140	55	47055	Giles County, Tennessee	yes	1.0	40.446940500338066	2689.869686725265
2924	31	Distilleries	47	312140	65	47065	Hamilton County, Tennessee	yes	1.0	40.446940500338066	2689.869686725265
2925	31	Distilleries	47	312140	93	47093	Knox County, Tennessee	yes	1.0	35.5736984448952	2469.515137855909
2926	31	Distilleries	47	312140	103	47103	Lincoln County, Tennessee	yes	1.0	35.5736984448952	2469.515137855909
2927	31	Distilleries	47	312140	119	47119	Maury County, Tennessee	yes	1.0	35.5736984448952	2469.515137855909
2928	31	Distilleries	47	312140	125	47125	Montgomery County, Tennessee	yes	1.0	35.5736984448952	2469.515137855909
2929	31	Distilleries	47	312140	127	47127	Moore County, Tennessee	yes	2.0	86.16734923854601	5584.350058490829
2930	31	Distilleries	47	312140	155	47155	Sevier County, Tennessee	no	8.333333333333334	334.6666666666667	11126.333333333334
2931	31	Distilleries	47	312140	155	47155	Sevier County, Tennessee	yes	3.0	206.84761904761905	12695.438095238096
2932	31	Distilleries	47	312140	157	47157	Shelby County, Tennessee	yes	1.6666666666666667	70.04830161949837	4585.421487062258
2933	31	Distilleries	47	312140	163	47163	Sullivan County, Tennessee	yes	1.0	51.700409543127606	3350.610035094497
2934	31	Distilleries	47	312140	187	47187	Williamson County, Tennessee	yes	2.0	71.1473968897904	4939.030275711818
2935	31	Dog and cat food manufacturing	47	311111	1	47001	Anderson County, Tennessee	yes	1.0	36.166666666666664	2459.333333333333
2936	31	Dog and cat food manufacturing	47	311111	37	47037	Davidson County, Tennessee	yes	1.0	28.0	1750.5
2937	31	Dog and cat food manufacturing	47	311111	65	47065	Hamilton County, Tennessee	yes	1.0	56.08333333333333	3310.5166666666664
2938	31	Dog and cat food manufacturing	47	311111	147	47147	Robertson County, Tennessee	yes	1.0	42.05555555555555	2498.761111111111
2939	31	Dog and cat food manufacturing	47	311111	157	47157	Shelby County, Tennessee	yes	1.0	42.05555555555555	2498.761111111111
2940	31	Dog and cat food manufacturing	47	311111	187	47187	Williamson County, Tennessee	yes	1.0	42.05555555555555	2498.761111111111
2941	31	Dog and cat food manufacturing	47	311111	189	47189	Wilson County, Tennessee	yes	1.0	56.08333333333333	3310.5166666666664
2942	31	Dried and dehydrated food manufacturing	47	311423	157	47157	Shelby County, Tennessee	yes	1.0	0.0	0.0
2943	31	Dry pasta, dough, and flour mixes manufacturing from purchased flour	47	311824	37	47037	Davidson County, Tennessee	no	5.2	46.6	2691.2
2944	31	Dry pasta, dough, and flour mixes manufacturing from purchased flour	47	311824	37	47037	Davidson County, Tennessee	yes	3.0	532.125	30087.0
2945	31	Dry pasta, dough, and flour mixes manufacturing from purchased flour	47	311824	71	47071	Hardin County, Tennessee	yes	1.0	208.72400793650797	13251.25357142857
2946	31	Dry pasta, dough, and flour mixes manufacturing from purchased flour	47	311824	141	47141	Putnam County, Tennessee	yes	1.0	200.3422619047619	13206.580357142857
2947	31	Dry pasta, dough, and flour mixes manufacturing from purchased flour	47	311824	149	47149	Rutherford County, Tennessee	yes	2.0	417.44801587301595	26502.50714285714
2948	31	Dry pasta, dough, and flour mixes manufacturing from purchased flour	47	311824	157	47157	Shelby County, Tennessee	yes	1.1666666666666667	241.10496031746035	15606.015476190476
2949	31	Dry pasta, dough, and flour mixes manufacturing from purchased flour	47	311824	189	47189	Wilson County, Tennessee	yes	1.0	208.72400793650797	13251.25357142857
2950	31	Dry, condensed, and evaporated dairy product manufacturing	47	311514	101	47101	Lewis County, Tennessee	yes	1.0	0.0	0.0
2951	31	Fabric coating mills	47	313320	1	47001	Anderson County, Tennessee	yes	1.0	70.26944444444445	3373.8305555555557
2952	31	Fabric coating mills	47	313320	37	47037	Davidson County, Tennessee	yes	2.0	65.16666666666666	2925.833333333333
2953	31	Fabric coating mills	47	313320	43	47043	Dickson County, Tennessee	yes	1.0	32.58333333333333	1462.9166666666665
2954	31	Fabric coating mills	47	313320	59	47059	Greene County, Tennessee	yes	1.0	70.26944444444445	3373.8305555555557
2955	31	Fabric coating mills	47	313320	65	47065	Hamilton County, Tennessee	yes	2.0	81.125	3586.0416666666665
2956	31	Fabric coating mills	47	313320	73	47073	Hawkins County, Tennessee	yes	1.0	70.26944444444445	3373.8305555555557
2957	31	Fabric coating mills	47	313320	149	47149	Rutherford County, Tennessee	yes	1.0	32.58333333333333	1462.9166666666665
2958	31	Fabric coating mills	47	313320	163	47163	Sullivan County, Tennessee	no	3.0	158.0	7090.0
2959	31	Fabric coating mills	47	313320	163	47163	Sullivan County, Tennessee	yes	2.0	135.7133333333333	6554.660000000001
2960	31	Fats and oils refining and blending	47	311225	21	47021	Cheatham County, Tennessee	yes	1.0	47.4	2384.577777777778
2961	31	Fats and oils refining and blending	47	311225	55	47055	Giles County, Tennessee	yes	1.0	39.378571428571426	1885.8484126984129
2962	31	Fats and oils refining and blending	47	311225	59	47059	Greene County, Tennessee	yes	1.0	39.378571428571426	1885.8484126984129
2963	31	Fats and oils refining and blending	47	311225	65	47065	Hamilton County, Tennessee	yes	1.0	31.357142857142858	1387.1190476190477
2964	31	Fats and oils refining and blending	47	311225	101	47101	Lewis County, Tennessee	yes	1.0	40.285714285714285	1943.5952380952378
2965	31	Fats and oils refining and blending	47	311225	157	47157	Shelby County, Tennessee	yes	2.6666666666666665	94.4357142857143	4465.256349206349
2966	31	Fiber, yarn, and thread mills	47	313110	9	47009	Blount County, Tennessee	yes	1.0	107.08143939393939	4109.311237373738
2967	31	Fiber, yarn, and thread mills	47	313110	37	47037	Davidson County, Tennessee	yes	2.0	178.72727272727272	6413.818181818182
2968	31	Fiber, yarn, and thread mills	47	313110	53	47053	Gibson County, Tennessee	yes	1.0	107.08143939393939	4109.311237373738
2969	31	Fiber, yarn, and thread mills	47	313110	89	47089	Jefferson County, Tennessee	yes	1.0	102.0	3791.333333333333
2970	31	Fiber, yarn, and thread mills	47	313110	91	47091	Johnson County, Tennessee	yes	1.0	107.08143939393939	4109.311237373738
2971	31	Fiber, yarn, and thread mills	47	313110	121	47121	Meigs County, Tennessee	yes	1.0	107.08143939393939	4109.311237373738
2972	31	Fiber, yarn, and thread mills	47	313110	125	47125	Montgomery County, Tennessee	yes	1.0	107.08143939393939	4109.311237373738
2973	31	Fiber, yarn, and thread mills	47	313110	143	47143	Rhea County, Tennessee	yes	1.0	107.08143939393939	4109.311237373738
2974	31	Fiber, yarn, and thread mills	47	313110	179	47179	Washington County, Tennessee	yes	1.0	107.08143939393939	4109.311237373738
2975	31	Fiber, yarn, and thread mills	47	313110	187	47187	Williamson County, Tennessee	yes	1.0	89.36363636363636	3206.909090909091
2976	31	Fiber, yarn, and thread mills	47	313110	189	47189	Wilson County, Tennessee	yes	1.0	107.08143939393939	4109.311237373738
2977	31	Flavoring syrup and concentrate manufacturing	47	311930	11	47011	Bradley County, Tennessee	yes	1.0	0.0	0.0
2978	31	Flavoring syrup and concentrate manufacturing	47	311930	65	47065	Hamilton County, Tennessee	yes	1.0	0.0	0.0
2979	31	Flavoring syrup and concentrate manufacturing	47	311930	157	47157	Shelby County, Tennessee	yes	1.0	0.0	0.0
2980	31	Flour milling	47	311211	11	47011	Bradley County, Tennessee	yes	1.0	0.0	0.0
2981	31	Flour milling	47	311211	65	47065	Hamilton County, Tennessee	yes	2.0	0.0	0.0
2982	31	Flour milling	47	311211	113	47113	Madison County, Tennessee	yes	1.0	0.0	0.0
2983	31	Flour milling	47	311211	155	47155	Sevier County, Tennessee	yes	1.0	0.0	0.0
2984	31	Fluid milk manufacturing	47	311511	21	47021	Cheatham County, Tennessee	yes	1.0	162.58035714285714	9026.598214285714
2985	31	Fluid milk manufacturing	47	311511	37	47037	Davidson County, Tennessee	yes	2.1666666666666665	355.8035714285714	19007.095238095237
2986	31	Fluid milk manufacturing	47	311511	53	47053	Gibson County, Tennessee	yes	1.0	166.9047619047619	8227.964285714284
2987	31	Fluid milk manufacturing	47	311511	93	47093	Knox County, Tennessee	yes	1.0	165.38095238095238	8844.839285714284
2988	31	Fluid milk manufacturing	47	311511	107	47107	McMinn County, Tennessee	yes	1.0	165.38095238095238	8844.839285714284
2989	31	Fluid milk manufacturing	47	311511	149	47149	Rutherford County, Tennessee	yes	1.0	165.38095238095238	8844.839285714284
2990	31	Fluid milk manufacturing	47	311511	157	47157	Shelby County, Tennessee	yes	1.0	165.38095238095238	8844.839285714284
2991	31	Footwear manufacturing	47	316210	37	47037	Davidson County, Tennessee	yes	1.0	0.0	0.0
2992	31	Footwear manufacturing	47	316210	63	47063	Hamblen County, Tennessee	yes	1.3333333333333333	0.0	214.27777777777774
2993	31	Footwear manufacturing	47	316210	77	47077	Henderson County, Tennessee	yes	1.0	0.0	321.41666666666663
2994	31	Footwear manufacturing	47	316210	89	47089	Jefferson County, Tennessee	yes	1.0	0.0	128.56666666666666
2995	31	Footwear manufacturing	47	316210	91	47091	Johnson County, Tennessee	yes	1.0	0.0	107.13888888888887
2996	31	Footwear manufacturing	47	316210	93	47093	Knox County, Tennessee	yes	1.0	0.0	107.13888888888887
2997	31	Frozen cakes, pies, and other pastries manufacturing	47	311813	37	47037	Davidson County, Tennessee	yes	1.6666666666666667	61.22222222222222	1485.222222222222
2998	31	Frozen cakes, pies, and other pastries manufacturing	47	311813	63	47063	Hamblen County, Tennessee	yes	1.0	30.61111111111111	742.611111111111
2999	31	Frozen cakes, pies, and other pastries manufacturing	47	311813	135	47135	Perry County, Tennessee	yes	1.0	0.0	0.0
3000	31	Frozen cakes, pies, and other pastries manufacturing	47	311813	157	47157	Shelby County, Tennessee	yes	1.0	0.0	0.0
3001	31	Frozen fruit, juice, and vegetable manufacturing	47	311411	33	47033	Crockett County, Tennessee	yes	1.0	0.0	0.0
3002	31	Frozen fruit, juice, and vegetable manufacturing	47	311411	37	47037	Davidson County, Tennessee	yes	1.0	0.0	0.0
3003	31	Frozen fruit, juice, and vegetable manufacturing	47	311411	75	47075	Haywood County, Tennessee	yes	1.0	0.0	0.0
3004	31	Frozen specialty food manufacturing	47	311412	37	47037	Davidson County, Tennessee	yes	1.0	211.86666666666667	12222.8
3005	31	Frozen specialty food manufacturing	47	311412	47	47047	Fayette County, Tennessee	yes	1.0	219.94365079365082	12378.338095238096
3006	31	Frozen specialty food manufacturing	47	311412	55	47055	Giles County, Tennessee	yes	1.0	167.7142857142857	10102.714285714284
3007	31	Frozen specialty food manufacturing	47	311412	93	47093	Knox County, Tennessee	yes	1.0	219.94365079365082	12378.338095238096
3008	31	Frozen specialty food manufacturing	47	311412	113	47113	Madison County, Tennessee	yes	1.0	219.94365079365082	12378.338095238096
3009	31	Frozen specialty food manufacturing	47	311412	119	47119	Maury County, Tennessee	yes	1.0	167.7142857142857	10102.714285714284
3010	31	Frozen specialty food manufacturing	47	311412	149	47149	Rutherford County, Tennessee	yes	1.0	176.58730158730157	10503.142857142855
3011	31	Frozen specialty food manufacturing	47	311412	157	47157	Shelby County, Tennessee	yes	1.0	219.94365079365082	12378.338095238096
3012	31	Fruit and vegetable canning	47	311421	3	47003	Bedford County, Tennessee	yes	1.0	58.86598124098125	3331.647186147186
3013	31	Fruit and vegetable canning	47	311421	5	47005	Benton County, Tennessee	yes	1.0	58.86598124098125	3331.647186147186
3014	31	Fruit and vegetable canning	47	311421	29	47029	Cocke County, Tennessee	yes	1.0	58.86598124098125	3331.647186147186
3015	31	Fruit and vegetable canning	47	311421	63	47063	Hamblen County, Tennessee	yes	1.0	58.86598124098125	3331.647186147186
3016	31	Fruit and vegetable canning	47	311421	117	47117	Marshall County, Tennessee	yes	1.0	58.86598124098125	3331.647186147186
3017	31	Fruit and vegetable canning	47	311421	147	47147	Robertson County, Tennessee	yes	1.0	61.957070707070706	3415.8333333333335
3018	31	Fruit and vegetable canning	47	311421	155	47155	Sevier County, Tennessee	yes	1.0	58.86598124098125	3331.647186147186
3019	31	Fruit and vegetable canning	47	311421	157	47157	Shelby County, Tennessee	yes	1.0	58.86598124098125	3331.647186147186
3020	31	Fruit and vegetable canning	47	311421	165	47165	Sumner County, Tennessee	yes	1.0	58.86598124098125	3331.647186147186
3021	31	Fruit and vegetable canning	47	311421	179	47179	Washington County, Tennessee	yes	1.8333333333333333	106.247113997114	6060.521645021646
3022	31	Fruit and vegetable canning	47	311421	187	47187	Williamson County, Tennessee	no	3.0	18.5	461.5
3023	31	Fruit and vegetable canning	47	311421	187	47187	Williamson County, Tennessee	yes	1.0	62.16287878787878	3391.568181818182
3024	31	Fruit and vegetable canning	47	311421	189	47189	Wilson County, Tennessee	yes	1.0	55.77489177489178	3247.461038961039
3025	31	Hosiery and sock mills	47	315110	11	47011	Bradley County, Tennessee	yes	1.0	178.4	4939.416666666667
3026	31	Hosiery and sock mills	47	315110	63	47063	Hamblen County, Tennessee	yes	1.0	150.2	4529.0
3027	31	Hosiery and sock mills	47	315110	65	47065	Hamilton County, Tennessee	yes	1.0	178.4	4939.416666666667
3028	31	Hosiery and sock mills	47	315110	107	47107	McMinn County, Tennessee	yes	1.0	178.4	4939.416666666667
3029	31	Hosiery and sock mills	47	315110	143	47143	Rhea County, Tennessee	yes	1.0	178.4	4939.416666666667
3030	31	Ice cream and frozen dessert manufacturing	47	311520	11	47011	Bradley County, Tennessee	yes	1.0	108.0	4920.107142857143
3031	31	Ice cream and frozen dessert manufacturing	47	311520	31	47031	Coffee County, Tennessee	yes	1.0	150.0	5433.428571428572
3032	31	Ice cream and frozen dessert manufacturing	47	311520	109	47109	McNairy County, Tennessee	yes	1.0	72.0	3280.071428571429
3033	31	Ice cream and frozen dessert manufacturing	47	311520	155	47155	Sevier County, Tennessee	yes	1.0	72.0	3280.071428571429
3034	31	Ice cream and frozen dessert manufacturing	47	311520	157	47157	Shelby County, Tennessee	yes	1.0	72.0	3280.071428571429
3035	31	Ice cream and frozen dessert manufacturing	47	311520	167	47167	Tipton County, Tennessee	yes	2.0	144.0	6560.142857142858
3036	31	Ice manufacturing	47	312113	37	47037	Davidson County, Tennessee	yes	1.0	9.922222222222222	444.2055555555556
3037	31	Ice manufacturing	47	312113	53	47053	Gibson County, Tennessee	yes	1.0	0.0	0.0
3038	31	Ice manufacturing	47	312113	65	47065	Hamilton County, Tennessee	yes	1.0	9.922222222222222	444.2055555555556
3039	31	Ice manufacturing	47	312113	93	47093	Knox County, Tennessee	yes	1.0	9.922222222222222	444.2055555555556
3040	31	Ice manufacturing	47	312113	99	47099	Lawrence County, Tennessee	yes	1.0	19.844444444444445	888.4111111111112
3041	31	Ice manufacturing	47	312113	155	47155	Sevier County, Tennessee	yes	1.0	3.583333333333333	166.20833333333331
3042	31	Ice manufacturing	47	312113	157	47157	Shelby County, Tennessee	yes	1.0	9.922222222222222	444.2055555555556
3043	31	Knit fabric mills	47	313240	9	47009	Blount County, Tennessee	yes	1.0	0.0	0.0
3044	31	Knit fabric mills	47	313240	11	47011	Bradley County, Tennessee	yes	2.0	44.77777777777777	1413.222222222222
3045	31	Knit fabric mills	47	313240	25	47025	Claiborne County, Tennessee	yes	1.0	0.0	0.0
3046	31	Knit fabric mills	47	313240	93	47093	Knox County, Tennessee	yes	1.0	0.0	0.0
3047	31	Knit fabric mills	47	313240	143	47143	Rhea County, Tennessee	yes	1.0	22.388888888888886	706.611111111111
3048	31	Leather and hide tanning and finishing	47	316110	3	47003	Bedford County, Tennessee	yes	1.0	0.0	0.0
3049	31	Leather and hide tanning and finishing	47	316110	45	47045	Dyer County, Tennessee	yes	1.0	0.0	0.0
3050	31	Leather and hide tanning and finishing	47	316110	157	47157	Shelby County, Tennessee	yes	1.0	0.0	0.0
3051	31	Mayonnaise, dressing, and other prepared sauce manufacturing	47	311941	35	47035	Cumberland County, Tennessee	yes	1.1666666666666667	58.0420634920635	2533.6277777777773
3052	31	Mayonnaise, dressing, and other prepared sauce manufacturing	47	311941	37	47037	Davidson County, Tennessee	yes	2.5	127.36587301587304	5567.227777777778
3053	31	Mayonnaise, dressing, and other prepared sauce manufacturing	47	311941	45	47045	Dyer County, Tennessee	yes	1.0	46.666666666666664	2063.1666666666665
3054	31	Mayonnaise, dressing, and other prepared sauce manufacturing	47	311941	79	47079	Henry County, Tennessee	yes	1.0	50.684920634920644	2215.9611111111108
3055	31	Mayonnaise, dressing, and other prepared sauce manufacturing	47	311941	89	47089	Jefferson County, Tennessee	yes	1.0	50.684920634920644	2215.9611111111108
3056	31	Meat processed from carcasses	47	311612	13	47013	Campbell County, Tennessee	yes	1.0	162.2503034547152	5702.5264705882355
3057	31	Meat processed from carcasses	47	311612	37	47037	Davidson County, Tennessee	yes	1.6666666666666667	274.5026844070962	9860.958216619982
3058	31	Meat processed from carcasses	47	311612	43	47043	Dickson County, Tennessee	yes	1.0	162.2503034547152	5702.5264705882355
3059	31	Meat processed from carcasses	47	311612	47	47047	Fayette County, Tennessee	yes	1.0	162.2503034547152	5702.5264705882355
3060	31	Meat processed from carcasses	47	311612	63	47063	Hamblen County, Tennessee	yes	1.0	162.2503034547152	5702.5264705882355
3061	31	Meat processed from carcasses	47	311612	65	47065	Hamilton County, Tennessee	yes	1.6666666666666667	256.6495098039216	8746.061391223155
3062	31	Meat processed from carcasses	47	311612	79	47079	Henry County, Tennessee	yes	1.0	162.2503034547152	5702.5264705882355
3063	31	Meat processed from carcasses	47	311612	89	47089	Jefferson County, Tennessee	yes	1.0	162.2503034547152	5702.5264705882355
3064	31	Meat processed from carcasses	47	311612	93	47093	Knox County, Tennessee	yes	1.3333333333333333	209.4499066293184	7224.2939309056965
3065	31	Meat processed from carcasses	47	311612	105	47105	Loudon County, Tennessee	yes	2.0	324.5006069094304	11405.052941176471
3066	31	Meat processed from carcasses	47	311612	117	47117	Marshall County, Tennessee	yes	1.1666666666666667	183.92490662931837	6381.343930905696
3067	31	Meat processed from carcasses	47	311612	141	47141	Putnam County, Tennessee	yes	1.0	130.04761904761904	4072.9047619047615
3068	31	Meat processed from carcasses	47	311612	149	47149	Rutherford County, Tennessee	yes	1.0	162.2503034547152	5702.5264705882355
3069	31	Meat processed from carcasses	47	311612	155	47155	Sevier County, Tennessee	yes	1.0	162.2503034547152	5702.5264705882355
3070	31	Meat processed from carcasses	47	311612	157	47157	Shelby County, Tennessee	yes	1.6666666666666667	274.5026844070962	9860.958216619982
3071	31	Meat processed from carcasses	47	311612	165	47165	Sumner County, Tennessee	yes	1.0	168.69084033613444	6028.450812324931
3072	31	Meat processed from carcasses	47	311612	187	47187	Williamson County, Tennessee	yes	1.0	169.9	6859.200000000001
3073	31	Meat processed from carcasses	47	311612	189	47189	Wilson County, Tennessee	yes	1.0	162.2503034547152	5702.5264705882355
3074	31	Men's and boys' cut and sew apparel manufacturing	47	315220	1	47001	Anderson County, Tennessee	yes	1.0	80.64197257850508	2227.975305911838
3075	31	Men's and boys' cut and sew apparel manufacturing	47	315220	3	47003	Bedford County, Tennessee	yes	1.0	80.64197257850508	2227.975305911838
3076	31	Men's and boys' cut and sew apparel manufacturing	47	315220	5	47005	Benton County, Tennessee	yes	1.0	80.64197257850508	2227.975305911838
3077	31	Men's and boys' cut and sew apparel manufacturing	47	315220	11	47011	Bradley County, Tennessee	yes	1.0	80.64197257850508	2227.975305911838
3078	31	Men's and boys' cut and sew apparel manufacturing	47	315220	31	47031	Coffee County, Tennessee	yes	1.0	80.64197257850508	2227.975305911838
3079	31	Men's and boys' cut and sew apparel manufacturing	47	315220	37	47037	Davidson County, Tennessee	no	3.0	7.75	393.5
3080	31	Men's and boys' cut and sew apparel manufacturing	47	315220	37	47037	Davidson County, Tennessee	yes	3.0	214.7142857142857	6430.714285714285
3081	31	Men's and boys' cut and sew apparel manufacturing	47	315220	49	47049	Fentress County, Tennessee	yes	1.0	80.64197257850508	2227.975305911838
3082	31	Men's and boys' cut and sew apparel manufacturing	47	315220	51	47051	Franklin County, Tennessee	yes	1.0	80.64197257850508	2227.975305911838
3083	31	Men's and boys' cut and sew apparel manufacturing	47	315220	65	47065	Hamilton County, Tennessee	yes	1.0	80.64197257850508	2227.975305911838
3084	31	Men's and boys' cut and sew apparel manufacturing	47	315220	93	47093	Knox County, Tennessee	yes	1.0	80.64197257850508	2227.975305911838
3085	31	Men's and boys' cut and sew apparel manufacturing	47	315220	109	47109	McNairy County, Tennessee	yes	1.0	89.73684210526315	2118.736842105263
3086	31	Men's and boys' cut and sew apparel manufacturing	47	315220	111	47111	Macon County, Tennessee	yes	1.0	80.64197257850508	2227.975305911838
3087	31	Men's and boys' cut and sew apparel manufacturing	47	315220	119	47119	Maury County, Tennessee	yes	1.0	80.64197257850508	2227.975305911838
3088	31	Men's and boys' cut and sew apparel manufacturing	47	315220	123	47123	Monroe County, Tennessee	yes	1.3333333333333333	110.55425328025946	2934.2209199469257
3089	31	Men's and boys' cut and sew apparel manufacturing	47	315220	143	47143	Rhea County, Tennessee	yes	1.0	80.64197257850508	2227.975305911838
3090	31	Men's and boys' cut and sew apparel manufacturing	47	315220	157	47157	Shelby County, Tennessee	yes	1.0	71.57142857142857	2143.5714285714284
3091	31	Men's and boys' cut and sew apparel manufacturing	47	315220	163	47163	Sullivan County, Tennessee	yes	2.0	161.28394515701015	4455.950611823676
3092	31	Men's and boys' cut and sew apparel manufacturing	47	315220	183	47183	Weakley County, Tennessee	yes	1.0	80.64197257850508	2227.975305911838
3093	31	Men's and boys' cut and sew apparel manufacturing	47	315220	187	47187	Williamson County, Tennessee	yes	1.0	80.64197257850508	2227.975305911838
3094	31	Narrow fabric mills and schiffli machine embroidery	47	313220	37	47037	Davidson County, Tennessee	yes	1.6666666666666667	0.0	0.0
3095	31	Narrow fabric mills and schiffli machine embroidery	47	313220	93	47093	Knox County, Tennessee	yes	1.0	0.0	0.0
3096	31	Nonchocolate confectionery manufacturing	47	311340	35	47035	Cumberland County, Tennessee	yes	1.0	106.44469696969698	4887.389646464647
3097	31	Nonchocolate confectionery manufacturing	47	311340	37	47037	Davidson County, Tennessee	yes	1.0	106.44469696969698	4887.389646464647
3098	31	Nonchocolate confectionery manufacturing	47	311340	53	47053	Gibson County, Tennessee	yes	1.0	106.44469696969698	4887.389646464647
3099	31	Nonchocolate confectionery manufacturing	47	311340	63	47063	Hamblen County, Tennessee	yes	1.0	106.44469696969698	4887.389646464647
3100	31	Nonchocolate confectionery manufacturing	47	311340	65	47065	Hamilton County, Tennessee	yes	1.0	106.44469696969698	4887.389646464647
3101	31	Nonchocolate confectionery manufacturing	47	311340	71	47071	Hardin County, Tennessee	yes	1.0	106.44469696969698	4887.389646464647
3102	31	Nonchocolate confectionery manufacturing	47	311340	89	47089	Jefferson County, Tennessee	yes	1.0	94.05681818181819	4675.064393939394
3103	31	Nonchocolate confectionery manufacturing	47	311340	123	47123	Monroe County, Tennessee	yes	1.0	106.44469696969698	4887.389646464647
3104	31	Nonchocolate confectionery manufacturing	47	311340	155	47155	Sevier County, Tennessee	yes	1.0	109.80113636363636	4886.123106060606
3105	31	Nonchocolate confectionery manufacturing	47	311340	157	47157	Shelby County, Tennessee	yes	1.3333333333333333	143.944696969697	6511.222979797979
3106	31	Nonchocolate confectionery manufacturing	47	311340	167	47167	Tipton County, Tennessee	yes	1.0	106.44469696969698	4887.389646464647
3107	31	Nonchocolate confectionery manufacturing	47	311340	179	47179	Washington County, Tennessee	yes	1.0	106.44469696969698	4887.389646464647
3108	31	Nonwoven fabric mills	47	313230	1	47001	Anderson County, Tennessee	yes	1.0	82.64583333333333	4807.631944444444
3109	31	Nonwoven fabric mills	47	313230	31	47031	Coffee County, Tennessee	yes	1.0	82.64583333333333	4807.631944444444
3110	31	Nonwoven fabric mills	47	313230	37	47037	Davidson County, Tennessee	yes	2.0	165.29166666666666	9615.263888888889
3111	31	Nonwoven fabric mills	47	313230	73	47073	Hawkins County, Tennessee	yes	1.0	82.64583333333333	4807.631944444444
3112	31	Nonwoven fabric mills	47	313230	93	47093	Knox County, Tennessee	yes	1.0	82.64583333333333	4807.631944444444
3113	31	Nonwoven fabric mills	47	313230	119	47119	Maury County, Tennessee	yes	1.0	95.99999999999999	5198.222222222223
3114	31	Nonwoven fabric mills	47	313230	149	47149	Rutherford County, Tennessee	yes	1.0	82.64583333333333	4807.631944444444
3115	31	Nonwoven fabric mills	47	313230	189	47189	Wilson County, Tennessee	yes	1.0	82.64583333333333	4807.631944444444
3116	31	Other animal food manufacturing	47	311119	3	47003	Bedford County, Tennessee	yes	1.0	30.093559218559218	1494.917735042735
3117	31	Other animal food manufacturing	47	311119	9	47009	Blount County, Tennessee	yes	1.0	30.093559218559218	1494.917735042735
3118	31	Other animal food manufacturing	47	311119	37	47037	Davidson County, Tennessee	yes	1.0	30.093559218559218	1494.917735042735
3119	31	Other animal food manufacturing	47	311119	51	47051	Franklin County, Tennessee	yes	1.0	30.093559218559218	1494.917735042735
3120	31	Other animal food manufacturing	47	311119	65	47065	Hamilton County, Tennessee	yes	1.0	30.093559218559218	1494.917735042735
3121	31	Other animal food manufacturing	47	311119	99	47099	Lawrence County, Tennessee	yes	1.0	30.093559218559218	1494.917735042735
3122	31	Other animal food manufacturing	47	311119	111	47111	Macon County, Tennessee	yes	1.0	30.093559218559218	1494.917735042735
3123	31	Other animal food manufacturing	47	311119	113	47113	Madison County, Tennessee	yes	1.0	30.093559218559218	1494.917735042735
3124	31	Other animal food manufacturing	47	311119	125	47125	Montgomery County, Tennessee	yes	1.0	30.093559218559218	1494.917735042735
3125	31	Other animal food manufacturing	47	311119	131	47131	Obion County, Tennessee	yes	1.0	30.093559218559218	1494.917735042735
3126	31	Other animal food manufacturing	47	311119	149	47149	Rutherford County, Tennessee	yes	1.0	30.093559218559218	1494.917735042735
3127	31	Other animal food manufacturing	47	311119	157	47157	Shelby County, Tennessee	yes	2.0	58.470848595848594	2976.4049145299145
3128	31	Other apparel knitting mills	47	315190	11	47011	Bradley County, Tennessee	yes	1.0	0.0	0.0
3129	31	Other apparel knitting mills	47	315190	25	47025	Claiborne County, Tennessee	yes	2.0	0.0	0.0
3130	31	Other apparel knitting mills	47	315190	55	47055	Giles County, Tennessee	yes	1.0	0.0	0.0
3131	31	Other apparel knitting mills	47	315190	59	47059	Greene County, Tennessee	yes	1.0	0.0	0.0
3132	31	Other cut and sew apparel manufacturing	47	315280	5	47005	Benton County, Tennessee	yes	1.0	17.208035714285714	457.0607142857143
3133	31	Other cut and sew apparel manufacturing	47	315280	9	47009	Blount County, Tennessee	yes	1.0	17.9375	492.875
3134	31	Other cut and sew apparel manufacturing	47	315280	37	47037	Davidson County, Tennessee	no	3.0	21.0	928.0
3135	31	Other cut and sew apparel manufacturing	47	315280	37	47037	Davidson County, Tennessee	yes	1.25	26.097321428571433	665.4089285714285
3136	31	Other cut and sew apparel manufacturing	47	315280	51	47051	Franklin County, Tennessee	yes	1.1666666666666667	22.855357142857144	616.2654761904762
3137	31	Other cut and sew apparel manufacturing	47	315280	93	47093	Knox County, Tennessee	yes	1.0	19.897023809523812	525.9529761904762
3138	31	Other cut and sew apparel manufacturing	47	315280	127	47127	Moore County, Tennessee	yes	1.0	19.897023809523812	525.9529761904762
3139	31	Other cut and sew apparel manufacturing	47	315280	143	47143	Rhea County, Tennessee	yes	1.0	17.9375	492.875
3140	31	Other cut and sew apparel manufacturing	47	315280	185	47185	White County, Tennessee	yes	1.0	19.897023809523812	525.9529761904762
3141	31	Other snack food manufacturing	47	311919	37	47037	Davidson County, Tennessee	yes	1.0	0.0	0.0
3142	31	Other snack food manufacturing	47	311919	103	47103	Lincoln County, Tennessee	yes	1.0	0.0	0.0
3143	31	Other snack food manufacturing	47	311919	113	47113	Madison County, Tennessee	yes	2.0	0.0	0.0
3144	31	Other snack food manufacturing	47	311919	119	47119	Maury County, Tennessee	yes	1.0	0.0	0.0
3145	31	Other snack food manufacturing	47	311919	157	47157	Shelby County, Tennessee	yes	1.0	0.0	0.0
3146	31	Other snack food manufacturing	47	311919	187	47187	Williamson County, Tennessee	yes	1.3333333333333333	0.0	0.0
3147	31	Perishable prepared food manufacturing	47	311991	37	47037	Davidson County, Tennessee	yes	1.1666666666666667	101.9669312169312	4306.8088624338625
3148	31	Perishable prepared food manufacturing	47	311991	65	47065	Hamilton County, Tennessee	yes	1.8333333333333333	178.30952380952382	7661.7208994709
3149	31	Perishable prepared food manufacturing	47	311991	81	47081	Hickman County, Tennessee	yes	1.0	93.89285714285715	3996.5866402116403
3150	31	Perishable prepared food manufacturing	47	311991	93	47093	Knox County, Tennessee	yes	1.0	93.89285714285715	3996.5866402116403
3151	31	Perishable prepared food manufacturing	47	311991	101	47101	Lewis County, Tennessee	yes	1.0	35.100529100529094	1283.3492063492063
3152	31	Perishable prepared food manufacturing	47	311991	149	47149	Rutherford County, Tennessee	yes	1.25	114.51388888888889	5032.368055555556
3153	31	Perishable prepared food manufacturing	47	311991	157	47157	Shelby County, Tennessee	yes	1.1666666666666667	117.48544973544972	4875.623677248677
3154	31	Perishable prepared food manufacturing	47	311991	179	47179	Washington County, Tennessee	yes	1.0	93.89285714285715	3996.5866402116403
3155	31	Poultry processing	47	311615	3	47003	Bedford County, Tennessee	yes	1.0	643.3739478114479	19081.57281144781
3156	31	Poultry processing	47	311615	37	47037	Davidson County, Tennessee	yes	1.1666666666666667	739.3890993265994	21702.39099326599
3157	31	Poultry processing	47	311615	63	47063	Hamblen County, Tennessee	yes	1.3333333333333333	845.4076178451179	24546.465067340072
3158	31	Poultry processing	47	311615	65	47065	Hamilton County, Tennessee	yes	2.1666666666666665	1382.763047138047	40783.96380471381
3159	31	Poultry processing	47	311615	117	47117	Marshall County, Tennessee	yes	1.0	634.5555555555555	20729.555555555555
3160	31	Poultry processing	47	311615	123	47123	Monroe County, Tennessee	yes	1.0	643.3739478114479	19081.57281144781
3161	31	Poultry processing	47	311615	131	47131	Obion County, Tennessee	yes	1.0	643.3739478114479	19081.57281144781
3162	31	Poultry processing	47	311615	141	47141	Putnam County, Tennessee	yes	1.0	643.3739478114479	19081.57281144781
3163	31	Poultry processing	47	311615	187	47187	Williamson County, Tennessee	yes	1.0	640.5555555555555	19229.222222222223
3164	31	Rendering and meat byproduct processing	47	311613	21	47021	Cheatham County, Tennessee	yes	1.0	25.038888888888888	1499.4166666666663
3165	31	Rendering and meat byproduct processing	47	311613	65	47065	Hamilton County, Tennessee	yes	1.6666666666666667	44.84444444444444	2476.3333333333326
3166	31	Rendering and meat byproduct processing	47	311613	89	47089	Jefferson County, Tennessee	yes	1.0	25.038888888888888	1499.4166666666663
3167	31	Rendering and meat byproduct processing	47	311613	131	47131	Obion County, Tennessee	yes	1.0	25.038888888888888	1499.4166666666663
3168	31	Rendering and meat byproduct processing	47	311613	157	47157	Shelby County, Tennessee	yes	1.0	25.038888888888888	1499.4166666666663
3169	31	Retail bakeries	47	311811	1	47001	Anderson County, Tennessee	yes	1.0	5.928453947368421	73.8360745614035
3170	31	Retail bakeries	47	311811	9	47009	Blount County, Tennessee	yes	1.0	6.5775713794289645	100.9033367733058
3171	31	Retail bakeries	47	311811	11	47011	Bradley County, Tennessee	yes	1.3333333333333333	8.687768747850017	123.10984262125902
3172	31	Retail bakeries	47	311811	37	47037	Davidson County, Tennessee	no	10.166666666666666	106.33333333333333	1674.8333333333333
3173	31	Retail bakeries	47	311811	53	47053	Gibson County, Tennessee	yes	1.0	7.103199174406605	110.82868937048502
3174	31	Retail bakeries	47	311811	59	47059	Greene County, Tennessee	yes	1.0	6.320035689714483	86.16694616443067
3175	31	Retail bakeries	47	311811	65	47065	Hamilton County, Tennessee	no	8.333333333333334	140.16666666666666	2029.0
3176	31	Retail bakeries	47	311811	91	47091	Johnson County, Tennessee	yes	1.0	5.5	71.08333333333333
3177	31	Retail bakeries	47	311811	93	47093	Knox County, Tennessee	no	8.5	62.666666666666664	1070.1666666666667
3178	31	Retail bakeries	47	311811	103	47103	Lincoln County, Tennessee	yes	1.0	6.84375	72.39583333333333
3179	31	Retail bakeries	47	311811	105	47105	Loudon County, Tennessee	yes	1.3333333333333333	8.687768747850017	123.10984262125902
3180	31	Retail bakeries	47	311811	107	47107	McMinn County, Tennessee	yes	1.0	6.320035689714483	86.16694616443067
3181	31	Retail bakeries	47	311811	109	47109	McNairy County, Tennessee	yes	1.0	6.320035689714483	86.16694616443067
3182	31	Retail bakeries	47	311811	113	47113	Madison County, Tennessee	yes	1.1666666666666667	7.24108832129343	99.67571809425523
3183	31	Retail bakeries	47	311811	119	47119	Maury County, Tennessee	yes	1.0	7.103199174406605	110.82868937048502
3184	31	Retail bakeries	47	311811	125	47125	Montgomery County, Tennessee	yes	1.0	6.3569078947368425	76.58881578947368
3185	31	Retail bakeries	47	311811	131	47131	Obion County, Tennessee	yes	1.0	6.684042827657379	89.5003353973168
3186	31	Retail bakeries	47	311811	149	47149	Rutherford County, Tennessee	no	4.25	46.0	680.75
3187	31	Retail bakeries	47	311811	149	47149	Rutherford County, Tennessee	yes	2.0	14.20639834881321	221.65737874097005
3188	31	Retail bakeries	47	311811	155	47155	Sevier County, Tennessee	yes	1.5	9.608821379428965	136.6186145510836
3189	31	Retail bakeries	47	311811	157	47157	Shelby County, Tennessee	no	5.4	14.0	362.6
3190	31	Retail bakeries	47	311811	157	47157	Shelby County, Tennessee	yes	3.0	16.57894736842105	243.15789473684208
3191	31	Retail bakeries	47	311811	163	47163	Sullivan County, Tennessee	yes	1.0	5.5	71.08333333333333
3192	31	Retail bakeries	47	311811	165	47165	Sumner County, Tennessee	yes	2.25	13.225328947368421	162.95065789473685
3193	31	Retail bakeries	47	311811	187	47187	Williamson County, Tennessee	no	5.0	48.0	882.0
3194	31	Retail bakeries	47	311811	187	47187	Williamson County, Tennessee	yes	2.0	11.856907894736842	147.672149122807
3195	31	Retail bakeries	47	311811	189	47189	Wilson County, Tennessee	yes	1.0	6.478779669762642	87.18980908152734
3196	31	Rice milling	47	311212	157	47157	Shelby County, Tennessee	yes	1.0	0.0	0.0
3197	31	Roasted nuts and peanut butter manufacturing	47	311911	141	47141	Putnam County, Tennessee	yes	1.0	0.0	0.0
3198	31	Roasted nuts and peanut butter manufacturing	47	311911	165	47165	Sumner County, Tennessee	yes	1.0	0.0	0.0
3199	31	Rope, cordage, twine, tire cord, and tire fabric mills	47	314994	65	47065	Hamilton County, Tennessee	yes	1.0	0.0	0.0
3200	31	Rope, cordage, twine, tire cord, and tire fabric mills	47	314994	93	47093	Knox County, Tennessee	yes	1.1666666666666667	0.0	0.0
3201	31	Rope, cordage, twine, tire cord, and tire fabric mills	47	314994	125	47125	Montgomery County, Tennessee	yes	1.0	0.0	0.0
3202	31	Rope, cordage, twine, tire cord, and tire fabric mills	47	314994	157	47157	Shelby County, Tennessee	yes	1.0	0.0	0.0
3203	31	Rope, cordage, twine, tire cord, and tire fabric mills	47	314994	167	47167	Tipton County, Tennessee	yes	1.0	0.0	0.0
3204	31	Seafood product preparation and packaging	47	311710	3	47003	Bedford County, Tennessee	yes	1.0	2.5	150.75
3205	31	Seafood product preparation and packaging	47	311710	37	47037	Davidson County, Tennessee	yes	1.0	2.5	150.75
3206	31	Seafood product preparation and packaging	47	311710	125	47125	Montgomery County, Tennessee	yes	1.0	2.5	150.75
3207	31	Seafood product preparation and packaging	47	311710	157	47157	Shelby County, Tennessee	yes	1.0	0.4166666666666667	25.125
3208	31	Soft drink manufacturing	47	312111	11	47011	Bradley County, Tennessee	yes	1.3333333333333333	109.60793650793649	5737.259056956115
3209	31	Soft drink manufacturing	47	312111	31	47031	Coffee County, Tennessee	yes	1.0	84.94126984126983	4393.572782446312
3210	31	Soft drink manufacturing	47	312111	37	47037	Davidson County, Tennessee	yes	2.3333333333333335	194.54920634920634	10130.831839402428
3211	31	Soft drink manufacturing	47	312111	45	47045	Dyer County, Tennessee	yes	2.0	169.88253968253966	8787.145564892624
3212	31	Soft drink manufacturing	47	312111	65	47065	Hamilton County, Tennessee	yes	2.0	169.88253968253966	8787.145564892624
3213	31	Soft drink manufacturing	47	312111	93	47093	Knox County, Tennessee	yes	1.0	84.94126984126983	4393.572782446312
3214	31	Soft drink manufacturing	47	312111	131	47131	Obion County, Tennessee	yes	2.0	169.88253968253966	8787.145564892624
3215	31	Soft drink manufacturing	47	312111	157	47157	Shelby County, Tennessee	yes	2.5	213.37142857142854	11113.25406162465
3216	31	Soft drink manufacturing	47	312111	179	47179	Washington County, Tennessee	yes	1.0	84.94126984126983	4393.572782446312
3217	31	Soybean and other oilseed processing	47	311224	157	47157	Shelby County, Tennessee	yes	1.8333333333333333	0.0	0.0
3218	31	Specialty canning	47	311422	37	47037	Davidson County, Tennessee	yes	1.0	0.0	0.0
3219	31	Specialty canning	47	311422	89	47089	Jefferson County, Tennessee	yes	1.0	0.0	0.0
3220	31	Spice and extract manufacturing	47	311942	35	47035	Cumberland County, Tennessee	yes	1.0	8.7	298.8
3221	31	Spice and extract manufacturing	47	311942	37	47037	Davidson County, Tennessee	yes	1.0	8.666666666666666	247.33333333333334
3222	31	Spice and extract manufacturing	47	311942	65	47065	Hamilton County, Tennessee	yes	1.0	17.5	752.0
3223	31	Spice and extract manufacturing	47	311942	133	47133	Overton County, Tennessee	yes	1.0	10.875	373.5
3224	31	Spice and extract manufacturing	47	311942	157	47157	Shelby County, Tennessee	yes	1.0	0.0	0.0
3225	31	Spice and extract manufacturing	47	311942	187	47187	Williamson County, Tennessee	yes	1.0	7.25	249.0
3226	31	Textile and fabric finishing mills	47	313310	19	47019	Carter County, Tennessee	yes	1.0	14.194193061840119	519.8233031674208
3227	31	Textile and fabric finishing mills	47	313310	37	47037	Davidson County, Tennessee	yes	2.5	35.73838612368024	1331.779939668175
3228	31	Textile and fabric finishing mills	47	313310	45	47045	Dyer County, Tennessee	yes	1.0	10.066289592760182	336.6349547511312
3229	31	Textile and fabric finishing mills	47	313310	53	47053	Gibson County, Tennessee	yes	1.0	8.394117647058824	281.43529411764706
3230	31	Textile and fabric finishing mills	47	313310	65	47065	Hamilton County, Tennessee	no	3.0	0.0	139.0
3231	31	Textile and fabric finishing mills	47	313310	65	47065	Hamilton County, Tennessee	yes	1.4	21.93764705882353	789.4941176470587
3232	31	Textile and fabric finishing mills	47	313310	91	47091	Johnson County, Tennessee	yes	1.0	14.194193061840119	519.8233031674208
3233	31	Textile and fabric finishing mills	47	313310	93	47093	Knox County, Tennessee	no	3.0	11.6	281.0
3234	31	Textile and fabric finishing mills	47	313310	93	47093	Knox County, Tennessee	yes	3.0	52.76470588235294	1747.4117647058824
3235	31	Textile and fabric finishing mills	47	313310	107	47107	McMinn County, Tennessee	yes	1.0	22.45	886.1999999999999
3236	31	Textile and fabric finishing mills	47	313310	119	47119	Maury County, Tennessee	yes	1.0	14.194193061840119	519.8233031674208
3237	31	Textile and fabric finishing mills	47	313310	143	47143	Rhea County, Tennessee	yes	1.0	17.58823529411765	582.4705882352941
3238	31	Textile and fabric finishing mills	47	313310	157	47157	Shelby County, Tennessee	no	3.0	26.0	617.0
3239	31	Textile and fabric finishing mills	47	313310	157	47157	Shelby County, Tennessee	yes	2.2	24.121447963800904	914.769773755656
3240	31	Textile and fabric finishing mills	47	313310	159	47159	Smith County, Tennessee	yes	1.0	-0.9230769230769231	-32.23076923076923
3241	31	Textile and fabric finishing mills	47	313310	179	47179	Washington County, Tennessee	yes	1.0	14.194193061840119	519.8233031674208
3242	31	Textile and fabric finishing mills	47	313310	187	47187	Williamson County, Tennessee	yes	1.0	5.288386123680241	176.87993966817496
3243	31	Textile and fabric finishing mills	47	313310	189	47189	Wilson County, Tennessee	yes	1.0	14.194193061840119	519.8233031674208
3244	31	Textile bag and canvas mills	47	314910	9	47009	Blount County, Tennessee	yes	1.5	52.55057167491378	1453.9362029539661
3245	31	Textile bag and canvas mills	47	314910	11	47011	Bradley County, Tennessee	yes	1.0	32.95	734.7
3246	31	Textile bag and canvas mills	47	314910	13	47013	Campbell County, Tennessee	yes	1.3333333333333333	47.05890500824711	1331.486202953966
3247	31	Textile bag and canvas mills	47	314910	21	47021	Cheatham County, Tennessee	yes	1.0	33.74798882890989	949.371680536812
3248	31	Textile bag and canvas mills	47	314910	31	47031	Coffee County, Tennessee	yes	1.0	39.365422102264205	1119.6905832958464
3249	31	Textile bag and canvas mills	47	314910	37	47037	Davidson County, Tennessee	yes	1.3333333333333333	46.647062902983954	1311.8309397960713
3250	31	Textile bag and canvas mills	47	314910	49	47049	Fentress County, Tennessee	yes	1.0	38.69722222222222	1087.3777777777777
3251	31	Textile bag and canvas mills	47	314910	57	47057	Grainger County, Tennessee	yes	1.0	33.74798882890989	949.371680536812
3252	31	Textile bag and canvas mills	47	314910	65	47065	Hamilton County, Tennessee	no	5.0	29.166666666666668	1145.3333333333333
3253	31	Textile bag and canvas mills	47	314910	93	47093	Knox County, Tennessee	no	3.6666666666666665	6.666666666666667	253.66666666666666
3254	31	Textile bag and canvas mills	47	314910	93	47093	Knox County, Tennessee	yes	2.6666666666666665	81.52251461988304	2205.1476608187136
3255	31	Textile bag and canvas mills	47	314910	105	47105	Loudon County, Tennessee	yes	1.0	33.74798882890989	949.371680536812
3256	31	Textile bag and canvas mills	47	314910	107	47107	McMinn County, Tennessee	yes	1.0	33.74798882890989	949.371680536812
3257	31	Textile bag and canvas mills	47	314910	111	47111	Macon County, Tennessee	yes	1.0	33.74798882890989	949.371680536812
3258	31	Textile bag and canvas mills	47	314910	117	47117	Marshall County, Tennessee	yes	1.0	32.95	734.7
3259	31	Textile bag and canvas mills	47	314910	123	47123	Monroe County, Tennessee	yes	2.0	67.49597765781978	1898.743361073624
3260	31	Textile bag and canvas mills	47	314910	149	47149	Rutherford County, Tennessee	yes	1.0	28.130555555555556	779.0527777777778
3261	31	Textile bag and canvas mills	47	314910	157	47157	Shelby County, Tennessee	no	4.0	34.333333333333336	2281.8333333333335
3262	31	Textile bag and canvas mills	47	314910	163	47163	Sullivan County, Tennessee	yes	1.0	38.69722222222222	1087.3777777777777
3263	31	Textile bag and canvas mills	47	314910	179	47179	Washington County, Tennessee	yes	1.0	33.74798882890989	949.371680536812
3264	31	Textile bag and canvas mills	47	314910	183	47183	Weakley County, Tennessee	yes	1.0	33.74798882890989	949.371680536812
3265	31	Textile bag and canvas mills	47	314910	187	47187	Williamson County, Tennessee	yes	1.0	32.95	734.7
3266	31	Tobacco manufacturing	47	312230	37	47037	Davidson County, Tennessee	yes	1.0	118.03273809523809	8196.904761904761
3267	31	Tobacco manufacturing	47	312230	125	47125	Montgomery County, Tennessee	yes	1.1666666666666667	137.13690476190476	9477.988095238097
3268	31	Tobacco manufacturing	47	312230	147	47147	Robertson County, Tennessee	yes	1.6666666666666667	192.62797619047618	13410.309523809525
3269	31	Tobacco manufacturing	47	312230	157	47157	Shelby County, Tennessee	yes	1.0	118.03273809523809	8196.904761904761
3270	31	Tobacco manufacturing	47	312230	165	47165	Sumner County, Tennessee	yes	2.0	236.06547619047618	16393.809523809523
3271	31	Tobacco manufacturing	47	312230	187	47187	Williamson County, Tennessee	yes	1.0	114.625	7686.5
3272	31	Tortilla manufacturing	47	311830	37	47037	Davidson County, Tennessee	yes	1.0	0.0	0.0
3273	31	Wet corn milling	47	311221	105	47105	Loudon County, Tennessee	yes	1.0	0.0	0.0
3274	31	Wet corn milling	47	311221	157	47157	Shelby County, Tennessee	yes	1.0	0.0	0.0
3275	31	Wineries	47	312130	11	47011	Bradley County, Tennessee	no	3.0	9.0	138.0
3276	31	Wineries	47	312130	11	47011	Bradley County, Tennessee	yes	2.0	15.124319321029848	344.3216079972659
3277	31	Wineries	47	312130	31	47031	Coffee County, Tennessee	yes	1.0	7.274021939317991	160.16178110997188
3278	31	Wineries	47	312130	35	47035	Cumberland County, Tennessee	yes	2.0	14.548043878635982	320.32356221994377
3279	31	Wineries	47	312130	37	47037	Davidson County, Tennessee	yes	1.4	10.777698507632717	263.4886235475051
3280	31	Wineries	47	312130	53	47053	Gibson County, Tennessee	yes	1.0	7.305769751082251	192.4137242965368
3281	31	Wineries	47	312130	57	47057	Grainger County, Tennessee	yes	1.0	6.105263157894736	95.10526315789473
3282	31	Wineries	47	312130	61	47061	Grundy County, Tennessee	yes	1.0	7.00407268170426	162.97775689223056
3283	31	Wineries	47	312130	79	47079	Henry County, Tennessee	yes	1.1666666666666667	8.567672732968786	220.23320968140044
3284	31	Wineries	47	312130	81	47081	Hickman County, Tennessee	yes	1.0	7.153724747474747	136.40877525252526
3285	31	Wineries	47	312130	91	47091	Johnson County, Tennessee	yes	1.0	7.813920454545455	154.52982954545456
3286	31	Wineries	47	312130	93	47093	Knox County, Tennessee	yes	1.0	7.274021939317991	160.16178110997188
3287	31	Wineries	47	312130	101	47101	Lewis County, Tennessee	no	3.0	11.0	293.6666666666667
3288	31	Wineries	47	312130	101	47101	Lewis County, Tennessee	yes	1.3333333333333333	9.981620718462823	304.05764411027565
3289	31	Wineries	47	312130	105	47105	Loudon County, Tennessee	yes	1.0	7.274021939317991	160.16178110997188
3290	31	Wineries	47	312130	113	47113	Madison County, Tennessee	yes	1.0	7.274021939317991	160.16178110997188
3291	31	Wineries	47	312130	125	47125	Montgomery County, Tennessee	yes	1.0	7.274021939317991	160.16178110997188
3292	31	Wineries	47	312130	127	47127	Moore County, Tennessee	yes	1.0	7.153724747474747	136.40877525252526
3293	31	Wineries	47	312130	141	47141	Putnam County, Tennessee	yes	1.0	7.274021939317991	160.16178110997188
3294	31	Wineries	47	312130	147	47147	Robertson County, Tennessee	yes	1.0	7.274021939317991	160.16178110997188
3295	31	Wineries	47	312130	155	47155	Sevier County, Tennessee	no	6.6	63.0	2297.0
3296	31	Wineries	47	312130	155	47155	Sevier County, Tennessee	yes	1.0	6.105263157894736	95.10526315789473
3297	31	Wineries	47	312130	157	47157	Shelby County, Tennessee	yes	1.0	7.153724747474747	136.40877525252526
3298	31	Wineries	47	312130	163	47163	Sullivan County, Tennessee	yes	1.2	9.225317555251767	191.40290926179085
3299	31	Wineries	47	312130	165	47165	Sumner County, Tennessee	yes	1.0	7.274021939317991	160.16178110997188
3300	31	Wineries	47	312130	173	47173	Union County, Tennessee	yes	1.0	7.153724747474747	136.40877525252526
3301	31	Wineries	47	312130	185	47185	White County, Tennessee	yes	1.0	7.153724747474747	136.40877525252526
3302	31	Women's handbag and purse manufacturing	47	316992	29	47029	Cocke County, Tennessee	yes	1.0	0.0	0.0
3303	31	Women's handbag and purse manufacturing	47	316992	37	47037	Davidson County, Tennessee	yes	1.0	0.0	0.0
3304	31	Women's handbag and purse manufacturing	47	316992	93	47093	Knox County, Tennessee	yes	1.0	0.0	0.0
3305	31	Women's, girls', and infants' cut and sew apparel manufacturing	47	315240	9	47009	Blount County, Tennessee	yes	1.1666666666666667	12.33249158249158	302.8728956228956
3306	31	Women's, girls', and infants' cut and sew apparel manufacturing	47	315240	17	47017	Carroll County, Tennessee	yes	1.0	0.0	0.0
3307	31	Women's, girls', and infants' cut and sew apparel manufacturing	47	315240	35	47035	Cumberland County, Tennessee	yes	1.0	0.0	0.0
3308	31	Women's, girls', and infants' cut and sew apparel manufacturing	47	315240	37	47037	Davidson County, Tennessee	no	3.0	15.0	532.0
3309	31	Women's, girls', and infants' cut and sew apparel manufacturing	47	315240	37	47037	Davidson County, Tennessee	yes	1.0	6.424242424242425	160.72727272727272
3310	31	Women's, girls', and infants' cut and sew apparel manufacturing	47	315240	41	47041	DeKalb County, Tennessee	yes	1.0	12.33249158249158	302.8728956228956
3311	31	Women's, girls', and infants' cut and sew apparel manufacturing	47	315240	53	47053	Gibson County, Tennessee	yes	1.0	12.33249158249158	302.8728956228956
3312	31	Women's, girls', and infants' cut and sew apparel manufacturing	47	315240	65	47065	Hamilton County, Tennessee	yes	1.0	0.0	0.0
3313	31	Women's, girls', and infants' cut and sew apparel manufacturing	47	315240	79	47079	Henry County, Tennessee	yes	1.0	0.0	0.0
3314	31	Women's, girls', and infants' cut and sew apparel manufacturing	47	315240	109	47109	McNairy County, Tennessee	yes	1.0	9.636363636363637	241.0909090909091
3315	31	Women's, girls', and infants' cut and sew apparel manufacturing	47	315240	111	47111	Macon County, Tennessee	yes	1.0	19.272727272727273	482.1818181818182
3316	31	Women's, girls', and infants' cut and sew apparel manufacturing	47	315240	119	47119	Maury County, Tennessee	yes	1.0	0.0	0.0
3317	31	Women's, girls', and infants' cut and sew apparel manufacturing	47	315240	143	47143	Rhea County, Tennessee	yes	1.0	14.798989898989896	363.44747474747476
3318	31	Women's, girls', and infants' cut and sew apparel manufacturing	47	315240	149	47149	Rutherford County, Tennessee	yes	1.0	0.0	0.0
3319	31	Women's, girls', and infants' cut and sew apparel manufacturing	47	315240	155	47155	Sevier County, Tennessee	yes	1.1666666666666667	12.33249158249158	302.8728956228956
3320	31	Women's, girls', and infants' cut and sew apparel manufacturing	47	315240	163	47163	Sullivan County, Tennessee	yes	1.0	12.33249158249158	302.8728956228956
3321	31	Women's, girls', and infants' cut and sew apparel manufacturing	47	315240	183	47183	Weakley County, Tennessee	yes	1.0	12.33249158249158	302.8728956228956
3322	31	Women's, girls', and infants' cut and sew apparel manufacturing	47	315240	185	47185	White County, Tennessee	yes	1.0	12.33249158249158	302.8728956228956
3323	31	Women's, girls', and infants' cut and sew apparel manufacturing	47	315240	187	47187	Williamson County, Tennessee	yes	1.0	27.361111111111107	667.5277777777778
3324	32	Abrasive product manufacturing	47	327910	59	47059	Greene County, Tennessee	yes	1.0	7.444444444444444	385.5555555555555
3325	32	Abrasive product manufacturing	47	327910	65	47065	Hamilton County, Tennessee	yes	1.0	7.444444444444444	385.5555555555555
3326	32	Abrasive product manufacturing	47	327910	171	47171	Unicoi County, Tennessee	yes	1.0	7.444444444444444	385.5555555555555
3327	32	Adhesive manufacturing	47	325520	93	47093	Knox County, Tennessee	yes	2.0	102.59794372294373	4819.760822510822
3328	32	Adhesive manufacturing	47	325520	111	47111	Macon County, Tennessee	yes	1.0	51.29897186147186	2409.880411255411
3329	32	Adhesive manufacturing	47	325520	113	47113	Madison County, Tennessee	yes	1.0	55.794642857142854	2608.919642857143
3330	32	Adhesive manufacturing	47	325520	119	47119	Maury County, Tennessee	yes	1.0	54.875	2345.125
3331	32	Adhesive manufacturing	47	325520	125	47125	Montgomery County, Tennessee	yes	1.0	51.29897186147186	2409.880411255411
3332	32	Adhesive manufacturing	47	325520	149	47149	Rutherford County, Tennessee	yes	1.0	49.05113636363636	2310.3607954545455
3333	32	Adhesive manufacturing	47	325520	155	47155	Sevier County, Tennessee	yes	1.0	49.05113636363636	2310.3607954545455
3334	32	Adhesive manufacturing	47	325520	157	47157	Shelby County, Tennessee	no	3.6666666666666665	99.33333333333333	9968.833333333334
3335	32	Adhesive manufacturing	47	325520	163	47163	Sullivan County, Tennessee	yes	1.0	51.29897186147186	2409.880411255411
3336	32	Adhesive manufacturing	47	325520	189	47189	Wilson County, Tennessee	yes	1.0	51.29897186147186	2409.880411255411
3337	32	All other basic organic chemical manufacturing	47	325199	11	47011	Bradley County, Tennessee	yes	1.0	538.9693181818182	45829.88011363636
3338	32	All other basic organic chemical manufacturing	47	325199	29	47029	Cocke County, Tennessee	yes	1.0	337.2503787878788	28851.59090909091
3339	32	All other basic organic chemical manufacturing	47	325199	65	47065	Hamilton County, Tennessee	yes	2.0	895.4609848484848	78543.24772727273
3340	32	All other basic organic chemical manufacturing	47	325199	93	47093	Knox County, Tennessee	yes	1.0	207.5289772727273	14569.781250000002
3341	32	All other basic organic chemical manufacturing	47	325199	113	47113	Madison County, Tennessee	yes	1.0	337.2503787878788	28851.59090909091
3342	32	All other basic organic chemical manufacturing	47	325199	121	47121	Meigs County, Tennessee	yes	1.0	337.2503787878788	28851.59090909091
3343	32	All other basic organic chemical manufacturing	47	325199	143	47143	Rhea County, Tennessee	yes	1.0	418.87545454545455	35679.48409090909
3344	32	All other basic organic chemical manufacturing	47	325199	149	47149	Rutherford County, Tennessee	yes	1.0	-66.1875	-5104.9875
3345	32	All other basic organic chemical manufacturing	47	325199	157	47157	Shelby County, Tennessee	no	6.166666666666667	621.3333333333334	49721.833333333336
3346	32	All other basic organic chemical manufacturing	47	325199	163	47163	Sullivan County, Tennessee	yes	2.6666666666666665	853.1636363636363	75248.23522727273
3347	32	All other converted paper product manufacturing	47	322299	3	47003	Bedford County, Tennessee	yes	1.0	18.134259259259256	883.4722222222222
3348	32	All other converted paper product manufacturing	47	322299	11	47011	Bradley County, Tennessee	yes	1.0	18.134259259259256	883.4722222222222
3349	32	All other converted paper product manufacturing	47	322299	37	47037	Davidson County, Tennessee	yes	1.3333333333333333	29.72685185185185	1442.0277777777776
3350	32	All other converted paper product manufacturing	47	322299	59	47059	Greene County, Tennessee	yes	1.0	21.76111111111111	1060.1666666666665
3351	32	All other converted paper product manufacturing	47	322299	63	47063	Hamblen County, Tennessee	yes	1.0	18.134259259259256	883.4722222222222
3352	32	All other converted paper product manufacturing	47	322299	71	47071	Hardin County, Tennessee	yes	1.0	0.0	0.0
3353	32	All other converted paper product manufacturing	47	322299	75	47075	Haywood County, Tennessee	yes	1.0	18.134259259259256	883.4722222222222
3354	32	All other converted paper product manufacturing	47	322299	115	47115	Marion County, Tennessee	yes	1.0	18.134259259259256	883.4722222222222
3355	32	All other converted paper product manufacturing	47	322299	141	47141	Putnam County, Tennessee	yes	1.0	18.134259259259256	883.4722222222222
3356	32	All other converted paper product manufacturing	47	322299	155	47155	Sevier County, Tennessee	yes	1.0	0.0	0.0
3357	32	All other converted paper product manufacturing	47	322299	157	47157	Shelby County, Tennessee	yes	1.0	0.0	0.0
3358	32	All other miscellaneous chemical product and preparation manufacturing	47	325998	11	47011	Bradley County, Tennessee	yes	2.0	156.6638888888889	8048.509722222222
3359	32	All other miscellaneous chemical product and preparation manufacturing	47	325998	37	47037	Davidson County, Tennessee	yes	2.0	156.6638888888889	8048.509722222222
3360	32	All other miscellaneous chemical product and preparation manufacturing	47	325998	45	47045	Dyer County, Tennessee	yes	1.0	78.33194444444445	4024.254861111111
3361	32	All other miscellaneous chemical product and preparation manufacturing	47	325998	47	47047	Fayette County, Tennessee	yes	1.0	73.80833333333335	3662.5958333333338
3362	32	All other miscellaneous chemical product and preparation manufacturing	47	325998	53	47053	Gibson County, Tennessee	yes	1.25	105.50208333333333	5779.286458333333
3363	32	All other miscellaneous chemical product and preparation manufacturing	47	325998	65	47065	Hamilton County, Tennessee	yes	1.5	115.85208333333333	5784.733333333334
3364	32	All other miscellaneous chemical product and preparation manufacturing	47	325998	69	47069	Hardeman County, Tennessee	yes	1.0	78.33194444444445	4024.254861111111
3365	32	All other miscellaneous chemical product and preparation manufacturing	47	325998	93	47093	Knox County, Tennessee	yes	1.3333333333333333	106.85486111111112	5630.909027777777
3366	32	All other miscellaneous chemical product and preparation manufacturing	47	325998	115	47115	Marion County, Tennessee	yes	2.0	156.6638888888889	8048.509722222222
3367	32	All other miscellaneous chemical product and preparation manufacturing	47	325998	119	47119	Maury County, Tennessee	yes	2.0	156.6638888888889	8048.509722222222
3368	32	All other miscellaneous chemical product and preparation manufacturing	47	325998	121	47121	Meigs County, Tennessee	yes	1.0	100.95	5832.55
3369	32	All other miscellaneous chemical product and preparation manufacturing	47	325998	147	47147	Robertson County, Tennessee	yes	1.0	100.95	5832.55
3370	32	All other miscellaneous chemical product and preparation manufacturing	47	325998	157	47157	Shelby County, Tennessee	yes	1.0	100.95	5832.55
3371	32	All other miscellaneous chemical product and preparation manufacturing	47	325998	165	47165	Sumner County, Tennessee	yes	1.0	78.33194444444445	4024.254861111111
3372	32	All other miscellaneous chemical product and preparation manufacturing	47	325998	171	47171	Unicoi County, Tennessee	yes	1.0	100.95	5832.55
3373	32	All other miscellaneous nonmetallic mineral product manufacturing	47	327999	11	47011	Bradley County, Tennessee	yes	1.0	19.833333333333332	819.0
3374	32	All other miscellaneous nonmetallic mineral product manufacturing	47	327999	37	47037	Davidson County, Tennessee	yes	1.0	23.962698412698412	1382.6964285714284
3375	32	All other miscellaneous nonmetallic mineral product manufacturing	47	327999	65	47065	Hamilton County, Tennessee	yes	2.0	47.925396825396824	2765.392857142857
3376	32	All other miscellaneous nonmetallic mineral product manufacturing	47	327999	89	47089	Jefferson County, Tennessee	yes	1.0	23.962698412698412	1382.6964285714284
3377	32	All other miscellaneous nonmetallic mineral product manufacturing	47	327999	157	47157	Shelby County, Tennessee	no	3.0	46.833333333333336	1869.5
3378	32	All other miscellaneous nonmetallic mineral product manufacturing	47	327999	187	47187	Williamson County, Tennessee	yes	1.0	20.54444444444444	968.6666666666666
3379	32	All other miscellaneous wood product manufacturing	47	321999	1	47001	Anderson County, Tennessee	yes	1.0	16.352941176470587	484.6470588235294
3380	32	All other miscellaneous wood product manufacturing	47	321999	21	47021	Cheatham County, Tennessee	yes	1.0	14.57782221870089	428.4640600858379
3381	32	All other miscellaneous wood product manufacturing	47	321999	25	47025	Claiborne County, Tennessee	yes	1.25	17.780361177565126	528.0539731193514
3382	32	All other miscellaneous wood product manufacturing	47	321999	29	47029	Cocke County, Tennessee	yes	1.0	15.603299856527975	454.506456241033
3383	32	All other miscellaneous wood product manufacturing	47	321999	35	47035	Cumberland County, Tennessee	yes	1.0	14.57782221870089	428.4640600858379
3384	32	All other miscellaneous wood product manufacturing	47	321999	37	47037	Davidson County, Tennessee	yes	2.1666666666666665	28.71493346272003	863.762978546763
3385	32	All other miscellaneous wood product manufacturing	47	321999	39	47039	Decatur County, Tennessee	yes	1.0	10.855861244019138	350.1166267942584
3386	32	All other miscellaneous wood product manufacturing	47	321999	41	47041	DeKalb County, Tennessee	yes	1.0	14.86111111111111	450.4444444444444
3387	32	All other miscellaneous wood product manufacturing	47	321999	43	47043	Dickson County, Tennessee	yes	1.0	16.438802706041766	467.6377767316276
3388	32	All other miscellaneous wood product manufacturing	47	321999	49	47049	Fentress County, Tennessee	yes	1.4	18.863508937826502	564.11463393182
3389	32	All other miscellaneous wood product manufacturing	47	321999	53	47053	Gibson County, Tennessee	yes	1.0	15.603299856527975	454.506456241033
3390	32	All other miscellaneous wood product manufacturing	47	321999	55	47055	Giles County, Tennessee	yes	2.0	29.15564443740178	856.9281201716758
3391	32	All other miscellaneous wood product manufacturing	47	321999	59	47059	Greene County, Tennessee	yes	1.5	24.70486111111111	705.9913194444443
3392	32	All other miscellaneous wood product manufacturing	47	321999	65	47065	Hamilton County, Tennessee	yes	1.0	13.229580550273557	402.3115415176457
3393	32	All other miscellaneous wood product manufacturing	47	321999	73	47073	Hawkins County, Tennessee	yes	1.0	14.853658536585366	424.3658536585366
3394	32	All other miscellaneous wood product manufacturing	47	321999	75	47075	Haywood County, Tennessee	yes	1.0	10.855861244019138	350.1166267942584
3395	32	All other miscellaneous wood product manufacturing	47	321999	77	47077	Henderson County, Tennessee	yes	1.1666666666666667	17.054674070552743	503.538134159912
3396	32	All other miscellaneous wood product manufacturing	47	321999	81	47081	Hickman County, Tennessee	no	3.0	33.0	2364.0
3397	32	All other miscellaneous wood product manufacturing	47	321999	81	47081	Hickman County, Tennessee	yes	2.0	32.87760541208353	935.2755534632552
3398	32	All other miscellaneous wood product manufacturing	47	321999	89	47089	Jefferson County, Tennessee	yes	1.1666666666666667	17.053431974798453	499.1917023622606
3399	32	All other miscellaneous wood product manufacturing	47	321999	91	47091	Johnson County, Tennessee	yes	1.0	13.229580550273557	402.3115415176457
3400	32	All other miscellaneous wood product manufacturing	47	321999	93	47093	Knox County, Tennessee	yes	1.3333333333333333	19.5302838266503	574.2657764363347
3401	32	All other miscellaneous wood product manufacturing	47	321999	99	47099	Lawrence County, Tennessee	yes	1.0	14.57782221870089	428.4640600858379
3402	32	All other miscellaneous wood product manufacturing	47	321999	103	47103	Lincoln County, Tennessee	yes	1.0	14.86111111111111	450.4444444444444
3403	32	All other miscellaneous wood product manufacturing	47	321999	105	47105	Loudon County, Tennessee	yes	1.0	14.57782221870089	428.4640600858379
3404	32	All other miscellaneous wood product manufacturing	47	321999	109	47109	McNairy County, Tennessee	yes	1.0	17.274305555555557	480.7690972222222
3405	32	All other miscellaneous wood product manufacturing	47	321999	125	47125	Montgomery County, Tennessee	yes	1.0	15.603299856527975	454.506456241033
3406	32	All other miscellaneous wood product manufacturing	47	321999	129	47129	Morgan County, Tennessee	yes	1.0	17.274305555555557	480.7690972222222
3407	32	All other miscellaneous wood product manufacturing	47	321999	131	47131	Obion County, Tennessee	yes	1.0	14.57782221870089	428.4640600858379
3408	32	All other miscellaneous wood product manufacturing	47	321999	135	47135	Perry County, Tennessee	yes	1.0	16.438802706041766	467.6377767316276
3409	32	All other miscellaneous wood product manufacturing	47	321999	141	47141	Putnam County, Tennessee	yes	1.0	12.188460341541216	374.8663690823511
3410	32	All other miscellaneous wood product manufacturing	47	321999	145	47145	Roane County, Tennessee	yes	1.0	14.57782221870089	428.4640600858379
3411	32	All other miscellaneous wood product manufacturing	47	321999	147	47147	Robertson County, Tennessee	yes	1.1666666666666667	17.053431974798453	499.1917023622606
3412	32	All other miscellaneous wood product manufacturing	47	321999	149	47149	Rutherford County, Tennessee	yes	1.0	12.188460341541216	374.8663690823511
3413	32	All other miscellaneous wood product manufacturing	47	321999	151	47151	Scott County, Tennessee	yes	1.0	14.57782221870089	428.4640600858379
3414	32	All other miscellaneous wood product manufacturing	47	321999	155	47155	Sevier County, Tennessee	yes	2.0	24.37692068308243	749.7327381647023
3415	32	All other miscellaneous wood product manufacturing	47	321999	157	47157	Shelby County, Tennessee	no	3.0	16.666666666666668	546.6666666666666
3416	32	All other miscellaneous wood product manufacturing	47	321999	157	47157	Shelby County, Tennessee	yes	2.0	33.934368191721134	964.1235021786491
3417	32	All other miscellaneous wood product manufacturing	47	321999	161	47161	Stewart County, Tennessee	yes	1.0	12.188460341541216	374.8663690823511
3418	32	All other miscellaneous wood product manufacturing	47	321999	163	47163	Sullivan County, Tennessee	yes	1.3333333333333333	22.41568029650885	634.9179071018651
3419	32	All other miscellaneous wood product manufacturing	47	321999	177	47177	Warren County, Tennessee	no	3.0	45.333333333333336	2299.0
3420	32	All other miscellaneous wood product manufacturing	47	321999	177	47177	Warren County, Tennessee	yes	2.0	24.37692068308243	749.7327381647023
3421	32	All other miscellaneous wood product manufacturing	47	321999	179	47179	Washington County, Tennessee	yes	1.0	10.855861244019138	350.1166267942584
3422	32	All other miscellaneous wood product manufacturing	47	321999	181	47181	Wayne County, Tennessee	yes	2.0	29.15564443740178	856.9281201716758
3423	32	All other miscellaneous wood product manufacturing	47	321999	185	47185	White County, Tennessee	yes	1.0	14.86111111111111	450.4444444444444
3424	32	All other miscellaneous wood product manufacturing	47	321999	187	47187	Williamson County, Tennessee	yes	1.3333333333333333	18.196442633373938	545.1696023505907
3425	32	All other miscellaneous wood product manufacturing	47	321999	189	47189	Wilson County, Tennessee	yes	2.0	29.15564443740178	856.9281201716758
3426	32	All other petroleum and coal products manufacturing	47	324199	5	47005	Benton County, Tennessee	yes	1.0	0.0	0.0
3427	32	All other petroleum and coal products manufacturing	47	324199	41	47041	DeKalb County, Tennessee	yes	1.0	0.0	0.0
3428	32	All other petroleum and coal products manufacturing	47	324199	157	47157	Shelby County, Tennessee	yes	1.0	0.0	0.0
3429	32	All other petroleum and coal products manufacturing	47	324199	187	47187	Williamson County, Tennessee	yes	1.0	0.0	0.0
3430	32	All other plastics product manufacturing	47	326199	1	47001	Anderson County, Tennessee	yes	1.5	101.77113158701907	3888.548131390448
3431	32	All other plastics product manufacturing	47	326199	3	47003	Bedford County, Tennessee	yes	1.0	70.8624857677871	2724.6555498282446
3432	32	All other plastics product manufacturing	47	326199	5	47005	Benton County, Tennessee	yes	1.0	70.8624857677871	2724.6555498282446
3433	32	All other plastics product manufacturing	47	326199	9	47009	Blount County, Tennessee	yes	5.0	354.31242883893555	13623.27774914122
3434	32	All other plastics product manufacturing	47	326199	11	47011	Bradley County, Tennessee	yes	1.6666666666666667	118.86056043126719	4579.709395227013
3435	32	All other plastics product manufacturing	47	326199	13	47013	Campbell County, Tennessee	yes	1.0	61.96690131311764	2322.4428049275757
3436	32	All other plastics product manufacturing	47	326199	15	47015	Cannon County, Tennessee	yes	2.1666666666666665	152.11989907180612	5846.546606902866
3437	32	All other plastics product manufacturing	47	326199	21	47021	Cheatham County, Tennessee	yes	1.0	70.8624857677871	2724.6555498282446
3438	32	All other plastics product manufacturing	47	326199	29	47029	Cocke County, Tennessee	yes	2.0	141.7249715355742	5449.311099656489
3439	32	All other plastics product manufacturing	47	326199	31	47031	Coffee County, Tennessee	yes	1.0	70.8624857677871	2724.6555498282446
3440	32	All other plastics product manufacturing	47	326199	35	47035	Cumberland County, Tennessee	yes	2.0	141.7249715355742	5449.311099656489
3441	32	All other plastics product manufacturing	47	326199	37	47037	Davidson County, Tennessee	no	4.4	172.6	7876.6
3442	32	All other plastics product manufacturing	47	326199	37	47037	Davidson County, Tennessee	yes	2.0	124.73913043478261	4766.826086956522
3443	32	All other plastics product manufacturing	47	326199	39	47039	Decatur County, Tennessee	yes	1.0	62.10112261454219	2342.7662177778043
3444	32	All other plastics product manufacturing	47	326199	45	47045	Dyer County, Tennessee	no	4.0	419.0	16936.0
3445	32	All other plastics product manufacturing	47	326199	45	47045	Dyer County, Tennessee	yes	3.2	229.95912501961772	8892.604517083046
3446	32	All other plastics product manufacturing	47	326199	47	47047	Fayette County, Tennessee	yes	3.3333333333333335	233.2430910744005	8948.114251127257
3447	32	All other plastics product manufacturing	47	326199	51	47051	Franklin County, Tennessee	no	3.0	191.5	6521.166666666667
3448	32	All other plastics product manufacturing	47	326199	53	47053	Gibson County, Tennessee	yes	1.0	70.8624857677871	2724.6555498282446
3449	32	All other plastics product manufacturing	47	326199	55	47055	Giles County, Tennessee	yes	1.0	70.8624857677871	2724.6555498282446
3450	32	All other plastics product manufacturing	47	326199	59	47059	Greene County, Tennessee	yes	1.1666666666666667	81.11549781597988	3114.4005297479234
3451	32	All other plastics product manufacturing	47	326199	63	47063	Hamblen County, Tennessee	yes	3.0	212.58745730336128	8173.966649484732
3452	32	All other plastics product manufacturing	47	326199	65	47065	Hamilton County, Tennessee	no	7.333333333333333	629.0	38498.0
3453	32	All other plastics product manufacturing	47	326199	69	47069	Hardeman County, Tennessee	yes	1.0	70.8624857677871	2724.6555498282446
3454	32	All other plastics product manufacturing	47	326199	71	47071	Hardin County, Tennessee	yes	1.0	70.8624857677871	2724.6555498282446
3455	32	All other plastics product manufacturing	47	326199	73	47073	Hawkins County, Tennessee	yes	3.0	212.58745730336128	8173.966649484732
3456	32	All other plastics product manufacturing	47	326199	77	47077	Henderson County, Tennessee	yes	1.0	70.8624857677871	2724.6555498282446
3457	32	All other plastics product manufacturing	47	326199	89	47089	Jefferson County, Tennessee	yes	1.0	70.8624857677871	2724.6555498282446
3458	32	All other plastics product manufacturing	47	326199	93	47093	Knox County, Tennessee	no	5.25	318.75	13124.0
3459	32	All other plastics product manufacturing	47	326199	93	47093	Knox County, Tennessee	yes	5.0	311.96323888617485	11724.571934538348
3460	32	All other plastics product manufacturing	47	326199	97	47097	Lauderdale County, Tennessee	yes	2.0	141.7249715355742	5449.311099656489
3461	32	All other plastics product manufacturing	47	326199	99	47099	Lawrence County, Tennessee	yes	1.0	75.31027799512185	2925.761922278579
3462	32	All other plastics product manufacturing	47	326199	101	47101	Lewis County, Tennessee	yes	1.0	70.8624857677871	2724.6555498282446
3463	32	All other plastics product manufacturing	47	326199	105	47105	Loudon County, Tennessee	yes	1.0	70.8624857677871	2724.6555498282446
3464	32	All other plastics product manufacturing	47	326199	107	47107	McMinn County, Tennessee	no	5.0	96.0	3152.0
3465	32	All other plastics product manufacturing	47	326199	107	47107	McMinn County, Tennessee	yes	3.75	245.7407511797881	9277.878366552484
3466	32	All other plastics product manufacturing	47	326199	109	47109	McNairy County, Tennessee	yes	1.0	61.96690131311764	2322.4428049275757
3467	32	All other plastics product manufacturing	47	326199	111	47111	Macon County, Tennessee	yes	2.0	141.7249715355742	5449.311099656489
3468	32	All other plastics product manufacturing	47	326199	113	47113	Madison County, Tennessee	yes	3.6666666666666665	253.8910306588252	9735.094738293314
3469	32	All other plastics product manufacturing	47	326199	115	47115	Marion County, Tennessee	yes	1.0	70.8624857677871	2724.6555498282446
3470	32	All other plastics product manufacturing	47	326199	117	47117	Marshall County, Tennessee	yes	1.0	70.8624857677871	2724.6555498282446
3471	32	All other plastics product manufacturing	47	326199	121	47121	Meigs County, Tennessee	yes	1.0	70.8624857677871	2724.6555498282446
3472	32	All other plastics product manufacturing	47	326199	123	47123	Monroe County, Tennessee	no	4.333333333333333	99.5	3164.1666666666665
3473	32	All other plastics product manufacturing	47	326199	129	47129	Morgan County, Tennessee	yes	1.0	72.73136846351319	2801.8926838902785
3474	32	All other plastics product manufacturing	47	326199	133	47133	Overton County, Tennessee	yes	1.0	70.8624857677871	2724.6555498282446
3475	32	All other plastics product manufacturing	47	326199	135	47135	Perry County, Tennessee	yes	1.0	70.8624857677871	2724.6555498282446
3476	32	All other plastics product manufacturing	47	326199	141	47141	Putnam County, Tennessee	yes	1.0	70.8624857677871	2724.6555498282446
3477	32	All other plastics product manufacturing	47	326199	143	47143	Rhea County, Tennessee	yes	1.6666666666666667	114.38253064313331	4368.404855900245
3478	32	All other plastics product manufacturing	47	326199	147	47147	Robertson County, Tennessee	yes	1.3333333333333333	98.20492666022801	3805.561793584488
3479	32	All other plastics product manufacturing	47	326199	149	47149	Rutherford County, Tennessee	no	4.333333333333333	153.66666666666666	5214.666666666667
3480	32	All other plastics product manufacturing	47	326199	149	47149	Rutherford County, Tennessee	yes	2.3333333333333335	171.7393287871549	6707.038018503236
3481	32	All other plastics product manufacturing	47	326199	155	47155	Sevier County, Tennessee	yes	2.0	141.7249715355742	5449.311099656489
3482	32	All other plastics product manufacturing	47	326199	157	47157	Shelby County, Tennessee	no	6.25	89.25	4146.0
3483	32	All other plastics product manufacturing	47	326199	157	47157	Shelby County, Tennessee	yes	6.0	374.3558866634098	14069.486321446017
3484	32	All other plastics product manufacturing	47	326199	163	47163	Sullivan County, Tennessee	no	4.0	488.0	20652.5
3485	32	All other plastics product manufacturing	47	326199	163	47163	Sullivan County, Tennessee	yes	3.0	226.021546667763	8807.880267465038
3486	32	All other plastics product manufacturing	47	326199	165	47165	Sumner County, Tennessee	no	11.0	1250.1666666666667	45237.333333333336
3487	32	All other plastics product manufacturing	47	326199	171	47171	Unicoi County, Tennessee	yes	1.0	70.8624857677871	2724.6555498282446
3488	32	All other plastics product manufacturing	47	326199	177	47177	Warren County, Tennessee	no	4.666666666666667	44.666666666666664	1281.0
3489	32	All other plastics product manufacturing	47	326199	179	47179	Washington County, Tennessee	yes	3.0	212.58745730336128	8173.966649484732
3490	32	All other plastics product manufacturing	47	326199	183	47183	Weakley County, Tennessee	yes	1.0	70.8624857677871	2724.6555498282446
3491	32	All other plastics product manufacturing	47	326199	185	47185	White County, Tennessee	no	4.0	349.0	12225.0
3492	32	All other plastics product manufacturing	47	326199	185	47185	White County, Tennessee	yes	3.6	265.9684147431588	10269.604980798047
3493	32	All other plastics product manufacturing	47	326199	187	47187	Williamson County, Tennessee	no	3.0	5.0	352.0
3494	32	All other plastics product manufacturing	47	326199	187	47187	Williamson County, Tennessee	yes	3.0	210.21480791896315	8108.241669522524
3495	32	All other plastics product manufacturing	47	326199	189	47189	Wilson County, Tennessee	no	4.0	19.0	681.4
3496	32	All other plastics product manufacturing	47	326199	189	47189	Wilson County, Tennessee	yes	3.0	184.55421686746988	7015.409638554216
3497	32	All other rubber product manufacturing	47	326299	17	47017	Carroll County, Tennessee	yes	1.0	71.84255245958032	3132.5141411535374
3498	32	All other rubber product manufacturing	47	326299	19	47019	Carter County, Tennessee	yes	1.0	71.84255245958032	3132.5141411535374
3499	32	All other rubber product manufacturing	47	326299	29	47029	Cocke County, Tennessee	yes	1.1666666666666667	87.71974544203647	3637.6194043114324
3500	32	All other rubber product manufacturing	47	326299	37	47037	Davidson County, Tennessee	yes	1.0	71.84255245958032	3132.5141411535374
3501	32	All other rubber product manufacturing	47	326299	45	47045	Dyer County, Tennessee	yes	1.0	71.84255245958032	3132.5141411535374
3502	32	All other rubber product manufacturing	47	326299	65	47065	Hamilton County, Tennessee	yes	1.0	71.84255245958032	3132.5141411535374
3503	32	All other rubber product manufacturing	47	326299	87	47087	Jackson County, Tennessee	yes	1.0	67.47941176470589	3100.7544117647058
3504	32	All other rubber product manufacturing	47	326299	89	47089	Jefferson County, Tennessee	yes	1.0	71.84255245958032	3132.5141411535374
3505	32	All other rubber product manufacturing	47	326299	113	47113	Madison County, Tennessee	yes	1.0	71.9	3229.4500000000003
3506	32	All other rubber product manufacturing	47	326299	119	47119	Maury County, Tennessee	yes	1.0	71.84255245958032	3132.5141411535374
3507	32	All other rubber product manufacturing	47	326299	123	47123	Monroe County, Tennessee	yes	1.3333333333333333	97.96477468180255	4254.9132152276115
3508	32	All other rubber product manufacturing	47	326299	131	47131	Obion County, Tennessee	yes	1.0	71.84255245958032	3132.5141411535374
3509	32	All other rubber product manufacturing	47	326299	149	47149	Rutherford County, Tennessee	yes	1.0	71.84255245958032	3132.5141411535374
3510	32	All other rubber product manufacturing	47	326299	151	47151	Scott County, Tennessee	yes	1.0	95.26315789473684	3030.6315789473683
3511	32	All other rubber product manufacturing	47	326299	157	47157	Shelby County, Tennessee	yes	1.0	58.0	3029.0
3512	32	All other rubber product manufacturing	47	326299	163	47163	Sullivan County, Tennessee	yes	1.0	71.84255245958032	3132.5141411535374
3513	32	All other rubber product manufacturing	47	326299	165	47165	Sumner County, Tennessee	yes	1.0	78.76382868937048	3184.2712117303063
3514	32	All other rubber product manufacturing	47	326299	171	47171	Unicoi County, Tennessee	yes	1.0	71.84255245958032	3132.5141411535374
3515	32	All other rubber product manufacturing	47	326299	179	47179	Washington County, Tennessee	yes	1.0	71.84255245958032	3132.5141411535374
3516	32	All other rubber product manufacturing	47	326299	187	47187	Williamson County, Tennessee	yes	1.0	83.99883040935673	3255.0086744639375
3517	32	All other rubber product manufacturing	47	326299	189	47189	Wilson County, Tennessee	yes	1.0	71.84255245958032	3132.5141411535374
3518	32	Artificial and synthetic fibers and filaments manufacturing	47	325220	15	47015	Cannon County, Tennessee	yes	1.0	111.77777777777777	6420.555555555555
3519	32	Artificial and synthetic fibers and filaments manufacturing	47	325220	53	47053	Gibson County, Tennessee	yes	1.0	81.63439153439153	4975.706878306878
3520	32	Artificial and synthetic fibers and filaments manufacturing	47	325220	63	47063	Hamblen County, Tennessee	yes	1.0	77.7925925925926	4575.651851851852
3521	32	Artificial and synthetic fibers and filaments manufacturing	47	325220	65	47065	Hamilton County, Tennessee	yes	2.0	204.36984126984123	12491.653968253966
3522	32	Artificial and synthetic fibers and filaments manufacturing	47	325220	89	47089	Jefferson County, Tennessee	yes	1.0	60.800000000000004	3653.2000000000003
3523	32	Artificial and synthetic fibers and filaments manufacturing	47	325220	143	47143	Rhea County, Tennessee	yes	1.0	122.73544973544972	7515.94708994709
3524	32	Artificial and synthetic fibers and filaments manufacturing	47	325220	157	47157	Shelby County, Tennessee	yes	1.0	122.73544973544972	7515.94708994709
3525	32	Artificial and synthetic fibers and filaments manufacturing	47	325220	179	47179	Washington County, Tennessee	yes	1.0	81.63439153439153	4975.706878306878
3526	32	Asphalt paving mixture and block manufacturing	47	324121	1	47001	Anderson County, Tennessee	yes	1.0	4.469400193084403	237.7127957303396
3527	32	Asphalt paving mixture and block manufacturing	47	324121	11	47011	Bradley County, Tennessee	yes	1.0	4.469400193084403	237.7127957303396
3528	32	Asphalt paving mixture and block manufacturing	47	324121	13	47013	Campbell County, Tennessee	yes	1.0	4.469400193084403	237.7127957303396
3529	32	Asphalt paving mixture and block manufacturing	47	324121	25	47025	Claiborne County, Tennessee	yes	1.0	4.469400193084403	237.7127957303396
3530	32	Asphalt paving mixture and block manufacturing	47	324121	29	47029	Cocke County, Tennessee	yes	1.0	2.2764127764127764	188.12571662571662
3531	32	Asphalt paving mixture and block manufacturing	47	324121	31	47031	Coffee County, Tennessee	yes	2.0	8.938800386168806	475.4255914606792
3532	32	Asphalt paving mixture and block manufacturing	47	324121	35	47035	Cumberland County, Tennessee	yes	1.0	4.469400193084403	237.7127957303396
3533	32	Asphalt paving mixture and block manufacturing	47	324121	37	47037	Davidson County, Tennessee	no	4.6	21.2	1469.6
3534	32	Asphalt paving mixture and block manufacturing	47	324121	37	47037	Davidson County, Tennessee	yes	5.0	22.619047619047617	1138.3333333333333
3535	32	Asphalt paving mixture and block manufacturing	47	324121	39	47039	Decatur County, Tennessee	yes	1.0	4.469400193084403	237.7127957303396
3536	32	Asphalt paving mixture and block manufacturing	47	324121	49	47049	Fentress County, Tennessee	yes	1.0	4.469400193084403	237.7127957303396
3537	32	Asphalt paving mixture and block manufacturing	47	324121	51	47051	Franklin County, Tennessee	yes	1.0	3.3152114007377165	205.40715655847234
3538	32	Asphalt paving mixture and block manufacturing	47	324121	55	47055	Giles County, Tennessee	yes	1.0	4.469400193084403	237.7127957303396
3539	32	Asphalt paving mixture and block manufacturing	47	324121	57	47057	Grainger County, Tennessee	yes	1.0	3.3152114007377165	205.40715655847234
3540	32	Asphalt paving mixture and block manufacturing	47	324121	65	47065	Hamilton County, Tennessee	no	4.0	24.0	1969.0
3541	32	Asphalt paving mixture and block manufacturing	47	324121	65	47065	Hamilton County, Tennessee	yes	2.5	6.763816020394968	523.9335908875382
3542	32	Asphalt paving mixture and block manufacturing	47	324121	93	47093	Knox County, Tennessee	no	3.0	63.0	3695.3333333333335
3543	32	Asphalt paving mixture and block manufacturing	47	324121	93	47093	Knox County, Tennessee	yes	2.0	4.598139492876335	424.70191243875456
3544	32	Asphalt paving mixture and block manufacturing	47	324121	99	47099	Lawrence County, Tennessee	yes	1.0	4.469400193084403	237.7127957303396
3545	32	Asphalt paving mixture and block manufacturing	47	324121	109	47109	McNairy County, Tennessee	yes	1.6666666666666667	8.179996127364548	412.7170192521069
3546	32	Asphalt paving mixture and block manufacturing	47	324121	119	47119	Maury County, Tennessee	yes	1.1666666666666667	5.166768614137035	273.9978834496378
3547	32	Asphalt paving mixture and block manufacturing	47	324121	123	47123	Monroe County, Tennessee	yes	1.0	4.469400193084403	237.7127957303396
3548	32	Asphalt paving mixture and block manufacturing	47	324121	125	47125	Montgomery County, Tennessee	yes	2.0	8.938800386168806	475.4255914606792
3549	32	Asphalt paving mixture and block manufacturing	47	324121	133	47133	Overton County, Tennessee	yes	1.0	6.777777777777777	302.324074074074
3550	32	Asphalt paving mixture and block manufacturing	47	324121	141	47141	Putnam County, Tennessee	yes	1.0	6.777777777777777	302.324074074074
3551	32	Asphalt paving mixture and block manufacturing	47	324121	143	47143	Rhea County, Tennessee	yes	1.0	4.469400193084403	237.7127957303396
3552	32	Asphalt paving mixture and block manufacturing	47	324121	145	47145	Roane County, Tennessee	yes	1.0	4.469400193084403	237.7127957303396
3553	32	Asphalt paving mixture and block manufacturing	47	324121	147	47147	Robertson County, Tennessee	yes	1.0	4.469400193084403	237.7127957303396
3554	32	Asphalt paving mixture and block manufacturing	47	324121	149	47149	Rutherford County, Tennessee	yes	2.0	8.938800386168806	475.4255914606792
3555	32	Asphalt paving mixture and block manufacturing	47	324121	153	47153	Sequatchie County, Tennessee	yes	1.0	6.777777777777777	302.324074074074
3556	32	Asphalt paving mixture and block manufacturing	47	324121	155	47155	Sevier County, Tennessee	yes	1.0	4.469400193084403	237.7127957303396
3557	32	Asphalt paving mixture and block manufacturing	47	324121	157	47157	Shelby County, Tennessee	no	5.833333333333333	59.833333333333336	3026.1666666666665
3558	32	Asphalt paving mixture and block manufacturing	47	324121	159	47159	Smith County, Tennessee	yes	1.0	4.469400193084403	237.7127957303396
3559	32	Asphalt paving mixture and block manufacturing	47	324121	163	47163	Sullivan County, Tennessee	yes	1.3333333333333333	6.7286594523436625	338.4874870883643
3560	32	Asphalt paving mixture and block manufacturing	47	324121	165	47165	Sumner County, Tennessee	yes	1.0	4.469400193084403	237.7127957303396
3561	32	Asphalt paving mixture and block manufacturing	47	324121	167	47167	Tipton County, Tennessee	yes	1.0	4.469400193084403	237.7127957303396
3562	32	Asphalt paving mixture and block manufacturing	47	324121	177	47177	Warren County, Tennessee	yes	1.0	6.777777777777777	302.324074074074
3563	32	Asphalt paving mixture and block manufacturing	47	324121	185	47185	White County, Tennessee	yes	1.0	6.777777777777777	302.324074074074
3564	32	Asphalt paving mixture and block manufacturing	47	324121	187	47187	Williamson County, Tennessee	yes	2.3333333333333335	9.697604644973065	538.1341636692514
3565	32	Asphalt paving mixture and block manufacturing	47	324121	189	47189	Wilson County, Tennessee	yes	1.0	5.565893901420217	262.50633528265104
3566	32	Asphalt shingle and coating materials manufacturing	47	324122	93	47093	Knox County, Tennessee	yes	1.0	0.0	0.0
3567	32	Asphalt shingle and coating materials manufacturing	47	324122	97	47097	Lauderdale County, Tennessee	yes	1.0	0.0	0.0
3568	32	Asphalt shingle and coating materials manufacturing	47	324122	157	47157	Shelby County, Tennessee	yes	2.0	0.0	0.0
3569	32	Asphalt shingle and coating materials manufacturing	47	324122	159	47159	Smith County, Tennessee	yes	1.0	0.0	0.0
3570	32	Biological product (except diagnostic) manufacturing	47	325414	65	47065	Hamilton County, Tennessee	yes	1.0	0.0	0.0
3571	32	Biological product (except diagnostic) manufacturing	47	325414	157	47157	Shelby County, Tennessee	yes	1.1666666666666667	0.0	0.0
3572	32	Books printing	47	323117	1	47001	Anderson County, Tennessee	yes	1.0	58.0423076923077	2596.5914173789174
3573	32	Books printing	47	323117	19	47019	Carter County, Tennessee	yes	1.0	58.0423076923077	2596.5914173789174
3574	32	Books printing	47	323117	37	47037	Davidson County, Tennessee	no	3.25	44.5	1758.25
3575	32	Books printing	47	323117	37	47037	Davidson County, Tennessee	yes	3.0	-7.0	-650.1166666666666
3576	32	Books printing	47	323117	125	47125	Montgomery County, Tennessee	yes	1.0	58.0423076923077	2596.5914173789174
3577	32	Books printing	47	323117	149	47149	Rutherford County, Tennessee	yes	2.6666666666666665	137.00128205128206	6532.176816239317
3578	32	Books printing	47	323117	157	47157	Shelby County, Tennessee	no	4.666666666666667	44.833333333333336	1948.3333333333333
3579	32	Books printing	47	323117	165	47165	Sumner County, Tennessee	yes	1.0	-21.0	3294.375
3580	32	Books printing	47	323117	179	47179	Washington County, Tennessee	yes	1.0	-10.5	1540.0375
3581	32	Cement manufacturing	47	327310	45	47045	Dyer County, Tennessee	yes	1.0	18.0	1315.4166666666667
3582	32	Cement manufacturing	47	327310	65	47065	Hamilton County, Tennessee	yes	1.0	18.0	1315.4166666666667
3583	32	Cement manufacturing	47	327310	93	47093	Knox County, Tennessee	yes	1.0	18.0	1315.4166666666667
3584	32	Cement manufacturing	47	327310	119	47119	Maury County, Tennessee	yes	1.0	18.0	1315.4166666666667
3585	32	Clay building material and refractories manufacturing	47	327120	31	47031	Coffee County, Tennessee	yes	1.0	76.5625	3602.8125
3586	32	Clay building material and refractories manufacturing	47	327120	35	47035	Cumberland County, Tennessee	yes	3.0	241.475	10983.185416666667
3587	32	Clay building material and refractories manufacturing	47	327120	37	47037	Davidson County, Tennessee	yes	1.8333333333333333	146.59791666666666	6771.561111111111
3588	32	Clay building material and refractories manufacturing	47	327120	43	47043	Dickson County, Tennessee	yes	1.0	80.025	4124.700000000001
3589	32	Clay building material and refractories manufacturing	47	327120	53	47053	Gibson County, Tennessee	yes	1.0	76.15	3737.977777777778
3590	32	Clay building material and refractories manufacturing	47	327120	59	47059	Greene County, Tennessee	yes	1.0	80.49166666666666	3661.0618055555556
3591	32	Clay building material and refractories manufacturing	47	327120	65	47065	Hamilton County, Tennessee	yes	1.1666666666666667	94.87708333333335	4211.624305555556
3592	32	Clay building material and refractories manufacturing	47	327120	73	47073	Hawkins County, Tennessee	yes	1.0	80.49166666666666	3661.0618055555556
3593	32	Clay building material and refractories manufacturing	47	327120	99	47099	Lawrence County, Tennessee	yes	1.0	80.49166666666666	3661.0618055555556
3594	32	Clay building material and refractories manufacturing	47	327120	105	47105	Loudon County, Tennessee	yes	1.0	80.01875000000001	3765.0458333333336
3595	32	Clay building material and refractories manufacturing	47	327120	125	47125	Montgomery County, Tennessee	no	3.0	411.6666666666667	20244.0
3596	32	Clay building material and refractories manufacturing	47	327120	125	47125	Montgomery County, Tennessee	yes	2.3333333333333335	200.20833333333334	8450.375
3597	32	Clay building material and refractories manufacturing	47	327120	137	47137	Pickett County, Tennessee	yes	1.0	86.3125	3303.375
3598	32	Clay building material and refractories manufacturing	47	327120	143	47143	Rhea County, Tennessee	yes	1.0	80.49166666666666	3661.0618055555556
3599	32	Clay building material and refractories manufacturing	47	327120	165	47165	Sumner County, Tennessee	yes	1.0	81.4375	3453.09375
3600	32	Clay building material and refractories manufacturing	47	327120	183	47183	Weakley County, Tennessee	yes	1.0	80.49166666666666	3661.0618055555556
3601	32	Clay building material and refractories manufacturing	47	327120	189	47189	Wilson County, Tennessee	no	3.0	61.0	4194.0
3602	32	Clay building material and refractories manufacturing	47	327120	189	47189	Wilson County, Tennessee	yes	1.25	97.825	4170.376041666666
3603	32	Commercial printing (except screen and books)	47	323111	1	47001	Anderson County, Tennessee	no	4.333333333333333	48.0	1895.3333333333333
3604	32	Commercial printing (except screen and books)	47	323111	1	47001	Anderson County, Tennessee	yes	4.0	107.11835786480817	4602.253786631069
3605	32	Commercial printing (except screen and books)	47	323111	3	47003	Bedford County, Tennessee	yes	2.0	49.55037350233647	2202.549590071886
3606	32	Commercial printing (except screen and books)	47	323111	7	47007	Bledsoe County, Tennessee	yes	1.0	24.775186751168235	1101.274795035943
3607	32	Commercial printing (except screen and books)	47	323111	9	47009	Blount County, Tennessee	no	7.333333333333333	56.333333333333336	2274.3333333333335
3608	32	Commercial printing (except screen and books)	47	323111	11	47011	Bradley County, Tennessee	no	5.833333333333333	43.333333333333336	1327.5
3609	32	Commercial printing (except screen and books)	47	323111	19	47019	Carter County, Tennessee	no	3.0	7.0	59.0
3610	32	Commercial printing (except screen and books)	47	323111	19	47019	Carter County, Tennessee	yes	2.0	50.28113785797618	2241.0733011897114
3611	32	Commercial printing (except screen and books)	47	323111	21	47021	Cheatham County, Tennessee	no	3.0	14.666666666666666	419.6666666666667
3612	32	Commercial printing (except screen and books)	47	323111	21	47021	Cheatham County, Tennessee	yes	3.0	80.33876839860612	3451.6903399733014
3613	32	Commercial printing (except screen and books)	47	323111	23	47023	Chester County, Tennessee	yes	2.0	49.55037350233647	2202.549590071886
3614	32	Commercial printing (except screen and books)	47	323111	25	47025	Claiborne County, Tennessee	yes	2.0	49.55037350233647	2202.549590071886
3615	32	Commercial printing (except screen and books)	47	323111	29	47029	Cocke County, Tennessee	yes	1.0	24.775186751168235	1101.274795035943
3616	32	Commercial printing (except screen and books)	47	323111	31	47031	Coffee County, Tennessee	no	6.0	69.0	1953.6666666666667
3617	32	Commercial printing (except screen and books)	47	323111	35	47035	Cumberland County, Tennessee	yes	1.0	25.821761065168776	1114.1639643036701
3618	32	Commercial printing (except screen and books)	47	323111	37	47037	Davidson County, Tennessee	no	60.833333333333336	1769.8333333333333	82959.83333333333
3619	32	Commercial printing (except screen and books)	47	323111	41	47041	DeKalb County, Tennessee	yes	1.0	25.724137931034484	1060.0344827586207
3620	32	Commercial printing (except screen and books)	47	323111	43	47043	Dickson County, Tennessee	yes	5.166666666666667	127.61190048655207	5697.378541139649
3621	32	Commercial printing (except screen and books)	47	323111	45	47045	Dyer County, Tennessee	yes	1.0	24.775186751168235	1101.274795035943
3622	32	Commercial printing (except screen and books)	47	323111	47	47047	Fayette County, Tennessee	yes	1.2	29.57761579017288	1310.8152830734884
3623	32	Commercial printing (except screen and books)	47	323111	49	47049	Fentress County, Tennessee	yes	1.0	24.775186751168235	1101.274795035943
3624	32	Commercial printing (except screen and books)	47	323111	51	47051	Franklin County, Tennessee	yes	1.0	24.775186751168235	1101.274795035943
3625	32	Commercial printing (except screen and books)	47	323111	53	47053	Gibson County, Tennessee	yes	1.1666666666666667	29.062543073007316	1277.9472088290465
3626	32	Commercial printing (except screen and books)	47	323111	55	47055	Giles County, Tennessee	no	3.0	49.666666666666664	1263.0
3627	32	Commercial printing (except screen and books)	47	323111	55	47055	Giles County, Tennessee	yes	2.0	53.55917893240409	2301.1268933155343
3628	32	Commercial printing (except screen and books)	47	323111	59	47059	Greene County, Tennessee	no	6.5	118.33333333333333	4079.5
3629	32	Commercial printing (except screen and books)	47	323111	63	47063	Hamblen County, Tennessee	yes	2.1666666666666665	53.83772982417555	2379.22200386499
3630	32	Commercial printing (except screen and books)	47	323111	65	47065	Hamilton County, Tennessee	no	40.666666666666664	1171.0	55609.666666666664
3631	32	Commercial printing (except screen and books)	47	323111	71	47071	Hardin County, Tennessee	no	3.0	0.0	180.0
3632	32	Commercial printing (except screen and books)	47	323111	71	47071	Hardin County, Tennessee	yes	2.0	48.86557640793197	2197.6167730435286
3633	32	Commercial printing (except screen and books)	47	323111	73	47073	Hawkins County, Tennessee	yes	4.833333333333333	119.65066893727005	5302.543966164615
3634	32	Commercial printing (except screen and books)	47	323111	77	47077	Henderson County, Tennessee	yes	1.0	24.775186751168235	1101.274795035943
3635	32	Commercial printing (except screen and books)	47	323111	79	47079	Henry County, Tennessee	yes	1.3333333333333333	33.477072987537234	1463.548348430186
3636	32	Commercial printing (except screen and books)	47	323111	81	47081	Hickman County, Tennessee	yes	1.0	26.779589466202044	1150.5634466577671
3637	32	Commercial printing (except screen and books)	47	323111	89	47089	Jefferson County, Tennessee	yes	1.0	25.14056892898809	1120.5366505948557
3638	32	Commercial printing (except screen and books)	47	323111	93	47093	Knox County, Tennessee	no	37.166666666666664	426.1666666666667	17496.166666666668
3639	32	Commercial printing (except screen and books)	47	323111	99	47099	Lawrence County, Tennessee	yes	1.0	24.775186751168235	1101.274795035943
3640	32	Commercial printing (except screen and books)	47	323111	103	47103	Lincoln County, Tennessee	yes	2.3333333333333335	57.11105287672552	2561.048408905382
3641	32	Commercial printing (except screen and books)	47	323111	105	47105	Loudon County, Tennessee	yes	1.0	24.775186751168235	1101.274795035943
3642	32	Commercial printing (except screen and books)	47	323111	107	47107	McMinn County, Tennessee	yes	1.0	24.585396515194983	1109.5228574914076
3643	32	Commercial printing (except screen and books)	47	323111	109	47109	McNairy County, Tennessee	yes	1.0	24.775186751168235	1101.274795035943
3644	32	Commercial printing (except screen and books)	47	323111	111	47111	Macon County, Tennessee	yes	1.0	24.775186751168235	1101.274795035943
3645	32	Commercial printing (except screen and books)	47	323111	113	47113	Madison County, Tennessee	no	5.666666666666667	46.833333333333336	1687.0
3646	32	Commercial printing (except screen and books)	47	323111	115	47115	Marion County, Tennessee	yes	1.0	24.775186751168235	1101.274795035943
3647	32	Commercial printing (except screen and books)	47	323111	117	47117	Marshall County, Tennessee	yes	1.3333333333333333	33.477072987537234	1463.548348430186
3648	32	Commercial printing (except screen and books)	47	323111	119	47119	Maury County, Tennessee	no	4.0	63.333333333333336	2119.0
3649	32	Commercial printing (except screen and books)	47	323111	119	47119	Maury County, Tennessee	yes	4.0	107.11835786480817	4602.253786631069
3650	32	Commercial printing (except screen and books)	47	323111	123	47123	Monroe County, Tennessee	yes	1.0	24.775186751168235	1101.274795035943
3651	32	Commercial printing (except screen and books)	47	323111	125	47125	Montgomery County, Tennessee	no	5.0	238.0	11235.8
3652	32	Commercial printing (except screen and books)	47	323111	125	47125	Montgomery County, Tennessee	yes	5.0	128.6206896551724	5300.172413793104
3653	32	Commercial printing (except screen and books)	47	323111	129	47129	Morgan County, Tennessee	yes	1.0	22.948275862068964	1004.9655172413793
3654	32	Commercial printing (except screen and books)	47	323111	131	47131	Obion County, Tennessee	yes	2.0	49.55037350233647	2202.549590071886
3655	32	Commercial printing (except screen and books)	47	323111	133	47133	Overton County, Tennessee	yes	2.0	49.55037350233647	2202.549590071886
3656	32	Commercial printing (except screen and books)	47	323111	141	47141	Putnam County, Tennessee	no	5.0	15.5	468.0
3657	32	Commercial printing (except screen and books)	47	323111	141	47141	Putnam County, Tennessee	yes	4.5	109.2087347994107	5004.761084062506
3658	32	Commercial printing (except screen and books)	47	323111	143	47143	Rhea County, Tennessee	yes	1.0	25.821761065168776	1114.1639643036701
3659	32	Commercial printing (except screen and books)	47	323111	147	47147	Robertson County, Tennessee	no	4.0	40.0	981.0
3660	32	Commercial printing (except screen and books)	47	323111	147	47147	Robertson County, Tennessee	yes	4.0	103.2870442606751	4456.6558572146805
3661	32	Commercial printing (except screen and books)	47	323111	149	47149	Rutherford County, Tennessee	no	12.25	709.0	34688.75
3662	32	Commercial printing (except screen and books)	47	323111	149	47149	Rutherford County, Tennessee	yes	12.5	340.11123680241326	14824.517471091
3663	32	Commercial printing (except screen and books)	47	323111	151	47151	Scott County, Tennessee	yes	1.0	24.775186751168235	1101.274795035943
3664	32	Commercial printing (except screen and books)	47	323111	155	47155	Sevier County, Tennessee	no	4.2	13.2	421.4
3665	32	Commercial printing (except screen and books)	47	323111	155	47155	Sevier County, Tennessee	yes	2.0	56.254901960784316	2556.098039215686
3666	32	Commercial printing (except screen and books)	47	323111	157	47157	Shelby County, Tennessee	no	61.666666666666664	1360.0	59523.0
3667	32	Commercial printing (except screen and books)	47	323111	163	47163	Sullivan County, Tennessee	no	14.0	368.0	15680.333333333334
3668	32	Commercial printing (except screen and books)	47	323111	163	47163	Sullivan County, Tennessee	yes	15.333333333333334	409.4674502869229	17539.12501516964
3669	32	Commercial printing (except screen and books)	47	323111	165	47165	Sumner County, Tennessee	no	13.25	346.5	15293.0
3670	32	Commercial printing (except screen and books)	47	323111	165	47165	Sumner County, Tennessee	yes	16.0	417.6905393457118	17389.130562923667
3671	32	Commercial printing (except screen and books)	47	323111	167	47167	Tipton County, Tennessee	yes	2.0	51.64352213033755	2228.3279286073403
3672	32	Commercial printing (except screen and books)	47	323111	169	47169	Trousdale County, Tennessee	yes	1.0	26.105658709106986	1086.8206601827292
3673	32	Commercial printing (except screen and books)	47	323111	177	47177	Warren County, Tennessee	yes	1.0	24.775186751168235	1101.274795035943
3674	32	Commercial printing (except screen and books)	47	323111	179	47179	Washington County, Tennessee	no	10.666666666666666	137.0	4586.0
3675	32	Commercial printing (except screen and books)	47	323111	183	47183	Weakley County, Tennessee	yes	1.1666666666666667	29.189716665698146	1286.8759346370828
3676	32	Commercial printing (except screen and books)	47	323111	187	47187	Williamson County, Tennessee	no	17.666666666666668	212.83333333333334	12668.0
3677	32	Commercial printing (except screen and books)	47	323111	189	47189	Wilson County, Tennessee	no	4.666666666666667	21.833333333333332	915.0
3678	32	Commercial screen printing	47	323113	3	47003	Bedford County, Tennessee	no	3.0	46.0	935.0
3679	32	Commercial screen printing	47	323113	3	47003	Bedford County, Tennessee	yes	3.0	25.35909380474598	696.7841580350193
3680	32	Commercial screen printing	47	323113	9	47009	Blount County, Tennessee	yes	1.1666666666666667	10.713945809960302	296.33912379612406
3681	32	Commercial screen printing	47	323113	11	47011	Bradley County, Tennessee	yes	1.8	13.765361611013784	403.7343649908868
3682	32	Commercial screen printing	47	323113	13	47013	Campbell County, Tennessee	yes	1.0	7.469957176478915	215.37697306719045
3683	32	Commercial screen printing	47	323113	19	47019	Carter County, Tennessee	yes	1.6666666666666667	15.552383606731432	435.9948872034599
3684	32	Commercial screen printing	47	323113	21	47021	Cheatham County, Tennessee	no	3.0	7.333333333333333	163.33333333333334
3685	32	Commercial screen printing	47	323113	21	47021	Cheatham County, Tennessee	yes	1.0	11.474121557454891	319.5502965471519
3686	32	Commercial screen printing	47	323113	31	47031	Coffee County, Tennessee	yes	1.6666666666666667	13.304468009178153	384.32895195781447
3687	32	Commercial screen printing	47	323113	33	47033	Crockett County, Tennessee	yes	1.0	8.88061247662697	248.45547599738197
3688	32	Commercial screen printing	47	323113	35	47035	Cumberland County, Tennessee	yes	1.3333333333333333	11.092540242902563	316.3922139775982
3689	32	Commercial screen printing	47	323113	37	47037	Davidson County, Tennessee	no	17.5	213.83333333333334	8600.0
3690	32	Commercial screen printing	47	323113	45	47045	Dyer County, Tennessee	no	3.6666666666666665	12.333333333333334	197.0
3691	32	Commercial screen printing	47	323113	45	47045	Dyer County, Tennessee	yes	1.6666666666666667	18.813627730294396	525.1262341199448
3692	32	Commercial screen printing	47	323113	47	47047	Fayette County, Tennessee	yes	1.5	17.903846153846153	485.5740203193034
3693	32	Commercial screen printing	47	323113	53	47053	Gibson County, Tennessee	yes	2.0	17.76122495325394	496.91095199476393
3694	32	Commercial screen printing	47	323113	61	47061	Grundy County, Tennessee	yes	1.0	11.474121557454891	319.5502965471519
3695	32	Commercial screen printing	47	323113	63	47063	Hamblen County, Tennessee	yes	1.0	5.589743589743589	124.46153846153845
3696	32	Commercial screen printing	47	323113	65	47065	Hamilton County, Tennessee	no	10.0	326.3333333333333	14023.666666666666
3697	32	Commercial screen printing	47	323113	65	47065	Hamilton County, Tennessee	yes	11.333333333333334	129.88817663817665	3624.86190399398
3698	32	Commercial screen printing	47	323113	69	47069	Hardeman County, Tennessee	yes	1.0	7.469957176478915	215.37697306719045
3699	32	Commercial screen printing	47	323113	71	47071	Hardin County, Tennessee	yes	1.0	6.635783298826777	203.81021394064874
3700	32	Commercial screen printing	47	323113	77	47077	Henderson County, Tennessee	yes	1.3333333333333333	11.092540242902563	316.3922139775982
3701	32	Commercial screen printing	47	323113	89	47089	Jefferson County, Tennessee	yes	1.0	6.635783298826777	203.81021394064874
3702	32	Commercial screen printing	47	323113	93	47093	Knox County, Tennessee	no	8.8	85.8	3052.4
3703	32	Commercial screen printing	47	323113	93	47093	Knox County, Tennessee	yes	5.0	55.00000000000001	1436.5094339622642
3704	32	Commercial screen printing	47	323113	103	47103	Lincoln County, Tennessee	yes	1.0	8.88061247662697	248.45547599738197
3705	32	Commercial screen printing	47	323113	111	47111	Macon County, Tennessee	yes	1.1666666666666667	10.713945809960302	296.33912379612406
3706	32	Commercial screen printing	47	323113	113	47113	Madison County, Tennessee	yes	1.6666666666666667	13.860583927612913	392.04012470884226
3707	32	Commercial screen printing	47	323113	119	47119	Maury County, Tennessee	yes	1.5	12.580280092961251	344.84697647221583
3708	32	Commercial screen printing	47	323113	123	47123	Monroe County, Tennessee	yes	1.6666666666666667	13.860583927612913	392.04012470884226
3709	32	Commercial screen printing	47	323113	125	47125	Montgomery County, Tennessee	yes	1.5	12.024164174526492	337.1358037211879
3710	32	Commercial screen printing	47	323113	131	47131	Obion County, Tennessee	yes	1.0	8.456734971952363	240.68619383836776
3711	32	Commercial screen printing	47	323113	133	47133	Overton County, Tennessee	yes	1.0	6.635783298826777	203.81021394064874
3712	32	Commercial screen printing	47	323113	141	47141	Putnam County, Tennessee	no	4.0	10.0	243.0
3713	32	Commercial screen printing	47	323113	141	47141	Putnam County, Tennessee	yes	2.0	22.948243114909783	639.1005930943038
3714	32	Commercial screen printing	47	323113	143	47143	Rhea County, Tennessee	yes	1.0	8.175965741183132	229.76195581224292
3715	32	Commercial screen printing	47	323113	149	47149	Rutherford County, Tennessee	no	7.333333333333333	36.833333333333336	972.8333333333334
3716	32	Commercial screen printing	47	323113	155	47155	Sevier County, Tennessee	yes	1.3333333333333333	12.781253502267994	353.32630328330356
3717	32	Commercial screen printing	47	323113	157	47157	Shelby County, Tennessee	no	10.0	87.66666666666667	2626.1666666666665
3718	32	Commercial screen printing	47	323113	163	47163	Sullivan County, Tennessee	yes	2.1666666666666665	18.136732966443113	509.9433689873258
3719	32	Commercial screen printing	47	323113	165	47165	Sumner County, Tennessee	no	5.0	50.0	1662.25
3720	32	Commercial screen printing	47	323113	165	47165	Sumner County, Tennessee	yes	5.0	58.55591168091168	1678.3725071225072
3721	32	Commercial screen printing	47	323113	167	47167	Tipton County, Tennessee	yes	1.0	8.88061247662697	248.45547599738197
3722	32	Commercial screen printing	47	323113	171	47171	Unicoi County, Tennessee	yes	1.0	6.635783298826777	203.81021394064874
3723	32	Commercial screen printing	47	323113	179	47179	Washington County, Tennessee	no	3.0	2.75	109.0
3724	32	Commercial screen printing	47	323113	179	47179	Washington County, Tennessee	yes	3.0	19.90734989648033	611.4306418219461
3725	32	Commercial screen printing	47	323113	183	47183	Weakley County, Tennessee	yes	1.0	11.0	287.3018867924528
3726	32	Commercial screen printing	47	323113	185	47185	White County, Tennessee	yes	1.0	6.287103395799048	177.36065544761198
3727	32	Commercial screen printing	47	323113	187	47187	Williamson County, Tennessee	yes	1.3333333333333333	11.092540242902563	316.3922139775982
3728	32	Commercial screen printing	47	323113	189	47189	Wilson County, Tennessee	no	4.0	47.0	1202.0
3729	32	Commercial screen printing	47	323113	189	47189	Wilson County, Tennessee	yes	3.25	31.406517094017097	843.4497056926302
3730	32	Concrete block and brick manufacturing	47	327331	9	47009	Blount County, Tennessee	yes	1.0	23.240797691304937	1188.003905994703
3731	32	Concrete block and brick manufacturing	47	327331	11	47011	Bradley County, Tennessee	yes	1.0	23.240797691304937	1188.003905994703
3732	32	Concrete block and brick manufacturing	47	327331	35	47035	Cumberland County, Tennessee	yes	1.0	23.240797691304937	1188.003905994703
3733	32	Concrete block and brick manufacturing	47	327331	37	47037	Davidson County, Tennessee	yes	2.0	46.481595382609875	2376.007811989406
3734	32	Concrete block and brick manufacturing	47	327331	47	47047	Fayette County, Tennessee	yes	2.3333333333333335	54.03406451841235	2733.5016391499
3735	32	Concrete block and brick manufacturing	47	327331	49	47049	Fentress County, Tennessee	yes	1.0	23.240797691304937	1188.003905994703
3736	32	Concrete block and brick manufacturing	47	327331	51	47051	Franklin County, Tennessee	yes	1.0	23.240797691304937	1188.003905994703
3737	32	Concrete block and brick manufacturing	47	327331	63	47063	Hamblen County, Tennessee	yes	1.0	21.46428571428571	825.9642857142857
3738	32	Concrete block and brick manufacturing	47	327331	65	47065	Hamilton County, Tennessee	yes	1.0	23.240797691304937	1188.003905994703
3739	32	Concrete block and brick manufacturing	47	327331	77	47077	Henderson County, Tennessee	yes	1.0	24.221895206243033	1385.69872909699
3740	32	Concrete block and brick manufacturing	47	327331	113	47113	Madison County, Tennessee	yes	1.0	23.240797691304937	1188.003905994703
3741	32	Concrete block and brick manufacturing	47	327331	119	47119	Maury County, Tennessee	yes	1.0	23.240797691304937	1188.003905994703
3742	32	Concrete block and brick manufacturing	47	327331	123	47123	Monroe County, Tennessee	yes	1.0	22.259700176366845	990.3090828924161
3743	32	Concrete block and brick manufacturing	47	327331	125	47125	Montgomery County, Tennessee	yes	1.3333333333333333	30.984131024638273	1577.543905994703
3744	32	Concrete block and brick manufacturing	47	327331	131	47131	Obion County, Tennessee	yes	1.0	22.259700176366845	990.3090828924161
3745	32	Concrete block and brick manufacturing	47	327331	133	47133	Overton County, Tennessee	yes	1.0	23.240797691304937	1188.003905994703
3746	32	Concrete block and brick manufacturing	47	327331	141	47141	Putnam County, Tennessee	yes	1.0	23.240797691304937	1188.003905994703
3747	32	Concrete block and brick manufacturing	47	327331	145	47145	Roane County, Tennessee	yes	2.0	46.481595382609875	2376.007811989406
3748	32	Concrete block and brick manufacturing	47	327331	147	47147	Robertson County, Tennessee	yes	1.0	23.240797691304937	1188.003905994703
3749	32	Concrete block and brick manufacturing	47	327331	149	47149	Rutherford County, Tennessee	yes	1.0	23.240797691304937	1188.003905994703
3750	32	Concrete block and brick manufacturing	47	327331	155	47155	Sevier County, Tennessee	yes	1.1666666666666667	27.234131024638273	1391.2105726613697
3751	32	Concrete block and brick manufacturing	47	327331	163	47163	Sullivan County, Tennessee	yes	1.0	23.240797691304937	1188.003905994703
3752	32	Concrete block and brick manufacturing	47	327331	165	47165	Sumner County, Tennessee	yes	1.0	23.240797691304937	1188.003905994703
3753	32	Concrete block and brick manufacturing	47	327331	189	47189	Wilson County, Tennessee	no	3.0	49.666666666666664	3216.3333333333335
3754	32	Concrete block and brick manufacturing	47	327331	189	47189	Wilson County, Tennessee	yes	2.3333333333333335	51.67416225749559	2255.939594356261
3755	32	Concrete pipe manufacturing	47	327332	65	47065	Hamilton County, Tennessee	yes	1.0	25.369047619047617	1272.15873015873
3756	32	Concrete pipe manufacturing	47	327332	105	47105	Loudon County, Tennessee	yes	1.5	30.6547619047619	1749.5396825396826
3757	32	Concrete pipe manufacturing	47	327332	149	47149	Rutherford County, Tennessee	yes	1.0	25.369047619047617	1272.15873015873
3758	32	Concrete pipe manufacturing	47	327332	157	47157	Shelby County, Tennessee	yes	2.0	50.738095238095234	2544.31746031746
3759	32	Concrete pipe manufacturing	47	327332	187	47187	Williamson County, Tennessee	yes	1.0	25.369047619047617	1272.15873015873
3760	32	Corrugated and solid fiber box manufacturing	47	322211	11	47011	Bradley County, Tennessee	yes	2.0	148.2793297345929	8566.758812430851
3761	32	Corrugated and solid fiber box manufacturing	47	322211	19	47019	Carter County, Tennessee	yes	1.0	74.13966486729645	4283.379406215426
3762	32	Corrugated and solid fiber box manufacturing	47	322211	21	47021	Cheatham County, Tennessee	yes	1.0	74.13966486729645	4283.379406215426
3763	32	Corrugated and solid fiber box manufacturing	47	322211	31	47031	Coffee County, Tennessee	yes	1.6666666666666667	121.59076135852452	7115.908117986407
3764	32	Corrugated and solid fiber box manufacturing	47	322211	37	47037	Davidson County, Tennessee	yes	1.1666666666666667	84.63966486729645	4894.84337017939
3765	32	Corrugated and solid fiber box manufacturing	47	322211	53	47053	Gibson County, Tennessee	yes	2.0	148.2793297345929	8566.758812430851
3766	32	Corrugated and solid fiber box manufacturing	47	322211	55	47055	Giles County, Tennessee	yes	1.0	74.13966486729645	4283.379406215426
3767	32	Corrugated and solid fiber box manufacturing	47	322211	59	47059	Greene County, Tennessee	yes	1.0	74.13966486729645	4283.379406215426
3768	32	Corrugated and solid fiber box manufacturing	47	322211	63	47063	Hamblen County, Tennessee	yes	1.6666666666666667	126.50739991003148	7324.9790589932045
3769	32	Corrugated and solid fiber box manufacturing	47	322211	65	47065	Hamilton County, Tennessee	no	4.0	181.0	9635.666666666666
3770	32	Corrugated and solid fiber box manufacturing	47	322211	65	47065	Hamilton County, Tennessee	yes	2.6666666666666665	182.85438596491227	10853.652347083926
3771	32	Corrugated and solid fiber box manufacturing	47	322211	77	47077	Henderson County, Tennessee	yes	1.0	74.13966486729645	4283.379406215426
3772	32	Corrugated and solid fiber box manufacturing	47	322211	85	47085	Humphreys County, Tennessee	yes	1.0	74.13966486729645	4283.379406215426
3773	32	Corrugated and solid fiber box manufacturing	47	322211	93	47093	Knox County, Tennessee	no	4.0	64.75	2667.0
3774	32	Corrugated and solid fiber box manufacturing	47	322211	93	47093	Knox County, Tennessee	yes	3.0	209.1848684210526	12295.192105263157
3775	32	Corrugated and solid fiber box manufacturing	47	322211	97	47097	Lauderdale County, Tennessee	yes	1.0	71.1766447368421	4248.793067656472
3776	32	Corrugated and solid fiber box manufacturing	47	322211	99	47099	Lawrence County, Tennessee	yes	1.0	74.13966486729645	4283.379406215426
3777	32	Corrugated and solid fiber box manufacturing	47	322211	105	47105	Loudon County, Tennessee	yes	1.0	74.13966486729645	4283.379406215426
3778	32	Corrugated and solid fiber box manufacturing	47	322211	113	47113	Madison County, Tennessee	yes	2.1666666666666665	161.98766306792623	9421.69110409752
3779	32	Corrugated and solid fiber box manufacturing	47	322211	117	47117	Marshall County, Tennessee	yes	1.0	74.13966486729645	4283.379406215426
3780	32	Corrugated and solid fiber box manufacturing	47	322211	125	47125	Montgomery County, Tennessee	yes	1.0	74.13966486729645	4283.379406215426
3781	32	Corrugated and solid fiber box manufacturing	47	322211	143	47143	Rhea County, Tennessee	yes	1.0	74.13966486729645	4283.379406215426
3782	32	Corrugated and solid fiber box manufacturing	47	322211	149	47149	Rutherford County, Tennessee	no	3.0	249.0	14715.0
3783	32	Corrugated and solid fiber box manufacturing	47	322211	149	47149	Rutherford County, Tennessee	yes	2.0	134.97105263157894	7910.38568041726
3784	32	Corrugated and solid fiber box manufacturing	47	322211	157	47157	Shelby County, Tennessee	no	4.0	181.16666666666666	3906.5
3785	32	Corrugated and solid fiber box manufacturing	47	322211	159	47159	Smith County, Tennessee	yes	1.0	74.13966486729645	4283.379406215426
3786	32	Corrugated and solid fiber box manufacturing	47	322211	163	47163	Sullivan County, Tennessee	no	3.5	137.0	5880.0
3787	32	Corrugated and solid fiber box manufacturing	47	322211	163	47163	Sullivan County, Tennessee	yes	2.0	130.6315789473684	7450.678520625889
3788	32	Corrugated and solid fiber box manufacturing	47	322211	165	47165	Sumner County, Tennessee	no	4.0	141.0	8627.0
3789	32	Corrugated and solid fiber box manufacturing	47	322211	165	47165	Sumner County, Tennessee	yes	3.0	213.5299342105263	12746.379202969416
3790	32	Corrugated and solid fiber box manufacturing	47	322211	173	47173	Union County, Tennessee	yes	1.0	74.13966486729645	4283.379406215426
3791	32	Corrugated and solid fiber box manufacturing	47	322211	179	47179	Washington County, Tennessee	yes	1.0	63.0	3668.783783783784
3792	32	Corrugated and solid fiber box manufacturing	47	322211	183	47183	Weakley County, Tennessee	yes	1.0	78.55160256410257	4562.399479166667
3793	32	Corrugated and solid fiber box manufacturing	47	322211	189	47189	Wilson County, Tennessee	yes	2.0	148.2793297345929	8566.758812430851
3794	32	Custom compounding of purchased resins	47	325991	1	47001	Anderson County, Tennessee	yes	1.0	97.52602912510032	5346.102883843596
3795	32	Custom compounding of purchased resins	47	325991	9	47009	Blount County, Tennessee	yes	1.0	97.09005847953217	5329.311695906433
3796	32	Custom compounding of purchased resins	47	325991	11	47011	Bradley County, Tennessee	yes	1.0	97.52602912510032	5346.102883843596
3797	32	Custom compounding of purchased resins	47	325991	33	47033	Crockett County, Tennessee	yes	1.0	97.52602912510032	5346.102883843596
3798	32	Custom compounding of purchased resins	47	325991	37	47037	Davidson County, Tennessee	yes	2.0	195.05205825020064	10692.205767687192
3799	32	Custom compounding of purchased resins	47	325991	63	47063	Hamblen County, Tennessee	yes	1.0	97.52602912510032	5346.102883843596
3800	32	Custom compounding of purchased resins	47	325991	75	47075	Haywood County, Tennessee	yes	1.0	97.52602912510032	5346.102883843596
3801	32	Custom compounding of purchased resins	47	325991	93	47093	Knox County, Tennessee	yes	1.0	97.52602912510032	5346.102883843596
3802	32	Custom compounding of purchased resins	47	325991	101	47101	Lewis County, Tennessee	yes	1.0	97.52602912510032	5346.102883843596
3803	32	Custom compounding of purchased resins	47	325991	113	47113	Madison County, Tennessee	yes	1.0	97.52602912510032	5346.102883843596
3804	32	Custom compounding of purchased resins	47	325991	115	47115	Marion County, Tennessee	yes	1.0	97.52602912510032	5346.102883843596
3805	32	Custom compounding of purchased resins	47	325991	143	47143	Rhea County, Tennessee	yes	1.0	104.43859649122807	5733.350877192982
3806	32	Custom compounding of purchased resins	47	325991	157	47157	Shelby County, Tennessee	yes	2.0	195.05205825020064	10692.205767687192
3807	32	Custom compounding of purchased resins	47	325991	185	47185	White County, Tennessee	yes	1.0	97.52602912510032	5346.102883843596
3808	32	Custom compounding of purchased resins	47	325991	187	47187	Williamson County, Tennessee	yes	2.0	195.05205825020064	10692.205767687192
3809	32	Custom compounding of purchased resins	47	325991	189	47189	Wilson County, Tennessee	yes	1.1666666666666667	111.28918701983717	6089.085339983947
3810	32	Cut stock, resawing lumber, and planing	47	321912	5	47005	Benton County, Tennessee	yes	1.0	21.05686728395062	763.2684413580246
3811	32	Cut stock, resawing lumber, and planing	47	321912	9	47009	Blount County, Tennessee	yes	1.0	24.259516875746716	855.7828239674005
3812	32	Cut stock, resawing lumber, and planing	47	321912	21	47021	Cheatham County, Tennessee	yes	1.0	24.259516875746716	855.7828239674005
3813	32	Cut stock, resawing lumber, and planing	47	321912	27	47027	Clay County, Tennessee	yes	1.0	24.259516875746716	855.7828239674005
3814	32	Cut stock, resawing lumber, and planing	47	321912	31	47031	Coffee County, Tennessee	yes	1.0	27.508064516129032	997.205069124424
3815	32	Cut stock, resawing lumber, and planing	47	321912	35	47035	Cumberland County, Tennessee	yes	2.0	48.51903375149343	1711.565647934801
3816	32	Cut stock, resawing lumber, and planing	47	321912	37	47037	Davidson County, Tennessee	yes	1.0	27.37037037037037	850.4814814814814
3817	32	Cut stock, resawing lumber, and planing	47	321912	43	47043	Dickson County, Tennessee	yes	1.1666666666666667	27.462641875746716	968.2880323007339
3818	32	Cut stock, resawing lumber, and planing	47	321912	49	47049	Fentress County, Tennessee	yes	1.5	34.78795051772203	1237.417044646413
3819	32	Cut stock, resawing lumber, and planing	47	321912	57	47057	Grainger County, Tennessee	yes	1.0	24.407716547192354	848.9912406127326
3820	32	Cut stock, resawing lumber, and planing	47	321912	61	47061	Grundy County, Tennessee	yes	1.0	24.259516875746716	855.7828239674005
3821	32	Cut stock, resawing lumber, and planing	47	321912	63	47063	Hamblen County, Tennessee	no	3.0	146.0	3561.8333333333335
3822	32	Cut stock, resawing lumber, and planing	47	321912	69	47069	Hardeman County, Tennessee	yes	1.0	24.259516875746716	855.7828239674005
3823	32	Cut stock, resawing lumber, and planing	47	321912	73	47073	Hawkins County, Tennessee	yes	2.0	48.51903375149343	1711.565647934801
3824	32	Cut stock, resawing lumber, and planing	47	321912	77	47077	Henderson County, Tennessee	yes	1.0	24.259516875746716	855.7828239674005
3825	32	Cut stock, resawing lumber, and planing	47	321912	79	47079	Henry County, Tennessee	yes	1.0	19.21875	675.03125
3826	32	Cut stock, resawing lumber, and planing	47	321912	81	47081	Hickman County, Tennessee	yes	1.0	24.259516875746716	855.7828239674005
3827	32	Cut stock, resawing lumber, and planing	47	321912	91	47091	Johnson County, Tennessee	yes	1.0	24.259516875746716	855.7828239674005
3828	32	Cut stock, resawing lumber, and planing	47	321912	103	47103	Lincoln County, Tennessee	yes	1.0	27.508064516129032	997.205069124424
3829	32	Cut stock, resawing lumber, and planing	47	321912	109	47109	McNairy County, Tennessee	yes	1.0	24.259516875746716	855.7828239674005
3830	32	Cut stock, resawing lumber, and planing	47	321912	111	47111	Macon County, Tennessee	yes	1.0	24.259516875746716	855.7828239674005
3831	32	Cut stock, resawing lumber, and planing	47	321912	115	47115	Marion County, Tennessee	yes	2.0	48.51903375149343	1711.565647934801
3832	32	Cut stock, resawing lumber, and planing	47	321912	119	47119	Maury County, Tennessee	yes	1.0	19.21875	675.03125
3833	32	Cut stock, resawing lumber, and planing	47	321912	133	47133	Overton County, Tennessee	yes	1.0	19.82604166666667	700.0322916666667
3834	32	Cut stock, resawing lumber, and planing	47	321912	141	47141	Putnam County, Tennessee	yes	2.0	48.51903375149343	1711.565647934801
3835	32	Cut stock, resawing lumber, and planing	47	321912	145	47145	Roane County, Tennessee	yes	3.0	72.77855062724014	2567.3484719022017
3836	32	Cut stock, resawing lumber, and planing	47	321912	157	47157	Shelby County, Tennessee	yes	1.0	20.433333333333334	725.0333333333333
3837	32	Cut stock, resawing lumber, and planing	47	321912	165	47165	Sumner County, Tennessee	yes	1.0	27.46216646754281	948.2972065767764
3838	32	Cut stock, resawing lumber, and planing	47	321912	181	47181	Wayne County, Tennessee	yes	1.0	24.259516875746716	855.7828239674005
3839	32	Cut stock, resawing lumber, and planing	47	321912	183	47183	Weakley County, Tennessee	yes	1.0	21.05686728395062	763.2684413580246
3840	32	Cut stone and stone product manufacturing	47	327991	3	47003	Bedford County, Tennessee	yes	1.0	13.350000000000001	452.15000000000003
3841	32	Cut stone and stone product manufacturing	47	327991	9	47009	Blount County, Tennessee	yes	1.0	12.680534951028308	460.14063863081896
3842	32	Cut stone and stone product manufacturing	47	327991	19	47019	Carter County, Tennessee	yes	1.0	11.814516129032258	404.72503840245776
3843	32	Cut stone and stone product manufacturing	47	327991	23	47023	Chester County, Tennessee	yes	1.0	12.680534951028308	460.14063863081896
3844	32	Cut stone and stone product manufacturing	47	327991	29	47029	Cocke County, Tennessee	yes	1.0	13.177932263814617	483.1623147440795
3845	32	Cut stone and stone product manufacturing	47	327991	35	47035	Cumberland County, Tennessee	no	5.666666666666667	47.833333333333336	1651.5
3846	32	Cut stone and stone product manufacturing	47	327991	37	47037	Davidson County, Tennessee	no	10.166666666666666	159.5	7742.666666666667
3847	32	Cut stone and stone product manufacturing	47	327991	47	47047	Fayette County, Tennessee	yes	1.0	12.680534951028308	460.14063863081896
3848	32	Cut stone and stone product manufacturing	47	327991	51	47051	Franklin County, Tennessee	yes	1.0	12.680534951028308	460.14063863081896
3849	32	Cut stone and stone product manufacturing	47	327991	53	47053	Gibson County, Tennessee	yes	1.0	12.680534951028308	460.14063863081896
3850	32	Cut stone and stone product manufacturing	47	327991	55	47055	Giles County, Tennessee	yes	2.0	25.361069902056617	920.2812772616379
3851	32	Cut stone and stone product manufacturing	47	327991	65	47065	Hamilton County, Tennessee	no	4.0	96.33333333333333	4499.666666666667
3852	32	Cut stone and stone product manufacturing	47	327991	65	47065	Hamilton County, Tennessee	yes	3.0	35.44354838709677	1214.1751152073732
3853	32	Cut stone and stone product manufacturing	47	327991	81	47081	Hickman County, Tennessee	yes	1.0	13.7134867583397	504.6939648586707
3854	32	Cut stone and stone product manufacturing	47	327991	93	47093	Knox County, Tennessee	no	3.75	35.75	1456.0
3855	32	Cut stone and stone product manufacturing	47	327991	93	47093	Knox County, Tennessee	yes	2.0	20.808179723502302	716.0662442396313
3856	32	Cut stone and stone product manufacturing	47	327991	99	47099	Lawrence County, Tennessee	yes	1.5	18.927736568723287	700.0658010711617
3857	32	Cut stone and stone product manufacturing	47	327991	113	47113	Madison County, Tennessee	yes	1.0	12.680534951028308	460.14063863081896
3858	32	Cut stone and stone product manufacturing	47	327991	115	47115	Marion County, Tennessee	yes	1.0	12.680534951028308	460.14063863081896
3859	32	Cut stone and stone product manufacturing	47	327991	119	47119	Maury County, Tennessee	yes	1.0	12.129730997971036	459.1466722319426
3860	32	Cut stone and stone product manufacturing	47	327991	125	47125	Montgomery County, Tennessee	yes	1.0	10.61463133640553	371.03398617511516
3861	32	Cut stone and stone product manufacturing	47	327991	141	47141	Putnam County, Tennessee	yes	1.0	13.177932263814617	483.1623147440795
3862	32	Cut stone and stone product manufacturing	47	327991	145	47145	Roane County, Tennessee	yes	1.0	10.193548387096774	345.0322580645161
3863	32	Cut stone and stone product manufacturing	47	327991	147	47147	Robertson County, Tennessee	yes	1.0	10.61463133640553	371.03398617511516
3864	32	Cut stone and stone product manufacturing	47	327991	149	47149	Rutherford County, Tennessee	yes	1.1666666666666667	14.379459682211106	517.6460149749049
3865	32	Cut stone and stone product manufacturing	47	327991	157	47157	Shelby County, Tennessee	no	4.5	77.5	2104.0
3866	32	Cut stone and stone product manufacturing	47	327991	157	47157	Shelby County, Tennessee	yes	2.0	27.4269735166794	1009.3879297173414
3867	32	Cut stone and stone product manufacturing	47	327991	165	47165	Sumner County, Tennessee	no	3.0	37.666666666666664	1743.0
3868	32	Cut stone and stone product manufacturing	47	327991	165	47165	Sumner County, Tennessee	yes	2.3333333333333335	28.367127496159753	966.819124423963
3869	32	Cut stone and stone product manufacturing	47	327991	183	47183	Weakley County, Tennessee	yes	1.0	12.680534951028308	460.14063863081896
3870	32	Cut stone and stone product manufacturing	47	327991	185	47185	White County, Tennessee	yes	1.0	11.814516129032258	404.72503840245776
3871	32	Cut stone and stone product manufacturing	47	327991	187	47187	Williamson County, Tennessee	yes	1.8333333333333333	23.13606990205662	844.9229439283044
3872	32	Cut stone and stone product manufacturing	47	327991	189	47189	Wilson County, Tennessee	yes	1.0	12.680534951028308	460.14063863081896
3873	32	Cyclic crude, intermediate, and gum and wood chemical manufacturing	47	325194	35	47035	Cumberland County, Tennessee	yes	1.0	22.888888888888886	934.8333333333334
3874	32	Cyclic crude, intermediate, and gum and wood chemical manufacturing	47	325194	49	47049	Fentress County, Tennessee	yes	1.0	22.888888888888886	934.8333333333334
3875	32	Cyclic crude, intermediate, and gum and wood chemical manufacturing	47	325194	157	47157	Shelby County, Tennessee	yes	1.0	22.888888888888886	934.8333333333334
3876	32	Engineered wood member (except truss) manufacturing	47	321213	49	47049	Fentress County, Tennessee	yes	1.0	0.0	0.0
3877	32	Engineered wood member (except truss) manufacturing	47	321213	163	47163	Sullivan County, Tennessee	yes	1.0	0.0	0.0
3878	32	Ethyl alcohol manufacturing	47	325193	93	47093	Knox County, Tennessee	yes	1.0	0.0	0.0
3879	32	Ethyl alcohol manufacturing	47	325193	131	47131	Obion County, Tennessee	yes	1.0	0.0	0.0
3880	32	Explosives manufacturing	47	325920	37	47037	Davidson County, Tennessee	yes	1.0	32.800000000000004	2377.0
3881	32	Explosives manufacturing	47	325920	53	47053	Gibson County, Tennessee	yes	1.0	35.400000000000006	2415.5333333333333
3882	32	Explosives manufacturing	47	325920	59	47059	Greene County, Tennessee	yes	1.0	40.675000000000004	2527.15
3883	32	Explosives manufacturing	47	325920	81	47081	Hickman County, Tennessee	yes	1.0	27.11666666666667	1684.7666666666667
3884	32	Explosives manufacturing	47	325920	153	47153	Sequatchie County, Tennessee	yes	1.0	24.275	1338.65
3885	32	Explosives manufacturing	47	325920	163	47163	Sullivan County, Tennessee	yes	1.1666666666666667	27.11666666666667	1684.7666666666667
3886	32	Fertilizer (mixing only) manufacturing	47	325314	21	47021	Cheatham County, Tennessee	yes	1.0	6.5	390.4444444444444
3887	32	Fertilizer (mixing only) manufacturing	47	325314	39	47039	Decatur County, Tennessee	yes	1.3333333333333333	5.583333333333333	252.12222222222223
3888	32	Fertilizer (mixing only) manufacturing	47	325314	53	47053	Gibson County, Tennessee	yes	1.0	6.7	302.5466666666667
3889	32	Fertilizer (mixing only) manufacturing	47	325314	65	47065	Hamilton County, Tennessee	yes	1.0	5.583333333333333	252.12222222222223
3890	32	Fertilizer (mixing only) manufacturing	47	325314	75	47075	Haywood County, Tennessee	yes	1.0	5.583333333333333	252.12222222222223
3891	32	Fertilizer (mixing only) manufacturing	47	325314	157	47157	Shelby County, Tennessee	yes	1.0	5.583333333333333	252.12222222222223
3892	32	Flat glass manufacturing	47	327211	37	47037	Davidson County, Tennessee	yes	1.0	0.0	0.0
3893	32	Flat glass manufacturing	47	327211	73	47073	Hawkins County, Tennessee	yes	1.0	0.0	0.0
3894	32	Flat glass manufacturing	47	327211	163	47163	Sullivan County, Tennessee	yes	1.0	0.0	0.0
3895	32	Folding paperboard box manufacturing	47	322212	1	47001	Anderson County, Tennessee	yes	1.0	99.27535597572363	4787.884132819795
3896	32	Folding paperboard box manufacturing	47	322212	21	47021	Cheatham County, Tennessee	yes	1.0	99.27535597572363	4787.884132819795
3897	32	Folding paperboard box manufacturing	47	322212	37	47037	Davidson County, Tennessee	yes	1.0	101.57970063025209	4928.909532563026
3898	32	Folding paperboard box manufacturing	47	322212	55	47055	Giles County, Tennessee	yes	1.0	99.27535597572363	4787.884132819795
3899	32	Folding paperboard box manufacturing	47	322212	65	47065	Hamilton County, Tennessee	yes	2.0	198.55071195144725	9575.76826563959
3900	32	Folding paperboard box manufacturing	47	322212	93	47093	Knox County, Tennessee	no	3.0	235.33333333333334	12054.333333333334
3901	32	Folding paperboard box manufacturing	47	322212	97	47097	Lauderdale County, Tennessee	yes	1.0	93.73866421568627	4514.682291666667
3902	32	Folding paperboard box manufacturing	47	322212	99	47099	Lawrence County, Tennessee	yes	1.0	99.27535597572363	4787.884132819795
3903	32	Folding paperboard box manufacturing	47	322212	113	47113	Madison County, Tennessee	yes	1.0	99.27535597572363	4787.884132819795
3904	32	Folding paperboard box manufacturing	47	322212	117	47117	Marshall County, Tennessee	yes	1.0	99.27535597572363	4787.884132819795
3905	32	Folding paperboard box manufacturing	47	322212	119	47119	Maury County, Tennessee	yes	1.0	93.73866421568627	4514.682291666667
3906	32	Folding paperboard box manufacturing	47	322212	141	47141	Putnam County, Tennessee	yes	1.0	99.27535597572363	4787.884132819795
3907	32	Folding paperboard box manufacturing	47	322212	149	47149	Rutherford County, Tennessee	yes	1.0	93.13071895424837	4410.555555555556
3908	32	Folding paperboard box manufacturing	47	322212	157	47157	Shelby County, Tennessee	yes	1.6666666666666667	166.9951563958917	8073.823821195144
3909	32	Folding paperboard box manufacturing	47	322212	165	47165	Sumner County, Tennessee	yes	1.0	99.27535597572363	4787.884132819795
3910	32	Folding paperboard box manufacturing	47	322212	189	47189	Wilson County, Tennessee	yes	1.0	99.27535597572363	4787.884132819795
3911	32	Glass product manufacturing made of purchased glass	47	327215	9	47009	Blount County, Tennessee	yes	1.25	114.76229557479556	4665.953571428572
3912	32	Glass product manufacturing made of purchased glass	47	327215	31	47031	Coffee County, Tennessee	yes	1.0	71.7037037037037	2834.0
3913	32	Glass product manufacturing made of purchased glass	47	327215	35	47035	Cumberland County, Tennessee	yes	2.0	210.9748086546332	8859.341604010026
3914	32	Glass product manufacturing made of purchased glass	47	327215	37	47037	Davidson County, Tennessee	yes	1.3333333333333333	140.65785887277116	5906.020802005012
3915	32	Glass product manufacturing made of purchased glass	47	327215	43	47043	Dickson County, Tennessee	yes	1.0	105.4874043273166	4429.670802005013
3916	32	Glass product manufacturing made of purchased glass	47	327215	63	47063	Hamblen County, Tennessee	yes	1.0	71.7037037037037	2834.0
3917	32	Glass product manufacturing made of purchased glass	47	327215	65	47065	Hamilton County, Tennessee	yes	2.3333333333333335	241.46709260525049	10108.774937343356
3918	32	Glass product manufacturing made of purchased glass	47	327215	73	47073	Hawkins County, Tennessee	yes	2.0	210.9748086546332	8859.341604010026
3919	32	Glass product manufacturing made of purchased glass	47	327215	93	47093	Knox County, Tennessee	no	4.0	7.0	101.0
3920	32	Glass product manufacturing made of purchased glass	47	327215	93	47093	Knox County, Tennessee	yes	3.2	313.4941571099465	12960.755639097742
3921	32	Glass product manufacturing made of purchased glass	47	327215	99	47099	Lawrence County, Tennessee	yes	1.0	105.4874043273166	4429.670802005013
3922	32	Glass product manufacturing made of purchased glass	47	327215	123	47123	Monroe County, Tennessee	yes	2.0	210.9748086546332	8859.341604010026
3923	32	Glass product manufacturing made of purchased glass	47	327215	145	47145	Roane County, Tennessee	yes	2.0	210.9748086546332	8859.341604010026
3924	32	Glass product manufacturing made of purchased glass	47	327215	155	47155	Sevier County, Tennessee	yes	1.1666666666666667	117.43802161126722	4902.004135338346
3925	32	Glass product manufacturing made of purchased glass	47	327215	157	47157	Shelby County, Tennessee	yes	1.0	105.4874043273166	4429.670802005013
3926	32	Glass product manufacturing made of purchased glass	47	327215	161	47161	Stewart County, Tennessee	yes	1.0	114.15041866028707	4901.577631578947
3927	32	Glass product manufacturing made of purchased glass	47	327215	165	47165	Sumner County, Tennessee	yes	1.0	105.4874043273166	4429.670802005013
3928	32	Ground or treated mineral and earth manufacturing	47	327992	11	47011	Bradley County, Tennessee	yes	1.0	31.976190476190478	1481.2261904761906
3929	32	Ground or treated mineral and earth manufacturing	47	327992	37	47037	Davidson County, Tennessee	yes	2.1666666666666665	63.952380952380956	2962.452380952381
3930	32	Ground or treated mineral and earth manufacturing	47	327992	45	47045	Dyer County, Tennessee	yes	1.0	38.371428571428574	1777.4714285714285
3931	32	Ground or treated mineral and earth manufacturing	47	327992	59	47059	Greene County, Tennessee	yes	1.0	31.976190476190478	1481.2261904761906
3932	32	Ground or treated mineral and earth manufacturing	47	327992	69	47069	Hardeman County, Tennessee	yes	1.0	31.976190476190478	1481.2261904761906
3933	32	Ground or treated mineral and earth manufacturing	47	327992	125	47125	Montgomery County, Tennessee	yes	1.0	37.0	1648.5
3934	32	Ground or treated mineral and earth manufacturing	47	327992	157	47157	Shelby County, Tennessee	yes	1.0	31.976190476190478	1481.2261904761906
3935	32	Gypsum product manufacturing	47	327420	93	47093	Knox County, Tennessee	yes	1.0	0.0	0.0
3936	32	Gypsum product manufacturing	47	327420	123	47123	Monroe County, Tennessee	yes	1.0	0.0	0.0
3937	32	Gypsum product manufacturing	47	327420	125	47125	Montgomery County, Tennessee	yes	1.0	0.0	0.0
3938	32	Gypsum product manufacturing	47	327420	161	47161	Stewart County, Tennessee	yes	1.25	0.0	0.0
3939	32	Hardwood veneer and plywood manufacturing	47	321211	37	47037	Davidson County, Tennessee	yes	1.0	12.833333333333332	313.3333333333333
3940	32	Hardwood veneer and plywood manufacturing	47	321211	79	47079	Henry County, Tennessee	yes	1.0	7.173333333333332	188.17333333333332
3941	32	Hardwood veneer and plywood manufacturing	47	321211	151	47151	Scott County, Tennessee	yes	1.0	11.955555555555554	313.6222222222222
3942	32	Hardwood veneer and plywood manufacturing	47	321211	155	47155	Sevier County, Tennessee	yes	1.0	6.7	171.03333333333333
3943	32	Hardwood veneer and plywood manufacturing	47	321211	157	47157	Shelby County, Tennessee	yes	1.0	6.7	171.03333333333333
3944	32	Hardwood veneer and plywood manufacturing	47	321211	179	47179	Washington County, Tennessee	yes	1.0	6.7	171.03333333333333
3945	32	In-vitro diagnostic substance manufacturing	47	325413	93	47093	Knox County, Tennessee	yes	1.0	0.0	0.0
3946	32	In-vitro diagnostic substance manufacturing	47	325413	157	47157	Shelby County, Tennessee	yes	1.3333333333333333	0.0	0.0
3947	32	Industrial gas manufacturing	47	325120	11	47011	Bradley County, Tennessee	yes	1.0	16.88888888888889	1725.0315656565656
3948	32	Industrial gas manufacturing	47	325120	37	47037	Davidson County, Tennessee	yes	2.8333333333333335	50.666666666666664	4972.215909090909
3949	32	Industrial gas manufacturing	47	325120	65	47065	Hamilton County, Tennessee	yes	2.0	33.77777777777778	3450.063131313131
3950	32	Industrial gas manufacturing	47	325120	105	47105	Loudon County, Tennessee	yes	2.0	33.77777777777778	3450.063131313131
3951	32	Industrial gas manufacturing	47	325120	125	47125	Montgomery County, Tennessee	yes	1.0	16.88888888888889	1725.0315656565656
3952	32	Industrial gas manufacturing	47	325120	157	47157	Shelby County, Tennessee	yes	2.0	33.77777777777778	3450.063131313131
3953	32	Industrial gas manufacturing	47	325120	163	47163	Sullivan County, Tennessee	yes	1.0	16.88888888888889	1725.0315656565656
3954	32	Industrial gas manufacturing	47	325120	179	47179	Washington County, Tennessee	yes	1.0	35.0	2048.0
3955	32	Laminated plastics plate, sheet (except packaging), and shape manufacturing	47	326130	3	47003	Bedford County, Tennessee	yes	1.0	0.0	0.0
3956	32	Laminated plastics plate, sheet (except packaging), and shape manufacturing	47	326130	37	47037	Davidson County, Tennessee	yes	1.0	0.0	0.0
3957	32	Laminated plastics plate, sheet (except packaging), and shape manufacturing	47	326130	47	47047	Fayette County, Tennessee	yes	1.0	0.0	0.0
3958	32	Laminated plastics plate, sheet (except packaging), and shape manufacturing	47	326130	157	47157	Shelby County, Tennessee	yes	1.1666666666666667	0.0	0.0
3959	32	Lime manufacturing	47	327410	159	47159	Smith County, Tennessee	yes	1.0	0.0	0.0
3960	32	Lime manufacturing	47	327410	173	47173	Union County, Tennessee	yes	1.0	0.0	0.0
3961	32	Manufactured home (mobile home) manufacturing	47	321991	1	47001	Anderson County, Tennessee	yes	1.0	64.62622549019608	2616.1973039215686
3962	32	Manufactured home (mobile home) manufacturing	47	321991	9	47009	Blount County, Tennessee	yes	1.6666666666666667	129.25245098039215	5232.394607843137
3963	32	Manufactured home (mobile home) manufacturing	47	321991	25	47025	Claiborne County, Tennessee	yes	1.0	64.62622549019608	2616.1973039215686
3964	32	Manufactured home (mobile home) manufacturing	47	321991	35	47035	Cumberland County, Tennessee	yes	1.0	0.0	0.0
3965	32	Manufactured home (mobile home) manufacturing	47	321991	55	47055	Giles County, Tennessee	yes	1.0	0.0	0.0
3966	32	Manufactured home (mobile home) manufacturing	47	321991	57	47057	Grainger County, Tennessee	yes	3.3333333333333335	193.87867647058826	7848.591911764706
3967	32	Manufactured home (mobile home) manufacturing	47	321991	63	47063	Hamblen County, Tennessee	yes	1.0	77.55147058823529	3139.4367647058825
3968	32	Manufactured home (mobile home) manufacturing	47	321991	71	47071	Hardin County, Tennessee	yes	1.0	64.62622549019608	2616.1973039215686
3969	32	Manufactured home (mobile home) manufacturing	47	321991	79	47079	Henry County, Tennessee	yes	1.0	28.970588235294116	1187.264705882353
3970	32	Manufactured home (mobile home) manufacturing	47	321991	89	47089	Jefferson County, Tennessee	yes	1.0	64.62622549019608	2616.1973039215686
3971	32	Manufactured home (mobile home) manufacturing	47	321991	93	47093	Knox County, Tennessee	yes	1.0	64.62622549019608	2616.1973039215686
3972	32	Manufactured home (mobile home) manufacturing	47	321991	99	47099	Lawrence County, Tennessee	yes	1.0	77.55147058823529	3139.4367647058825
3973	32	Manufactured home (mobile home) manufacturing	47	321991	111	47111	Macon County, Tennessee	yes	1.0	64.62622549019608	2616.1973039215686
3974	32	Manufactured home (mobile home) manufacturing	47	321991	119	47119	Maury County, Tennessee	yes	1.0	0.0	0.0
3975	32	Manufactured home (mobile home) manufacturing	47	321991	173	47173	Union County, Tennessee	yes	2.0	129.25245098039215	5232.394607843137
3976	32	Manufactured home (mobile home) manufacturing	47	321991	183	47183	Weakley County, Tennessee	yes	1.0	64.62622549019608	2616.1973039215686
3977	32	Medicinal and botanical manufacturing	47	325411	65	47065	Hamilton County, Tennessee	yes	1.0	0.0	0.0
3978	32	Medicinal and botanical manufacturing	47	325411	89	47089	Jefferson County, Tennessee	yes	1.0	0.0	0.0
3979	32	Medicinal and botanical manufacturing	47	325411	105	47105	Loudon County, Tennessee	yes	1.0	0.0	0.0
3980	32	Medicinal and botanical manufacturing	47	325411	135	47135	Perry County, Tennessee	yes	1.0	0.0	0.0
3981	32	Mineral wool manufacturing	47	327993	9	47009	Blount County, Tennessee	yes	1.0	5.318181818181818	245.63636363636365
3982	32	Mineral wool manufacturing	47	327993	11	47011	Bradley County, Tennessee	yes	1.0	11.645454545454546	539.0909090909091
3983	32	Mineral wool manufacturing	47	327993	35	47035	Cumberland County, Tennessee	yes	1.0	0.0	0.0
3984	32	Mineral wool manufacturing	47	327993	65	47065	Hamilton County, Tennessee	yes	1.0	11.645454545454546	539.0909090909091
3985	32	Mineral wool manufacturing	47	327993	85	47085	Humphreys County, Tennessee	yes	1.0	23.290909090909093	1078.1818181818182
3986	32	Mineral wool manufacturing	47	327993	125	47125	Montgomery County, Tennessee	yes	1.0	11.645454545454546	539.0909090909091
3987	32	Mineral wool manufacturing	47	327993	147	47147	Robertson County, Tennessee	yes	1.0	11.645454545454546	539.0909090909091
3988	32	Mineral wool manufacturing	47	327993	149	47149	Rutherford County, Tennessee	yes	1.0	24.3	1126.0
3989	32	Mineral wool manufacturing	47	327993	157	47157	Shelby County, Tennessee	yes	2.0	26.836363636363632	1241.939393939394
3990	32	Mineral wool manufacturing	47	327993	179	47179	Washington County, Tennessee	yes	1.0	13.974545454545455	646.9090909090909
3991	32	Mineral wool manufacturing	47	327993	189	47189	Wilson County, Tennessee	yes	1.0	11.645454545454546	539.0909090909091
3992	32	Newsprint mills	47	322122	107	47107	McMinn County, Tennessee	yes	1.0	0.0	0.0
3993	32	Nitrogenous fertilizer manufacturing	47	325311	53	47053	Gibson County, Tennessee	yes	1.0	0.0	0.0
3994	32	Nitrogenous fertilizer manufacturing	47	325311	163	47163	Sullivan County, Tennessee	yes	1.0	0.0	0.0
3995	32	Other basic inorganic chemical manufacturing	47	325180	9	47009	Blount County, Tennessee	yes	1.0	89.28523119392685	7715.776104209799
3996	32	Other basic inorganic chemical manufacturing	47	325180	11	47011	Bradley County, Tennessee	yes	1.0	89.28523119392685	7715.776104209799
3997	32	Other basic inorganic chemical manufacturing	47	325180	37	47037	Davidson County, Tennessee	yes	1.0	89.28523119392685	7715.776104209799
3998	32	Other basic inorganic chemical manufacturing	47	325180	43	47043	Dickson County, Tennessee	yes	1.0	93.33236714975845	8214.75458937198
3999	32	Other basic inorganic chemical manufacturing	47	325180	65	47065	Hamilton County, Tennessee	no	4.0	125.16666666666667	9198.666666666666
4000	32	Other basic inorganic chemical manufacturing	47	325180	71	47071	Hardin County, Tennessee	yes	1.0	89.28523119392685	7715.776104209799
4001	32	Other basic inorganic chemical manufacturing	47	325180	85	47085	Humphreys County, Tennessee	yes	2.0	178.5704623878537	15431.552208419598
4002	32	Other basic inorganic chemical manufacturing	47	325180	93	47093	Knox County, Tennessee	yes	1.0	89.28523119392685	7715.776104209799
4003	32	Other basic inorganic chemical manufacturing	47	325180	107	47107	McMinn County, Tennessee	yes	1.6666666666666667	152.82046238785367	13289.093875086264
4004	32	Other basic inorganic chemical manufacturing	47	325180	119	47119	Maury County, Tennessee	yes	1.0	86.02561076604555	7519.247991718427
4005	32	Other basic inorganic chemical manufacturing	47	325180	147	47147	Robertson County, Tennessee	yes	1.0	89.28523119392685	7715.776104209799
4006	32	Other basic inorganic chemical manufacturing	47	325180	155	47155	Sevier County, Tennessee	yes	1.0	89.28523119392685	7715.776104209799
4007	32	Other basic inorganic chemical manufacturing	47	325180	157	47157	Shelby County, Tennessee	no	4.0	587.6666666666666	63372.0
4008	32	Other basic inorganic chemical manufacturing	47	325180	163	47163	Sullivan County, Tennessee	yes	1.0	89.28523119392685	7715.776104209799
4009	32	Other basic inorganic chemical manufacturing	47	325180	171	47171	Unicoi County, Tennessee	yes	1.0	97.35894409937887	8427.664658385092
4010	32	Other concrete product manufacturing	47	327390	1	47001	Anderson County, Tennessee	yes	1.3333333333333333	20.293905304057105	676.1424595644709
4011	32	Other concrete product manufacturing	47	327390	19	47019	Carter County, Tennessee	yes	1.0	15.046848739495797	453.51092436974784
4012	32	Other concrete product manufacturing	47	327390	21	47021	Cheatham County, Tennessee	no	3.0	177.5	7333.0
4013	32	Other concrete product manufacturing	47	327390	23	47023	Chester County, Tennessee	yes	1.0	15.16256889852715	489.2415379054847
4014	32	Other concrete product manufacturing	47	327390	29	47029	Cocke County, Tennessee	yes	2.0	30.3251377970543	978.4830758109694
4015	32	Other concrete product manufacturing	47	327390	35	47035	Cumberland County, Tennessee	yes	1.1666666666666667	17.643521279479533	556.8224902864371
4016	32	Other concrete product manufacturing	47	327390	37	47037	Davidson County, Tennessee	yes	2.0	30.3251377970543	978.4830758109694
4017	32	Other concrete product manufacturing	47	327390	41	47041	DeKalb County, Tennessee	yes	1.0	15.394009216589861	560.7027649769585
4018	32	Other concrete product manufacturing	47	327390	47	47047	Fayette County, Tennessee	yes	1.0	15.16256889852715	489.2415379054847
4019	32	Other concrete product manufacturing	47	327390	51	47051	Franklin County, Tennessee	yes	1.0	15.16256889852715	489.2415379054847
4020	32	Other concrete product manufacturing	47	327390	65	47065	Hamilton County, Tennessee	no	3.5	0.0	261.0
4021	32	Other concrete product manufacturing	47	327390	65	47065	Hamilton County, Tennessee	yes	1.5	21.419273515857956	705.8589455136893
4022	32	Other concrete product manufacturing	47	327390	79	47079	Henry County, Tennessee	yes	1.0	14.750996204933585	513.4551640010843
4023	32	Other concrete product manufacturing	47	327390	93	47093	Knox County, Tennessee	no	4.5	68.25	2481.75
4024	32	Other concrete product manufacturing	47	327390	93	47093	Knox County, Tennessee	yes	3.5	57.65714285714286	1682.6142857142856
4025	32	Other concrete product manufacturing	47	327390	99	47099	Lawrence County, Tennessee	yes	1.1666666666666667	17.643521279479533	556.8224902864371
4026	32	Other concrete product manufacturing	47	327390	103	47103	Lincoln County, Tennessee	yes	1.0	15.16256889852715	489.2415379054847
4027	32	Other concrete product manufacturing	47	327390	105	47105	Loudon County, Tennessee	yes	1.2	18.635082678232582	601.2212740580102
4028	32	Other concrete product manufacturing	47	327390	113	47113	Madison County, Tennessee	no	3.0	38.8	2210.0
4029	32	Other concrete product manufacturing	47	327390	113	47113	Madison County, Tennessee	yes	2.0	29.771428571428572	810.9714285714285
4030	32	Other concrete product manufacturing	47	327390	117	47117	Marshall County, Tennessee	yes	1.0	15.16256889852715	489.2415379054847
4031	32	Other concrete product manufacturing	47	327390	119	47119	Maury County, Tennessee	yes	2.0	30.3251377970543	978.4830758109694
4032	32	Other concrete product manufacturing	47	327390	123	47123	Monroe County, Tennessee	yes	1.3333333333333333	20.49114032709858	636.17963314358
4033	32	Other concrete product manufacturing	47	327390	125	47125	Montgomery County, Tennessee	yes	1.0	15.16256889852715	489.2415379054847
4034	32	Other concrete product manufacturing	47	327390	133	47133	Overton County, Tennessee	yes	1.0	15.16256889852715	489.2415379054847
4035	32	Other concrete product manufacturing	47	327390	143	47143	Rhea County, Tennessee	yes	1.0	15.046848739495797	453.51092436974784
4036	32	Other concrete product manufacturing	47	327390	149	47149	Rutherford County, Tennessee	yes	1.1666666666666667	17.643521279479533	556.8224902864371
4037	32	Other concrete product manufacturing	47	327390	155	47155	Sevier County, Tennessee	yes	1.0	14.10798319327731	466.20756302521005
4038	32	Other concrete product manufacturing	47	327390	157	47157	Shelby County, Tennessee	yes	2.0	30.3251377970543	978.4830758109694
4039	32	Other concrete product manufacturing	47	327390	159	47159	Smith County, Tennessee	yes	1.0	14.10798319327731	466.20756302521005
4040	32	Other concrete product manufacturing	47	327390	163	47163	Sullivan County, Tennessee	yes	2.0	30.3251377970543	978.4830758109694
4041	32	Other concrete product manufacturing	47	327390	165	47165	Sumner County, Tennessee	yes	1.0	15.16256889852715	489.2415379054847
4042	32	Other concrete product manufacturing	47	327390	177	47177	Warren County, Tennessee	yes	1.0	15.16256889852715	489.2415379054847
4043	32	Other concrete product manufacturing	47	327390	189	47189	Wilson County, Tennessee	yes	1.8333333333333333	27.844185416101922	910.9021234300171
4044	32	Other millwork (including flooring)	47	321918	1	47001	Anderson County, Tennessee	yes	1.0	26.82183404995905	973.6306852306852
4045	32	Other millwork (including flooring)	47	321918	5	47005	Benton County, Tennessee	yes	1.0	60.65578931203931	2167.7593502593504
4046	32	Other millwork (including flooring)	47	321918	7	47007	Bledsoe County, Tennessee	yes	1.0	26.82183404995905	973.6306852306852
4047	32	Other millwork (including flooring)	47	321918	11	47011	Bradley County, Tennessee	yes	1.3333333333333333	35.42704238329238	1282.1417963417964
4048	32	Other millwork (including flooring)	47	321918	31	47031	Coffee County, Tennessee	yes	1.0	26.82183404995905	973.6306852306852
4049	32	Other millwork (including flooring)	47	321918	37	47037	Davidson County, Tennessee	yes	1.0	33.66620085995086	1231.4434889434892
4050	32	Other millwork (including flooring)	47	321918	47	47047	Fayette County, Tennessee	yes	1.0	60.65578931203931	2167.7593502593504
4051	32	Other millwork (including flooring)	47	321918	49	47049	Fentress County, Tennessee	yes	1.0	-7.303030303030304	-172.9090909090909
4052	32	Other millwork (including flooring)	47	321918	53	47053	Gibson County, Tennessee	yes	1.0	60.65578931203931	2167.7593502593504
4053	32	Other millwork (including flooring)	47	321918	61	47061	Grundy County, Tennessee	yes	1.0	-7.012121212121212	-220.4979797979798
4054	32	Other millwork (including flooring)	47	321918	63	47063	Hamblen County, Tennessee	yes	2.0	53.6436680999181	1947.2613704613705
4055	32	Other millwork (including flooring)	47	321918	65	47065	Hamilton County, Tennessee	yes	1.0	26.82183404995905	973.6306852306852
4056	32	Other millwork (including flooring)	47	321918	69	47069	Hardeman County, Tennessee	yes	1.0	26.82183404995905	973.6306852306852
4057	32	Other millwork (including flooring)	47	321918	89	47089	Jefferson County, Tennessee	yes	1.0	-6.818181818181818	-173.03030303030303
4058	32	Other millwork (including flooring)	47	321918	91	47091	Johnson County, Tennessee	yes	1.0	26.82183404995905	973.6306852306852
4059	32	Other millwork (including flooring)	47	321918	93	47093	Knox County, Tennessee	yes	1.0	26.82183404995905	973.6306852306852
4060	32	Other millwork (including flooring)	47	321918	113	47113	Madison County, Tennessee	yes	1.0	26.82183404995905	973.6306852306852
4061	32	Other millwork (including flooring)	47	321918	115	47115	Marion County, Tennessee	yes	1.0	26.82183404995905	973.6306852306852
4062	32	Other millwork (including flooring)	47	321918	123	47123	Monroe County, Tennessee	yes	1.0	26.82183404995905	973.6306852306852
4063	32	Other millwork (including flooring)	47	321918	133	47133	Overton County, Tennessee	yes	1.0	26.82183404995905	973.6306852306852
4064	32	Other millwork (including flooring)	47	321918	141	47141	Putnam County, Tennessee	yes	1.0	26.82183404995905	973.6306852306852
4065	32	Other millwork (including flooring)	47	321918	149	47149	Rutherford County, Tennessee	yes	2.5	50.1376074938575	1837.0123805623807
4066	32	Other millwork (including flooring)	47	321918	151	47151	Scott County, Tennessee	yes	2.0	53.6436680999181	1947.2613704613705
4067	32	Other millwork (including flooring)	47	321918	155	47155	Sevier County, Tennessee	yes	1.0	26.82183404995905	973.6306852306852
4068	32	Other millwork (including flooring)	47	321918	157	47157	Shelby County, Tennessee	no	5.333333333333333	221.5	6357.666666666667
4069	32	Other millwork (including flooring)	47	321918	163	47163	Sullivan County, Tennessee	yes	1.0	26.82183404995905	973.6306852306852
4070	32	Other millwork (including flooring)	47	321918	165	47165	Sumner County, Tennessee	yes	1.0	27.324938574938578	997.6793611793613
4071	32	Other millwork (including flooring)	47	321918	173	47173	Union County, Tennessee	yes	1.0	-6.818181818181818	-173.03030303030303
4072	32	Other millwork (including flooring)	47	321918	177	47177	Warren County, Tennessee	yes	2.0	53.6436680999181	1947.2613704613705
4073	32	Other millwork (including flooring)	47	321918	179	47179	Washington County, Tennessee	yes	2.1666666666666665	75.3501928064428	2698.875894075894
4074	32	Other millwork (including flooring)	47	321918	181	47181	Wayne County, Tennessee	yes	1.0	26.82183404995905	973.6306852306852
4075	32	Other millwork (including flooring)	47	321918	185	47185	White County, Tennessee	yes	1.0	26.82183404995905	973.6306852306852
4076	32	Other paperboard container manufacturing	47	322219	29	47029	Cocke County, Tennessee	yes	1.0	94.98024891774891	4557.120941558442
4077	32	Other paperboard container manufacturing	47	322219	37	47037	Davidson County, Tennessee	yes	1.0	94.98024891774891	4557.120941558442
4078	32	Other paperboard container manufacturing	47	322219	59	47059	Greene County, Tennessee	yes	1.0	94.98024891774891	4557.120941558442
4079	32	Other paperboard container manufacturing	47	322219	63	47063	Hamblen County, Tennessee	yes	1.0	90.18181818181819	4032.318181818182
4080	32	Other paperboard container manufacturing	47	322219	65	47065	Hamilton County, Tennessee	yes	2.0	180.36363636363637	8064.636363636364
4081	32	Other paperboard container manufacturing	47	322219	113	47113	Madison County, Tennessee	yes	2.0	189.96049783549782	9114.241883116883
4082	32	Other paperboard container manufacturing	47	322219	125	47125	Montgomery County, Tennessee	yes	1.0	94.98024891774891	4557.120941558442
4083	32	Other paperboard container manufacturing	47	322219	149	47149	Rutherford County, Tennessee	yes	1.0	94.98024891774891	4557.120941558442
4084	32	Other paperboard container manufacturing	47	322219	157	47157	Shelby County, Tennessee	yes	1.0	88.57954545454545	4058.6704545454545
4085	32	Other pressed and blown glass and glassware manufacturing	47	327212	65	47065	Hamilton County, Tennessee	yes	1.0	33.47222222222222	2212.654761904762
4086	32	Other pressed and blown glass and glassware manufacturing	47	327212	93	47093	Knox County, Tennessee	yes	1.0	33.47222222222222	2212.654761904762
4087	32	Other pressed and blown glass and glassware manufacturing	47	327212	107	47107	McMinn County, Tennessee	yes	1.0	33.47222222222222	2212.654761904762
4088	32	Other pressed and blown glass and glassware manufacturing	47	327212	113	47113	Madison County, Tennessee	yes	1.0	33.47222222222222	2212.654761904762
4089	32	Other pressed and blown glass and glassware manufacturing	47	327212	119	47119	Maury County, Tennessee	yes	1.0	33.47222222222222	2212.654761904762
4090	32	Other pressed and blown glass and glassware manufacturing	47	327212	157	47157	Shelby County, Tennessee	yes	1.4	40.166666666666664	2655.1857142857143
4091	32	Other pressed and blown glass and glassware manufacturing	47	327212	187	47187	Williamson County, Tennessee	yes	1.0	25.2	1695.8857142857141
4092	32	Paint and coating manufacturing	47	325510	1	47001	Anderson County, Tennessee	yes	1.0	20.605791722896985	2930.831983805668
4093	32	Paint and coating manufacturing	47	325510	11	47011	Bradley County, Tennessee	yes	1.0	41.68380566801619	3350.3049932523613
4094	32	Paint and coating manufacturing	47	325510	37	47037	Davidson County, Tennessee	no	3.0	10.2	835.6
4095	32	Paint and coating manufacturing	47	325510	37	47037	Davidson County, Tennessee	yes	3.0	95.53846153846155	8115.6923076923085
4096	32	Paint and coating manufacturing	47	325510	65	47065	Hamilton County, Tennessee	yes	1.1666666666666667	20.605791722896985	3561.344804318489
4097	32	Paint and coating manufacturing	47	325510	79	47079	Henry County, Tennessee	yes	1.0	41.68380566801619	3350.3049932523613
4098	32	Paint and coating manufacturing	47	325510	93	47093	Knox County, Tennessee	yes	1.0	20.605791722896985	2930.831983805668
4099	32	Paint and coating manufacturing	47	325510	103	47103	Lincoln County, Tennessee	yes	1.0	20.605791722896985	2930.831983805668
4100	32	Paint and coating manufacturing	47	325510	117	47117	Marshall County, Tennessee	yes	1.0	20.605791722896985	2930.831983805668
4101	32	Paint and coating manufacturing	47	325510	157	47157	Shelby County, Tennessee	no	5.666666666666667	363.0	22419.333333333332
4102	32	Paint and coating manufacturing	47	325510	157	47157	Shelby County, Tennessee	yes	5.0	-2.361111111111111	12556.794871794873
4103	32	Paint and coating manufacturing	47	325510	165	47165	Sumner County, Tennessee	yes	1.5	41.447694556905084	4605.984480431848
4104	32	Paint and coating manufacturing	47	325510	187	47187	Williamson County, Tennessee	yes	1.0	20.605791722896985	2930.831983805668
4105	32	Paper (except newsprint) mills	47	322121	13	47013	Campbell County, Tennessee	yes	1.0	241.66666666666666	16889.0
4106	32	Paper (except newsprint) mills	47	322121	105	47105	Loudon County, Tennessee	yes	1.0	265.60833333333335	17360.366666666665
4107	32	Paper (except newsprint) mills	47	322121	117	47117	Marshall County, Tennessee	yes	1.0	265.60833333333335	17360.366666666665
4108	32	Paper (except newsprint) mills	47	322121	157	47157	Shelby County, Tennessee	yes	1.1666666666666667	306.675	20069.233333333334
4109	32	Paper (except newsprint) mills	47	322121	163	47163	Sullivan County, Tennessee	yes	1.0	265.60833333333335	17360.366666666665
4110	32	Paper bag and coated and treated paper manufacturing	47	322220	31	47031	Coffee County, Tennessee	yes	1.0	83.86231171362749	2670.448600035442
4111	32	Paper bag and coated and treated paper manufacturing	47	322220	37	47037	Davidson County, Tennessee	no	3.0	29.333333333333332	1887.6666666666667
4112	32	Paper bag and coated and treated paper manufacturing	47	322220	37	47037	Davidson County, Tennessee	yes	2.6666666666666665	226.133971291866	7183.539074960127
4113	32	Paper bag and coated and treated paper manufacturing	47	322220	53	47053	Gibson County, Tennessee	yes	1.0	83.86231171362749	2670.448600035442
4114	32	Paper bag and coated and treated paper manufacturing	47	322220	59	47059	Greene County, Tennessee	yes	1.0	83.86231171362749	2670.448600035442
4115	32	Paper bag and coated and treated paper manufacturing	47	322220	63	47063	Hamblen County, Tennessee	yes	1.0	73.13863636363637	2511.4727272727273
4116	32	Paper bag and coated and treated paper manufacturing	47	322220	65	47065	Hamilton County, Tennessee	yes	1.0	83.86231171362749	2670.448600035442
4117	32	Paper bag and coated and treated paper manufacturing	47	322220	73	47073	Hawkins County, Tennessee	yes	1.1666666666666667	97.38503898635476	3088.6455697324113
4118	32	Paper bag and coated and treated paper manufacturing	47	322220	89	47089	Jefferson County, Tennessee	yes	1.0	82.2145202020202	2602.9623737373736
4119	32	Paper bag and coated and treated paper manufacturing	47	322220	91	47091	Johnson County, Tennessee	yes	1.0	83.86231171362749	2670.448600035442
4120	32	Paper bag and coated and treated paper manufacturing	47	322220	93	47093	Knox County, Tennessee	yes	1.6666666666666667	138.6719918483076	4405.756849193692
4121	32	Paper bag and coated and treated paper manufacturing	47	322220	113	47113	Madison County, Tennessee	yes	2.0	167.72462342725498	5340.897200070884
4122	32	Paper bag and coated and treated paper manufacturing	47	322220	137	47137	Pickett County, Tennessee	yes	1.0	83.86231171362749	2670.448600035442
4123	32	Paper bag and coated and treated paper manufacturing	47	322220	147	47147	Robertson County, Tennessee	yes	1.0	83.86231171362749	2670.448600035442
4124	32	Paper bag and coated and treated paper manufacturing	47	322220	157	47157	Shelby County, Tennessee	yes	1.3333333333333333	108.81003898635477	3532.628903065746
4125	32	Paper bag and coated and treated paper manufacturing	47	322220	165	47165	Sumner County, Tennessee	yes	1.0	83.86231171362749	2670.448600035442
4126	32	Paper bag and coated and treated paper manufacturing	47	322220	167	47167	Tipton County, Tennessee	yes	1.0	79.43181818181819	2434.1136363636365
4127	32	Paper bag and coated and treated paper manufacturing	47	322220	179	47179	Washington County, Tennessee	yes	1.0	83.86231171362749	2670.448600035442
4128	32	Paper bag and coated and treated paper manufacturing	47	322220	187	47187	Williamson County, Tennessee	yes	1.0	83.86231171362749	2670.448600035442
4129	32	Paper bag and coated and treated paper manufacturing	47	322220	189	47189	Wilson County, Tennessee	yes	1.1666666666666667	97.38503898635476	3088.6455697324113
4130	32	Paperboard mills	47	322130	29	47029	Cocke County, Tennessee	yes	1.0	241.43055555555554	21119.888888888887
4131	32	Paperboard mills	47	322130	65	47065	Hamilton County, Tennessee	yes	1.0	241.43055555555554	21119.888888888887
4132	32	Paperboard mills	47	322130	71	47071	Hardin County, Tennessee	yes	1.0	241.43055555555554	21119.888888888887
4133	32	Paperboard mills	47	322130	85	47085	Humphreys County, Tennessee	yes	1.0	247.25	20542.25
4134	32	Paperboard mills	47	322130	93	47093	Knox County, Tennessee	yes	1.0	228.5	20614.6875
4135	32	Pesticide and other agricultural chemical manufacturing	47	325320	9	47009	Blount County, Tennessee	yes	1.0	13.518518518518519	2712.277777777778
4136	32	Pesticide and other agricultural chemical manufacturing	47	325320	37	47037	Davidson County, Tennessee	yes	1.0	13.518518518518519	2712.277777777778
4137	32	Pesticide and other agricultural chemical manufacturing	47	325320	107	47107	McMinn County, Tennessee	yes	1.0	-19.666666666666664	2768.5
4138	32	Pesticide and other agricultural chemical manufacturing	47	325320	157	47157	Shelby County, Tennessee	no	6.833333333333333	82.33333333333333	3628.5
4139	32	Petroleum lubricating oil and grease manufacturing	47	324191	37	47037	Davidson County, Tennessee	yes	1.0	0.0	0.0
4140	32	Petroleum lubricating oil and grease manufacturing	47	324191	93	47093	Knox County, Tennessee	yes	1.0	0.0	0.0
4141	32	Petroleum lubricating oil and grease manufacturing	47	324191	109	47109	McNairy County, Tennessee	yes	1.0	0.0	0.0
4142	32	Petroleum lubricating oil and grease manufacturing	47	324191	149	47149	Rutherford County, Tennessee	yes	1.0	0.0	0.0
4143	32	Petroleum lubricating oil and grease manufacturing	47	324191	157	47157	Shelby County, Tennessee	yes	1.0	0.0	0.0
4144	32	Petroleum refineries	47	324110	93	47093	Knox County, Tennessee	yes	1.0	0.0	0.0
4145	32	Petroleum refineries	47	324110	157	47157	Shelby County, Tennessee	yes	1.0	0.0	0.0
4146	32	Pharmaceutical preparation manufacturing	47	325412	1	47001	Anderson County, Tennessee	yes	1.0	162.0	12862.666666666666
4147	32	Pharmaceutical preparation manufacturing	47	325412	7	47007	Bledsoe County, Tennessee	yes	1.0	167.8696581196581	14482.446581196584
4148	32	Pharmaceutical preparation manufacturing	47	325412	11	47011	Bradley County, Tennessee	yes	1.0	167.8696581196581	14482.446581196584
4149	32	Pharmaceutical preparation manufacturing	47	325412	37	47037	Davidson County, Tennessee	yes	2.0	335.7393162393162	28964.893162393168
4150	32	Pharmaceutical preparation manufacturing	47	325412	65	47065	Hamilton County, Tennessee	yes	1.0	167.8696581196581	14482.446581196584
4151	32	Pharmaceutical preparation manufacturing	47	325412	93	47093	Knox County, Tennessee	yes	1.8333333333333333	303.5726495726496	25253.948717948715
4152	32	Pharmaceutical preparation manufacturing	47	325412	129	47129	Morgan County, Tennessee	yes	1.0	170.46153846153845	15567.837606837607
4153	32	Pharmaceutical preparation manufacturing	47	325412	157	47157	Shelby County, Tennessee	yes	1.3333333333333333	221.8696581196581	18770.002136752137
4154	32	Pharmaceutical preparation manufacturing	47	325412	163	47163	Sullivan County, Tennessee	yes	2.0	335.7393162393162	28964.893162393168
4155	32	Pharmaceutical preparation manufacturing	47	325412	179	47179	Washington County, Tennessee	yes	2.0	341.60897435897436	30584.673076923078
4156	32	Phosphatic fertilizer manufacturing	47	325312	9	47009	Blount County, Tennessee	yes	1.0	0.0	0.0
4157	32	Photographic film, paper, plate, and chemical manufacturing	47	325992	37	47037	Davidson County, Tennessee	yes	1.0	2.9166666666666665	128.95138888888889
4158	32	Photographic film, paper, plate, and chemical manufacturing	47	325992	63	47063	Hamblen County, Tennessee	yes	1.0	2.8	141.175
4159	32	Photographic film, paper, plate, and chemical manufacturing	47	325992	91	47091	Johnson County, Tennessee	yes	1.0	14.0	705.875
4160	32	Photographic film, paper, plate, and chemical manufacturing	47	325992	93	47093	Knox County, Tennessee	yes	1.0	0.0	0.0
4161	32	Photographic film, paper, plate, and chemical manufacturing	47	325992	119	47119	Maury County, Tennessee	no	3.0	19.0	322.0
4162	32	Photographic film, paper, plate, and chemical manufacturing	47	325992	119	47119	Maury County, Tennessee	yes	2.0	1.4	27.133333333333333
4163	32	Photographic film, paper, plate, and chemical manufacturing	47	325992	149	47149	Rutherford County, Tennessee	yes	1.0	2.9166666666666665	128.95138888888889
4164	32	Photographic film, paper, plate, and chemical manufacturing	47	325992	157	47157	Shelby County, Tennessee	yes	1.3333333333333333	5.25	246.5972222222222
4165	32	Photographic film, paper, plate, and chemical manufacturing	47	325992	163	47163	Sullivan County, Tennessee	yes	1.0	7.0	352.9375
4166	32	Photographic film, paper, plate, and chemical manufacturing	47	325992	189	47189	Wilson County, Tennessee	yes	1.0	2.9166666666666665	128.95138888888889
4167	32	Plastics bag and pouch manufacturing	47	326111	37	47037	Davidson County, Tennessee	yes	1.6666666666666667	40.93333333333334	1408.8666666666668
4168	32	Plastics bag and pouch manufacturing	47	326111	53	47053	Gibson County, Tennessee	yes	1.0	20.46666666666667	704.4333333333334
4169	32	Plastics bag and pouch manufacturing	47	326111	65	47065	Hamilton County, Tennessee	yes	1.0	0.0	0.0
4170	32	Plastics bag and pouch manufacturing	47	326111	99	47099	Lawrence County, Tennessee	yes	1.0	20.46666666666667	704.4333333333334
4171	32	Plastics bag and pouch manufacturing	47	326111	123	47123	Monroe County, Tennessee	yes	1.0	20.46666666666667	704.4333333333334
4172	32	Plastics bag and pouch manufacturing	47	326111	157	47157	Shelby County, Tennessee	yes	1.0	0.0	0.0
4173	32	Plastics bottle manufacturing	47	326160	11	47011	Bradley County, Tennessee	yes	1.0	76.9955808080808	4347.653409090909
4174	32	Plastics bottle manufacturing	47	326160	61	47061	Grundy County, Tennessee	yes	1.0	76.9955808080808	4347.653409090909
4175	32	Plastics bottle manufacturing	47	326160	65	47065	Hamilton County, Tennessee	yes	1.0	76.9955808080808	4347.653409090909
4176	32	Plastics bottle manufacturing	47	326160	75	47075	Haywood County, Tennessee	yes	1.0	76.9955808080808	4347.653409090909
4177	32	Plastics bottle manufacturing	47	326160	93	47093	Knox County, Tennessee	yes	1.0	85.22727272727273	4742.390151515152
4178	32	Plastics bottle manufacturing	47	326160	149	47149	Rutherford County, Tennessee	yes	1.0	85.22727272727273	4742.390151515152
4179	32	Plastics bottle manufacturing	47	326160	157	47157	Shelby County, Tennessee	no	3.0	100.66666666666667	5817.0
4180	32	Plastics bottle manufacturing	47	326160	157	47157	Shelby County, Tennessee	yes	2.6666666666666665	183.41666666666666	10459.499999999998
4181	32	Plastics bottle manufacturing	47	326160	177	47177	Warren County, Tennessee	yes	1.0	76.9955808080808	4347.653409090909
4182	32	Plastics bottle manufacturing	47	326160	185	47185	White County, Tennessee	yes	1.0	76.9955808080808	4347.653409090909
4183	32	Plastics material and resin manufacturing	47	325211	1	47001	Anderson County, Tennessee	yes	1.5	94.59954747050335	6564.551299054976
4184	32	Plastics material and resin manufacturing	47	325211	11	47011	Bradley County, Tennessee	yes	1.0	75.51298701298701	5517.940596440596
4185	32	Plastics material and resin manufacturing	47	325211	31	47031	Coffee County, Tennessee	yes	1.0	56.84305396400984	3805.5810008346775
4186	32	Plastics material and resin manufacturing	47	325211	45	47045	Dyer County, Tennessee	yes	1.0	56.84305396400984	3805.5810008346775
4187	32	Plastics material and resin manufacturing	47	325211	47	47047	Fayette County, Tennessee	yes	1.0	56.84305396400984	3805.5810008346775
4188	32	Plastics material and resin manufacturing	47	325211	51	47051	Franklin County, Tennessee	yes	1.0	38.13333333333333	2040.3333333333333
4189	32	Plastics material and resin manufacturing	47	325211	65	47065	Hamilton County, Tennessee	no	3.0	229.2	16679.0
4190	32	Plastics material and resin manufacturing	47	325211	65	47065	Hamilton County, Tennessee	yes	3.0	194.04545454545453	14293.227272727272
4191	32	Plastics material and resin manufacturing	47	325211	89	47089	Jefferson County, Tennessee	yes	1.0	56.84305396400984	3805.5810008346775
4192	32	Plastics material and resin manufacturing	47	325211	93	47093	Knox County, Tennessee	yes	1.0	75.51298701298701	5517.940596440596
4193	32	Plastics material and resin manufacturing	47	325211	119	47119	Maury County, Tennessee	yes	2.0	113.68610792801968	7611.162001669355
4194	32	Plastics material and resin manufacturing	47	325211	123	47123	Monroe County, Tennessee	yes	1.5	75.92961442152618	4852.191703449057
4195	32	Plastics material and resin manufacturing	47	325211	149	47149	Rutherford County, Tennessee	yes	1.0	56.84305396400984	3805.5810008346775
4196	32	Plastics material and resin manufacturing	47	325211	157	47157	Shelby County, Tennessee	yes	1.0	56.84305396400984	3805.5810008346775
4197	32	Plastics material and resin manufacturing	47	325211	165	47165	Sumner County, Tennessee	yes	2.6	149.38356569900685	10118.009063322299
4198	32	Plastics material and resin manufacturing	47	325211	171	47171	Unicoi County, Tennessee	yes	1.0	44.80029523172905	2761.018326648841
4199	32	Plastics material and resin manufacturing	47	325211	175	47175	Van Buren County, Tennessee	yes	1.0	56.84305396400984	3805.5810008346775
4200	32	Plastics material and resin manufacturing	47	325211	179	47179	Washington County, Tennessee	yes	1.0	66.59062261268143	4721.881917918683
4201	32	Plastics material and resin manufacturing	47	325211	189	47189	Wilson County, Tennessee	yes	1.0	66.66349206349206	4609.915343915344
4202	32	Plastics packaging film and sheet (including laminated) manufacturing	47	326112	3	47003	Bedford County, Tennessee	yes	1.0	79.35384615384615	4672.476923076923
4203	32	Plastics packaging film and sheet (including laminated) manufacturing	47	326112	43	47043	Dickson County, Tennessee	yes	1.0	80.30876068376068	4709.8141025641025
4204	32	Plastics packaging film and sheet (including laminated) manufacturing	47	326112	47	47047	Fayette County, Tennessee	yes	1.0	80.30876068376068	4709.8141025641025
4205	32	Plastics packaging film and sheet (including laminated) manufacturing	47	326112	57	47057	Grainger County, Tennessee	yes	1.0	80.30876068376068	4709.8141025641025
4206	32	Plastics packaging film and sheet (including laminated) manufacturing	47	326112	63	47063	Hamblen County, Tennessee	yes	1.0	80.30876068376068	4709.8141025641025
4207	32	Plastics packaging film and sheet (including laminated) manufacturing	47	326112	65	47065	Hamilton County, Tennessee	yes	1.0	80.30876068376068	4709.8141025641025
4208	32	Plastics packaging film and sheet (including laminated) manufacturing	47	326112	81	47081	Hickman County, Tennessee	yes	1.0	80.30876068376068	4709.8141025641025
4209	32	Plastics packaging film and sheet (including laminated) manufacturing	47	326112	113	47113	Madison County, Tennessee	yes	1.0	80.30876068376068	4709.8141025641025
4210	32	Plastics packaging film and sheet (including laminated) manufacturing	47	326112	157	47157	Shelby County, Tennessee	yes	3.6666666666666665	293.72115384615387	17234.03205128205
4211	32	Plastics packaging film and sheet (including laminated) manufacturing	47	326112	179	47179	Washington County, Tennessee	yes	1.0	82.54166666666666	4815.673076923077
4212	32	Plastics packaging film and sheet (including laminated) manufacturing	47	326112	189	47189	Wilson County, Tennessee	yes	1.0	80.30876068376068	4709.8141025641025
4213	32	Plastics pipe and pipe fitting manufacturing	47	326122	27	47027	Clay County, Tennessee	yes	1.0	70.84217171717171	3172.29797979798
4214	32	Plastics pipe and pipe fitting manufacturing	47	326122	29	47029	Cocke County, Tennessee	yes	1.0	70.84217171717171	3172.29797979798
4215	32	Plastics pipe and pipe fitting manufacturing	47	326122	37	47037	Davidson County, Tennessee	yes	1.0	76.35416666666666	3171.083333333333
4216	32	Plastics pipe and pipe fitting manufacturing	47	326122	55	47055	Giles County, Tennessee	yes	1.0	70.84217171717171	3172.29797979798
4217	32	Plastics pipe and pipe fitting manufacturing	47	326122	59	47059	Greene County, Tennessee	yes	1.0	70.84217171717171	3172.29797979798
4218	32	Plastics pipe and pipe fitting manufacturing	47	326122	65	47065	Hamilton County, Tennessee	yes	1.0	70.84217171717171	3172.29797979798
4219	32	Plastics pipe and pipe fitting manufacturing	47	326122	75	47075	Haywood County, Tennessee	yes	1.0	70.84217171717171	3172.29797979798
4220	32	Plastics pipe and pipe fitting manufacturing	47	326122	93	47093	Knox County, Tennessee	yes	1.0	70.84217171717171	3172.29797979798
4221	32	Plastics pipe and pipe fitting manufacturing	47	326122	113	47113	Madison County, Tennessee	yes	1.0	70.84217171717171	3172.29797979798
4222	32	Plastics pipe and pipe fitting manufacturing	47	326122	125	47125	Montgomery County, Tennessee	yes	1.0	70.84217171717171	3172.29797979798
4223	32	Plastics pipe and pipe fitting manufacturing	47	326122	165	47165	Sumner County, Tennessee	yes	1.0	70.84217171717171	3172.29797979798
4224	32	Plastics pipe and pipe fitting manufacturing	47	326122	171	47171	Unicoi County, Tennessee	yes	1.0	70.84217171717171	3172.29797979798
4225	32	Plastics plumbing fixture manufacturing	47	326191	37	47037	Davidson County, Tennessee	yes	2.0	112.78471177944861	3769.8843984962405
4226	32	Plastics plumbing fixture manufacturing	47	326191	43	47043	Dickson County, Tennessee	yes	1.0	53.21052631578947	2014.578947368421
4227	32	Plastics plumbing fixture manufacturing	47	326191	71	47071	Hardin County, Tennessee	yes	1.0	55.33174603174603	1928.1544486215541
4228	32	Plastics plumbing fixture manufacturing	47	326191	81	47081	Hickman County, Tennessee	yes	1.0	55.33174603174603	1928.1544486215541
4229	32	Plastics plumbing fixture manufacturing	47	326191	89	47089	Jefferson County, Tennessee	yes	1.0	55.33174603174603	1928.1544486215541
4230	32	Plastics plumbing fixture manufacturing	47	326191	93	47093	Knox County, Tennessee	yes	1.6666666666666667	88.14035087719299	3294.754385964912
4231	32	Plastics plumbing fixture manufacturing	47	326191	101	47101	Lewis County, Tennessee	yes	1.0	55.33174603174603	1928.1544486215541
4232	32	Plastics plumbing fixture manufacturing	47	326191	107	47107	McMinn County, Tennessee	yes	1.0	55.33174603174603	1928.1544486215541
4233	32	Plastics plumbing fixture manufacturing	47	326191	109	47109	McNairy County, Tennessee	yes	1.0	61.570238095238096	2001.5357142857142
4234	32	Plastics plumbing fixture manufacturing	47	326191	141	47141	Putnam County, Tennessee	yes	1.0	57.99682539682539	1904.607142857143
4235	32	Plastics plumbing fixture manufacturing	47	326191	147	47147	Robertson County, Tennessee	yes	1.8333333333333333	100.83849206349207	3530.8922305764413
4236	32	Plastics plumbing fixture manufacturing	47	326191	149	47149	Rutherford County, Tennessee	yes	1.6666666666666667	90.14007936507936	3189.1303258145363
4237	32	Plastics plumbing fixture manufacturing	47	326191	157	47157	Shelby County, Tennessee	yes	2.0	110.66349206349206	3856.3088972431083
4238	32	Plastics plumbing fixture manufacturing	47	326191	161	47161	Stewart County, Tennessee	yes	1.0	55.33174603174603	1928.1544486215541
4239	32	Plastics plumbing fixture manufacturing	47	326191	163	47163	Sullivan County, Tennessee	yes	1.0	61.570238095238096	2001.5357142857142
4240	32	Plastics plumbing fixture manufacturing	47	326191	179	47179	Washington County, Tennessee	yes	1.0	55.33174603174603	1928.1544486215541
4241	32	Plastics plumbing fixture manufacturing	47	326191	181	47181	Wayne County, Tennessee	yes	1.0	55.33174603174603	1928.1544486215541
4242	32	Plastics plumbing fixture manufacturing	47	326191	185	47185	White County, Tennessee	yes	1.0	55.33174603174603	1928.1544486215541
4243	32	Plastics plumbing fixture manufacturing	47	326191	187	47187	Williamson County, Tennessee	yes	1.5	84.33015873015873	2880.4580200501255
4244	32	Polish and other sanitation good manufacturing	47	325612	21	47021	Cheatham County, Tennessee	yes	1.0	5.875	46.60833333333335
4245	32	Polish and other sanitation good manufacturing	47	325612	65	47065	Hamilton County, Tennessee	yes	1.6666666666666667	21.457972582972584	1025.116847041847
4246	32	Polish and other sanitation good manufacturing	47	325612	75	47075	Haywood County, Tennessee	yes	1.0	10.728986291486292	452.1584235209236
4247	32	Polish and other sanitation good manufacturing	47	325612	93	47093	Knox County, Tennessee	yes	1.0	12.87478354978355	610.5501082251083
4248	32	Polish and other sanitation good manufacturing	47	325612	123	47123	Monroe County, Tennessee	yes	1.0	10.728986291486292	452.1584235209236
4249	32	Polish and other sanitation good manufacturing	47	325612	157	47157	Shelby County, Tennessee	no	4.5	63.833333333333336	5110.5
4250	32	Polish and other sanitation good manufacturing	47	325612	165	47165	Sumner County, Tennessee	yes	1.0	10.728986291486292	452.1584235209236
4251	32	Polish and other sanitation good manufacturing	47	325612	179	47179	Washington County, Tennessee	yes	1.0	15.883928571428571	746.5267857142858
4252	32	Polystyrene foam product manufacturing	47	326140	11	47011	Bradley County, Tennessee	yes	1.0	22.26153846153846	979.0594871794871
4253	32	Polystyrene foam product manufacturing	47	326140	31	47031	Coffee County, Tennessee	yes	1.0	22.26153846153846	979.0594871794871
4254	32	Polystyrene foam product manufacturing	47	326140	35	47035	Cumberland County, Tennessee	yes	1.0	40.0	1764.5333333333333
4255	32	Polystyrene foam product manufacturing	47	326140	37	47037	Davidson County, Tennessee	yes	1.6666666666666667	41.56552706552707	1783.9695156695154
4256	32	Polystyrene foam product manufacturing	47	326140	51	47051	Franklin County, Tennessee	yes	1.0	40.0	1764.5333333333333
4257	32	Polystyrene foam product manufacturing	47	326140	93	47093	Knox County, Tennessee	yes	3.1666666666666665	69.04273504273505	2904.259829059829
4258	32	Polystyrene foam product manufacturing	47	326140	107	47107	McMinn County, Tennessee	yes	1.0	22.26153846153846	979.0594871794871
4259	32	Polystyrene foam product manufacturing	47	326140	113	47113	Madison County, Tennessee	yes	1.0	23.014245014245017	968.0866096866097
4260	32	Polystyrene foam product manufacturing	47	326140	123	47123	Monroe County, Tennessee	yes	1.0	23.014245014245017	968.0866096866097
4261	32	Polystyrene foam product manufacturing	47	326140	133	47133	Overton County, Tennessee	yes	1.0	26.777777777777775	913.2222222222222
4262	32	Polystyrene foam product manufacturing	47	326140	153	47153	Sequatchie County, Tennessee	yes	1.0	0.0	0.0
4263	32	Polystyrene foam product manufacturing	47	326140	157	47157	Shelby County, Tennessee	yes	1.0	27.826923076923077	1223.8243589743588
4264	32	Polystyrene foam product manufacturing	47	326140	165	47165	Sumner County, Tennessee	yes	1.0	23.014245014245017	968.0866096866097
4265	32	Polystyrene foam product manufacturing	47	326140	179	47179	Washington County, Tennessee	yes	1.0	23.014245014245017	968.0866096866097
4266	32	Pottery, ceramics, and plumbing fixture manufacturing	47	327110	37	47037	Davidson County, Tennessee	yes	1.0	6.333333333333333	178.80357142857144
4267	32	Pottery, ceramics, and plumbing fixture manufacturing	47	327110	41	47041	DeKalb County, Tennessee	yes	1.0	5.066666666666666	119.30952380952381
4268	32	Pottery, ceramics, and plumbing fixture manufacturing	47	327110	43	47043	Dickson County, Tennessee	yes	1.0	0.0	0.0
4269	32	Pottery, ceramics, and plumbing fixture manufacturing	47	327110	61	47061	Grundy County, Tennessee	yes	1.0	7.138888888888888	196.6954365079365
4270	32	Pottery, ceramics, and plumbing fixture manufacturing	47	327110	65	47065	Hamilton County, Tennessee	yes	2.3333333333333335	21.416666666666668	626.9117063492064
4271	32	Pottery, ceramics, and plumbing fixture manufacturing	47	327110	93	47093	Knox County, Tennessee	yes	1.0	0.0	0.0
4272	32	Pottery, ceramics, and plumbing fixture manufacturing	47	327110	147	47147	Robertson County, Tennessee	yes	1.0	12.666666666666666	408.75
4273	32	Pottery, ceramics, and plumbing fixture manufacturing	47	327110	155	47155	Sevier County, Tennessee	no	6.0	0.0	714.0
4274	32	Pottery, ceramics, and plumbing fixture manufacturing	47	327110	155	47155	Sevier County, Tennessee	yes	3.0	32.125	1050.84375
4275	32	Pottery, ceramics, and plumbing fixture manufacturing	47	327110	157	47157	Shelby County, Tennessee	yes	1.0	12.666666666666666	408.75
4276	32	Pottery, ceramics, and plumbing fixture manufacturing	47	327110	167	47167	Tipton County, Tennessee	yes	1.0	0.0	-73.65079365079364
4277	32	Pottery, ceramics, and plumbing fixture manufacturing	47	327110	171	47171	Unicoi County, Tennessee	yes	1.0	7.138888888888888	196.6954365079365
4278	32	Pottery, ceramics, and plumbing fixture manufacturing	47	327110	187	47187	Williamson County, Tennessee	yes	1.0	0.0	0.0
4279	32	Prefabricated wood building manufacturing	47	321992	15	47015	Cannon County, Tennessee	yes	1.0	10.070346003898635	509.18328460038987
4280	32	Prefabricated wood building manufacturing	47	321992	25	47025	Claiborne County, Tennessee	yes	1.0	8.842105263157894	503.0
4281	32	Prefabricated wood building manufacturing	47	321992	29	47029	Cocke County, Tennessee	yes	1.0	10.070346003898635	509.18328460038987
4282	32	Prefabricated wood building manufacturing	47	321992	31	47031	Coffee County, Tennessee	yes	1.0	10.05	403.05
4283	32	Prefabricated wood building manufacturing	47	321992	37	47037	Davidson County, Tennessee	no	3.0	14.0	690.0
4284	32	Prefabricated wood building manufacturing	47	321992	37	47037	Davidson County, Tennessee	yes	2.0	19.48077485380117	876.3409722222223
4285	32	Prefabricated wood building manufacturing	47	321992	47	47047	Fayette County, Tennessee	yes	1.0	10.070346003898635	509.18328460038987
4286	32	Prefabricated wood building manufacturing	47	321992	49	47049	Fentress County, Tennessee	yes	1.0	10.070346003898635	509.18328460038987
4287	32	Prefabricated wood building manufacturing	47	321992	51	47051	Franklin County, Tennessee	yes	1.0	9.86374269005848	521.7280519005848
4288	32	Prefabricated wood building manufacturing	47	321992	53	47053	Gibson County, Tennessee	yes	1.0	10.070346003898635	509.18328460038987
4289	32	Prefabricated wood building manufacturing	47	321992	59	47059	Greene County, Tennessee	yes	1.0	10.070346003898635	509.18328460038987
4290	32	Prefabricated wood building manufacturing	47	321992	65	47065	Hamilton County, Tennessee	yes	1.0	9.740387426900584	438.17048611111113
4291	32	Prefabricated wood building manufacturing	47	321992	73	47073	Hawkins County, Tennessee	yes	1.0	10.730263157894736	651.2088815789473
4292	32	Prefabricated wood building manufacturing	47	321992	89	47089	Jefferson County, Tennessee	yes	1.0	9.740387426900584	438.17048611111113
4293	32	Prefabricated wood building manufacturing	47	321992	93	47093	Knox County, Tennessee	no	4.0	0.0	1059.0
4294	32	Prefabricated wood building manufacturing	47	321992	93	47093	Knox County, Tennessee	yes	1.8	17.729941520467836	959.6759941520468
4295	32	Prefabricated wood building manufacturing	47	321992	107	47107	McMinn County, Tennessee	yes	1.8333333333333333	18.46569200779727	951.1915692007797
4296	32	Prefabricated wood building manufacturing	47	321992	115	47115	Marion County, Tennessee	yes	1.0	10.070346003898635	509.18328460038987
4297	32	Prefabricated wood building manufacturing	47	321992	149	47149	Rutherford County, Tennessee	yes	1.0	10.070346003898635	509.18328460038987
4298	32	Prefabricated wood building manufacturing	47	321992	151	47151	Scott County, Tennessee	yes	1.0	10.070346003898635	509.18328460038987
4299	32	Prefabricated wood building manufacturing	47	321992	165	47165	Sumner County, Tennessee	yes	1.1666666666666667	11.745346003898637	576.3582846003899
4300	32	Printing ink manufacturing	47	325910	37	47037	Davidson County, Tennessee	no	5.0	27.0	1185.1666666666667
4301	32	Printing ink manufacturing	47	325910	65	47065	Hamilton County, Tennessee	yes	1.0	5.345959595959595	341.63888888888886
4302	32	Printing ink manufacturing	47	325910	149	47149	Rutherford County, Tennessee	yes	1.0	5.345959595959595	341.63888888888886
4303	32	Printing ink manufacturing	47	325910	157	47157	Shelby County, Tennessee	no	3.0	37.0	1961.0
4304	32	Printing ink manufacturing	47	325910	187	47187	Williamson County, Tennessee	yes	1.0	5.3151515151515145	353.2666666666666
4305	32	Pulp mills	47	322110	65	47065	Hamilton County, Tennessee	yes	1.0	0.0	0.0
4306	32	Pulp mills	47	322110	157	47157	Shelby County, Tennessee	yes	1.0	0.0	0.0
4307	32	Ready-mix concrete manufacturing	47	327320	1	47001	Anderson County, Tennessee	yes	1.0	13.587122987966868	521.304266291608
4308	32	Ready-mix concrete manufacturing	47	327320	3	47003	Bedford County, Tennessee	yes	1.3333333333333333	19.0639872897395	835.4610332246793
4309	32	Ready-mix concrete manufacturing	47	327320	5	47005	Benton County, Tennessee	yes	1.0	14.056087984183947	606.4756339191238
4310	32	Ready-mix concrete manufacturing	47	327320	9	47009	Blount County, Tennessee	yes	1.1666666666666667	16.325635309286827	689.9694610796176
4311	32	Ready-mix concrete manufacturing	47	327320	11	47011	Bradley County, Tennessee	yes	2.0	28.112175968367893	1212.9512678382475
4312	32	Ready-mix concrete manufacturing	47	327320	13	47013	Campbell County, Tennessee	yes	2.0	28.112175968367893	1212.9512678382475
4313	32	Ready-mix concrete manufacturing	47	327320	25	47025	Claiborne County, Tennessee	yes	2.0	28.112175968367893	1212.9512678382475
4314	32	Ready-mix concrete manufacturing	47	327320	29	47029	Cocke County, Tennessee	yes	1.0	14.056087984183947	606.4756339191238
4315	32	Ready-mix concrete manufacturing	47	327320	31	47031	Coffee County, Tennessee	yes	2.5	35.389622599026325	1525.430494304297
4316	32	Ready-mix concrete manufacturing	47	327320	35	47035	Cumberland County, Tennessee	yes	2.0	28.112175968367893	1212.9512678382475
4317	32	Ready-mix concrete manufacturing	47	327320	37	47037	Davidson County, Tennessee	no	6.833333333333333	203.33333333333334	9475.5
4318	32	Ready-mix concrete manufacturing	47	327320	39	47039	Decatur County, Tennessee	yes	1.0	14.056087984183947	606.4756339191238
4319	32	Ready-mix concrete manufacturing	47	327320	43	47043	Dickson County, Tennessee	yes	1.0	14.056087984183947	606.4756339191238
4320	32	Ready-mix concrete manufacturing	47	327320	45	47045	Dyer County, Tennessee	yes	1.0	14.056087984183947	606.4756339191238
4321	32	Ready-mix concrete manufacturing	47	327320	47	47047	Fayette County, Tennessee	yes	2.0	28.112175968367893	1212.9512678382475
4322	32	Ready-mix concrete manufacturing	47	327320	51	47051	Franklin County, Tennessee	yes	1.0	14.056087984183947	606.4756339191238
4323	32	Ready-mix concrete manufacturing	47	327320	55	47055	Giles County, Tennessee	yes	2.0	28.112175968367893	1212.9512678382475
4324	32	Ready-mix concrete manufacturing	47	327320	59	47059	Greene County, Tennessee	yes	1.0	14.056087984183947	606.4756339191238
4325	32	Ready-mix concrete manufacturing	47	327320	63	47063	Hamblen County, Tennessee	yes	1.1666666666666667	16.325635309286827	689.9694610796176
4326	32	Ready-mix concrete manufacturing	47	327320	65	47065	Hamilton County, Tennessee	no	5.0	70.33333333333333	2971.8333333333335
4327	32	Ready-mix concrete manufacturing	47	327320	71	47071	Hardin County, Tennessee	yes	1.0	14.056087984183947	606.4756339191238
4328	32	Ready-mix concrete manufacturing	47	327320	73	47073	Hawkins County, Tennessee	yes	1.0	14.339181695688225	662.4633359245439
4329	32	Ready-mix concrete manufacturing	47	327320	75	47075	Haywood County, Tennessee	yes	1.0	14.056087984183947	606.4756339191238
4330	32	Ready-mix concrete manufacturing	47	327320	77	47077	Henderson County, Tennessee	yes	1.0	14.056087984183947	606.4756339191238
4331	32	Ready-mix concrete manufacturing	47	327320	79	47079	Henry County, Tennessee	yes	1.0	14.056087984183947	606.4756339191238
4332	32	Ready-mix concrete manufacturing	47	327320	81	47081	Hickman County, Tennessee	yes	1.0	15.023697916666666	686.9561979166667
4333	32	Ready-mix concrete manufacturing	47	327320	85	47085	Humphreys County, Tennessee	yes	1.0	14.056087984183947	606.4756339191238
4334	32	Ready-mix concrete manufacturing	47	327320	91	47091	Johnson County, Tennessee	yes	1.0	14.056087984183947	606.4756339191238
4335	32	Ready-mix concrete manufacturing	47	327320	93	47093	Knox County, Tennessee	no	3.5	59.333333333333336	3429.1666666666665
4336	32	Ready-mix concrete manufacturing	47	327320	95	47095	Lake County, Tennessee	yes	1.0	15.023697916666666	686.9561979166667
4337	32	Ready-mix concrete manufacturing	47	327320	99	47099	Lawrence County, Tennessee	yes	1.0	14.15870725942049	622.0882426841487
4338	32	Ready-mix concrete manufacturing	47	327320	101	47101	Lewis County, Tennessee	yes	1.0	14.305410452316767	604.1302321041373
4339	32	Ready-mix concrete manufacturing	47	327320	103	47103	Lincoln County, Tennessee	yes	1.0	13.617283950617283	500.96296296296293
4340	32	Ready-mix concrete manufacturing	47	327320	105	47105	Loudon County, Tennessee	yes	1.1666666666666667	16.315581655070023	696.7498955224993
4341	32	Ready-mix concrete manufacturing	47	327320	107	47107	McMinn County, Tennessee	yes	2.0	28.112175968367893	1212.9512678382475
4342	32	Ready-mix concrete manufacturing	47	327320	109	47109	McNairy County, Tennessee	yes	1.1666666666666667	16.325635309286827	689.9694610796176
4343	32	Ready-mix concrete manufacturing	47	327320	111	47111	Macon County, Tennessee	yes	1.3333333333333333	18.585128980172904	780.243722682993
4344	32	Ready-mix concrete manufacturing	47	327320	113	47113	Madison County, Tennessee	yes	1.3333333333333333	19.0639872897395	835.4610332246793
4345	32	Ready-mix concrete manufacturing	47	327320	115	47115	Marion County, Tennessee	yes	2.0	28.112175968367893	1212.9512678382475
4346	32	Ready-mix concrete manufacturing	47	327320	117	47117	Marshall County, Tennessee	no	3.0	0.0	902.0
4347	32	Ready-mix concrete manufacturing	47	327320	117	47117	Marshall County, Tennessee	yes	2.0	28.287697581794554	1255.156336220712
4348	32	Ready-mix concrete manufacturing	47	327320	119	47119	Maury County, Tennessee	no	5.333333333333333	110.33333333333333	4168.333333333333
4349	32	Ready-mix concrete manufacturing	47	327320	119	47119	Maury County, Tennessee	yes	4.0	55.091977090718665	2201.951727654814
4350	32	Ready-mix concrete manufacturing	47	327320	123	47123	Monroe County, Tennessee	yes	1.0	14.056087984183947	606.4756339191238
4351	32	Ready-mix concrete manufacturing	47	327320	125	47125	Montgomery County, Tennessee	no	3.6666666666666665	60.0	3176.0
4352	32	Ready-mix concrete manufacturing	47	327320	125	47125	Montgomery County, Tennessee	yes	3.3333333333333335	45.858077468244765	1818.4514500620983
4353	32	Ready-mix concrete manufacturing	47	327320	131	47131	Obion County, Tennessee	yes	1.0	14.056087984183947	606.4756339191238
4354	32	Ready-mix concrete manufacturing	47	327320	133	47133	Overton County, Tennessee	yes	1.0	14.056087984183947	606.4756339191238
4355	32	Ready-mix concrete manufacturing	47	327320	141	47141	Putnam County, Tennessee	no	3.0	41.0	1423.0
4356	32	Ready-mix concrete manufacturing	47	327320	141	47141	Putnam County, Tennessee	yes	2.0	27.14456603588517	1132.4707038407046
4357	32	Ready-mix concrete manufacturing	47	327320	143	47143	Rhea County, Tennessee	yes	1.0	14.056087984183947	606.4756339191238
4358	32	Ready-mix concrete manufacturing	47	327320	145	47145	Roane County, Tennessee	yes	1.0	14.056087984183947	606.4756339191238
4359	32	Ready-mix concrete manufacturing	47	327320	147	47147	Robertson County, Tennessee	yes	2.3333333333333335	33.12007527392345	1441.936667143803
4360	32	Ready-mix concrete manufacturing	47	327320	149	47149	Rutherford County, Tennessee	no	7.833333333333333	217.66666666666666	8620.0
4361	32	Ready-mix concrete manufacturing	47	327320	151	47151	Scott County, Tennessee	yes	2.0	28.112175968367893	1212.9512678382475
4362	32	Ready-mix concrete manufacturing	47	327320	153	47153	Sequatchie County, Tennessee	yes	1.0	14.056087984183947	606.4756339191238
4363	32	Ready-mix concrete manufacturing	47	327320	155	47155	Sevier County, Tennessee	no	3.0	64.0	2872.0
4364	32	Ready-mix concrete manufacturing	47	327320	155	47155	Sevier County, Tennessee	yes	2.0	28.546551460548933	1210.1504766297776
4365	32	Ready-mix concrete manufacturing	47	327320	157	47157	Shelby County, Tennessee	no	8.166666666666666	194.16666666666666	8233.5
4366	32	Ready-mix concrete manufacturing	47	327320	163	47163	Sullivan County, Tennessee	no	4.5	19.166666666666668	801.3333333333334
4367	32	Ready-mix concrete manufacturing	47	327320	165	47165	Sumner County, Tennessee	yes	3.0	42.64712226211844	1874.6442122990575
4368	32	Ready-mix concrete manufacturing	47	327320	167	47167	Tipton County, Tennessee	yes	1.0	14.143848790897277	627.578168110356
4369	32	Ready-mix concrete manufacturing	47	327320	173	47173	Union County, Tennessee	yes	1.0	14.056087984183947	606.4756339191238
4370	32	Ready-mix concrete manufacturing	47	327320	179	47179	Washington County, Tennessee	yes	2.0	28.112175968367893	1212.9512678382475
4371	32	Ready-mix concrete manufacturing	47	327320	181	47181	Wayne County, Tennessee	yes	1.0	14.056087984183947	606.4756339191238
4372	32	Ready-mix concrete manufacturing	47	327320	185	47185	White County, Tennessee	yes	1.5	20.94258512052378	881.7195998759754
4373	32	Ready-mix concrete manufacturing	47	327320	187	47187	Williamson County, Tennessee	no	4.0	87.0	6160.0
4374	32	Ready-mix concrete manufacturing	47	327320	187	47187	Williamson County, Tennessee	yes	2.0	27.14456603588517	1132.4707038407046
4375	32	Ready-mix concrete manufacturing	47	327320	189	47189	Wilson County, Tennessee	yes	3.0	42.74492439071596	1862.672205245717
4376	32	Reconstituted wood product manufacturing	47	321219	19	47019	Carter County, Tennessee	yes	1.0	9.713888888888889	491.7388888888889
4377	32	Reconstituted wood product manufacturing	47	321219	63	47063	Hamblen County, Tennessee	yes	1.0	9.713888888888889	491.7388888888889
4378	32	Reconstituted wood product manufacturing	47	321219	85	47085	Humphreys County, Tennessee	yes	1.0	7.177777777777777	399.64444444444445
4379	32	Reconstituted wood product manufacturing	47	321219	143	47143	Rhea County, Tennessee	yes	2.0	19.427777777777777	983.4777777777778
4380	32	Reconstituted wood product manufacturing	47	321219	157	47157	Shelby County, Tennessee	yes	1.0	11.333333333333332	685.3333333333333
4381	32	Rubber and plastics hoses and belting manufacturing	47	326220	17	47017	Carroll County, Tennessee	yes	1.0	80.6574074074074	3090.608796296296
4382	32	Rubber and plastics hoses and belting manufacturing	47	326220	45	47045	Dyer County, Tennessee	yes	1.0	80.6574074074074	3090.608796296296
4383	32	Rubber and plastics hoses and belting manufacturing	47	326220	47	47047	Fayette County, Tennessee	yes	1.0	80.6574074074074	3090.608796296296
4384	32	Rubber and plastics hoses and belting manufacturing	47	326220	77	47077	Henderson County, Tennessee	yes	1.0	80.6574074074074	3090.608796296296
4385	32	Rubber and plastics hoses and belting manufacturing	47	326220	79	47079	Henry County, Tennessee	yes	2.0	161.3148148148148	6181.217592592592
4386	32	Rubber and plastics hoses and belting manufacturing	47	326220	113	47113	Madison County, Tennessee	yes	1.3333333333333333	105.39814814814815	3995.9050925925926
4387	32	Rubber and plastics hoses and belting manufacturing	47	326220	151	47151	Scott County, Tennessee	yes	1.0	80.6574074074074	3090.608796296296
4388	32	Rubber product manufacturing for mechanical use	47	326291	25	47025	Claiborne County, Tennessee	yes	1.0	197.55583333333334	8741.285833333333
4389	32	Rubber product manufacturing for mechanical use	47	326291	35	47035	Cumberland County, Tennessee	yes	1.0	190.4909722222222	8259.154861111112
4390	32	Rubber product manufacturing for mechanical use	47	326291	43	47043	Dickson County, Tennessee	yes	1.0	190.4909722222222	8259.154861111112
4391	32	Rubber product manufacturing for mechanical use	47	326291	45	47045	Dyer County, Tennessee	yes	1.0	190.4909722222222	8259.154861111112
4392	32	Rubber product manufacturing for mechanical use	47	326291	51	47051	Franklin County, Tennessee	yes	1.0	190.4909722222222	8259.154861111112
4393	32	Rubber product manufacturing for mechanical use	47	326291	55	47055	Giles County, Tennessee	yes	1.0	190.4909722222222	8259.154861111112
4394	32	Rubber product manufacturing for mechanical use	47	326291	59	47059	Greene County, Tennessee	yes	2.0	395.1116666666667	17482.571666666667
4395	32	Rubber product manufacturing for mechanical use	47	326291	73	47073	Hawkins County, Tennessee	yes	1.0	190.4909722222222	8259.154861111112
4396	32	Rubber product manufacturing for mechanical use	47	326291	79	47079	Henry County, Tennessee	yes	1.0	190.4909722222222	8259.154861111112
4397	32	Rubber product manufacturing for mechanical use	47	326291	85	47085	Humphreys County, Tennessee	yes	1.0	190.4909722222222	8259.154861111112
4398	32	Rubber product manufacturing for mechanical use	47	326291	133	47133	Overton County, Tennessee	yes	1.0	190.4909722222222	8259.154861111112
4399	32	Rubber product manufacturing for mechanical use	47	326291	135	47135	Perry County, Tennessee	yes	1.1666666666666667	219.56388888888887	9485.519444444444
4400	32	Rubber product manufacturing for mechanical use	47	326291	143	47143	Rhea County, Tennessee	yes	1.0	211.4375	9530.1875
4401	32	Rubber product manufacturing for mechanical use	47	326291	149	47149	Rutherford County, Tennessee	yes	1.0	155.16666666666666	5848.5
4402	32	Rubber product manufacturing for mechanical use	47	326291	151	47151	Scott County, Tennessee	yes	1.0	197.55583333333334	8741.285833333333
4403	32	Rubber product manufacturing for mechanical use	47	326291	163	47163	Sullivan County, Tennessee	yes	1.0	190.4909722222222	8259.154861111112
4404	32	Sanitary paper product manufacturing	47	322291	63	47063	Hamblen County, Tennessee	yes	1.0	60.05555555555555	2678.163888888889
4405	32	Sanitary paper product manufacturing	47	322291	75	47075	Haywood County, Tennessee	yes	1.0	61.666666666666664	2309.5499999999997
4406	32	Sanitary paper product manufacturing	47	322291	157	47157	Shelby County, Tennessee	yes	2.0	120.1111111111111	5356.327777777778
4407	32	Sanitary paper product manufacturing	47	322291	183	47183	Weakley County, Tennessee	yes	1.0	53.0	1960.4
4408	32	Sawmills	47	321113	1	47001	Anderson County, Tennessee	yes	1.0	17.25403193756952	536.0256915151932
4409	32	Sawmills	47	321113	3	47003	Bedford County, Tennessee	yes	1.3333333333333333	23.368317651855232	681.6098184993201
4410	32	Sawmills	47	321113	5	47005	Benton County, Tennessee	yes	1.0	17.25403193756952	536.0256915151932
4411	32	Sawmills	47	321113	9	47009	Blount County, Tennessee	yes	1.0	17.25403193756952	536.0256915151932
4412	32	Sawmills	47	321113	13	47013	Campbell County, Tennessee	yes	2.0	34.50806387513904	1072.0513830303864
4413	32	Sawmills	47	321113	15	47015	Cannon County, Tennessee	yes	1.0	17.905882352941177	453.7176470588235
4414	32	Sawmills	47	321113	17	47017	Carroll County, Tennessee	no	3.4	8.2	271.6
4415	32	Sawmills	47	321113	17	47017	Carroll County, Tennessee	yes	3.0	50.7037037037037	1672.074074074074
4416	32	Sawmills	47	321113	19	47019	Carter County, Tennessee	yes	1.1666666666666667	20.31117479471238	608.8177550072567
4417	32	Sawmills	47	321113	21	47021	Cheatham County, Tennessee	yes	2.0	34.50806387513904	1072.0513830303864
4418	32	Sawmills	47	321113	23	47023	Chester County, Tennessee	yes	1.0	16.72606981981982	583.7149962462463
4419	32	Sawmills	47	321113	25	47025	Claiborne County, Tennessee	yes	1.0	18.12436974789916	445.23501400560224
4420	32	Sawmills	47	321113	29	47029	Cocke County, Tennessee	yes	1.0	17.42521978385949	514.4750051259242
4421	32	Sawmills	47	321113	31	47031	Coffee County, Tennessee	yes	1.0	17.25403193756952	536.0256915151932
4422	32	Sawmills	47	321113	35	47035	Cumberland County, Tennessee	yes	1.0	17.25403193756952	536.0256915151932
4423	32	Sawmills	47	321113	37	47037	Davidson County, Tennessee	no	3.0	15.0	969.5
4424	32	Sawmills	47	321113	37	47037	Davidson County, Tennessee	yes	1.25	21.04417167438001	720.7605364428281
4425	32	Sawmills	47	321113	39	47039	Decatur County, Tennessee	no	4.666666666666667	20.666666666666668	618.5
4426	32	Sawmills	47	321113	43	47043	Dickson County, Tennessee	no	3.1666666666666665	11.5	1073.0
4427	32	Sawmills	47	321113	47	47047	Fayette County, Tennessee	yes	1.0	16.791405853905854	589.4420321295321
4428	32	Sawmills	47	321113	49	47049	Fentress County, Tennessee	yes	1.6666666666666667	28.706877721665307	903.5387710720228
4429	32	Sawmills	47	321113	51	47051	Franklin County, Tennessee	yes	1.0	17.25403193756952	536.0256915151932
4430	32	Sawmills	47	321113	55	47055	Giles County, Tennessee	yes	1.0	17.25403193756952	536.0256915151932
4431	32	Sawmills	47	321113	57	47057	Grainger County, Tennessee	yes	2.0	34.50806387513904	1072.0513830303864
4432	32	Sawmills	47	321113	59	47059	Greene County, Tennessee	yes	1.0	17.25403193756952	536.0256915151932
4433	32	Sawmills	47	321113	61	47061	Grundy County, Tennessee	yes	1.3333333333333333	23.29548852020257	684.4373628503939
4434	32	Sawmills	47	321113	63	47063	Hamblen County, Tennessee	yes	1.5	26.112360948186108	777.3303669656201
4435	32	Sawmills	47	321113	69	47069	Hardeman County, Tennessee	no	8.833333333333334	160.66666666666666	5285.833333333333
4436	32	Sawmills	47	321113	71	47071	Hardin County, Tennessee	no	4.0	73.0	2507.0
4437	32	Sawmills	47	321113	71	47071	Hardin County, Tennessee	yes	3.8	66.27650914665621	1980.9013772118185
4438	32	Sawmills	47	321113	73	47073	Hawkins County, Tennessee	yes	1.0	17.25403193756952	536.0256915151932
4439	32	Sawmills	47	321113	75	47075	Haywood County, Tennessee	yes	1.5	25.646260972159666	823.4903610458349
4440	32	Sawmills	47	321113	77	47077	Henderson County, Tennessee	yes	2.0	34.50806387513904	1072.0513830303864
4441	32	Sawmills	47	321113	79	47079	Henry County, Tennessee	no	4.0	60.8	2551.8
4442	32	Sawmills	47	321113	79	47079	Henry County, Tennessee	yes	2.0	36.68571428571429	873.504761904762
4443	32	Sawmills	47	321113	81	47081	Hickman County, Tennessee	no	3.0	29.0	1642.5
4444	32	Sawmills	47	321113	81	47081	Hickman County, Tennessee	yes	2.0	34.85043956771898	1028.9500102518484
4445	32	Sawmills	47	321113	83	47083	Houston County, Tennessee	no	3.6666666666666665	47.333333333333336	1190.5
4446	32	Sawmills	47	321113	85	47085	Humphreys County, Tennessee	no	3.0	36.0	951.0
4447	32	Sawmills	47	321113	85	47085	Humphreys County, Tennessee	yes	2.0	35.03602599288874	1024.3620782993332
4448	32	Sawmills	47	321113	89	47089	Jefferson County, Tennessee	yes	1.1666666666666667	20.31117479471238	608.8177550072567
4449	32	Sawmills	47	321113	91	47091	Johnson County, Tennessee	yes	2.1666666666666665	37.5652067322819	1144.8434465224498
4450	32	Sawmills	47	321113	93	47093	Knox County, Tennessee	yes	2.0	36.24873949579832	890.4700280112045
4451	32	Sawmills	47	321113	99	47099	Lawrence County, Tennessee	yes	1.0	17.51801299644437	512.1810391496666
4452	32	Sawmills	47	321113	101	47101	Lewis County, Tennessee	no	3.0	0.0	968.0
4453	32	Sawmills	47	321113	101	47101	Lewis County, Tennessee	yes	2.4	40.76296172095192	1345.2467057540096
4454	32	Sawmills	47	321113	103	47103	Lincoln County, Tennessee	yes	3.0	51.76209581270856	1608.0770745455793
4455	32	Sawmills	47	321113	105	47105	Loudon County, Tennessee	yes	1.0	17.25403193756952	536.0256915151932
4456	32	Sawmills	47	321113	107	47107	McMinn County, Tennessee	yes	2.0	34.50806387513904	1072.0513830303864
4457	32	Sawmills	47	321113	109	47109	McNairy County, Tennessee	no	7.0	85.0	2534.8333333333335
4458	32	Sawmills	47	321113	111	47111	Macon County, Tennessee	no	5.5	116.0	3868.0
4459	32	Sawmills	47	321113	111	47111	Macon County, Tennessee	yes	4.25	73.30278899028899	2314.2665725790725
4460	32	Sawmills	47	321113	113	47113	Madison County, Tennessee	no	3.6666666666666665	101.66666666666667	2786.0
4461	32	Sawmills	47	321113	113	47113	Madison County, Tennessee	yes	2.0	35.433316042466366	965.2187018017083
4462	32	Sawmills	47	321113	115	47115	Marion County, Tennessee	yes	1.0	17.25403193756952	536.0256915151932
4463	32	Sawmills	47	321113	117	47117	Marshall County, Tennessee	yes	1.1666666666666667	20.31117479471238	608.8177550072567
4464	32	Sawmills	47	321113	119	47119	Maury County, Tennessee	yes	1.0	17.036266896511997	555.8803536277557
4465	32	Sawmills	47	321113	123	47123	Monroe County, Tennessee	no	3.0	21.166666666666668	502.6666666666667
4466	32	Sawmills	47	321113	125	47125	Montgomery County, Tennessee	yes	1.0	17.25403193756952	536.0256915151932
4467	32	Sawmills	47	321113	127	47127	Moore County, Tennessee	yes	1.0	17.25403193756952	536.0256915151932
4468	32	Sawmills	47	321113	131	47131	Obion County, Tennessee	yes	2.0	34.50806387513904	1072.0513830303864
4469	32	Sawmills	47	321113	133	47133	Overton County, Tennessee	yes	1.0	18.342857142857145	436.752380952381
4470	32	Sawmills	47	321113	135	47135	Perry County, Tennessee	yes	1.6666666666666667	28.40474515078273	925.169022346024
4471	32	Sawmills	47	321113	137	47137	Pickett County, Tennessee	yes	1.5	26.112360948186108	777.3303669656201
4472	32	Sawmills	47	321113	139	47139	Polk County, Tennessee	yes	1.0	17.716658021233183	482.60935090085417
4473	32	Sawmills	47	321113	143	47143	Rhea County, Tennessee	yes	1.0	18.342857142857145	436.752380952381
4474	32	Sawmills	47	321113	147	47147	Robertson County, Tennessee	no	3.0	40.0	1315.0
4475	32	Sawmills	47	321113	147	47147	Robertson County, Tennessee	yes	2.0	35.03602599288874	1024.3620782993332
4476	32	Sawmills	47	321113	151	47151	Scott County, Tennessee	no	3.0	47.25	1417.5
4477	32	Sawmills	47	321113	151	47151	Scott County, Tennessee	yes	2.5	43.694708994708996	1272.7894179894179
4478	32	Sawmills	47	321113	155	47155	Sevier County, Tennessee	yes	1.8333333333333333	31.523750149648848	996.4317751872491
4479	32	Sawmills	47	321113	157	47157	Shelby County, Tennessee	no	4.0	30.0	930.0
4480	32	Sawmills	47	321113	157	47157	Shelby County, Tennessee	yes	2.0	35.03602599288874	1024.3620782993332
4481	32	Sawmills	47	321113	159	47159	Smith County, Tennessee	yes	2.5	43.36639288575563	1313.3560584808133
4482	32	Sawmills	47	321113	161	47161	Stewart County, Tennessee	no	3.0	23.666666666666668	625.0
4483	32	Sawmills	47	321113	163	47163	Sullivan County, Tennessee	no	3.0	2.0	100.0
4484	32	Sawmills	47	321113	163	47163	Sullivan County, Tennessee	yes	2.0	35.03602599288874	1024.3620782993332
4485	32	Sawmills	47	321113	171	47171	Unicoi County, Tennessee	no	3.5	3.0	60.5
4486	32	Sawmills	47	321113	171	47171	Unicoi County, Tennessee	yes	2.0	36.24873949579832	890.4700280112045
4487	32	Sawmills	47	321113	173	47173	Union County, Tennessee	yes	1.0	16.791405853905854	589.4420321295321
4488	32	Sawmills	47	321113	175	47175	Van Buren County, Tennessee	yes	1.0	17.25403193756952	536.0256915151932
4489	32	Sawmills	47	321113	177	47177	Warren County, Tennessee	yes	1.0	17.25403193756952	536.0256915151932
4490	32	Sawmills	47	321113	179	47179	Washington County, Tennessee	yes	2.6666666666666665	46.42353574289849	1386.1481219728769
4491	32	Sawmills	47	321113	181	47181	Wayne County, Tennessee	no	5.8	40.8	2050.8
4492	32	Sawmills	47	321113	181	47181	Wayne County, Tennessee	yes	5.0	91.71428571428571	2183.7619047619046
4493	32	Sawmills	47	321113	183	47183	Weakley County, Tennessee	yes	1.0	17.51801299644437	512.1810391496666
4494	32	Sawmills	47	321113	185	47185	White County, Tennessee	no	3.0	119.0	3511.0
4495	32	Sawmills	47	321113	185	47185	White County, Tennessee	yes	2.0	34.07253379302399	1111.7607072555113
4496	32	Sawmills	47	321113	187	47187	Williamson County, Tennessee	yes	2.0	34.50806387513904	1072.0513830303864
4497	32	Soap and other detergent manufacturing	47	325611	11	47011	Bradley County, Tennessee	yes	1.0	67.93416666666667	3580.9199999999996
4498	32	Soap and other detergent manufacturing	47	325611	37	47037	Davidson County, Tennessee	yes	1.0	54.82820512820513	2437.1846153846154
4499	32	Soap and other detergent manufacturing	47	325611	45	47045	Dyer County, Tennessee	yes	1.0	66.43231837606838	3429.894871794872
4500	32	Soap and other detergent manufacturing	47	325611	63	47063	Hamblen County, Tennessee	yes	2.0	132.86463675213676	6859.789743589744
4501	32	Soap and other detergent manufacturing	47	325611	65	47065	Hamilton County, Tennessee	no	3.4	28.0	1236.2
4502	32	Soap and other detergent manufacturing	47	325611	65	47065	Hamilton County, Tennessee	yes	3.0	151.125	7409.4375
4503	32	Soap and other detergent manufacturing	47	325611	85	47085	Humphreys County, Tennessee	yes	1.0	50.733333333333334	2199.6
4504	32	Soap and other detergent manufacturing	47	325611	93	47093	Knox County, Tennessee	yes	1.0	66.43231837606838	3429.894871794872
4505	32	Soap and other detergent manufacturing	47	325611	125	47125	Montgomery County, Tennessee	yes	1.0	66.43231837606838	3429.894871794872
4506	32	Soap and other detergent manufacturing	47	325611	147	47147	Robertson County, Tennessee	yes	1.0	53.34380341880342	2448.060576923077
4507	32	Soap and other detergent manufacturing	47	325611	157	47157	Shelby County, Tennessee	no	4.333333333333333	335.6666666666667	18348.666666666668
4508	32	Soap and other detergent manufacturing	47	325611	157	47157	Shelby County, Tennessee	yes	4.0	213.37521367521367	9792.242307692308
4509	32	Soap and other detergent manufacturing	47	325611	165	47165	Sumner County, Tennessee	yes	1.0	66.43231837606838	3429.894871794872
4510	32	Soap and other detergent manufacturing	47	325611	189	47189	Wilson County, Tennessee	yes	1.0	66.43231837606838	3429.894871794872
4511	32	Softwood veneer and plywood manufacturing	47	321212	149	47149	Rutherford County, Tennessee	yes	1.0	0.0	0.0
4512	32	Stationery product manufacturing	47	322230	25	47025	Claiborne County, Tennessee	yes	1.0	67.04166666666667	2479.7916666666665
4513	32	Stationery product manufacturing	47	322230	31	47031	Coffee County, Tennessee	yes	1.0	80.94345238095237	3187.116071428571
4514	32	Stationery product manufacturing	47	322230	37	47037	Davidson County, Tennessee	yes	1.0	78.75	2548.5
4515	32	Stationery product manufacturing	47	322230	63	47063	Hamblen County, Tennessee	yes	1.1666666666666667	96.65178571428571	3823.5744047619046
4516	32	Stationery product manufacturing	47	322230	65	47065	Hamilton County, Tennessee	yes	1.0	80.94345238095237	3187.116071428571
4517	32	Stationery product manufacturing	47	322230	89	47089	Jefferson County, Tennessee	yes	1.0	80.94345238095237	3187.116071428571
4518	32	Stationery product manufacturing	47	322230	93	47093	Knox County, Tennessee	yes	2.0	161.88690476190473	6374.232142857142
4519	32	Stationery product manufacturing	47	322230	163	47163	Sullivan County, Tennessee	yes	1.0	81.38214285714284	3314.8392857142853
4520	32	Support activities for printing	47	323120	37	47037	Davidson County, Tennessee	no	13.166666666666666	307.6666666666667	12350.333333333334
4521	32	Support activities for printing	47	323120	59	47059	Greene County, Tennessee	yes	1.0	14.246212121212123	556.5409090909092
4522	32	Support activities for printing	47	323120	63	47063	Hamblen County, Tennessee	yes	1.0	14.246212121212123	556.5409090909092
4523	32	Support activities for printing	47	323120	65	47065	Hamilton County, Tennessee	yes	2.6666666666666665	37.099747474747474	1427.3949494949495
4524	32	Support activities for printing	47	323120	73	47073	Hawkins County, Tennessee	yes	1.0	14.246212121212123	556.5409090909092
4525	32	Support activities for printing	47	323120	89	47089	Jefferson County, Tennessee	yes	1.3333333333333333	18.76010101010101	718.2353535353535
4526	32	Support activities for printing	47	323120	93	47093	Knox County, Tennessee	no	3.0	6.333333333333333	330.0
4527	32	Support activities for printing	47	323120	93	47093	Knox County, Tennessee	yes	2.0	30.611111111111114	1262.8555555555556
4528	32	Support activities for printing	47	323120	149	47149	Rutherford County, Tennessee	yes	2.0	28.492424242424246	1113.0818181818183
4529	32	Support activities for printing	47	323120	157	47157	Shelby County, Tennessee	no	6.166666666666667	118.5	7477.666666666667
4530	32	Support activities for printing	47	323120	165	47165	Sumner County, Tennessee	yes	1.0	13.738636363636363	502.02272727272725
4531	32	Support activities for printing	47	323120	179	47179	Washington County, Tennessee	yes	1.0	12.083333333333332	440.91666666666663
4532	32	Support activities for printing	47	323120	187	47187	Williamson County, Tennessee	yes	1.0	14.246212121212123	556.5409090909092
4533	32	Support activities for printing	47	323120	189	47189	Wilson County, Tennessee	yes	1.0	16.291666666666668	708.8083333333333
4534	32	Surface active agent manufacturing	47	325613	65	47065	Hamilton County, Tennessee	yes	2.0	12.444444444444443	1146.0
4535	32	Surface active agent manufacturing	47	325613	113	47113	Madison County, Tennessee	yes	1.0	6.222222222222221	573.0
4536	32	Surface active agent manufacturing	47	325613	139	47139	Polk County, Tennessee	yes	1.0	0.0	1564.0
4537	32	Synthetic dye and pigment manufacturing	47	325130	47	47047	Fayette County, Tennessee	yes	1.0	0.0	0.0
4538	32	Synthetic dye and pigment manufacturing	47	325130	55	47055	Giles County, Tennessee	yes	1.0	0.0	0.0
4539	32	Synthetic dye and pigment manufacturing	47	325130	65	47065	Hamilton County, Tennessee	yes	1.3333333333333333	0.0	0.0
4540	32	Synthetic dye and pigment manufacturing	47	325130	85	47085	Humphreys County, Tennessee	yes	1.0	0.0	0.0
4541	32	Synthetic dye and pigment manufacturing	47	325130	107	47107	McMinn County, Tennessee	yes	1.0	0.0	0.0
4542	32	Synthetic rubber manufacturing	47	325212	11	47011	Bradley County, Tennessee	yes	1.0	0.0	0.0
4543	32	Synthetic rubber manufacturing	47	325212	59	47059	Greene County, Tennessee	yes	1.0	0.0	0.0
4544	32	Synthetic rubber manufacturing	47	325212	65	47065	Hamilton County, Tennessee	yes	2.0	0.0	0.0
4545	32	Tire manufacturing (except retreading)	47	326211	1	47001	Anderson County, Tennessee	yes	1.0	397.98214285714283	20906.27976190476
4546	32	Tire manufacturing (except retreading)	47	326211	65	47065	Hamilton County, Tennessee	yes	1.0	384.5952380952381	20915.723214285714
4547	32	Tire manufacturing (except retreading)	47	326211	113	47113	Madison County, Tennessee	yes	1.5	570.1994047619047	31378.30654761905
4548	32	Tire manufacturing (except retreading)	47	326211	125	47125	Montgomery County, Tennessee	yes	1.0	371.0	20744.40625
4549	32	Tire manufacturing (except retreading)	47	326211	149	47149	Rutherford County, Tennessee	yes	1.0	384.5952380952381	20915.723214285714
4550	32	Tire manufacturing (except retreading)	47	326211	163	47163	Sullivan County, Tennessee	yes	1.0	384.5952380952381	20915.723214285714
4551	32	Tire manufacturing (except retreading)	47	326211	171	47171	Unicoi County, Tennessee	yes	1.0	384.5952380952381	20915.723214285714
4552	32	Tire manufacturing (except retreading)	47	326211	177	47177	Warren County, Tennessee	yes	1.0	384.5952380952381	20915.723214285714
4553	32	Tire retreading	47	326212	11	47011	Bradley County, Tennessee	yes	2.0	15.87985347985348	570.5164502164503
4554	32	Tire retreading	47	326212	37	47037	Davidson County, Tennessee	no	3.0	65.0	2651.6666666666665
4555	32	Tire retreading	47	326212	65	47065	Hamilton County, Tennessee	yes	2.0	15.87985347985348	570.5164502164503
4556	32	Tire retreading	47	326212	93	47093	Knox County, Tennessee	yes	1.0	7.93992673992674	285.25822510822513
4557	32	Tire retreading	47	326212	107	47107	McMinn County, Tennessee	yes	1.0	7.93992673992674	285.25822510822513
4558	32	Tire retreading	47	326212	123	47123	Monroe County, Tennessee	yes	1.0	7.153846153846154	229.0
4559	32	Tire retreading	47	326212	149	47149	Rutherford County, Tennessee	yes	1.0	7.93992673992674	285.25822510822513
4560	32	Tire retreading	47	326212	157	47157	Shelby County, Tennessee	yes	1.3333333333333333	10.404961704961705	365.10670995670995
4561	32	Tire retreading	47	326212	163	47163	Sullivan County, Tennessee	yes	1.0	8.097142857142856	296.50987012987014
4562	32	Tire retreading	47	326212	173	47173	Union County, Tennessee	yes	1.0	7.153846153846154	229.0
4563	32	Tire retreading	47	326212	179	47179	Washington County, Tennessee	yes	1.1666666666666667	9.132234432234434	323.4248917748918
4564	32	Tire retreading	47	326212	189	47189	Wilson County, Tennessee	yes	1.0	8.383116883116882	321.3528138528138
4565	32	Toilet preparation manufacturing	47	325620	9	47009	Blount County, Tennessee	yes	1.0	173.57905982905982	8252.357051282052
4566	32	Toilet preparation manufacturing	47	325620	29	47029	Cocke County, Tennessee	yes	1.0	180.15384615384616	9030.846153846154
4567	32	Toilet preparation manufacturing	47	325620	41	47041	DeKalb County, Tennessee	yes	1.0	173.57905982905982	8252.357051282052
4568	32	Toilet preparation manufacturing	47	325620	65	47065	Hamilton County, Tennessee	yes	1.0	170.58333333333331	7457.625
4569	32	Toilet preparation manufacturing	47	325620	117	47117	Marshall County, Tennessee	yes	1.0	173.57905982905982	8252.357051282052
4570	32	Toilet preparation manufacturing	47	325620	149	47149	Rutherford County, Tennessee	yes	1.1666666666666667	204.258547008547	9678.177564102565
4571	32	Toilet preparation manufacturing	47	325620	157	47157	Shelby County, Tennessee	yes	3.5	610.3547008547008	29081.489743589747
4572	32	Toilet preparation manufacturing	47	325620	177	47177	Warren County, Tennessee	yes	2.0	347.15811965811963	16504.714102564103
4573	32	Toilet preparation manufacturing	47	325620	179	47179	Washington County, Tennessee	yes	1.0	173.57905982905982	8252.357051282052
4574	32	Toilet preparation manufacturing	47	325620	187	47187	Williamson County, Tennessee	yes	1.0	170.0	8268.6
4575	32	Truss manufacturing	47	321214	9	47009	Blount County, Tennessee	yes	2.0	36.76190476190476	1318.0895061728395
4576	32	Truss manufacturing	47	321214	11	47011	Bradley County, Tennessee	yes	1.0	18.38095238095238	659.0447530864197
4577	32	Truss manufacturing	47	321214	21	47021	Cheatham County, Tennessee	yes	1.0	21.76190476190476	824.5476190476189
4578	32	Truss manufacturing	47	321214	35	47035	Cumberland County, Tennessee	yes	2.5	44.26190476190476	1564.8604497354497
4579	32	Truss manufacturing	47	321214	49	47049	Fentress County, Tennessee	yes	1.0	14.571428571428571	475.2056878306878
4580	32	Truss manufacturing	47	321214	53	47053	Gibson County, Tennessee	yes	1.0	18.38095238095238	659.0447530864197
4581	32	Truss manufacturing	47	321214	57	47057	Grainger County, Tennessee	yes	1.0	18.38095238095238	659.0447530864197
4582	32	Truss manufacturing	47	321214	59	47059	Greene County, Tennessee	yes	1.5	27.023809523809522	959.1549823633158
4583	32	Truss manufacturing	47	321214	65	47065	Hamilton County, Tennessee	yes	1.0	22.642857142857142	852.3571428571428
4584	32	Truss manufacturing	47	321214	89	47089	Jefferson County, Tennessee	yes	1.0	18.38095238095238	659.0447530864197
4585	32	Truss manufacturing	47	321214	93	47093	Knox County, Tennessee	yes	1.0	18.38095238095238	659.0447530864197
4586	32	Truss manufacturing	47	321214	107	47107	McMinn County, Tennessee	yes	1.0	18.38095238095238	659.0447530864197
4587	32	Truss manufacturing	47	321214	119	47119	Maury County, Tennessee	yes	1.0	18.38095238095238	659.0447530864197
4588	32	Truss manufacturing	47	321214	123	47123	Monroe County, Tennessee	yes	1.0	18.38095238095238	659.0447530864197
4589	32	Truss manufacturing	47	321214	125	47125	Montgomery County, Tennessee	yes	1.0	18.38095238095238	659.0447530864197
4590	32	Truss manufacturing	47	321214	141	47141	Putnam County, Tennessee	yes	2.0	36.76190476190476	1318.0895061728395
4591	32	Truss manufacturing	47	321214	149	47149	Rutherford County, Tennessee	yes	2.0	36.76190476190476	1318.0895061728395
4592	32	Truss manufacturing	47	321214	151	47151	Scott County, Tennessee	no	3.0	0.0	57.0
4593	32	Truss manufacturing	47	321214	151	47151	Scott County, Tennessee	yes	2.0	37.71428571428571	1381.1
4594	32	Truss manufacturing	47	321214	163	47163	Sullivan County, Tennessee	yes	2.0	36.76190476190476	1318.0895061728395
4595	32	Truss manufacturing	47	321214	179	47179	Washington County, Tennessee	yes	2.0	36.76190476190476	1318.0895061728395
4596	32	Truss manufacturing	47	321214	181	47181	Wayne County, Tennessee	yes	1.0	18.38095238095238	659.0447530864197
4597	32	Truss manufacturing	47	321214	187	47187	Williamson County, Tennessee	yes	1.0	18.38095238095238	659.0447530864197
4598	32	Unlaminated plastics film and sheet (except packaging) manufacturing	47	326113	11	47011	Bradley County, Tennessee	yes	1.0	38.166666666666664	1858.6805555555554
4599	32	Unlaminated plastics film and sheet (except packaging) manufacturing	47	326113	17	47017	Carroll County, Tennessee	yes	1.0	0.0	0.0
4600	32	Unlaminated plastics film and sheet (except packaging) manufacturing	47	326113	31	47031	Coffee County, Tennessee	yes	1.0	38.166666666666664	1858.6805555555554
4601	32	Unlaminated plastics film and sheet (except packaging) manufacturing	47	326113	37	47037	Davidson County, Tennessee	yes	3.0	114.5	5576.041666666667
4602	32	Unlaminated plastics film and sheet (except packaging) manufacturing	47	326113	51	47051	Franklin County, Tennessee	yes	1.0	76.33333333333333	3717.361111111111
4603	32	Unlaminated plastics film and sheet (except packaging) manufacturing	47	326113	63	47063	Hamblen County, Tennessee	yes	2.0	76.33333333333333	3717.361111111111
4604	32	Unlaminated plastics film and sheet (except packaging) manufacturing	47	326113	93	47093	Knox County, Tennessee	yes	1.0	38.166666666666664	1858.6805555555554
4605	32	Unlaminated plastics film and sheet (except packaging) manufacturing	47	326113	117	47117	Marshall County, Tennessee	yes	1.0	38.166666666666664	1858.6805555555554
4606	32	Unlaminated plastics film and sheet (except packaging) manufacturing	47	326113	139	47139	Polk County, Tennessee	yes	1.0	0.0	0.0
4607	32	Unlaminated plastics film and sheet (except packaging) manufacturing	47	326113	147	47147	Robertson County, Tennessee	yes	1.6	91.6	4460.833333333333
4608	32	Unlaminated plastics film and sheet (except packaging) manufacturing	47	326113	149	47149	Rutherford County, Tennessee	yes	1.0	0.0	0.0
4609	32	Unlaminated plastics film and sheet (except packaging) manufacturing	47	326113	185	47185	White County, Tennessee	yes	1.0	0.0	0.0
4610	32	Unlaminated plastics profile shape manufacturing	47	326121	37	47037	Davidson County, Tennessee	yes	1.0	77.7051282051282	4012.8461538461543
4611	32	Unlaminated plastics profile shape manufacturing	47	326121	47	47047	Fayette County, Tennessee	yes	1.0	84.0587606837607	4330.014957264957
4612	32	Unlaminated plastics profile shape manufacturing	47	326121	59	47059	Greene County, Tennessee	yes	1.0	84.40384615384616	4350.217948717948
4613	32	Unlaminated plastics profile shape manufacturing	47	326121	63	47063	Hamblen County, Tennessee	yes	2.0	168.1175213675214	8660.029914529914
4614	32	Unlaminated plastics profile shape manufacturing	47	326121	93	47093	Knox County, Tennessee	yes	1.8333333333333333	149.61217948717947	7683.023504273503
4615	32	Unlaminated plastics profile shape manufacturing	47	326121	105	47105	Loudon County, Tennessee	yes	2.0	168.1175213675214	8660.029914529914
4616	32	Unlaminated plastics profile shape manufacturing	47	326121	107	47107	McMinn County, Tennessee	yes	1.0	86.84615384615385	4615.615384615385
4617	32	Unlaminated plastics profile shape manufacturing	47	326121	113	47113	Madison County, Tennessee	yes	1.5	128.46581196581198	6644.636752136753
4618	32	Unlaminated plastics profile shape manufacturing	47	326121	119	47119	Maury County, Tennessee	yes	1.0	84.0587606837607	4330.014957264957
4619	32	Unlaminated plastics profile shape manufacturing	47	326121	165	47165	Sumner County, Tennessee	yes	1.0	87.23557692307693	4488.599358974359
4620	32	Unlaminated plastics profile shape manufacturing	47	326121	187	47187	Williamson County, Tennessee	yes	1.0	84.0587606837607	4330.014957264957
4621	32	Urethane and other foam product (except polystyrene) manufacturing	47	326150	11	47011	Bradley County, Tennessee	no	3.0	93.0	2094.0
4622	32	Urethane and other foam product (except polystyrene) manufacturing	47	326150	11	47011	Bradley County, Tennessee	yes	2.0	121.75651515151515	4910.812272727273
4623	32	Urethane and other foam product (except polystyrene) manufacturing	47	326150	31	47031	Coffee County, Tennessee	yes	1.0	50.294117647058826	2146.3529411764707
4624	32	Urethane and other foam product (except polystyrene) manufacturing	47	326150	37	47037	Davidson County, Tennessee	yes	1.0	59.11423425430778	2403.897270499109
4625	32	Urethane and other foam product (except polystyrene) manufacturing	47	326150	51	47051	Franklin County, Tennessee	yes	1.0	55.894362745098036	2302.3757352941175
4626	32	Urethane and other foam product (except polystyrene) manufacturing	47	326150	55	47055	Giles County, Tennessee	yes	1.0	59.11423425430778	2403.897270499109
4627	32	Urethane and other foam product (except polystyrene) manufacturing	47	326150	63	47063	Hamblen County, Tennessee	yes	1.1666666666666667	67.49658719548425	2761.622760695187
4628	32	Urethane and other foam product (except polystyrene) manufacturing	47	326150	65	47065	Hamilton County, Tennessee	no	4.4	220.6	9446.6
4629	32	Urethane and other foam product (except polystyrene) manufacturing	47	326150	65	47065	Hamilton County, Tennessee	yes	3.0	150.8823529411765	6439.058823529413
4630	32	Urethane and other foam product (except polystyrene) manufacturing	47	326150	107	47107	McMinn County, Tennessee	yes	1.0	59.11423425430778	2403.897270499109
4631	32	Urethane and other foam product (except polystyrene) manufacturing	47	326150	109	47109	McNairy County, Tennessee	yes	1.0	48.64705882352941	2043.5514705882354
4632	32	Urethane and other foam product (except polystyrene) manufacturing	47	326150	119	47119	Maury County, Tennessee	yes	1.0	60.87825757575757	2455.4061363636365
4633	32	Urethane and other foam product (except polystyrene) manufacturing	47	326150	133	47133	Overton County, Tennessee	yes	1.0	47.0	1940.75
4634	32	Urethane and other foam product (except polystyrene) manufacturing	47	326150	141	47141	Putnam County, Tennessee	yes	1.0	59.11423425430778	2403.897270499109
4635	32	Urethane and other foam product (except polystyrene) manufacturing	47	326150	149	47149	Rutherford County, Tennessee	yes	2.5	143.69971033868094	5867.767253416518
4636	32	Urethane and other foam product (except polystyrene) manufacturing	47	326150	179	47179	Washington County, Tennessee	yes	1.0	59.11423425430778	2403.897270499109
4637	32	Urethane and other foam product (except polystyrene) manufacturing	47	326150	183	47183	Weakley County, Tennessee	yes	1.3333333333333333	69.45359477124184	2877.523202614379
4638	32	Wood container and pallet manufacturing	47	321920	1	47001	Anderson County, Tennessee	no	4.0	36.666666666666664	1243.6666666666667
4639	32	Wood container and pallet manufacturing	47	321920	5	47005	Benton County, Tennessee	yes	2.0	33.53134871486591	915.0922496962498
4640	32	Wood container and pallet manufacturing	47	321920	11	47011	Bradley County, Tennessee	no	3.75	58.75	2501.25
4641	32	Wood container and pallet manufacturing	47	321920	11	47011	Bradley County, Tennessee	yes	3.0	47.89474789915967	1340.2644957983193
4642	32	Wood container and pallet manufacturing	47	321920	13	47013	Campbell County, Tennessee	yes	1.0	17.668943170488532	535.8178298438019
4643	32	Wood container and pallet manufacturing	47	321920	15	47015	Cannon County, Tennessee	yes	1.0	16.765674357432957	457.5461248481249
4644	32	Wood container and pallet manufacturing	47	321920	17	47017	Carroll County, Tennessee	yes	1.0	16.03283357004774	404.0403737128654
4645	32	Wood container and pallet manufacturing	47	321920	19	47019	Carter County, Tennessee	yes	1.0	16.765674357432957	457.5461248481249
4646	32	Wood container and pallet manufacturing	47	321920	21	47021	Cheatham County, Tennessee	yes	1.0	16.765674357432957	457.5461248481249
4647	32	Wood container and pallet manufacturing	47	321920	27	47027	Clay County, Tennessee	yes	1.0	16.765674357432957	457.5461248481249
4648	32	Wood container and pallet manufacturing	47	321920	31	47031	Coffee County, Tennessee	yes	1.0	16.765674357432957	457.5461248481249
4649	32	Wood container and pallet manufacturing	47	321920	33	47033	Crockett County, Tennessee	yes	2.0	33.53134871486591	915.0922496962498
4650	32	Wood container and pallet manufacturing	47	321920	37	47037	Davidson County, Tennessee	no	5.833333333333333	220.33333333333334	6346.5
4651	32	Wood container and pallet manufacturing	47	321920	39	47039	Decatur County, Tennessee	yes	2.3333333333333335	38.89826577276889	1035.5342215272358
4652	32	Wood container and pallet manufacturing	47	321920	43	47043	Dickson County, Tennessee	yes	2.0	33.53134871486591	915.0922496962498
4653	32	Wood container and pallet manufacturing	47	321920	45	47045	Dyer County, Tennessee	yes	1.5	24.69687712962164	647.183334774349
4654	32	Wood container and pallet manufacturing	47	321920	47	47047	Fayette County, Tennessee	yes	1.0	16.765674357432957	457.5461248481249
4655	32	Wood container and pallet manufacturing	47	321920	49	47049	Fentress County, Tennessee	yes	1.0	15.858725490196079	424.0091176470588
4656	32	Wood container and pallet manufacturing	47	321920	51	47051	Franklin County, Tennessee	yes	1.0	16.765674357432957	457.5461248481249
4657	32	Wood container and pallet manufacturing	47	321920	53	47053	Gibson County, Tennessee	yes	3.1666666666666665	52.86130878658457	1441.8336126396132
4658	32	Wood container and pallet manufacturing	47	321920	59	47059	Greene County, Tennessee	no	3.0	48.75	1196.25
4659	32	Wood container and pallet manufacturing	47	321920	59	47059	Greene County, Tennessee	yes	2.0	32.20150234741784	722.6518309859155
4660	32	Wood container and pallet manufacturing	47	321920	63	47063	Hamblen County, Tennessee	yes	2.5	42.36582030011018	1183.001164618151
4661	32	Wood container and pallet manufacturing	47	321920	75	47075	Haywood County, Tennessee	yes	1.0	16.765674357432957	457.5461248481249
4662	32	Wood container and pallet manufacturing	47	321920	77	47077	Henderson County, Tennessee	yes	1.0	16.03283357004774	404.0403737128654
4663	32	Wood container and pallet manufacturing	47	321920	79	47079	Henry County, Tennessee	yes	2.0	33.53134871486591	915.0922496962498
4664	32	Wood container and pallet manufacturing	47	321920	81	47081	Hickman County, Tennessee	no	3.0	63.166666666666664	1707.6666666666667
4665	32	Wood container and pallet manufacturing	47	321920	85	47085	Humphreys County, Tennessee	yes	1.0	16.2069416498994	384.07162977867205
4666	32	Wood container and pallet manufacturing	47	321920	89	47089	Jefferson County, Tennessee	no	3.0	0.0	227.0
4667	32	Wood container and pallet manufacturing	47	321920	89	47089	Jefferson County, Tennessee	yes	2.0	34.083332743553385	932.0421282069285
4668	32	Wood container and pallet manufacturing	47	321920	91	47091	Johnson County, Tennessee	yes	1.0	16.765674357432957	457.5461248481249
4669	32	Wood container and pallet manufacturing	47	321920	93	47093	Knox County, Tennessee	yes	2.0	34.206153475633904	975.2542488095738
4670	32	Wood container and pallet manufacturing	47	321920	97	47097	Lauderdale County, Tennessee	no	3.8	39.6	976.4
4671	32	Wood container and pallet manufacturing	47	321920	97	47097	Lauderdale County, Tennessee	yes	4.0	60.693333333333335	1478.72
4672	32	Wood container and pallet manufacturing	47	321920	99	47099	Lawrence County, Tennessee	yes	1.5	24.69687712962164	647.183334774349
4673	32	Wood container and pallet manufacturing	47	321920	101	47101	Lewis County, Tennessee	yes	1.0	15.862405544377376	379.27441985244803
4674	32	Wood container and pallet manufacturing	47	321920	103	47103	Lincoln County, Tennessee	yes	1.0	16.765674357432957	457.5461248481249
4675	32	Wood container and pallet manufacturing	47	321920	107	47107	McMinn County, Tennessee	yes	1.0	16.765674357432957	457.5461248481249
4676	32	Wood container and pallet manufacturing	47	321920	109	47109	McNairy County, Tennessee	yes	1.1666666666666667	19.294563246321847	519.1594581814583
4677	32	Wood container and pallet manufacturing	47	321920	111	47111	Macon County, Tennessee	no	3.0	15.333333333333334	283.0
4678	32	Wood container and pallet manufacturing	47	321920	111	47111	Macon County, Tennessee	yes	3.0	47.58721663313213	1137.8232595573438
4679	32	Wood container and pallet manufacturing	47	321920	113	47113	Madison County, Tennessee	yes	2.3333333333333335	38.89826577276889	1035.5342215272358
4680	32	Wood container and pallet manufacturing	47	321920	115	47115	Marion County, Tennessee	no	3.0	51.0	2718.0
4681	32	Wood container and pallet manufacturing	47	321920	115	47115	Marion County, Tennessee	yes	1.25	20.168862981812445	523.6249325363948
4682	32	Wood container and pallet manufacturing	47	321920	121	47121	Meigs County, Tennessee	yes	1.0	16.765674357432957	457.5461248481249
4683	32	Wood container and pallet manufacturing	47	321920	123	47123	Monroe County, Tennessee	yes	1.0	16.765674357432957	457.5461248481249
4684	32	Wood container and pallet manufacturing	47	321920	129	47129	Morgan County, Tennessee	no	4.0	34.0	391.0
4685	32	Wood container and pallet manufacturing	47	321920	129	47129	Morgan County, Tennessee	yes	2.2	37.57391892732266	1020.8330658326829
4686	32	Wood container and pallet manufacturing	47	321920	133	47133	Overton County, Tennessee	no	3.0	50.0	1469.0
4687	32	Wood container and pallet manufacturing	47	321920	133	47133	Overton County, Tennessee	yes	2.0	32.06566714009548	808.0807474257308
4688	32	Wood container and pallet manufacturing	47	321920	137	47137	Pickett County, Tennessee	yes	1.0	16.765674357432957	457.5461248481249
4689	32	Wood container and pallet manufacturing	47	321920	141	47141	Putnam County, Tennessee	no	3.0	39.333333333333336	942.0
4690	32	Wood container and pallet manufacturing	47	321920	141	47141	Putnam County, Tennessee	yes	2.0	35.337886340977064	1071.6356596876037
4691	32	Wood container and pallet manufacturing	47	321920	143	47143	Rhea County, Tennessee	yes	2.0	33.53134871486591	915.0922496962498
4692	32	Wood container and pallet manufacturing	47	321920	149	47149	Rutherford County, Tennessee	no	3.6666666666666665	87.33333333333333	2185.3333333333335
4693	32	Wood container and pallet manufacturing	47	321920	149	47149	Rutherford County, Tennessee	yes	2.6666666666666665	42.52943885535435	1014.5965928906775
4694	32	Wood container and pallet manufacturing	47	321920	157	47157	Shelby County, Tennessee	no	13.333333333333334	311.3333333333333	11215.666666666666
4695	32	Wood container and pallet manufacturing	47	321920	163	47163	Sullivan County, Tennessee	yes	1.0	16.765674357432957	457.5461248481249
4696	32	Wood container and pallet manufacturing	47	321920	165	47165	Sumner County, Tennessee	yes	1.0	15.173333333333334	369.68
4697	32	Wood container and pallet manufacturing	47	321920	171	47171	Unicoi County, Tennessee	yes	1.1666666666666667	19.294563246321847	519.1594581814583
4698	32	Wood container and pallet manufacturing	47	321920	177	47177	Warren County, Tennessee	yes	1.0	16.765674357432957	457.5461248481249
4699	32	Wood container and pallet manufacturing	47	321920	179	47179	Washington County, Tennessee	yes	2.0	33.53134871486591	915.0922496962498
4700	32	Wood container and pallet manufacturing	47	321920	181	47181	Wayne County, Tennessee	yes	1.0	16.765674357432957	457.5461248481249
4701	32	Wood container and pallet manufacturing	47	321920	183	47183	Weakley County, Tennessee	yes	1.6666666666666667	28.164431656962936	794.650277865264
4702	32	Wood container and pallet manufacturing	47	321920	185	47185	White County, Tennessee	yes	2.0	33.53134871486591	915.0922496962498
4703	32	Wood container and pallet manufacturing	47	321920	189	47189	Wilson County, Tennessee	yes	1.6666666666666667	28.164431656962936	794.650277865264
4704	32	Wood preservation	47	321114	53	47053	Gibson County, Tennessee	yes	1.0	10.0	423.20000000000005
4705	32	Wood preservation	47	321114	59	47059	Greene County, Tennessee	yes	1.1666666666666667	9.277777777777777	329.3
4706	32	Wood preservation	47	321114	71	47071	Hardin County, Tennessee	yes	1.0	9.333333333333334	387.2666666666667
4707	32	Wood preservation	47	321114	89	47089	Jefferson County, Tennessee	yes	1.0	13.833333333333332	407.0
4708	32	Wood preservation	47	321114	99	47099	Lawrence County, Tennessee	yes	1.0	5.6	232.36000000000004
4709	32	Wood preservation	47	321114	139	47139	Polk County, Tennessee	yes	1.0	5.458333333333333	180.60000000000002
4710	32	Wood preservation	47	321114	151	47151	Scott County, Tennessee	yes	1.0	6.972222222222221	261.4666666666667
4711	32	Wood preservation	47	321114	157	47157	Shelby County, Tennessee	yes	1.0	6.916666666666666	203.5
4712	32	Wood window and door manufacturing	47	321911	5	47005	Benton County, Tennessee	yes	2.0	139.91228070175438	5176.430701754386
4713	32	Wood window and door manufacturing	47	321911	13	47013	Campbell County, Tennessee	yes	1.0	70.4421052631579	2658.532105263158
4714	32	Wood window and door manufacturing	47	321911	37	47037	Davidson County, Tennessee	no	3.0	29.0	1270.0
4715	32	Wood window and door manufacturing	47	321911	37	47037	Davidson County, Tennessee	yes	2.2	155.55421052631579	5831.184210526315
4716	32	Wood window and door manufacturing	47	321911	43	47043	Dickson County, Tennessee	yes	1.0	69.95614035087719	2588.215350877193
4717	32	Wood window and door manufacturing	47	321911	57	47057	Grainger County, Tennessee	yes	1.0	69.95614035087719	2588.215350877193
4718	32	Wood window and door manufacturing	47	321911	85	47085	Humphreys County, Tennessee	yes	1.0	69.95614035087719	2588.215350877193
4719	32	Wood window and door manufacturing	47	321911	89	47089	Jefferson County, Tennessee	yes	1.0	69.95614035087719	2588.215350877193
4720	32	Wood window and door manufacturing	47	321911	93	47093	Knox County, Tennessee	yes	1.0	69.95614035087719	2588.215350877193
4721	32	Wood window and door manufacturing	47	321911	97	47097	Lauderdale County, Tennessee	yes	1.0	69.95614035087719	2588.215350877193
4722	32	Wood window and door manufacturing	47	321911	99	47099	Lawrence County, Tennessee	yes	1.0	65.04122807017544	2302.7219298245614
4723	32	Wood window and door manufacturing	47	321911	103	47103	Lincoln County, Tennessee	yes	1.0	62.94736842105263	2270.684210526316
4724	32	Wood window and door manufacturing	47	321911	111	47111	Macon County, Tennessee	yes	1.0	69.95614035087719	2588.215350877193
4725	32	Wood window and door manufacturing	47	321911	147	47147	Robertson County, Tennessee	yes	2.2	161.20315789473685	6100.172105263157
4726	32	Wood window and door manufacturing	47	321911	157	47157	Shelby County, Tennessee	yes	1.0	67.52631578947368	2236.6315789473683
4727	32	Wood window and door manufacturing	47	321911	163	47163	Sullivan County, Tennessee	yes	1.0	69.95614035087719	2588.215350877193
4728	32	Wood window and door manufacturing	47	321911	165	47165	Sumner County, Tennessee	yes	1.0	65.04122807017544	2302.7219298245614
4729	32	Wood window and door manufacturing	47	321911	185	47185	White County, Tennessee	yes	1.3333333333333333	91.98552631578947	3361.128947368421
4730	32	Wood window and door manufacturing	47	321911	187	47187	Williamson County, Tennessee	yes	1.0	67.52631578947368	2236.6315789473683
4731	32	Wood window and door manufacturing	47	321911	189	47189	Wilson County, Tennessee	yes	2.0	139.91228070175438	5176.430701754386
4732	33	Air and gas compressor manufacturing	47	333912	37	47037	Davidson County, Tennessee	yes	1.6666666666666667	42.50529100529099	2351.4497354497353
4733	33	Air and gas compressor manufacturing	47	333912	71	47071	Hardin County, Tennessee	yes	1.0	22.275132275132275	1181.9259259259259
4734	33	Air and gas compressor manufacturing	47	333912	93	47093	Knox County, Tennessee	yes	1.0	27.326984126984122	1549.8698412698411
4735	33	Air and gas compressor manufacturing	47	333912	113	47113	Madison County, Tennessee	yes	2.0	53.44973544973544	2978.116402116402
4736	33	Air and gas compressor manufacturing	47	333912	141	47141	Putnam County, Tennessee	yes	1.3333333333333333	33.910052910052904	1882.5211640211637
4737	33	Air and gas compressor manufacturing	47	333912	157	47157	Shelby County, Tennessee	yes	1.0	26.72486772486772	1489.058201058201
4738	33	Air-conditioning and warm air heating equipment and commercial and industrial refrigeration equipment manufacturing	47	333415	5	47005	Benton County, Tennessee	yes	1.0	272.08	11029.16
4739	33	Air-conditioning and warm air heating equipment and commercial and industrial refrigeration equipment manufacturing	47	333415	9	47009	Blount County, Tennessee	yes	1.0	278.6286166007905	12144.852522272413
4740	33	Air-conditioning and warm air heating equipment and commercial and industrial refrigeration equipment manufacturing	47	333415	37	47037	Davidson County, Tennessee	yes	1.0	278.6286166007905	12144.852522272413
4741	33	Air-conditioning and warm air heating equipment and commercial and industrial refrigeration equipment manufacturing	47	333415	39	47039	Decatur County, Tennessee	yes	1.0	278.6286166007905	12144.852522272413
4742	33	Air-conditioning and warm air heating equipment and commercial and industrial refrigeration equipment manufacturing	47	333415	59	47059	Greene County, Tennessee	yes	1.0	278.6286166007905	12144.852522272413
4743	33	Air-conditioning and warm air heating equipment and commercial and industrial refrigeration equipment manufacturing	47	333415	73	47073	Hawkins County, Tennessee	yes	1.0	298.0	13149.095238095237
4744	33	Air-conditioning and warm air heating equipment and commercial and industrial refrigeration equipment manufacturing	47	333415	75	47075	Haywood County, Tennessee	yes	1.0	278.6286166007905	12144.852522272413
4745	33	Air-conditioning and warm air heating equipment and commercial and industrial refrigeration equipment manufacturing	47	333415	103	47103	Lincoln County, Tennessee	yes	1.0	278.6286166007905	12144.852522272413
4746	33	Air-conditioning and warm air heating equipment and commercial and industrial refrigeration equipment manufacturing	47	333415	117	47117	Marshall County, Tennessee	yes	1.0	278.6286166007905	12144.852522272413
4747	33	Air-conditioning and warm air heating equipment and commercial and industrial refrigeration equipment manufacturing	47	333415	125	47125	Montgomery County, Tennessee	yes	1.0	278.6286166007905	12144.852522272413
4748	33	Air-conditioning and warm air heating equipment and commercial and industrial refrigeration equipment manufacturing	47	333415	129	47129	Morgan County, Tennessee	yes	1.0	278.6286166007905	12144.852522272413
4749	33	Air-conditioning and warm air heating equipment and commercial and industrial refrigeration equipment manufacturing	47	333415	141	47141	Putnam County, Tennessee	yes	2.0	557.257233201581	24289.705044544826
4750	33	Air-conditioning and warm air heating equipment and commercial and industrial refrigeration equipment manufacturing	47	333415	143	47143	Rhea County, Tennessee	yes	1.6666666666666667	457.9238998682477	19906.67329851308
4751	33	Air-conditioning and warm air heating equipment and commercial and industrial refrigeration equipment manufacturing	47	333415	147	47147	Robertson County, Tennessee	yes	1.0	278.6286166007905	12144.852522272413
4752	33	Air-conditioning and warm air heating equipment and commercial and industrial refrigeration equipment manufacturing	47	333415	149	47149	Rutherford County, Tennessee	yes	1.0	278.6286166007905	12144.852522272413
4753	33	Air-conditioning and warm air heating equipment and commercial and industrial refrigeration equipment manufacturing	47	333415	157	47157	Shelby County, Tennessee	yes	2.3333333333333335	647.4372332015811	27938.641433433717
4754	33	Air-conditioning and warm air heating equipment and commercial and industrial refrigeration equipment manufacturing	47	333415	163	47163	Sullivan County, Tennessee	yes	1.0	278.6286166007905	12144.852522272413
4755	33	Air-conditioning and warm air heating equipment and commercial and industrial refrigeration equipment manufacturing	47	333415	165	47165	Sumner County, Tennessee	yes	1.0	261.9542028985507	10799.626400966185
4756	33	Air-conditioning and warm air heating equipment and commercial and industrial refrigeration equipment manufacturing	47	333415	167	47167	Tipton County, Tennessee	yes	1.0	278.6286166007905	12144.852522272413
4757	33	Air-conditioning and warm air heating equipment and commercial and industrial refrigeration equipment manufacturing	47	333415	179	47179	Washington County, Tennessee	yes	1.0	278.6286166007905	12144.852522272413
4758	33	Air-conditioning and warm air heating equipment and commercial and industrial refrigeration equipment manufacturing	47	333415	183	47183	Weakley County, Tennessee	yes	1.0	278.6286166007905	12144.852522272413
4759	33	Air-conditioning and warm air heating equipment and commercial and industrial refrigeration equipment manufacturing	47	333415	187	47187	Williamson County, Tennessee	yes	1.0	268.9429249011858	11642.731164361001
4760	33	Aircraft engine and engine parts manufacturing	47	336412	1	47001	Anderson County, Tennessee	yes	1.0	0.0	56.0
4761	33	Aircraft engine and engine parts manufacturing	47	336412	3	47003	Bedford County, Tennessee	yes	1.0	0.0	14.0
4762	33	Aircraft engine and engine parts manufacturing	47	336412	119	47119	Maury County, Tennessee	yes	1.0	0.0	28.0
4763	33	Aircraft engine and engine parts manufacturing	47	336412	149	47149	Rutherford County, Tennessee	yes	1.0	0.0	9.333333333333334
4764	33	Aircraft manufacturing	47	336411	3	47003	Bedford County, Tennessee	yes	1.0	0.0	0.0
4765	33	Aircraft manufacturing	47	336411	37	47037	Davidson County, Tennessee	yes	1.0	0.0	0.0
4766	33	Aircraft manufacturing	47	336411	79	47079	Henry County, Tennessee	yes	1.0	0.0	0.0
4767	33	Aircraft manufacturing	47	336411	141	47141	Putnam County, Tennessee	yes	1.0	0.0	0.0
4768	33	Aircraft manufacturing	47	336411	157	47157	Shelby County, Tennessee	yes	1.0	0.0	0.0
4769	33	Aircraft manufacturing	47	336411	163	47163	Sullivan County, Tennessee	yes	1.0	0.0	0.0
4770	33	All other miscellaneous electrical equipment and component manufacturing	47	335999	1	47001	Anderson County, Tennessee	yes	1.0	10.799999999999999	441.6333333333334
4771	33	All other miscellaneous electrical equipment and component manufacturing	47	335999	9	47009	Blount County, Tennessee	yes	1.1666666666666667	36.37936507936508	1534.236507936508
4772	33	All other miscellaneous electrical equipment and component manufacturing	47	335999	37	47037	Davidson County, Tennessee	yes	1.3333333333333333	38.169841269841264	1627.3007936507936
4773	33	All other miscellaneous electrical equipment and component manufacturing	47	335999	65	47065	Hamilton County, Tennessee	yes	1.8333333333333333	67.35873015873015	2847.6563492063488
4774	33	All other miscellaneous electrical equipment and component manufacturing	47	335999	153	47153	Sequatchie County, Tennessee	yes	1.0	30.979365079365078	1313.4198412698413
4775	33	All other miscellaneous electrical equipment and component manufacturing	47	335999	157	47157	Shelby County, Tennessee	yes	1.0	0.0	0.0
4776	33	All other miscellaneous electrical equipment and component manufacturing	47	335999	163	47163	Sullivan County, Tennessee	yes	1.0	30.979365079365078	1313.4198412698413
4777	33	All other miscellaneous electrical equipment and component manufacturing	47	335999	189	47189	Wilson County, Tennessee	yes	1.0	16.2	662.45
4778	33	All other miscellaneous fabricated metal product manufacturing	47	332999	1	47001	Anderson County, Tennessee	no	4.5	52.5	2418.75
4779	33	All other miscellaneous fabricated metal product manufacturing	47	332999	1	47001	Anderson County, Tennessee	yes	4.0	67.19976147883125	3366.455575432319
4780	33	All other miscellaneous fabricated metal product manufacturing	47	332999	3	47003	Bedford County, Tennessee	yes	1.0	17.126369012124826	754.3022628769771
4781	33	All other miscellaneous fabricated metal product manufacturing	47	332999	5	47005	Benton County, Tennessee	yes	1.0	16.934976147883127	786.0682710079282
4782	33	All other miscellaneous fabricated metal product manufacturing	47	332999	9	47009	Blount County, Tennessee	yes	1.8333333333333333	31.238849135360763	1409.359155383584
4783	33	All other miscellaneous fabricated metal product manufacturing	47	332999	11	47011	Bradley County, Tennessee	yes	2.3333333333333335	39.205495925263364	1783.0828342886582
4784	33	All other miscellaneous fabricated metal product manufacturing	47	332999	13	47013	Campbell County, Tennessee	yes	1.0	17.126369012124826	754.3022628769771
4785	33	All other miscellaneous fabricated metal product manufacturing	47	332999	19	47019	Carter County, Tennessee	yes	1.0	17.126369012124826	754.3022628769771
4786	33	All other miscellaneous fabricated metal product manufacturing	47	332999	23	47023	Chester County, Tennessee	yes	1.1666666666666667	20.140257901013715	853.5476332473476
4787	33	All other miscellaneous fabricated metal product manufacturing	47	332999	33	47033	Crockett County, Tennessee	yes	1.0	14.2	559.1142857142856
4788	33	All other miscellaneous fabricated metal product manufacturing	47	332999	35	47035	Cumberland County, Tennessee	yes	1.8333333333333333	31.238849135360763	1409.359155383584
4789	33	All other miscellaneous fabricated metal product manufacturing	47	332999	37	47037	Davidson County, Tennessee	no	3.3333333333333335	226.0	11827.333333333334
4790	33	All other miscellaneous fabricated metal product manufacturing	47	332999	37	47037	Davidson County, Tennessee	yes	3.3333333333333335	57.71099185052673	2477.1907506791226
4791	33	All other miscellaneous fabricated metal product manufacturing	47	332999	43	47043	Dickson County, Tennessee	yes	1.0	17.126369012124826	754.3022628769771
4792	33	All other miscellaneous fabricated metal product manufacturing	47	332999	47	47047	Fayette County, Tennessee	yes	1.0	16.9618992248062	724.9729718626289
4793	33	All other miscellaneous fabricated metal product manufacturing	47	332999	57	47057	Grainger County, Tennessee	yes	1.0	18.083333333333332	595.4722222222222
4794	33	All other miscellaneous fabricated metal product manufacturing	47	332999	59	47059	Greene County, Tennessee	yes	1.25	20.020803518187236	849.2321453417383
4795	33	All other miscellaneous fabricated metal product manufacturing	47	332999	63	47063	Hamblen County, Tennessee	yes	1.0	17.126369012124826	754.3022628769771
4796	33	All other miscellaneous fabricated metal product manufacturing	47	332999	65	47065	Hamilton County, Tennessee	yes	2.0	34.25273802424965	1508.6045257539542
4797	33	All other miscellaneous fabricated metal product manufacturing	47	332999	91	47091	Johnson County, Tennessee	yes	1.0	18.083333333333332	595.4722222222222
4798	33	All other miscellaneous fabricated metal product manufacturing	47	332999	93	47093	Knox County, Tennessee	no	4.5	31.666666666666668	1746.1666666666667
4799	33	All other miscellaneous fabricated metal product manufacturing	47	332999	99	47099	Lawrence County, Tennessee	yes	1.0	17.025000000000002	749.0378557744938
4800	33	All other miscellaneous fabricated metal product manufacturing	47	332999	103	47103	Lincoln County, Tennessee	yes	1.0	15.651162790697674	782.2790697674418
4801	33	All other miscellaneous fabricated metal product manufacturing	47	332999	113	47113	Madison County, Tennessee	yes	1.0	16.934976147883127	786.0682710079282
4802	33	All other miscellaneous fabricated metal product manufacturing	47	332999	117	47117	Marshall County, Tennessee	yes	1.0	15.651162790697674	782.2790697674418
4803	33	All other miscellaneous fabricated metal product manufacturing	47	332999	119	47119	Maury County, Tennessee	yes	1.0	17.255929487179486	787.0155713180498
4804	33	All other miscellaneous fabricated metal product manufacturing	47	332999	123	47123	Monroe County, Tennessee	yes	2.0	34.25273802424965	1508.6045257539542
4805	33	All other miscellaneous fabricated metal product manufacturing	47	332999	131	47131	Obion County, Tennessee	yes	2.0	34.25273802424965	1508.6045257539542
4806	33	All other miscellaneous fabricated metal product manufacturing	47	332999	147	47147	Robertson County, Tennessee	yes	1.5	25.740238024249653	1134.0855978667075
4807	33	All other miscellaneous fabricated metal product manufacturing	47	332999	149	47149	Rutherford County, Tennessee	yes	1.0	17.126369012124826	754.3022628769771
4808	33	All other miscellaneous fabricated metal product manufacturing	47	332999	153	47153	Sequatchie County, Tennessee	yes	1.0	17.126369012124826	754.3022628769771
4809	33	All other miscellaneous fabricated metal product manufacturing	47	332999	157	47157	Shelby County, Tennessee	no	7.5	351.8333333333333	16594.0
4810	33	All other miscellaneous fabricated metal product manufacturing	47	332999	163	47163	Sullivan County, Tennessee	yes	1.0	16.47080351818724	709.4535739131668
4811	33	All other miscellaneous fabricated metal product manufacturing	47	332999	165	47165	Sumner County, Tennessee	yes	1.0	16.867248062015502	688.875645994832
4812	33	All other miscellaneous fabricated metal product manufacturing	47	332999	177	47177	Warren County, Tennessee	yes	1.0	17.126369012124826	754.3022628769771
4813	33	All other miscellaneous fabricated metal product manufacturing	47	332999	179	47179	Washington County, Tennessee	yes	1.0	16.47080351818724	709.4535739131668
4814	33	All other miscellaneous fabricated metal product manufacturing	47	332999	185	47185	White County, Tennessee	yes	1.0	17.255929487179486	787.0155713180498
4815	33	All other miscellaneous fabricated metal product manufacturing	47	332999	187	47187	Williamson County, Tennessee	yes	1.1666666666666667	20.140257901013715	853.5476332473476
4816	33	All other miscellaneous fabricated metal product manufacturing	47	332999	189	47189	Wilson County, Tennessee	yes	2.0	33.734496124031004	1377.751291989664
4817	33	All other miscellaneous general purpose machinery manufacturing	47	333999	1	47001	Anderson County, Tennessee	yes	1.6666666666666667	74.93304284676834	4116.6563440190885
4818	33	All other miscellaneous general purpose machinery manufacturing	47	333999	5	47005	Benton County, Tennessee	yes	1.0	45.3281045751634	2410.1356209150326
4819	33	All other miscellaneous general purpose machinery manufacturing	47	333999	9	47009	Blount County, Tennessee	yes	1.0	46.0	1934.45
4820	33	All other miscellaneous general purpose machinery manufacturing	47	333999	25	47025	Claiborne County, Tennessee	yes	1.0	44.05882352941177	2226.1367647058823
4821	33	All other miscellaneous general purpose machinery manufacturing	47	333999	37	47037	Davidson County, Tennessee	yes	2.3333333333333335	101.98616039008196	5555.841702977487
4822	33	All other miscellaneous general purpose machinery manufacturing	47	333999	63	47063	Hamblen County, Tennessee	yes	1.0	46.610644257703086	2493.4721288515407
4823	33	All other miscellaneous general purpose machinery manufacturing	47	333999	65	47065	Hamilton County, Tennessee	no	5.333333333333333	249.5	17172.166666666668
4824	33	All other miscellaneous general purpose machinery manufacturing	47	333999	93	47093	Knox County, Tennessee	yes	2.6666666666666665	118.58298578690734	6523.554401390185
4825	33	All other miscellaneous general purpose machinery manufacturing	47	333999	99	47099	Lawrence County, Tennessee	yes	1.0	43.64994294013902	2406.8980573710965
4826	33	All other miscellaneous general purpose machinery manufacturing	47	333999	103	47103	Lincoln County, Tennessee	yes	1.0	43.64994294013902	2406.8980573710965
4827	33	All other miscellaneous general purpose machinery manufacturing	47	333999	105	47105	Loudon County, Tennessee	yes	1.0	37.1005291005291	2091.419312169312
4828	33	All other miscellaneous general purpose machinery manufacturing	47	333999	113	47113	Madison County, Tennessee	yes	1.0	43.64994294013902	2406.8980573710965
4829	33	All other miscellaneous general purpose machinery manufacturing	47	333999	125	47125	Montgomery County, Tennessee	yes	1.0	37.1005291005291	2091.419312169312
4830	33	All other miscellaneous general purpose machinery manufacturing	47	333999	139	47139	Polk County, Tennessee	yes	1.0	46.0	1934.45
4831	33	All other miscellaneous general purpose machinery manufacturing	47	333999	141	47141	Putnam County, Tennessee	no	7.0	178.83333333333334	8341.833333333334
4832	33	All other miscellaneous general purpose machinery manufacturing	47	333999	155	47155	Sevier County, Tennessee	yes	1.0	42.01693121693121	2223.8554894179892
4833	33	All other miscellaneous general purpose machinery manufacturing	47	333999	157	47157	Shelby County, Tennessee	yes	1.0	43.64994294013902	2406.8980573710965
4834	33	All other miscellaneous general purpose machinery manufacturing	47	333999	159	47159	Smith County, Tennessee	yes	1.0	37.1005291005291	2091.419312169312
4835	33	All other miscellaneous general purpose machinery manufacturing	47	333999	165	47165	Sumner County, Tennessee	yes	1.0	43.64994294013902	2406.8980573710965
4836	33	All other miscellaneous general purpose machinery manufacturing	47	333999	179	47179	Washington County, Tennessee	yes	1.0	46.92464985994398	2564.6374299719887
4837	33	All other miscellaneous manufacturing	47	339999	1	47001	Anderson County, Tennessee	yes	1.6666666666666667	27.054245131109543	1098.0590325085511
4838	33	All other miscellaneous manufacturing	47	339999	3	47003	Bedford County, Tennessee	no	3.5	12.0	148.0
4839	33	All other miscellaneous manufacturing	47	339999	3	47003	Bedford County, Tennessee	yes	2.0	34.281001396298024	1422.6727978470753
4840	33	All other miscellaneous manufacturing	47	339999	9	47009	Blount County, Tennessee	yes	1.0	12.706605222734254	470.0775729646697
4841	33	All other miscellaneous manufacturing	47	339999	11	47011	Bradley County, Tennessee	yes	2.0	18.76190476190476	568.7619047619047
4842	33	All other miscellaneous manufacturing	47	339999	25	47025	Claiborne County, Tennessee	yes	1.0	9.38095238095238	284.38095238095235
4843	33	All other miscellaneous manufacturing	47	339999	29	47029	Cocke County, Tennessee	yes	1.0	15.627244665676875	623.8347665595257
4844	33	All other miscellaneous manufacturing	47	339999	31	47031	Coffee County, Tennessee	yes	1.5	17.29120879120879	591.0219780219779
4845	33	All other miscellaneous manufacturing	47	339999	33	47033	Crockett County, Tennessee	yes	1.0	15.627244665676875	623.8347665595257
4846	33	All other miscellaneous manufacturing	47	339999	37	47037	Davidson County, Tennessee	no	12.166666666666666	119.66666666666667	6568.5
4847	33	All other miscellaneous manufacturing	47	339999	43	47043	Dickson County, Tennessee	yes	1.0	15.627244665676875	623.8347665595257
4848	33	All other miscellaneous manufacturing	47	339999	47	47047	Fayette County, Tennessee	yes	1.0	9.38095238095238	284.38095238095235
4849	33	All other miscellaneous manufacturing	47	339999	51	47051	Franklin County, Tennessee	yes	1.0	9.38095238095238	284.38095238095235
4850	33	All other miscellaneous manufacturing	47	339999	53	47053	Gibson County, Tennessee	yes	1.0	9.38095238095238	284.38095238095235
4851	33	All other miscellaneous manufacturing	47	339999	59	47059	Greene County, Tennessee	no	3.0	0.0	612.0
4852	33	All other miscellaneous manufacturing	47	339999	59	47059	Greene County, Tennessee	yes	1.4	23.458252745547867	950.6937043575332
4853	33	All other miscellaneous manufacturing	47	339999	61	47061	Grundy County, Tennessee	yes	1.0	15.627244665676875	623.8347665595257
4854	33	All other miscellaneous manufacturing	47	339999	65	47065	Hamilton County, Tennessee	no	5.0	130.5	4704.75
4855	33	All other miscellaneous manufacturing	47	339999	65	47065	Hamilton County, Tennessee	yes	3.0	53.1622641509434	2262.0188679245284
4856	33	All other miscellaneous manufacturing	47	339999	71	47071	Hardin County, Tennessee	yes	1.0	12.600732600732599	448.8315018315018
4857	33	All other miscellaneous manufacturing	47	339999	77	47077	Henderson County, Tennessee	yes	1.1666666666666667	17.190736729168936	671.2315919563512
4858	33	All other miscellaneous manufacturing	47	339999	81	47081	Hickman County, Tennessee	yes	1.0	15.627244665676875	623.8347665595257
4859	33	All other miscellaneous manufacturing	47	339999	87	47087	Jackson County, Tennessee	yes	1.0	15.627244665676875	623.8347665595257
4860	33	All other miscellaneous manufacturing	47	339999	93	47093	Knox County, Tennessee	no	5.25	53.25	3063.5
4861	33	All other miscellaneous manufacturing	47	339999	93	47093	Knox County, Tennessee	yes	5.0	82.27187028657616	3237.1021870286577
4862	33	All other miscellaneous manufacturing	47	339999	99	47099	Lawrence County, Tennessee	yes	1.0	14.940820604971549	597.4645103324349
4863	33	All other miscellaneous manufacturing	47	339999	105	47105	Loudon County, Tennessee	yes	1.0	12.706605222734254	470.0775729646697
4864	33	All other miscellaneous manufacturing	47	339999	107	47107	McMinn County, Tennessee	yes	1.5	17.29120879120879	591.0219780219779
4865	33	All other miscellaneous manufacturing	47	339999	109	47109	McNairy County, Tennessee	yes	1.0	16.032258064516128	655.7741935483871
4866	33	All other miscellaneous manufacturing	47	339999	117	47117	Marshall County, Tennessee	yes	1.0	16.876503122621774	691.7255293952405
4867	33	All other miscellaneous manufacturing	47	339999	119	47119	Maury County, Tennessee	yes	1.0	14.580489640024744	558.7490051852005
4868	33	All other miscellaneous manufacturing	47	339999	125	47125	Montgomery County, Tennessee	yes	1.0	15.627244665676875	623.8347665595257
4869	33	All other miscellaneous manufacturing	47	339999	141	47141	Putnam County, Tennessee	yes	1.5	20.317720856153063	766.0252427500021
4870	33	All other miscellaneous manufacturing	47	339999	145	47145	Roane County, Tennessee	yes	1.0	15.627244665676875	623.8347665595257
4871	33	All other miscellaneous manufacturing	47	339999	147	47147	Robertson County, Tennessee	yes	1.0	15.627244665676875	623.8347665595257
4872	33	All other miscellaneous manufacturing	47	339999	149	47149	Rutherford County, Tennessee	no	3.0	3.0	33.0
4873	33	All other miscellaneous manufacturing	47	339999	149	47149	Rutherford County, Tennessee	yes	1.75	29.6920119543674	1235.2138989028826
4874	33	All other miscellaneous manufacturing	47	339999	155	47155	Sevier County, Tennessee	no	3.0	0.0	214.0
4875	33	All other miscellaneous manufacturing	47	339999	155	47155	Sevier County, Tennessee	yes	2.0	33.75300624524355	1383.451058790481
4876	33	All other miscellaneous manufacturing	47	339999	157	47157	Shelby County, Tennessee	no	6.0	37.5	1652.75
4877	33	All other miscellaneous manufacturing	47	339999	157	47157	Shelby County, Tennessee	yes	5.5	90.18212669683258	3543.7432126696835
4878	33	All other miscellaneous manufacturing	47	339999	159	47159	Smith County, Tennessee	yes	1.0	12.600732600732599	448.8315018315018
4879	33	All other miscellaneous manufacturing	47	339999	163	47163	Sullivan County, Tennessee	yes	1.0	15.627244665676875	623.8347665595257
4880	33	All other miscellaneous manufacturing	47	339999	165	47165	Sumner County, Tennessee	yes	1.5	17.29120879120879	591.0219780219779
4881	33	All other miscellaneous manufacturing	47	339999	167	47167	Tipton County, Tennessee	yes	1.0	17.157922499492795	721.2622573882463
4882	33	All other miscellaneous manufacturing	47	339999	175	47175	Van Buren County, Tennessee	yes	1.0	9.38095238095238	284.38095238095235
4883	33	All other miscellaneous manufacturing	47	339999	177	47177	Warren County, Tennessee	no	3.0	24.0	439.0
4884	33	All other miscellaneous manufacturing	47	339999	177	47177	Warren County, Tennessee	yes	1.2	20.040605686724337	814.3819396516508
4885	33	All other miscellaneous manufacturing	47	339999	179	47179	Washington County, Tennessee	yes	2.0	18.76190476190476	568.7619047619047
4886	33	All other miscellaneous manufacturing	47	339999	187	47187	Williamson County, Tennessee	yes	1.5	17.397081413210444	612.268049155146
4887	33	All other miscellaneous manufacturing	47	339999	189	47189	Wilson County, Tennessee	yes	1.6666666666666667	25.76969797891533	1031.8627206504743
4888	33	All other transportation equipment manufacturing	47	336999	1	47001	Anderson County, Tennessee	yes	1.0	6.300000000000001	250.3
4889	33	All other transportation equipment manufacturing	47	336999	35	47035	Cumberland County, Tennessee	yes	1.0	4.504444444444444	168.94888888888892
4890	33	All other transportation equipment manufacturing	47	336999	65	47065	Hamilton County, Tennessee	yes	1.0	3.7537037037037035	140.79074074074074
4891	33	All other transportation equipment manufacturing	47	336999	93	47093	Knox County, Tennessee	yes	1.0	3.7537037037037035	140.79074074074074
4892	33	All other transportation equipment manufacturing	47	336999	101	47101	Lewis County, Tennessee	yes	1.0	5.6305555555555555	211.18611111111113
4893	33	All other transportation equipment manufacturing	47	336999	103	47103	Lincoln County, Tennessee	yes	1.0	5.6305555555555555	211.18611111111113
4894	33	All other transportation equipment manufacturing	47	336999	143	47143	Rhea County, Tennessee	yes	1.0	8.11111111111111	297.22222222222223
4895	33	All other transportation equipment manufacturing	47	336999	149	47149	Rutherford County, Tennessee	yes	1.1666666666666667	3.7537037037037035	140.79074074074074
4896	33	All other transportation equipment manufacturing	47	336999	155	47155	Sevier County, Tennessee	yes	1.0	4.504444444444444	168.94888888888892
4897	33	All other transportation equipment manufacturing	47	336999	163	47163	Sullivan County, Tennessee	yes	1.0	0.0	0.0
4898	33	All other transportation equipment manufacturing	47	336999	167	47167	Tipton County, Tennessee	yes	1.0	3.7537037037037035	140.79074074074074
4899	33	All other transportation equipment manufacturing	47	336999	181	47181	Wayne County, Tennessee	yes	1.0	0.0	0.0
4900	33	All other transportation equipment manufacturing	47	336999	187	47187	Williamson County, Tennessee	yes	1.0	3.1500000000000004	125.15
4901	33	Alumina refining and primary aluminum production	47	331313	105	47105	Loudon County, Tennessee	yes	1.0	0.0	0.0
4902	33	Aluminum foundries (except die-casting)	47	331524	43	47043	Dickson County, Tennessee	yes	1.0	120.89285714285712	6705.035714285715
4903	33	Aluminum foundries (except die-casting)	47	331524	45	47045	Dyer County, Tennessee	yes	1.0	120.89285714285712	6705.035714285715
4904	33	Aluminum foundries (except die-casting)	47	331524	65	47065	Hamilton County, Tennessee	yes	1.3333333333333333	159.3690476190476	8789.654761904761
4905	33	Aluminum foundries (except die-casting)	47	331524	113	47113	Madison County, Tennessee	yes	1.0	120.89285714285712	6705.035714285715
4906	33	Aluminum foundries (except die-casting)	47	331524	155	47155	Sevier County, Tennessee	yes	1.0	120.89285714285712	6705.035714285715
4907	33	Aluminum foundries (except die-casting)	47	331524	165	47165	Sumner County, Tennessee	yes	1.0	120.89285714285712	6705.035714285715
4908	33	Aluminum sheet, plate, and foil manufacturing	47	331315	9	47009	Blount County, Tennessee	yes	1.0	114.12222222222222	9524.311111111112
4909	33	Aluminum sheet, plate, and foil manufacturing	47	331315	17	47017	Carroll County, Tennessee	yes	1.0	114.12222222222222	9524.311111111112
4910	33	Aluminum sheet, plate, and foil manufacturing	47	331315	93	47093	Knox County, Tennessee	yes	1.0	114.12222222222222	9524.311111111112
4911	33	Aluminum sheet, plate, and foil manufacturing	47	331315	113	47113	Madison County, Tennessee	yes	1.0	114.12222222222222	9524.311111111112
4912	33	Aluminum sheet, plate, and foil manufacturing	47	331315	171	47171	Unicoi County, Tennessee	yes	1.0	114.12222222222222	9524.311111111112
4913	33	Aluminum sheet, plate, and foil manufacturing	47	331315	187	47187	Williamson County, Tennessee	yes	1.0	218.16666666666666	17975.833333333332
4914	33	Ammunition (except small arms) manufacturing	47	332993	1	47001	Anderson County, Tennessee	yes	1.0	0.0	0.0
4915	33	Ammunition (except small arms) manufacturing	47	332993	53	47053	Gibson County, Tennessee	yes	1.0	0.0	0.0
4916	33	Ammunition (except small arms) manufacturing	47	332993	59	47059	Greene County, Tennessee	yes	1.0	0.0	0.0
4917	33	Ammunition (except small arms) manufacturing	47	332993	103	47103	Lincoln County, Tennessee	yes	1.0	0.0	0.0
4918	33	Ammunition (except small arms) manufacturing	47	332993	105	47105	Loudon County, Tennessee	yes	1.0	0.0	0.0
4919	33	Ammunition (except small arms) manufacturing	47	332993	163	47163	Sullivan County, Tennessee	yes	1.0	0.0	0.0
4920	33	Analytical laboratory instrument manufacturing	47	334516	1	47001	Anderson County, Tennessee	no	3.0	43.0	2132.0
4921	33	Analytical laboratory instrument manufacturing	47	334516	1	47001	Anderson County, Tennessee	yes	3.0	19.8	1085.7
4922	33	Analytical laboratory instrument manufacturing	47	334516	37	47037	Davidson County, Tennessee	yes	1.0	8.25	452.375
4923	33	Analytical laboratory instrument manufacturing	47	334516	179	47179	Washington County, Tennessee	yes	1.0	48.0	1020.0
4924	33	Audio and video equipment manufacturing	47	334310	37	47037	Davidson County, Tennessee	no	5.333333333333333	27.0	1632.8333333333333
4925	33	Audio and video equipment manufacturing	47	334310	93	47093	Knox County, Tennessee	yes	1.0	-2.8833333333333333	-217.80000000000004
4926	33	Audio and video equipment manufacturing	47	334310	141	47141	Putnam County, Tennessee	yes	1.0	4.364646464646465	195.35555555555553
4927	33	Audio and video equipment manufacturing	47	334310	149	47149	Rutherford County, Tennessee	yes	1.0	-4.4	-236.8
4928	33	Audio and video equipment manufacturing	47	334310	155	47155	Sevier County, Tennessee	yes	1.0	4.946969696969697	209.83333333333331
4929	33	Audio and video equipment manufacturing	47	334310	157	47157	Shelby County, Tennessee	yes	1.3333333333333333	1.273989898989899	-12.755555555555551
4930	33	Audio and video equipment manufacturing	47	334310	187	47187	Williamson County, Tennessee	yes	2.3333333333333335	3.1303030303030304	47.49999999999994
4931	33	Automatic environmental control manufacturing for residential, commercial, and appliance use	47	334512	65	47065	Hamilton County, Tennessee	yes	1.0	12.799999999999999	1045.275
4932	33	Automatic environmental control manufacturing for residential, commercial, and appliance use	47	334512	93	47093	Knox County, Tennessee	yes	1.0	12.799999999999999	1045.275
4933	33	Automatic environmental control manufacturing for residential, commercial, and appliance use	47	334512	149	47149	Rutherford County, Tennessee	yes	2.0	25.599999999999998	2090.55
4934	33	Automatic environmental control manufacturing for residential, commercial, and appliance use	47	334512	157	47157	Shelby County, Tennessee	yes	1.0	19.2	1199.85
4935	33	Automobile manufacturing	47	336111	65	47065	Hamilton County, Tennessee	yes	2.0	0.0	0.0
4936	33	Automobile manufacturing	47	336111	93	47093	Knox County, Tennessee	yes	1.0	0.0	0.0
4937	33	Automobile manufacturing	47	336111	149	47149	Rutherford County, Tennessee	yes	1.0	0.0	0.0
4938	33	Ball and roller bearing manufacturing	47	332991	1	47001	Anderson County, Tennessee	yes	1.0	128.4976851851852	5118.609457671958
4939	33	Ball and roller bearing manufacturing	47	332991	3	47003	Bedford County, Tennessee	yes	1.0	127.1111111111111	5937.888888888889
4940	33	Ball and roller bearing manufacturing	47	332991	55	47055	Giles County, Tennessee	yes	1.0	128.4976851851852	5118.609457671958
4941	33	Ball and roller bearing manufacturing	47	332991	73	47073	Hawkins County, Tennessee	yes	1.0	128.4976851851852	5118.609457671958
4942	33	Ball and roller bearing manufacturing	47	332991	75	47075	Haywood County, Tennessee	yes	1.0	128.4976851851852	5118.609457671958
4943	33	Ball and roller bearing manufacturing	47	332991	83	47083	Houston County, Tennessee	yes	1.0	103.74652777777777	4502.128472222223
4944	33	Ball and roller bearing manufacturing	47	332991	91	47091	Johnson County, Tennessee	yes	1.0	128.4976851851852	5118.609457671958
4945	33	Ball and roller bearing manufacturing	47	332991	93	47093	Knox County, Tennessee	yes	1.0	128.4976851851852	5118.609457671958
4946	33	Ball and roller bearing manufacturing	47	332991	171	47171	Unicoi County, Tennessee	yes	1.0	128.4976851851852	5118.609457671958
4947	33	Bare printed circuit board manufacturing	47	334412	105	47105	Loudon County, Tennessee	yes	1.0	0.0	0.0
4948	33	Bare printed circuit board manufacturing	47	334412	157	47157	Shelby County, Tennessee	yes	1.0	0.0	0.0
4949	33	Blank magnetic and optical recording media manufacturing	47	334613	1	47001	Anderson County, Tennessee	yes	1.0	0.0	0.0
4950	33	Blank magnetic and optical recording media manufacturing	47	334613	37	47037	Davidson County, Tennessee	yes	1.0	0.0	0.0
4951	33	Blank magnetic and optical recording media manufacturing	47	334613	93	47093	Knox County, Tennessee	yes	1.0	0.0	0.0
4952	33	Blind and shade manufacturing	47	337920	37	47037	Davidson County, Tennessee	yes	1.0	2.8666666666666667	134.65
4953	33	Blind and shade manufacturing	47	337920	149	47149	Rutherford County, Tennessee	yes	1.0	2.8666666666666667	134.65
4954	33	Blind and shade manufacturing	47	337920	157	47157	Shelby County, Tennessee	yes	2.0	5.733333333333333	269.3
4955	33	Blind and shade manufacturing	47	337920	165	47165	Sumner County, Tennessee	yes	1.0	2.1	111.7
4956	33	Boat building	47	336612	9	47009	Blount County, Tennessee	yes	2.0	162.03074050132872	6714.680684239508
4957	33	Boat building	47	336612	13	47013	Campbell County, Tennessee	yes	1.0	81.01537025066436	3357.340342119754
4958	33	Boat building	47	336612	15	47015	Cannon County, Tennessee	yes	1.0	86.10959383753502	3661.558590102708
4959	33	Boat building	47	336612	21	47021	Cheatham County, Tennessee	yes	1.0	75.17647058823529	2507.6470588235293
4960	33	Boat building	47	336612	31	47031	Coffee County, Tennessee	yes	1.0	75.17647058823529	2507.6470588235293
4961	33	Boat building	47	336612	35	47035	Cumberland County, Tennessee	yes	1.0	81.01537025066436	3357.340342119754
4962	33	Boat building	47	336612	37	47037	Davidson County, Tennessee	yes	1.0	92.63858363858363	4334.703093203093
4963	33	Boat building	47	336612	43	47043	Dickson County, Tennessee	yes	1.0	81.01537025066436	3357.340342119754
4964	33	Boat building	47	336612	51	47051	Franklin County, Tennessee	yes	1.0	82.18315018315018	3527.2789987789984
4965	33	Boat building	47	336612	65	47065	Hamilton County, Tennessee	yes	1.0	81.01537025066436	3357.340342119754
4966	33	Boat building	47	336612	93	47093	Knox County, Tennessee	yes	1.6666666666666667	113.28431372549021	3914.121848739496
4967	33	Boat building	47	336612	105	47105	Loudon County, Tennessee	yes	1.0	81.01537025066436	3357.340342119754
4968	33	Boat building	47	336612	119	47119	Maury County, Tennessee	yes	1.0	81.01537025066436	3357.340342119754
4969	33	Boat building	47	336612	123	47123	Monroe County, Tennessee	no	4.166666666666667	1292.6666666666667	59522.666666666664
4970	33	Boat building	47	336612	149	47149	Rutherford County, Tennessee	yes	1.0	75.17647058823529	2507.6470588235293
4971	33	Boat building	47	336612	165	47165	Sumner County, Tennessee	yes	1.0	75.17647058823529	2507.6470588235293
4972	33	Boat building	47	336612	177	47177	Warren County, Tennessee	yes	1.0	82.18315018315018	3527.2789987789984
4973	33	Boat building	47	336612	185	47185	White County, Tennessee	yes	1.5	127.3346620699562	5524.6918887213005
4974	33	Boat building	47	336612	187	47187	Williamson County, Tennessee	yes	1.0	75.17647058823529	2507.6470588235293
4975	33	Bolt, nut, screw, rivet, and washer manufacturing	47	332722	17	47017	Carroll County, Tennessee	yes	1.0	26.410256410256412	2098.3482905982905
4976	33	Bolt, nut, screw, rivet, and washer manufacturing	47	332722	21	47021	Cheatham County, Tennessee	yes	1.0	26.410256410256412	2098.3482905982905
4977	33	Bolt, nut, screw, rivet, and washer manufacturing	47	332722	37	47037	Davidson County, Tennessee	yes	2.0	52.820512820512825	4196.696581196581
4978	33	Bolt, nut, screw, rivet, and washer manufacturing	47	332722	65	47065	Hamilton County, Tennessee	yes	1.0	26.410256410256412	2098.3482905982905
4979	33	Bolt, nut, screw, rivet, and washer manufacturing	47	332722	77	47077	Henderson County, Tennessee	yes	1.0	0.0	0.0
4980	33	Bolt, nut, screw, rivet, and washer manufacturing	47	332722	117	47117	Marshall County, Tennessee	yes	1.0	26.410256410256412	2098.3482905982905
4981	33	Bolt, nut, screw, rivet, and washer manufacturing	47	332722	125	47125	Montgomery County, Tennessee	yes	1.0	26.410256410256412	2098.3482905982905
4982	33	Bolt, nut, screw, rivet, and washer manufacturing	47	332722	149	47149	Rutherford County, Tennessee	yes	1.0	26.410256410256412	2098.3482905982905
4983	33	Bolt, nut, screw, rivet, and washer manufacturing	47	332722	165	47165	Sumner County, Tennessee	yes	2.0	52.820512820512825	4196.696581196581
4984	33	Bolt, nut, screw, rivet, and washer manufacturing	47	332722	175	47175	Van Buren County, Tennessee	yes	1.0	39.61538461538462	2530.9807692307695
4985	33	Bolt, nut, screw, rivet, and washer manufacturing	47	332722	177	47177	Warren County, Tennessee	yes	1.0	26.410256410256412	2098.3482905982905
4986	33	Bolt, nut, screw, rivet, and washer manufacturing	47	332722	183	47183	Weakley County, Tennessee	yes	1.0	26.410256410256412	2098.3482905982905
4987	33	Broom, brush, and mop manufacturing	47	339994	11	47011	Bradley County, Tennessee	yes	1.0	63.241666666666674	2073.866666666667
4988	33	Broom, brush, and mop manufacturing	47	339994	37	47037	Davidson County, Tennessee	yes	1.5	63.241666666666674	2073.866666666667
4989	33	Broom, brush, and mop manufacturing	47	339994	63	47063	Hamblen County, Tennessee	yes	1.0	63.84000000000001	2055.84
4990	33	Broom, brush, and mop manufacturing	47	339994	93	47093	Knox County, Tennessee	yes	2.0	126.48333333333335	4147.733333333334
4991	33	Burial casket manufacturing	47	339995	1	47001	Anderson County, Tennessee	yes	1.0	57.666666666666664	2830.366666666667
4992	33	Burial casket manufacturing	47	339995	31	47031	Coffee County, Tennessee	yes	1.0	57.666666666666664	2830.366666666667
4993	33	Burial casket manufacturing	47	339995	99	47099	Lawrence County, Tennessee	yes	2.5	132.33333333333334	6494.233333333334
4994	33	Burial casket manufacturing	47	339995	163	47163	Sullivan County, Tennessee	yes	1.0	57.666666666666664	2830.366666666667
4995	33	Capacitor, resistor, coil, transformer, and other inductor manufacturing	47	334416	27	47027	Clay County, Tennessee	yes	1.0	0.0	0.0
4996	33	Capacitor, resistor, coil, transformer, and other inductor manufacturing	47	334416	45	47045	Dyer County, Tennessee	yes	1.0	0.0	0.0
4997	33	Capacitor, resistor, coil, transformer, and other inductor manufacturing	47	334416	59	47059	Greene County, Tennessee	yes	1.0	0.0	0.0
4998	33	Capacitor, resistor, coil, transformer, and other inductor manufacturing	47	334416	93	47093	Knox County, Tennessee	yes	1.0	0.0	0.0
4999	33	Capacitor, resistor, coil, transformer, and other inductor manufacturing	47	334416	187	47187	Williamson County, Tennessee	yes	1.0	0.0	0.0
5000	33	Carbon and graphite product manufacturing	47	335991	1	47001	Anderson County, Tennessee	yes	1.0	23.0	2029.6666666666665
5001	33	Carbon and graphite product manufacturing	47	335991	119	47119	Maury County, Tennessee	yes	1.0	7.666666666666667	676.5555555555555
5002	33	Carbon and graphite product manufacturing	47	335991	145	47145	Roane County, Tennessee	yes	1.0	7.666666666666667	676.5555555555555
5003	33	Commercial, industrial, and institutional electric lighting fixture manufacturing	47	335122	37	47037	Davidson County, Tennessee	yes	2.0	70.45370370370371	4298.601851851851
5004	33	Commercial, industrial, and institutional electric lighting fixture manufacturing	47	335122	43	47043	Dickson County, Tennessee	yes	1.0	35.226851851851855	2149.3009259259256
5005	33	Commercial, industrial, and institutional electric lighting fixture manufacturing	47	335122	63	47063	Hamblen County, Tennessee	yes	1.0	35.226851851851855	2149.3009259259256
5006	33	Commercial, industrial, and institutional electric lighting fixture manufacturing	47	335122	93	47093	Knox County, Tennessee	yes	1.25	42.18055555555556	2537.090277777778
5007	33	Commercial, industrial, and institutional electric lighting fixture manufacturing	47	335122	131	47131	Obion County, Tennessee	yes	1.0	35.226851851851855	2149.3009259259256
5008	33	Commercial, industrial, and institutional electric lighting fixture manufacturing	47	335122	157	47157	Shelby County, Tennessee	yes	1.3333333333333333	49.51851851851851	2957.3009259259256
5009	33	Commercial, industrial, and institutional electric lighting fixture manufacturing	47	335122	185	47185	White County, Tennessee	yes	1.0	0.0	1373.125
5010	33	Commercial, industrial, and institutional electric lighting fixture manufacturing	47	335122	187	47187	Williamson County, Tennessee	yes	1.0	42.272222222222226	2304.536111111111
5011	33	Computer terminal and other computer peripheral equipment manufacturing	47	334118	31	47031	Coffee County, Tennessee	yes	1.0	42.19444444444444	3126.1785714285706
5012	33	Computer terminal and other computer peripheral equipment manufacturing	47	334118	37	47037	Davidson County, Tennessee	yes	1.0	80.28571428571428	3622.7142857142853
5013	33	Computer terminal and other computer peripheral equipment manufacturing	47	334118	93	47093	Knox County, Tennessee	yes	1.0	42.19444444444444	3126.1785714285706
5014	33	Computer terminal and other computer peripheral equipment manufacturing	47	334118	157	47157	Shelby County, Tennessee	yes	1.1666666666666667	49.6468253968254	3822.988095238094
5015	33	Computer terminal and other computer peripheral equipment manufacturing	47	334118	169	47169	Trousdale County, Tennessee	yes	1.0	34.576190476190476	3026.871428571428
5016	33	Computer terminal and other computer peripheral equipment manufacturing	47	334118	187	47187	Williamson County, Tennessee	yes	1.0	42.19444444444444	3126.1785714285706
5017	33	Computer terminal and other computer peripheral equipment manufacturing	47	334118	189	47189	Wilson County, Tennessee	yes	1.1666666666666667	55.57539682539683	3729.964285714285
5018	33	Construction machinery manufacturing	47	333120	11	47011	Bradley County, Tennessee	yes	1.0	34.79010025062656	1881.2932330827068
5019	33	Construction machinery manufacturing	47	333120	13	47013	Campbell County, Tennessee	yes	1.0	82.0845864661654	4730.093984962406
5020	33	Construction machinery manufacturing	47	333120	37	47037	Davidson County, Tennessee	yes	1.6666666666666667	69.58020050125312	3762.5864661654136
5021	33	Construction machinery manufacturing	47	333120	41	47041	DeKalb County, Tennessee	yes	1.0	34.79010025062656	1881.2932330827068
5022	33	Construction machinery manufacturing	47	333120	59	47059	Greene County, Tennessee	yes	1.0	34.79010025062656	1881.2932330827068
5023	33	Construction machinery manufacturing	47	333120	65	47065	Hamilton County, Tennessee	no	5.0	1550.0	122873.33333333333
5024	33	Construction machinery manufacturing	47	333120	65	47065	Hamilton County, Tennessee	yes	5.0	0.0	0.0
5025	33	Construction machinery manufacturing	47	333120	105	47105	Loudon County, Tennessee	yes	1.0	11.142857142857142	456.8928571428571
5026	33	Construction machinery manufacturing	47	333120	119	47119	Maury County, Tennessee	yes	1.0	34.79010025062656	1881.2932330827068
5027	33	Construction machinery manufacturing	47	333120	131	47131	Obion County, Tennessee	yes	1.0	34.79010025062656	1881.2932330827068
5028	33	Construction machinery manufacturing	47	333120	147	47147	Robertson County, Tennessee	yes	1.0	34.79010025062656	1881.2932330827068
5029	33	Construction machinery manufacturing	47	333120	157	47157	Shelby County, Tennessee	yes	1.0	34.79010025062656	1881.2932330827068
5030	33	Construction machinery manufacturing	47	333120	165	47165	Sumner County, Tennessee	yes	1.8333333333333333	69.58020050125312	3762.5864661654136
5031	33	Construction machinery manufacturing	47	333120	179	47179	Washington County, Tennessee	yes	1.0	34.79010025062656	1881.2932330827068
5032	33	Construction machinery manufacturing	47	333120	187	47187	Williamson County, Tennessee	yes	1.0	34.79010025062656	1881.2932330827068
5033	33	Conveyor and conveying equipment manufacturing	47	333922	9	47009	Blount County, Tennessee	yes	1.0	42.67850877192982	2328.4490131578946
5034	33	Conveyor and conveying equipment manufacturing	47	333922	11	47011	Bradley County, Tennessee	yes	1.0	42.67850877192982	2328.4490131578946
5035	33	Conveyor and conveying equipment manufacturing	47	333922	37	47037	Davidson County, Tennessee	yes	2.5	110.33201754385965	6015.200109649122
5036	33	Conveyor and conveying equipment manufacturing	47	333922	39	47039	Decatur County, Tennessee	yes	1.0	42.67850877192982	2328.4490131578946
5037	33	Conveyor and conveying equipment manufacturing	47	333922	45	47045	Dyer County, Tennessee	yes	1.0	42.67850877192982	2328.4490131578946
5038	33	Conveyor and conveying equipment manufacturing	47	333922	47	47047	Fayette County, Tennessee	yes	1.0	37.800000000000004	1920.25
5039	33	Conveyor and conveying equipment manufacturing	47	333922	63	47063	Hamblen County, Tennessee	yes	1.0	42.67850877192982	2328.4490131578946
5040	33	Conveyor and conveying equipment manufacturing	47	333922	65	47065	Hamilton County, Tennessee	yes	2.0	85.35701754385964	4656.898026315789
5041	33	Conveyor and conveying equipment manufacturing	47	333922	73	47073	Hawkins County, Tennessee	yes	1.0	37.195888157894736	1967.470394736842
5042	33	Conveyor and conveying equipment manufacturing	47	333922	75	47075	Haywood County, Tennessee	yes	1.0	42.67850877192982	2328.4490131578946
5043	33	Conveyor and conveying equipment manufacturing	47	333922	93	47093	Knox County, Tennessee	yes	1.0	42.67850877192982	2328.4490131578946
5044	33	Conveyor and conveying equipment manufacturing	47	333922	157	47157	Shelby County, Tennessee	no	4.0	310.6666666666667	20727.666666666668
5045	33	Conveyor and conveying equipment manufacturing	47	333922	157	47157	Shelby County, Tennessee	yes	3.6666666666666665	130.90877192982455	7142.964912280702
5046	33	Conveyor and conveying equipment manufacturing	47	333922	169	47169	Trousdale County, Tennessee	yes	1.0	32.1578947368421	1854.6315789473683
5047	33	Conveyor and conveying equipment manufacturing	47	333922	179	47179	Washington County, Tennessee	yes	2.0	85.35701754385964	4656.898026315789
5048	33	Conveyor and conveying equipment manufacturing	47	333922	187	47187	Williamson County, Tennessee	yes	1.0	42.67850877192982	2328.4490131578946
5049	33	Conveyor and conveying equipment manufacturing	47	333922	189	47189	Wilson County, Tennessee	yes	1.0	53.64375	3050.40625
5050	33	Copper rolling, drawing, extruding, and alloying	47	331420	9	47009	Blount County, Tennessee	yes	1.0	58.01851851851851	2897.4995370370366
5051	33	Copper rolling, drawing, extruding, and alloying	47	331420	21	47021	Cheatham County, Tennessee	yes	1.0	58.01851851851851	2897.4995370370366
5052	33	Copper rolling, drawing, extruding, and alloying	47	331420	55	47055	Giles County, Tennessee	yes	1.0	58.01851851851851	2897.4995370370366
5053	33	Copper rolling, drawing, extruding, and alloying	47	331420	73	47073	Hawkins County, Tennessee	yes	2.0	116.03703703703702	5794.999074074073
5054	33	Copper rolling, drawing, extruding, and alloying	47	331420	105	47105	Loudon County, Tennessee	yes	1.5	78.05555555555556	3798.511111111111
5055	33	Copper rolling, drawing, extruding, and alloying	47	331420	113	47113	Madison County, Tennessee	yes	1.0	58.01851851851851	2897.4995370370366
5056	33	Copper rolling, drawing, extruding, and alloying	47	331420	149	47149	Rutherford County, Tennessee	yes	1.0	58.01851851851851	2897.4995370370366
5057	33	Copper rolling, drawing, extruding, and alloying	47	331420	187	47187	Williamson County, Tennessee	yes	1.0	58.01851851851851	2897.4995370370366
5058	33	Current-carrying wiring device manufacturing	47	335931	31	47031	Coffee County, Tennessee	yes	1.0	0.0	0.0
5059	33	Current-carrying wiring device manufacturing	47	335931	37	47037	Davidson County, Tennessee	yes	1.0	2.625	83.91666666666667
5060	33	Current-carrying wiring device manufacturing	47	335931	41	47041	DeKalb County, Tennessee	yes	1.0	7.875	251.75
5061	33	Current-carrying wiring device manufacturing	47	335931	149	47149	Rutherford County, Tennessee	yes	1.0	2.625	83.91666666666667
5062	33	Current-carrying wiring device manufacturing	47	335931	157	47157	Shelby County, Tennessee	yes	1.0	2.625	83.91666666666667
5063	33	Custom architectural woodwork and millwork manufacturing	47	337212	1	47001	Anderson County, Tennessee	yes	1.0	22.412686741363206	830.0829997590434
5064	33	Custom architectural woodwork and millwork manufacturing	47	337212	9	47009	Blount County, Tennessee	yes	1.0	22.412686741363206	830.0829997590434
5065	33	Custom architectural woodwork and millwork manufacturing	47	337212	29	47029	Cocke County, Tennessee	yes	1.0	22.412686741363206	830.0829997590434
5066	33	Custom architectural woodwork and millwork manufacturing	47	337212	37	47037	Davidson County, Tennessee	no	5.666666666666667	104.33333333333333	4521.666666666667
5067	33	Custom architectural woodwork and millwork manufacturing	47	337212	47	47047	Fayette County, Tennessee	yes	1.0	22.412686741363206	830.0829997590434
5068	33	Custom architectural woodwork and millwork manufacturing	47	337212	63	47063	Hamblen County, Tennessee	yes	1.0	21.650000000000002	717.6
5069	33	Custom architectural woodwork and millwork manufacturing	47	337212	65	47065	Hamilton County, Tennessee	yes	2.0	44.82537348272641	1660.165999518087
5070	33	Custom architectural woodwork and millwork manufacturing	47	337212	93	47093	Knox County, Tennessee	no	6.0	56.833333333333336	2404.5
5071	33	Custom architectural woodwork and millwork manufacturing	47	337212	109	47109	McNairy County, Tennessee	yes	1.0	22.412686741363206	830.0829997590434
5072	33	Custom architectural woodwork and millwork manufacturing	47	337212	113	47113	Madison County, Tennessee	yes	1.0	22.412686741363206	830.0829997590434
5073	33	Custom architectural woodwork and millwork manufacturing	47	337212	115	47115	Marion County, Tennessee	yes	1.0	23.10236344537815	825.5234243697479
5074	33	Custom architectural woodwork and millwork manufacturing	47	337212	119	47119	Maury County, Tennessee	yes	1.0	20.705882352941178	806.5294117647059
5075	33	Custom architectural woodwork and millwork manufacturing	47	337212	141	47141	Putnam County, Tennessee	yes	2.0	44.82537348272641	1660.165999518087
5076	33	Custom architectural woodwork and millwork manufacturing	47	337212	149	47149	Rutherford County, Tennessee	yes	1.0	21.03333333333333	839.2021505376345
5077	33	Custom architectural woodwork and millwork manufacturing	47	337212	155	47155	Sevier County, Tennessee	yes	1.8333333333333333	40.25394491129785	1506.5469518990392
5078	33	Custom architectural woodwork and millwork manufacturing	47	337212	157	47157	Shelby County, Tennessee	no	4.0	30.2	1035.2
5079	33	Custom architectural woodwork and millwork manufacturing	47	337212	157	47157	Shelby County, Tennessee	yes	4.0	86.60000000000001	2870.4
5080	33	Custom architectural woodwork and millwork manufacturing	47	337212	161	47161	Stewart County, Tennessee	yes	1.0	21.34938725490196	835.2959282099937
5081	33	Custom architectural woodwork and millwork manufacturing	47	337212	163	47163	Sullivan County, Tennessee	yes	1.0	23.10236344537815	825.5234243697479
5082	33	Custom architectural woodwork and millwork manufacturing	47	337212	167	47167	Tipton County, Tennessee	yes	1.0	22.412686741363206	830.0829997590434
5083	33	Custom roll forming	47	332114	11	47011	Bradley County, Tennessee	yes	1.0	26.27559523809524	1238.3369047619046
5084	33	Custom roll forming	47	332114	31	47031	Coffee County, Tennessee	yes	1.0	26.27559523809524	1238.3369047619046
5085	33	Custom roll forming	47	332114	65	47065	Hamilton County, Tennessee	yes	1.5	27.83125	1244.5375
5086	33	Custom roll forming	47	332114	103	47103	Lincoln County, Tennessee	yes	1.0	35.1	1504.7
5087	33	Custom roll forming	47	332114	119	47119	Maury County, Tennessee	yes	1.0	26.27559523809524	1238.3369047619046
5088	33	Custom roll forming	47	332114	149	47149	Rutherford County, Tennessee	yes	1.0	26.27559523809524	1238.3369047619046
5089	33	Custom roll forming	47	332114	151	47151	Scott County, Tennessee	yes	1.0	26.27559523809524	1238.3369047619046
5090	33	Custom roll forming	47	332114	165	47165	Sumner County, Tennessee	yes	1.0	26.27559523809524	1238.3369047619046
5091	33	Custom roll forming	47	332114	189	47189	Wilson County, Tennessee	yes	1.0	26.27559523809524	1238.3369047619046
5092	33	Cutting tool and machine tool accessory manufacturing	47	333515	9	47009	Blount County, Tennessee	yes	2.0	62.66179529282977	3345.063026819924
5093	33	Cutting tool and machine tool accessory manufacturing	47	333515	15	47015	Cannon County, Tennessee	yes	1.0	31.330897646414886	1672.531513409962
5094	33	Cutting tool and machine tool accessory manufacturing	47	333515	17	47017	Carroll County, Tennessee	yes	1.0	30.691502463054185	1658.3362068965516
5095	33	Cutting tool and machine tool accessory manufacturing	47	333515	31	47031	Coffee County, Tennessee	yes	1.0	32.95467980295567	1808.3746510673236
5096	33	Cutting tool and machine tool accessory manufacturing	47	333515	37	47037	Davidson County, Tennessee	no	4.0	232.0	11252.0
5097	33	Cutting tool and machine tool accessory manufacturing	47	333515	37	47037	Davidson County, Tennessee	yes	4.0	131.81871921182267	7233.498604269294
5098	33	Cutting tool and machine tool accessory manufacturing	47	333515	39	47039	Decatur County, Tennessee	yes	1.0	31.330897646414886	1672.531513409962
5099	33	Cutting tool and machine tool accessory manufacturing	47	333515	41	47041	DeKalb County, Tennessee	yes	1.0	31.330897646414886	1672.531513409962
5100	33	Cutting tool and machine tool accessory manufacturing	47	333515	65	47065	Hamilton County, Tennessee	yes	1.6666666666666667	53.30068418171866	2878.114614121511
5101	33	Cutting tool and machine tool accessory manufacturing	47	333515	77	47077	Henderson County, Tennessee	yes	1.5	45.82943349753694	2508.9224137931033
5102	33	Cutting tool and machine tool accessory manufacturing	47	333515	79	47079	Henry County, Tennessee	yes	1.0	30.691502463054185	1658.3362068965516
5103	33	Cutting tool and machine tool accessory manufacturing	47	333515	81	47081	Hickman County, Tennessee	yes	1.0	31.330897646414886	1672.531513409962
5104	33	Cutting tool and machine tool accessory manufacturing	47	333515	89	47089	Jefferson County, Tennessee	yes	1.0	31.65059523809524	1679.6291666666666
5105	33	Cutting tool and machine tool accessory manufacturing	47	333515	93	47093	Knox County, Tennessee	yes	1.0	30.691502463054185	1658.3362068965516
5106	33	Cutting tool and machine tool accessory manufacturing	47	333515	103	47103	Lincoln County, Tennessee	yes	1.0	31.330897646414886	1672.531513409962
5107	33	Cutting tool and machine tool accessory manufacturing	47	333515	105	47105	Loudon County, Tennessee	yes	1.6666666666666667	52.683908045977006	2866.9403393541324
5108	33	Cutting tool and machine tool accessory manufacturing	47	333515	113	47113	Madison County, Tennessee	yes	1.0	30.691502463054185	1658.3362068965516
5109	33	Cutting tool and machine tool accessory manufacturing	47	333515	119	47119	Maury County, Tennessee	yes	1.0	31.330897646414886	1672.531513409962
5110	33	Cutting tool and machine tool accessory manufacturing	47	333515	149	47149	Rutherford County, Tennessee	yes	1.0	31.330897646414886	1672.531513409962
5111	33	Cutting tool and machine tool accessory manufacturing	47	333515	163	47163	Sullivan County, Tennessee	yes	1.0	30.691502463054185	1658.3362068965516
5112	33	Cutting tool and machine tool accessory manufacturing	47	333515	165	47165	Sumner County, Tennessee	no	3.0	59.75	3159.5
5113	33	Cutting tool and machine tool accessory manufacturing	47	333515	165	47165	Sumner County, Tennessee	yes	2.0	61.38300492610837	3316.6724137931033
5114	33	Cutting tool and machine tool accessory manufacturing	47	333515	177	47177	Warren County, Tennessee	yes	1.0	30.691502463054185	1658.3362068965516
5115	33	Cutting tool and machine tool accessory manufacturing	47	333515	179	47179	Washington County, Tennessee	yes	1.0	31.330897646414886	1672.531513409962
5116	33	Cutting tool and machine tool accessory manufacturing	47	333515	189	47189	Wilson County, Tennessee	no	3.0	3.5	509.5
5117	33	Cutting tool and machine tool accessory manufacturing	47	333515	189	47189	Wilson County, Tennessee	yes	2.0	63.30119047619048	3359.258333333333
5118	33	Dental equipment and supplies manufacturing	47	339114	37	47037	Davidson County, Tennessee	yes	1.0	32.03745791245791	1512.7416666666668
5119	33	Dental equipment and supplies manufacturing	47	339114	63	47063	Hamblen County, Tennessee	yes	1.0	27.472853535353536	1255.8125
5120	33	Dental equipment and supplies manufacturing	47	339114	65	47065	Hamilton County, Tennessee	yes	2.0	64.07491582491582	3025.4833333333336
5121	33	Dental equipment and supplies manufacturing	47	339114	113	47113	Madison County, Tennessee	yes	1.0	27.777777777777775	1278.0
5122	33	Dental equipment and supplies manufacturing	47	339114	119	47119	Maury County, Tennessee	yes	1.0	31.138888888888886	1381.75
5123	33	Dental equipment and supplies manufacturing	47	339114	157	47157	Shelby County, Tennessee	no	3.6666666666666665	29.333333333333332	1506.5
5124	33	Dental equipment and supplies manufacturing	47	339114	163	47163	Sullivan County, Tennessee	yes	1.0	34.53703703703703	1558.5
5125	33	Dental equipment and supplies manufacturing	47	339114	179	47179	Washington County, Tennessee	no	3.0	400.0	19182.0
5126	33	Dental equipment and supplies manufacturing	47	339114	179	47179	Washington County, Tennessee	yes	2.0	72.30555555555554	3408.3500000000004
5127	33	Dental laboratories	47	339116	1	47001	Anderson County, Tennessee	yes	1.75	10.818406904357667	250.70908428017935
5128	33	Dental laboratories	47	339116	3	47003	Bedford County, Tennessee	yes	1.0	5.835450566611629	164.8285426335402
5129	33	Dental laboratories	47	339116	9	47009	Blount County, Tennessee	no	3.0	0.0	23.0
5130	33	Dental laboratories	47	339116	9	47009	Blount County, Tennessee	yes	1.4	8.871838925547989	230.71874508737375
5131	33	Dental laboratories	47	339116	11	47011	Bradley County, Tennessee	no	3.8	6.4	190.8
5132	33	Dental laboratories	47	339116	11	47011	Bradley County, Tennessee	yes	3.0	19.0	426.53846153846155
5133	33	Dental laboratories	47	339116	13	47013	Campbell County, Tennessee	yes	1.0	6.2821637426900585	136.5963787674314
5134	33	Dental laboratories	47	339116	17	47017	Carroll County, Tennessee	yes	1.0	5.29278350515464	197.96202749140895
5135	33	Dental laboratories	47	339116	19	47019	Carter County, Tennessee	yes	2.1666666666666665	12.964760782346064	353.82813789865924
5136	33	Dental laboratories	47	339116	21	47021	Cheatham County, Tennessee	yes	1.0	5.835450566611629	164.8285426335402
5137	33	Dental laboratories	47	339116	31	47031	Coffee County, Tennessee	yes	2.0	11.670901133223259	329.6570852670804
5138	33	Dental laboratories	47	339116	35	47035	Cumberland County, Tennessee	yes	1.0	6.106784097340125	148.2618002046058
5139	33	Dental laboratories	47	339116	37	47037	Davidson County, Tennessee	no	14.0	75.5	2759.3333333333335
5140	33	Dental laboratories	47	339116	41	47041	DeKalb County, Tennessee	yes	1.0	5.835450566611629	164.8285426335402
5141	33	Dental laboratories	47	339116	43	47043	Dickson County, Tennessee	yes	1.3333333333333333	7.682672788833851	208.95567938567692
5142	33	Dental laboratories	47	339116	55	47055	Giles County, Tennessee	yes	1.0	5.835450566611629	164.8285426335402
5143	33	Dental laboratories	47	339116	59	47059	Greene County, Tennessee	yes	1.0	5.835450566611629	164.8285426335402
5144	33	Dental laboratories	47	339116	63	47063	Hamblen County, Tennessee	yes	2.0	11.670901133223259	329.6570852670804
5145	33	Dental laboratories	47	339116	65	47065	Hamilton County, Tennessee	no	8.833333333333334	24.666666666666668	1026.8333333333333
5146	33	Dental laboratories	47	339116	89	47089	Jefferson County, Tennessee	yes	1.0	6.2821637426900585	136.5963787674314
5147	33	Dental laboratories	47	339116	93	47093	Knox County, Tennessee	no	12.166666666666666	29.666666666666668	1715.8333333333333
5148	33	Dental laboratories	47	339116	105	47105	Loudon County, Tennessee	yes	1.0	5.835450566611629	164.8285426335402
5149	33	Dental laboratories	47	339116	107	47107	McMinn County, Tennessee	yes	1.3333333333333333	7.4187838999449625	205.68965374465128
5150	33	Dental laboratories	47	339116	109	47109	McNairy County, Tennessee	yes	1.3333333333333333	7.599711734996508	230.8158851306765
5151	33	Dental laboratories	47	339116	113	47113	Madison County, Tennessee	no	3.8333333333333335	13.5	466.3333333333333
5152	33	Dental laboratories	47	339116	119	47119	Maury County, Tennessee	yes	1.5	8.708333333333332	203.47115384615384
5153	33	Dental laboratories	47	339116	125	47125	Montgomery County, Tennessee	no	3.0	6.333333333333333	260.0
5154	33	Dental laboratories	47	339116	125	47125	Montgomery County, Tennessee	yes	2.0	12.564327485380117	273.1927575348628
5155	33	Dental laboratories	47	339116	139	47139	Polk County, Tennessee	yes	1.0	5.835450566611629	164.8285426335402
5156	33	Dental laboratories	47	339116	141	47141	Putnam County, Tennessee	yes	2.0	11.670901133223259	329.6570852670804
5157	33	Dental laboratories	47	339116	143	47143	Rhea County, Tennessee	yes	1.0	5.835450566611629	164.8285426335402
5158	33	Dental laboratories	47	339116	147	47147	Robertson County, Tennessee	yes	1.0	4.75	122.58333333333333
5159	33	Dental laboratories	47	339116	149	47149	Rutherford County, Tennessee	yes	1.0	5.835450566611629	164.8285426335402
5160	33	Dental laboratories	47	339116	155	47155	Sevier County, Tennessee	yes	1.0	5.98234251658411	181.05210882210514
5161	33	Dental laboratories	47	339116	157	47157	Shelby County, Tennessee	no	9.833333333333334	74.66666666666667	2978.8333333333335
5162	33	Dental laboratories	47	339116	163	47163	Sullivan County, Tennessee	no	9.5	45.0	1604.5
5163	33	Dental laboratories	47	339116	165	47165	Sumner County, Tennessee	no	5.0	4.5	223.5
5164	33	Dental laboratories	47	339116	165	47165	Sumner County, Tennessee	yes	2.25	13.905474506852432	398.3607965915787
5165	33	Dental laboratories	47	339116	173	47173	Union County, Tennessee	yes	1.0	5.835450566611629	164.8285426335402
5166	33	Dental laboratories	47	339116	179	47179	Washington County, Tennessee	yes	1.6666666666666667	9.906639964838378	263.6697427699441
5167	33	Dental laboratories	47	339116	187	47187	Williamson County, Tennessee	no	4.833333333333333	17.166666666666668	715.8333333333334
5168	33	Dental laboratories	47	339116	189	47189	Wilson County, Tennessee	yes	1.5	8.52981926187823	261.35889588336465
5169	33	Doll, toy, and game manufacturing	47	339930	37	47037	Davidson County, Tennessee	yes	2.0	1.8666666666666665	52.300000000000004
5170	33	Doll, toy, and game manufacturing	47	339930	149	47149	Rutherford County, Tennessee	yes	1.0	1.1199999999999999	31.380000000000003
5171	33	Doll, toy, and game manufacturing	47	339930	155	47155	Sevier County, Tennessee	yes	1.3333333333333333	1.5999999999999999	36.15
5172	33	Doll, toy, and game manufacturing	47	339930	163	47163	Sullivan County, Tennessee	yes	1.0	1.6	34.2
5173	33	Doll, toy, and game manufacturing	47	339930	187	47187	Williamson County, Tennessee	yes	1.0	0.0	18.1
5174	33	Electric lamp bulb and part manufacturing	47	335110	87	47087	Jackson County, Tennessee	yes	1.0	0.0	0.0
5175	33	Electromedical and electrotherapeutic apparatus manufacturing	47	334510	1	47001	Anderson County, Tennessee	yes	1.0	23.96022727272727	1530.9922138047139
5176	33	Electromedical and electrotherapeutic apparatus manufacturing	47	334510	9	47009	Blount County, Tennessee	yes	1.0	28.409090909090907	1747.207070707071
5177	33	Electromedical and electrotherapeutic apparatus manufacturing	47	334510	13	47013	Campbell County, Tennessee	yes	1.0	28.409090909090907	1747.207070707071
5178	33	Electromedical and electrotherapeutic apparatus manufacturing	47	334510	65	47065	Hamilton County, Tennessee	yes	1.3333333333333333	32.566287878787875	2065.204335016835
5179	33	Electromedical and electrotherapeutic apparatus manufacturing	47	334510	107	47107	McMinn County, Tennessee	yes	1.0	0.0	550.75
5180	33	Electromedical and electrotherapeutic apparatus manufacturing	47	334510	157	47157	Shelby County, Tennessee	yes	2.6666666666666665	63.128787878787875	4004.7344276094277
5181	33	Electromedical and electrotherapeutic apparatus manufacturing	47	334510	177	47177	Warren County, Tennessee	yes	1.0	23.96022727272727	1530.9922138047139
5182	33	Electromedical and electrotherapeutic apparatus manufacturing	47	334510	179	47179	Washington County, Tennessee	yes	1.0	23.96022727272727	1530.9922138047139
5183	33	Electromedical and electrotherapeutic apparatus manufacturing	47	334510	187	47187	Williamson County, Tennessee	yes	1.0	25.81818181818182	1602.6363636363637
5184	33	Electromedical and electrotherapeutic apparatus manufacturing	47	334510	189	47189	Wilson County, Tennessee	yes	1.0	27.545454545454547	1725.2760942760942
5185	33	Electronic computer manufacturing	47	334111	37	47037	Davidson County, Tennessee	yes	1.0	0.0	0.0
5186	33	Electronic computer manufacturing	47	334111	65	47065	Hamilton County, Tennessee	yes	1.0	0.0	0.0
5187	33	Electronic computer manufacturing	47	334111	109	47109	McNairy County, Tennessee	yes	1.0	0.0	0.0
5188	33	Electronic computer manufacturing	47	334111	149	47149	Rutherford County, Tennessee	yes	1.0	0.0	0.0
5189	33	Electronic connector manufacturing	47	334417	31	47031	Coffee County, Tennessee	yes	1.2	61.22095238095238	2188.6066666666666
5190	33	Electronic connector manufacturing	47	334417	35	47035	Cumberland County, Tennessee	yes	1.0	49.36380952380952	1774.8066666666666
5191	33	Electronic connector manufacturing	47	334417	37	47037	Davidson County, Tennessee	yes	1.0	41.13650793650793	1479.0055555555555
5192	33	Electronic connector manufacturing	47	334417	117	47117	Marshall County, Tennessee	yes	1.0	41.13650793650793	1479.0055555555555
5193	33	Electronic connector manufacturing	47	334417	149	47149	Rutherford County, Tennessee	yes	1.0	46.9047619047619	1815.2083333333333
5194	33	Electronic connector manufacturing	47	334417	163	47163	Sullivan County, Tennessee	yes	1.0	49.36380952380952	1774.8066666666666
5195	33	Electroplating, plating, polishing, anodizing, and coloring	47	332813	1	47001	Anderson County, Tennessee	yes	1.0	15.278252976686261	591.245134892871
5196	33	Electroplating, plating, polishing, anodizing, and coloring	47	332813	9	47009	Blount County, Tennessee	yes	1.6666666666666667	27.89654481621623	1100.9183139250479
5197	33	Electroplating, plating, polishing, anodizing, and coloring	47	332813	19	47019	Carter County, Tennessee	yes	2.0	32.7970882944771	1290.0628791424392
5198	33	Electroplating, plating, polishing, anodizing, and coloring	47	332813	29	47029	Cocke County, Tennessee	yes	1.0	16.39854414723855	645.0314395712196
5199	33	Electroplating, plating, polishing, anodizing, and coloring	47	332813	37	47037	Davidson County, Tennessee	no	7.5	120.0	6644.666666666667
5200	33	Electroplating, plating, polishing, anodizing, and coloring	47	332813	41	47041	DeKalb County, Tennessee	yes	1.0	16.39854414723855	645.0314395712196
5201	33	Electroplating, plating, polishing, anodizing, and coloring	47	332813	47	47047	Fayette County, Tennessee	yes	1.0	15.99968154811483	628.1448703426065
5202	33	Electroplating, plating, polishing, anodizing, and coloring	47	332813	59	47059	Greene County, Tennessee	yes	2.0	32.7970882944771	1290.0628791424392
5203	33	Electroplating, plating, polishing, anodizing, and coloring	47	332813	65	47065	Hamilton County, Tennessee	no	5.0	27.5	1611.25
5204	33	Electroplating, plating, polishing, anodizing, and coloring	47	332813	65	47065	Hamilton County, Tennessee	yes	4.0	80.78571428571428	3286.854497354497
5205	33	Electroplating, plating, polishing, anodizing, and coloring	47	332813	73	47073	Hawkins County, Tennessee	yes	1.0	16.39854414723855	645.0314395712196
5206	33	Electroplating, plating, polishing, anodizing, and coloring	47	332813	77	47077	Henderson County, Tennessee	yes	1.1666666666666667	19.46402033771474	766.6088205236006
5207	33	Electroplating, plating, polishing, anodizing, and coloring	47	332813	93	47093	Knox County, Tennessee	no	3.4	36.6	1027.0
5208	33	Electroplating, plating, polishing, anodizing, and coloring	47	332813	93	47093	Knox County, Tennessee	yes	3.0	41.89655172413793	1610.7931034482758
5209	33	Electroplating, plating, polishing, anodizing, and coloring	47	332813	107	47107	McMinn County, Tennessee	yes	1.0	16.39854414723855	645.0314395712196
5210	33	Electroplating, plating, polishing, anodizing, and coloring	47	332813	109	47109	McNairy County, Tennessee	yes	2.0	32.7970882944771	1290.0628791424392
5211	33	Electroplating, plating, polishing, anodizing, and coloring	47	332813	123	47123	Monroe County, Tennessee	yes	1.0	16.86504895700298	668.6189868028948
5212	33	Electroplating, plating, polishing, anodizing, and coloring	47	332813	141	47141	Putnam County, Tennessee	yes	2.0	32.7970882944771	1290.0628791424392
5213	33	Electroplating, plating, polishing, anodizing, and coloring	47	332813	149	47149	Rutherford County, Tennessee	yes	2.0	32.7970882944771	1290.0628791424392
5214	33	Electroplating, plating, polishing, anodizing, and coloring	47	332813	157	47157	Shelby County, Tennessee	yes	1.0	16.39854414723855	645.0314395712196
5215	33	Electroplating, plating, polishing, anodizing, and coloring	47	332813	163	47163	Sullivan County, Tennessee	no	3.0	12.0	154.0
5216	33	Electroplating, plating, polishing, anodizing, and coloring	47	332813	163	47163	Sullivan County, Tennessee	yes	1.8	26.745112047151025	1032.991026946844
5217	33	Electroplating, plating, polishing, anodizing, and coloring	47	332813	165	47165	Sumner County, Tennessee	yes	1.25	21.845215289180807	866.196382959314
5218	33	Electroplating, plating, polishing, anodizing, and coloring	47	332813	167	47167	Tipton County, Tennessee	yes	1.0	14.677630166398282	563.2767847557702
5219	33	Electroplating, plating, polishing, anodizing, and coloring	47	332813	173	47173	Union County, Tennessee	yes	1.0	18.314814814814813	734.4629629629629
5220	33	Electroplating, plating, polishing, anodizing, and coloring	47	332813	189	47189	Wilson County, Tennessee	yes	1.1666666666666667	18.836815752176822	737.5252667317135
5221	33	Elevator and moving stairway manufacturing	47	333921	37	47037	Davidson County, Tennessee	yes	1.3333333333333333	0.0	0.0
5222	33	Elevator and moving stairway manufacturing	47	333921	69	47069	Hardeman County, Tennessee	yes	1.0	0.0	0.0
5223	33	Fabricated pipe and pipe fitting manufacturing	47	332996	1	47001	Anderson County, Tennessee	yes	1.0	75.84064199689199	2851.567890442891
5224	33	Fabricated pipe and pipe fitting manufacturing	47	332996	9	47009	Blount County, Tennessee	yes	1.1666666666666667	85.68439199689199	3274.026223776224
5225	33	Fabricated pipe and pipe fitting manufacturing	47	332996	51	47051	Franklin County, Tennessee	yes	1.0	59.0625	2534.75
5226	33	Fabricated pipe and pipe fitting manufacturing	47	332996	53	47053	Gibson County, Tennessee	yes	1.0	75.84064199689199	2851.567890442891
5227	33	Fabricated pipe and pipe fitting manufacturing	47	332996	65	47065	Hamilton County, Tennessee	yes	1.0	75.84064199689199	2851.567890442891
5228	33	Fabricated pipe and pipe fitting manufacturing	47	332996	93	47093	Knox County, Tennessee	yes	2.0	151.68128399378398	5703.135780885782
5229	33	Fabricated pipe and pipe fitting manufacturing	47	332996	125	47125	Montgomery County, Tennessee	yes	1.0	75.84064199689199	2851.567890442891
5230	33	Fabricated pipe and pipe fitting manufacturing	47	332996	141	47141	Putnam County, Tennessee	yes	1.0	59.0625	2534.75
5231	33	Fabricated pipe and pipe fitting manufacturing	47	332996	157	47157	Shelby County, Tennessee	yes	1.8333333333333333	135.92370823620823	5185.42365967366
5232	33	Fabricated pipe and pipe fitting manufacturing	47	332996	159	47159	Smith County, Tennessee	yes	1.0	75.84064199689199	2851.567890442891
5233	33	Fabricated pipe and pipe fitting manufacturing	47	332996	177	47177	Warren County, Tennessee	yes	1.0	75.84064199689199	2851.567890442891
5234	33	Fabricated pipe and pipe fitting manufacturing	47	332996	179	47179	Washington County, Tennessee	yes	1.0	69.27724358974359	2863.0448717948716
5235	33	Fabricated pipe and pipe fitting manufacturing	47	332996	189	47189	Wilson County, Tennessee	yes	1.0	75.84064199689199	2851.567890442891
5236	33	Fabricated structural metal manufacturing	47	332312	9	47009	Blount County, Tennessee	yes	4.333333333333333	61.00495454098925	3442.0278911732203
5237	33	Fabricated structural metal manufacturing	47	332312	11	47011	Bradley County, Tennessee	yes	1.0	10.587711680416847	593.2815892314372
5238	33	Fabricated structural metal manufacturing	47	332312	13	47013	Campbell County, Tennessee	yes	1.0	10.877551020408163	535.2653061224489
5239	33	Fabricated structural metal manufacturing	47	332312	15	47015	Cannon County, Tennessee	yes	1.0	16.25953815261044	919.9594659203094
5240	33	Fabricated structural metal manufacturing	47	332312	21	47021	Cheatham County, Tennessee	yes	1.8333333333333333	26.924933487023793	1532.9227963609626
5241	33	Fabricated structural metal manufacturing	47	332312	31	47031	Coffee County, Tennessee	yes	1.6666666666666667	24.61937793146824	1399.605336043502
5242	33	Fabricated structural metal manufacturing	47	332312	33	47033	Crockett County, Tennessee	yes	1.0	11.669585564722341	662.1559801225454
5243	33	Fabricated structural metal manufacturing	47	332312	37	47037	Davidson County, Tennessee	no	6.0	102.66666666666667	7597.333333333333
5244	33	Fabricated structural metal manufacturing	47	332312	37	47037	Davidson County, Tennessee	yes	4.666666666666667	53.736816712500605	3044.144979977807
5245	33	Fabricated structural metal manufacturing	47	332312	39	47039	Decatur County, Tennessee	yes	1.0	14.36892932854591	811.0668403573519
5246	33	Fabricated structural metal manufacturing	47	332312	47	47047	Fayette County, Tennessee	yes	2.5	37.27199520327656	2102.122531010783
5247	33	Fabricated structural metal manufacturing	47	332312	51	47051	Franklin County, Tennessee	yes	1.0	11.669585564722341	662.1559801225454
5248	33	Fabricated structural metal manufacturing	47	332312	53	47053	Gibson County, Tennessee	yes	1.0	14.36892932854591	811.0668403573519
5249	33	Fabricated structural metal manufacturing	47	332312	57	47057	Grainger County, Tennessee	yes	1.0	18.602409638554217	1081.077661999349
5250	33	Fabricated structural metal manufacturing	47	332312	59	47059	Greene County, Tennessee	yes	1.0	12.252189173541757	676.0614295363536
5251	33	Fabricated structural metal manufacturing	47	332312	65	47065	Hamilton County, Tennessee	no	6.333333333333333	130.16666666666666	5714.0
5252	33	Fabricated structural metal manufacturing	47	332312	71	47071	Hardin County, Tennessee	yes	1.0	14.36892932854591	811.0668403573519
5253	33	Fabricated structural metal manufacturing	47	332312	81	47081	Hickman County, Tennessee	yes	1.3333333333333333	17.898166555351526	1008.8273701011644
5254	33	Fabricated structural metal manufacturing	47	332312	85	47085	Humphreys County, Tennessee	yes	1.5	17.54604501375018	972.7022241520722
5255	33	Fabricated structural metal manufacturing	47	332312	93	47093	Knox County, Tennessee	no	12.5	577.1666666666666	31678.166666666668
5256	33	Fabricated structural metal manufacturing	47	332312	97	47097	Lauderdale County, Tennessee	yes	1.0	14.36892932854591	811.0668403573519
5257	33	Fabricated structural metal manufacturing	47	332312	101	47101	Lewis County, Tennessee	yes	1.25	14.971576928643795	809.8777560669657
5258	33	Fabricated structural metal manufacturing	47	332312	103	47103	Lincoln County, Tennessee	yes	1.0	14.36892932854591	811.0668403573519
5259	33	Fabricated structural metal manufacturing	47	332312	105	47105	Loudon County, Tennessee	yes	1.8333333333333333	26.404525323758488	1502.5040510850743
5260	33	Fabricated structural metal manufacturing	47	332312	107	47107	McMinn County, Tennessee	yes	1.6666666666666667	25.208621430286204	1424.3731509708914
5261	33	Fabricated structural metal manufacturing	47	332312	109	47109	McNairy County, Tennessee	yes	1.0	18.602409638554217	1081.077661999349
5262	33	Fabricated structural metal manufacturing	47	332312	113	47113	Madison County, Tennessee	yes	3.0	43.10678798563773	2433.200521072056
5263	33	Fabricated structural metal manufacturing	47	332312	115	47115	Marion County, Tennessee	yes	2.0	37.204819277108435	2162.155323998698
5264	33	Fabricated structural metal manufacturing	47	332312	125	47125	Montgomery County, Tennessee	no	3.0	22.0	614.0
5265	33	Fabricated structural metal manufacturing	47	332312	125	47125	Montgomery County, Tennessee	yes	2.0	24.504378347083513	1352.1228590727071
5266	33	Fabricated structural metal manufacturing	47	332312	131	47131	Obion County, Tennessee	yes	1.0	14.36892932854591	811.0668403573519
5267	33	Fabricated structural metal manufacturing	47	332312	147	47147	Robertson County, Tennessee	no	3.5	70.0	2743.0
5268	33	Fabricated structural metal manufacturing	47	332312	147	47147	Robertson County, Tennessee	yes	2.0	27.178755839685273	1434.6930260110123
5269	33	Fabricated structural metal manufacturing	47	332312	149	47149	Rutherford County, Tennessee	no	3.3333333333333335	37.0	1500.3333333333333
5270	33	Fabricated structural metal manufacturing	47	332312	149	47149	Rutherford County, Tennessee	yes	2.0	23.339171129444683	1324.3119602450909
5271	33	Fabricated structural metal manufacturing	47	332312	155	47155	Sevier County, Tennessee	yes	1.6666666666666667	26.770535754248723	1531.7852816902512
5272	33	Fabricated structural metal manufacturing	47	332312	157	47157	Shelby County, Tennessee	no	9.666666666666666	373.0	21264.166666666668
5273	33	Fabricated structural metal manufacturing	47	332312	163	47163	Sullivan County, Tennessee	no	4.166666666666667	60.5	4409.0
5274	33	Fabricated structural metal manufacturing	47	332312	173	47173	Union County, Tennessee	yes	1.0	14.36892932854591	811.0668403573519
5275	33	Fabricated structural metal manufacturing	47	332312	175	47175	Van Buren County, Tennessee	yes	1.0	10.587711680416847	593.2815892314372
5276	33	Fabricated structural metal manufacturing	47	332312	179	47179	Washington County, Tennessee	yes	1.0	17.068273092369477	959.9777005921584
5277	33	Fabricated structural metal manufacturing	47	332312	181	47181	Wayne County, Tennessee	yes	1.0	11.669585564722341	662.1559801225454
5278	33	Fabricated structural metal manufacturing	47	332312	187	47187	Williamson County, Tennessee	yes	1.0	12.065602836879432	725.6013171225936
5279	33	Fabricated structural metal manufacturing	47	332312	189	47189	Wilson County, Tennessee	yes	1.0	15.06720499017346	866.2271472043325
5280	33	Farm machinery and equipment manufacturing	47	333111	3	47003	Bedford County, Tennessee	yes	1.0	24.07134238310709	956.5031171442937
5281	33	Farm machinery and equipment manufacturing	47	333111	11	47011	Bradley County, Tennessee	yes	1.0	25.45995475113122	1056.0193815987934
5282	33	Farm machinery and equipment manufacturing	47	333111	41	47041	DeKalb County, Tennessee	yes	1.0	23.531764705882352	905.0345098039215
5283	33	Farm machinery and equipment manufacturing	47	333111	45	47045	Dyer County, Tennessee	yes	1.0	24.07134238310709	956.5031171442937
5284	33	Farm machinery and equipment manufacturing	47	333111	63	47063	Hamblen County, Tennessee	yes	1.0	24.07134238310709	956.5031171442937
5285	33	Farm machinery and equipment manufacturing	47	333111	79	47079	Henry County, Tennessee	yes	1.0	24.07134238310709	956.5031171442937
5286	33	Farm machinery and equipment manufacturing	47	333111	89	47089	Jefferson County, Tennessee	yes	1.0	24.07134238310709	956.5031171442937
5287	33	Farm machinery and equipment manufacturing	47	333111	101	47101	Lewis County, Tennessee	yes	1.0	23.531764705882352	905.0345098039215
5288	33	Farm machinery and equipment manufacturing	47	333111	107	47107	McMinn County, Tennessee	yes	3.0	72.21402714932127	2869.5093514328814
5289	33	Farm machinery and equipment manufacturing	47	333111	117	47117	Marshall County, Tennessee	yes	1.0	24.07134238310709	956.5031171442937
5290	33	Farm machinery and equipment manufacturing	47	333111	119	47119	Maury County, Tennessee	yes	1.0	21.294117647058822	757.4705882352941
5291	33	Farm machinery and equipment manufacturing	47	333111	121	47121	Meigs County, Tennessee	yes	1.6666666666666667	39.58114630467572	1532.620764203117
5292	33	Farm machinery and equipment manufacturing	47	333111	149	47149	Rutherford County, Tennessee	yes	1.0	24.07134238310709	956.5031171442937
5293	33	Farm machinery and equipment manufacturing	47	333111	165	47165	Sumner County, Tennessee	yes	1.0	23.264705882352942	864.1764705882352
5294	33	Farm machinery and equipment manufacturing	47	333111	177	47177	Warren County, Tennessee	yes	1.0	24.07134238310709	956.5031171442937
5295	33	Fastener, button, needle, and pin manufacturing	47	339993	3	47003	Bedford County, Tennessee	yes	1.0	0.0	0.0
5296	33	Fastener, button, needle, and pin manufacturing	47	339993	151	47151	Scott County, Tennessee	yes	1.0	0.0	0.0
5297	33	Fastener, button, needle, and pin manufacturing	47	339993	153	47153	Sequatchie County, Tennessee	yes	1.0	0.0	0.0
5298	33	Fluid power cylinder and actuator manufacturing	47	333995	65	47065	Hamilton County, Tennessee	yes	1.0	48.5	2048.3333333333335
5299	33	Fluid power cylinder and actuator manufacturing	47	333995	89	47089	Jefferson County, Tennessee	yes	1.0	48.5	2048.3333333333335
5300	33	Fluid power cylinder and actuator manufacturing	47	333995	93	47093	Knox County, Tennessee	yes	1.0	48.5	2048.3333333333335
5301	33	Fluid power cylinder and actuator manufacturing	47	333995	107	47107	McMinn County, Tennessee	yes	1.0	48.5	2048.3333333333335
5302	33	Fluid power cylinder and actuator manufacturing	47	333995	119	47119	Maury County, Tennessee	yes	1.0	48.5	2048.3333333333335
5303	33	Fluid power pump and motor manufacturing	47	333996	59	47059	Greene County, Tennessee	yes	2.0	0.0	0.0
5304	33	Fluid power pump and motor manufacturing	47	333996	157	47157	Shelby County, Tennessee	yes	1.0	0.0	0.0
5305	33	Fluid power pump and motor manufacturing	47	333996	187	47187	Williamson County, Tennessee	yes	1.0	0.0	0.0
5306	33	Fluid power pump and motor manufacturing	47	333996	189	47189	Wilson County, Tennessee	yes	1.0	0.0	0.0
5307	33	Fluid power valve and hose fitting manufacturing	47	332912	9	47009	Blount County, Tennessee	yes	1.0	16.25	523.0
5308	33	Fluid power valve and hose fitting manufacturing	47	332912	63	47063	Hamblen County, Tennessee	yes	1.0	17.98611111111111	754.7777777777777
5309	33	Fluid power valve and hose fitting manufacturing	47	332912	141	47141	Putnam County, Tennessee	yes	1.0	17.98611111111111	754.7777777777777
5310	33	Fluid power valve and hose fitting manufacturing	47	332912	163	47163	Sullivan County, Tennessee	yes	1.0	17.98611111111111	754.7777777777777
5311	33	Food product machinery manufacturing	47	333241	33	47033	Crockett County, Tennessee	yes	1.0	0.0	542.6
5312	33	Food product machinery manufacturing	47	333241	63	47063	Hamblen County, Tennessee	yes	1.0	10.388888888888888	668.225
5313	33	Food product machinery manufacturing	47	333241	69	47069	Hardeman County, Tennessee	yes	1.0	10.388888888888888	668.225
5314	33	Food product machinery manufacturing	47	333241	109	47109	McNairy County, Tennessee	yes	1.0	4.333333333333333	522.7833333333333
5315	33	Food product machinery manufacturing	47	333241	119	47119	Maury County, Tennessee	yes	1.0	10.388888888888888	668.225
5316	33	Gasket, packing, and sealing device manufacturing	47	339991	3	47003	Bedford County, Tennessee	yes	1.0	20.18888888888889	835.7222222222223
5317	33	Gasket, packing, and sealing device manufacturing	47	339991	19	47019	Carter County, Tennessee	yes	1.0	16.824074074074073	696.4351851851852
5318	33	Gasket, packing, and sealing device manufacturing	47	339991	37	47037	Davidson County, Tennessee	yes	1.0	0.0	0.0
5319	33	Gasket, packing, and sealing device manufacturing	47	339991	45	47045	Dyer County, Tennessee	yes	1.0	25.23611111111111	1044.6527777777778
5320	33	Gasket, packing, and sealing device manufacturing	47	339991	51	47051	Franklin County, Tennessee	yes	2.0	33.648148148148145	1392.8703703703704
5321	33	Gasket, packing, and sealing device manufacturing	47	339991	53	47053	Gibson County, Tennessee	yes	1.0	0.0	0.0
5322	33	Gasket, packing, and sealing device manufacturing	47	339991	79	47079	Henry County, Tennessee	yes	1.0	17.36111111111111	747.0277777777777
5323	33	Gasket, packing, and sealing device manufacturing	47	339991	93	47093	Knox County, Tennessee	yes	1.0	16.824074074074073	696.4351851851852
5324	33	Gasket, packing, and sealing device manufacturing	47	339991	113	47113	Madison County, Tennessee	yes	1.0	0.0	0.0
5325	33	Gasket, packing, and sealing device manufacturing	47	339991	135	47135	Perry County, Tennessee	yes	1.0	16.824074074074073	696.4351851851852
5326	33	Gasket, packing, and sealing device manufacturing	47	339991	165	47165	Sumner County, Tennessee	yes	1.0	25.23611111111111	1044.6527777777778
5327	33	Hardware manufacturing	47	332510	37	47037	Davidson County, Tennessee	yes	2.3333333333333335	262.7243386243386	12536.573544973544
5328	33	Hardware manufacturing	47	332510	59	47059	Greene County, Tennessee	yes	1.0	112.26957671957672	5299.508994708994
5329	33	Hardware manufacturing	47	332510	77	47077	Henderson County, Tennessee	yes	1.0	112.26957671957672	5299.508994708994
5330	33	Hardware manufacturing	47	332510	93	47093	Knox County, Tennessee	yes	1.0	114.55555555555554	5812.666666666666
5331	33	Hardware manufacturing	47	332510	99	47099	Lawrence County, Tennessee	yes	1.0	114.55555555555554	5812.666666666666
5332	33	Hardware manufacturing	47	332510	113	47113	Madison County, Tennessee	yes	1.0	101.02592592592593	4522.1925925925925
5333	33	Hardware manufacturing	47	332510	147	47147	Robertson County, Tennessee	yes	1.0	111.1265873015873	5042.930158730158
5334	33	Hardware manufacturing	47	332510	149	47149	Rutherford County, Tennessee	yes	1.1666666666666667	127.65291005291004	5982.725661375661
5335	33	Hardware manufacturing	47	332510	157	47157	Shelby County, Tennessee	yes	1.0	112.26957671957672	5299.508994708994
5336	33	Hardware manufacturing	47	332510	183	47183	Weakley County, Tennessee	yes	1.0	93.03888888888889	4140.038888888888
5337	33	Heating equipment (except warm air furnaces) manufacturing	47	333414	5	47005	Benton County, Tennessee	yes	1.0	106.91666666666666	4296.333333333333
5338	33	Heating equipment (except warm air furnaces) manufacturing	47	333414	9	47009	Blount County, Tennessee	yes	1.0	53.27272727272727	2828.727272727273
5339	33	Heating equipment (except warm air furnaces) manufacturing	47	333414	37	47037	Davidson County, Tennessee	yes	2.0	157.8479797979798	7138.756565656567
5340	33	Heating equipment (except warm air furnaces) manufacturing	47	333414	57	47057	Grainger County, Tennessee	yes	1.0	72.0655303030303	3269.6719696969694
5341	33	Heating equipment (except warm air furnaces) manufacturing	47	333414	63	47063	Hamblen County, Tennessee	yes	1.1666666666666667	88.6209595959596	4022.2419191919194
5342	33	Heating equipment (except warm air furnaces) manufacturing	47	333414	65	47065	Hamilton County, Tennessee	yes	1.0	78.9239898989899	3569.3782828282833
5343	33	Heating equipment (except warm air furnaces) manufacturing	47	333414	93	47093	Knox County, Tennessee	yes	1.0	78.9239898989899	3569.3782828282833
5344	33	Heating equipment (except warm air furnaces) manufacturing	47	333414	115	47115	Marion County, Tennessee	yes	1.0	60.448484848484846	2927.451515151515
5345	33	Heating equipment (except warm air furnaces) manufacturing	47	333414	131	47131	Obion County, Tennessee	yes	1.0	78.9239898989899	3569.3782828282833
5346	33	Heating equipment (except warm air furnaces) manufacturing	47	333414	141	47141	Putnam County, Tennessee	yes	1.0	97.39949494949497	4211.305050505051
5347	33	Heating equipment (except warm air furnaces) manufacturing	47	333414	157	47157	Shelby County, Tennessee	yes	1.0	117.00833333333333	4958.366666666667
5348	33	Heating equipment (except warm air furnaces) manufacturing	47	333414	169	47169	Trousdale County, Tennessee	yes	1.0	78.9239898989899	3569.3782828282833
5349	33	Heating equipment (except warm air furnaces) manufacturing	47	333414	187	47187	Williamson County, Tennessee	yes	1.1666666666666667	88.6209595959596	4022.2419191919194
5350	33	Heavy duty truck manufacturing	47	336120	65	47065	Hamilton County, Tennessee	yes	1.0	0.0	0.0
5351	33	Heavy duty truck manufacturing	47	336120	165	47165	Sumner County, Tennessee	yes	1.0	0.0	0.0
5352	33	Household cooking appliance manufacturing	47	335221	9	47009	Blount County, Tennessee	yes	1.0	566.625	25464.625
5353	33	Household cooking appliance manufacturing	47	335221	11	47011	Bradley County, Tennessee	yes	2.0	1220.17791005291	56176.308862433856
5354	33	Household cooking appliance manufacturing	47	335221	13	47013	Campbell County, Tennessee	yes	1.0	610.088955026455	28088.154431216928
5355	33	Household cooking appliance manufacturing	47	335221	93	47093	Knox County, Tennessee	yes	1.0	610.088955026455	28088.154431216928
5356	33	Household cooking appliance manufacturing	47	335221	107	47107	McMinn County, Tennessee	yes	1.0	610.088955026455	28088.154431216928
5357	33	Household cooking appliance manufacturing	47	335221	147	47147	Robertson County, Tennessee	yes	1.0	610.088955026455	28088.154431216928
5358	33	Household cooking appliance manufacturing	47	335221	157	47157	Shelby County, Tennessee	yes	1.6	981.6706349206348	45798.549206349206
5359	33	Household cooking appliance manufacturing	47	335221	181	47181	Wayne County, Tennessee	yes	1.0	605.3638888888888	28415.813888888886
5360	33	Household furniture (except wood and metal) manufacturing	47	337125	9	47009	Blount County, Tennessee	yes	1.0	0.0	0.0
5361	33	Household furniture (except wood and metal) manufacturing	47	337125	37	47037	Davidson County, Tennessee	yes	1.0	0.0	0.0
5362	33	Household furniture (except wood and metal) manufacturing	47	337125	57	47057	Grainger County, Tennessee	yes	1.1666666666666667	0.0	0.0
5363	33	Household refrigerator and home freezer manufacturing	47	335222	109	47109	McNairy County, Tennessee	yes	1.0	0.0	0.0
5364	33	Industrial and commercial fan and blower and air purification equipment manufacturing	47	333413	11	47011	Bradley County, Tennessee	yes	1.0	50.76262626262626	3423.8520202020204
5365	33	Industrial and commercial fan and blower and air purification equipment manufacturing	47	333413	47	47047	Fayette County, Tennessee	yes	1.0	57.909090909090914	3689.5454545454545
5366	33	Industrial and commercial fan and blower and air purification equipment manufacturing	47	333413	55	47055	Giles County, Tennessee	yes	1.0	50.76262626262626	3423.8520202020204
5367	33	Industrial and commercial fan and blower and air purification equipment manufacturing	47	333413	65	47065	Hamilton County, Tennessee	yes	1.0	50.76262626262626	3423.8520202020204
5368	33	Industrial and commercial fan and blower and air purification equipment manufacturing	47	333413	93	47093	Knox County, Tennessee	yes	1.3333333333333333	50.76262626262626	3423.8520202020204
5369	33	Industrial and commercial fan and blower and air purification equipment manufacturing	47	333413	145	47145	Roane County, Tennessee	yes	1.0	76.14393939393939	5135.77803030303
5370	33	Industrial and commercial fan and blower and air purification equipment manufacturing	47	333413	157	47157	Shelby County, Tennessee	no	4.0	66.66666666666667	2530.6666666666665
5371	33	Industrial and commercial fan and blower and air purification equipment manufacturing	47	333413	157	47157	Shelby County, Tennessee	yes	4.0	77.21212121212122	4919.393939393939
5372	33	Industrial and commercial fan and blower and air purification equipment manufacturing	47	333413	165	47165	Sumner County, Tennessee	yes	1.0	50.76262626262626	3423.8520202020204
5373	33	Industrial and commercial fan and blower and air purification equipment manufacturing	47	333413	187	47187	Williamson County, Tennessee	yes	1.0	0.0	0.0
5374	33	Industrial mold manufacturing	47	333511	1	47001	Anderson County, Tennessee	yes	1.0	51.16414786967419	2044.5645948203844
5375	33	Industrial mold manufacturing	47	333511	31	47031	Coffee County, Tennessee	yes	1.0	51.16414786967419	2044.5645948203844
5376	33	Industrial mold manufacturing	47	333511	37	47037	Davidson County, Tennessee	yes	1.0	48.1	1936.0500000000002
5377	33	Industrial mold manufacturing	47	333511	43	47043	Dickson County, Tennessee	yes	1.0	51.16414786967419	2044.5645948203844
5378	33	Industrial mold manufacturing	47	333511	51	47051	Franklin County, Tennessee	yes	2.0	102.32829573934838	4089.129189640769
5379	33	Industrial mold manufacturing	47	333511	53	47053	Gibson County, Tennessee	yes	1.5	77.65248120300753	3139.1162614870505
5380	33	Industrial mold manufacturing	47	333511	59	47059	Greene County, Tennessee	yes	1.0	50.21372180451128	1983.5568922305765
5381	33	Industrial mold manufacturing	47	333511	63	47063	Hamblen County, Tennessee	yes	2.0	102.32829573934838	4089.129189640769
5382	33	Industrial mold manufacturing	47	333511	65	47065	Hamilton County, Tennessee	yes	1.1666666666666667	59.068909774436094	2342.7709440267336
5383	33	Industrial mold manufacturing	47	333511	93	47093	Knox County, Tennessee	yes	1.0	51.16414786967419	2044.5645948203844
5384	33	Industrial mold manufacturing	47	333511	111	47111	Macon County, Tennessee	yes	1.0	51.16414786967419	2044.5645948203844
5385	33	Industrial mold manufacturing	47	333511	113	47113	Madison County, Tennessee	yes	1.0	49.3516290726817	1900.025856307435
5386	33	Industrial mold manufacturing	47	333511	125	47125	Montgomery County, Tennessee	yes	1.0	53.065	2166.58
5387	33	Industrial mold manufacturing	47	333511	143	47143	Rhea County, Tennessee	yes	1.0	51.16414786967419	2044.5645948203844
5388	33	Industrial mold manufacturing	47	333511	147	47147	Robertson County, Tennessee	yes	1.1666666666666667	59.068909774436094	2342.7709440267336
5389	33	Industrial mold manufacturing	47	333511	155	47155	Sevier County, Tennessee	yes	1.0	52.97666666666667	2189.1033333333335
5390	33	Industrial mold manufacturing	47	333511	157	47157	Shelby County, Tennessee	yes	1.0	51.16414786967419	2044.5645948203844
5391	33	Industrial mold manufacturing	47	333511	171	47171	Unicoi County, Tennessee	yes	1.0	51.16414786967419	2044.5645948203844
5392	33	Industrial mold manufacturing	47	333511	177	47177	Warren County, Tennessee	no	5.5	107.16666666666667	3867.1666666666665
5393	33	Industrial mold manufacturing	47	333511	179	47179	Washington County, Tennessee	yes	1.0	51.16414786967419	2044.5645948203844
5394	33	Industrial mold manufacturing	47	333511	189	47189	Wilson County, Tennessee	yes	1.0	51.16414786967419	2044.5645948203844
5395	33	Industrial process furnace and oven manufacturing	47	333994	1	47001	Anderson County, Tennessee	yes	1.0	42.394444444444446	1887.8444444444447
5396	33	Industrial process furnace and oven manufacturing	47	333994	65	47065	Hamilton County, Tennessee	yes	1.0	42.394444444444446	1887.8444444444447
5397	33	Industrial process furnace and oven manufacturing	47	333994	69	47069	Hardeman County, Tennessee	yes	1.0	42.394444444444446	1887.8444444444447
5398	33	Industrial process furnace and oven manufacturing	47	333994	93	47093	Knox County, Tennessee	yes	1.0	39.166666666666664	1428.6666666666665
5399	33	Industrial process furnace and oven manufacturing	47	333994	149	47149	Rutherford County, Tennessee	yes	1.0	42.394444444444446	1887.8444444444447
5400	33	Industrial process furnace and oven manufacturing	47	333994	165	47165	Sumner County, Tennessee	yes	1.0	42.394444444444446	1887.8444444444447
5401	33	Industrial truck, trailer, and stacker machinery manufacturing	47	333924	33	47033	Crockett County, Tennessee	yes	1.0	23.18253968253968	1299.06746031746
5402	33	Industrial truck, trailer, and stacker machinery manufacturing	47	333924	59	47059	Greene County, Tennessee	yes	1.0	30.428571428571427	1205.5714285714284
5403	33	Industrial truck, trailer, and stacker machinery manufacturing	47	333924	65	47065	Hamilton County, Tennessee	yes	1.0	30.428571428571427	1205.5714285714284
5404	33	Industrial truck, trailer, and stacker machinery manufacturing	47	333924	119	47119	Maury County, Tennessee	yes	1.0	23.18253968253968	1299.06746031746
5405	33	Industrial truck, trailer, and stacker machinery manufacturing	47	333924	147	47147	Robertson County, Tennessee	yes	1.5	41.29365079365079	2397.206349206349
5406	33	Industrial truck, trailer, and stacker machinery manufacturing	47	333924	163	47163	Sullivan County, Tennessee	yes	1.0	23.18253968253968	1299.06746031746
5407	33	Industrial truck, trailer, and stacker machinery manufacturing	47	333924	165	47165	Sumner County, Tennessee	yes	1.0	23.18253968253968	1299.06746031746
5408	33	Industrial valve manufacturing	47	332911	17	47017	Carroll County, Tennessee	yes	1.0	118.9236111111111	6086.631944444444
5409	33	Industrial valve manufacturing	47	332911	65	47065	Hamilton County, Tennessee	yes	1.0	118.9236111111111	6086.631944444444
5410	33	Industrial valve manufacturing	47	332911	79	47079	Henry County, Tennessee	yes	1.0	118.9236111111111	6086.631944444444
5411	33	Industrial valve manufacturing	47	332911	141	47141	Putnam County, Tennessee	yes	1.0	118.9236111111111	6086.631944444444
5412	33	Industrial valve manufacturing	47	332911	157	47157	Shelby County, Tennessee	yes	1.3333333333333333	155.70138888888889	7903.076388888888
5413	33	Industrial valve manufacturing	47	332911	169	47169	Trousdale County, Tennessee	yes	1.0	118.9236111111111	6086.631944444444
5414	33	Industrial valve manufacturing	47	332911	177	47177	Warren County, Tennessee	yes	1.0	118.9236111111111	6086.631944444444
5415	33	Industrial valve manufacturing	47	332911	179	47179	Washington County, Tennessee	yes	1.0	118.9236111111111	6086.631944444444
5416	33	Institutional furniture manufacturing	47	337127	29	47029	Cocke County, Tennessee	yes	1.0	42.619188998136366	1484.7961695103143
5417	33	Institutional furniture manufacturing	47	337127	37	47037	Davidson County, Tennessee	no	3.0	105.16666666666667	3716.6666666666665
5418	33	Institutional furniture manufacturing	47	337127	39	47039	Decatur County, Tennessee	yes	1.0	39.31578947368421	1379.8190789473683
5419	33	Institutional furniture manufacturing	47	337127	45	47045	Dyer County, Tennessee	yes	1.0	42.619188998136366	1484.7961695103143
5420	33	Institutional furniture manufacturing	47	337127	63	47063	Hamblen County, Tennessee	yes	1.0	42.619188998136366	1484.7961695103143
5421	33	Institutional furniture manufacturing	47	337127	65	47065	Hamilton County, Tennessee	yes	1.0	40.453508771929826	1420.2643092105263
5422	33	Institutional furniture manufacturing	47	337127	71	47071	Hardin County, Tennessee	yes	2.0	85.23837799627273	2969.5923390206285
5423	33	Institutional furniture manufacturing	47	337127	79	47079	Henry County, Tennessee	yes	1.0	42.619188998136366	1484.7961695103143
5424	33	Institutional furniture manufacturing	47	337127	89	47089	Jefferson County, Tennessee	yes	1.0	42.619188998136366	1484.7961695103143
5425	33	Institutional furniture manufacturing	47	337127	93	47093	Knox County, Tennessee	yes	2.3333333333333335	97.7191893997815	3432.5227118276457
5426	33	Institutional furniture manufacturing	47	337127	99	47099	Lawrence County, Tennessee	yes	1.0	42.619188998136366	1484.7961695103143
5427	33	Institutional furniture manufacturing	47	337127	133	47133	Overton County, Tennessee	yes	1.0	42.619188998136366	1484.7961695103143
5428	33	Institutional furniture manufacturing	47	337127	153	47153	Sequatchie County, Tennessee	yes	1.0	43.46458333333334	1451.7375
5429	33	Institutional furniture manufacturing	47	337127	179	47179	Washington County, Tennessee	yes	1.0	47.285714285714285	1588.642857142857
5430	33	Institutional furniture manufacturing	47	337127	185	47185	White County, Tennessee	yes	1.0	42.619188998136366	1484.7961695103143
5431	33	Institutional furniture manufacturing	47	337127	189	47189	Wilson County, Tennessee	yes	1.0	42.619188998136366	1484.7961695103143
5432	33	Instrument manufacturing for measuring and testing electricity and electrical systems	47	334515	37	47037	Davidson County, Tennessee	yes	1.0	24.875	1538.875
5433	33	Instrument manufacturing for measuring and testing electricity and electrical systems	47	334515	51	47051	Franklin County, Tennessee	yes	1.0	30.875	1934.375
5434	33	Instrument manufacturing for measuring and testing electricity and electrical systems	47	334515	65	47065	Hamilton County, Tennessee	yes	1.0	30.875	1934.375
5435	33	Instrument manufacturing for measuring and testing electricity and electrical systems	47	334515	93	47093	Knox County, Tennessee	yes	1.0	40.25	2604.25
5436	33	Instrument manufacturing for measuring and testing electricity and electrical systems	47	334515	141	47141	Putnam County, Tennessee	yes	1.0	30.875	1934.375
5437	33	Instruments and related products manufacturing for measuring, displaying, and controlling industrial process variables	47	334513	1	47001	Anderson County, Tennessee	yes	1.0	33.46111111111111	1920.9379629629632
5438	33	Instruments and related products manufacturing for measuring, displaying, and controlling industrial process variables	47	334513	9	47009	Blount County, Tennessee	yes	1.0	33.46111111111111	1920.9379629629632
5439	33	Instruments and related products manufacturing for measuring, displaying, and controlling industrial process variables	47	334513	23	47023	Chester County, Tennessee	yes	1.0	33.46111111111111	1920.9379629629632
5440	33	Instruments and related products manufacturing for measuring, displaying, and controlling industrial process variables	47	334513	37	47037	Davidson County, Tennessee	yes	1.0	26.91111111111111	1323.927777777778
5441	33	Instruments and related products manufacturing for measuring, displaying, and controlling industrial process variables	47	334513	51	47051	Franklin County, Tennessee	yes	1.0	25.177777777777777	1223.3277777777778
5442	33	Instruments and related products manufacturing for measuring, displaying, and controlling industrial process variables	47	334513	65	47065	Hamilton County, Tennessee	yes	1.0	33.46111111111111	1920.9379629629632
5443	33	Instruments and related products manufacturing for measuring, displaying, and controlling industrial process variables	47	334513	93	47093	Knox County, Tennessee	yes	1.8333333333333333	60.47222222222222	3530.642592592593
5444	33	Instruments and related products manufacturing for measuring, displaying, and controlling industrial process variables	47	334513	147	47147	Robertson County, Tennessee	yes	1.0	18.416666666666664	901.2916666666666
5445	33	Instruments and related products manufacturing for measuring, displaying, and controlling industrial process variables	47	334513	157	47157	Shelby County, Tennessee	yes	2.0	66.92222222222222	3841.8759259259264
5446	33	Instruments and related products manufacturing for measuring, displaying, and controlling industrial process variables	47	334513	179	47179	Washington County, Tennessee	yes	1.0	19.35	933.7
5447	33	Instruments and related products manufacturing for measuring, displaying, and controlling industrial process variables	47	334513	187	47187	Williamson County, Tennessee	yes	1.0	33.46111111111111	1920.9379629629632
5448	33	Iron and steel forging	47	332111	3	47003	Bedford County, Tennessee	yes	1.0	64.86324786324786	2990.271184371184
5449	33	Iron and steel forging	47	332111	63	47063	Hamblen County, Tennessee	yes	1.0	64.86324786324786	2990.271184371184
5450	33	Iron and steel forging	47	332111	65	47065	Hamilton County, Tennessee	yes	1.0	64.86324786324786	2990.271184371184
5451	33	Iron and steel forging	47	332111	69	47069	Hardeman County, Tennessee	yes	1.0	64.86324786324786	2990.271184371184
5452	33	Iron and steel forging	47	332111	73	47073	Hawkins County, Tennessee	yes	1.0	64.86324786324786	2990.271184371184
5453	33	Iron and steel forging	47	332111	81	47081	Hickman County, Tennessee	yes	1.0	64.86324786324786	2990.271184371184
5454	33	Iron and steel forging	47	332111	85	47085	Humphreys County, Tennessee	yes	1.0	64.86324786324786	2990.271184371184
5455	33	Iron and steel forging	47	332111	93	47093	Knox County, Tennessee	yes	1.0	64.86324786324786	2990.271184371184
5456	33	Iron and steel forging	47	332111	99	47099	Lawrence County, Tennessee	yes	1.0	64.86324786324786	2990.271184371184
5457	33	Iron and steel forging	47	332111	111	47111	Macon County, Tennessee	yes	1.0	64.4	2786.4666666666667
5458	33	Iron and steel forging	47	332111	117	47117	Marshall County, Tennessee	yes	1.0	59.93333333333333	3305.6
5459	33	Iron and steel forging	47	332111	141	47141	Putnam County, Tennessee	yes	1.0	64.86324786324786	2990.271184371184
5460	33	Iron and steel forging	47	332111	163	47163	Sullivan County, Tennessee	yes	1.0	64.86324786324786	2990.271184371184
5461	33	Iron and steel forging	47	332111	175	47175	Van Buren County, Tennessee	yes	1.0	62.46666666666666	2944.9561904761904
5462	33	Iron and steel forging	47	332111	179	47179	Washington County, Tennessee	yes	2.0	129.72649572649573	5980.542368742368
5463	33	Iron and steel mills and ferroalloy manufacturing	47	331110	1	47001	Anderson County, Tennessee	yes	1.0	87.07196422428619	6423.16918767507
5464	33	Iron and steel mills and ferroalloy manufacturing	47	331110	9	47009	Blount County, Tennessee	yes	1.0	95.23529411764706	7268.529411764705
5465	33	Iron and steel mills and ferroalloy manufacturing	47	331110	17	47017	Carroll County, Tennessee	yes	1.0	87.07196422428619	6423.16918767507
5466	33	Iron and steel mills and ferroalloy manufacturing	47	331110	37	47037	Davidson County, Tennessee	yes	1.0	87.07196422428619	6423.16918767507
5467	33	Iron and steel mills and ferroalloy manufacturing	47	331110	43	47043	Dickson County, Tennessee	yes	1.6666666666666667	141.64915720674233	10402.761251167132
5468	33	Iron and steel mills and ferroalloy manufacturing	47	331110	47	47047	Fayette County, Tennessee	yes	1.0	98.61176470588235	7408.798692810457
5469	33	Iron and steel mills and ferroalloy manufacturing	47	331110	65	47065	Hamilton County, Tennessee	yes	1.8333333333333333	157.33281733746128	11585.516153127917
5470	33	Iron and steel mills and ferroalloy manufacturing	47	331110	93	47093	Knox County, Tennessee	yes	3.0	261.2158926728586	19269.50756302521
5471	33	Iron and steel mills and ferroalloy manufacturing	47	331110	99	47099	Lawrence County, Tennessee	yes	1.0	73.66666666666666	5315.809523809524
5472	33	Iron and steel mills and ferroalloy manufacturing	47	331110	103	47103	Lincoln County, Tennessee	yes	1.0	75.53216374269006	5437.539682539682
5473	33	Iron and steel mills and ferroalloy manufacturing	47	331110	113	47113	Madison County, Tennessee	yes	1.1666666666666667	102.94451324389404	7634.590756302522
5474	33	Iron and steel mills and ferroalloy manufacturing	47	331110	119	47119	Maury County, Tennessee	yes	1.0	75.53216374269006	5437.539682539682
5475	33	Iron and steel mills and ferroalloy manufacturing	47	331110	133	47133	Overton County, Tennessee	yes	1.0	75.53216374269006	5437.539682539682
5476	33	Iron and steel mills and ferroalloy manufacturing	47	331110	149	47149	Rutherford County, Tennessee	yes	1.0	73.66666666666666	5315.809523809524
5477	33	Iron and steel mills and ferroalloy manufacturing	47	331110	157	47157	Shelby County, Tennessee	yes	2.3333333333333335	195.2877880976952	14332.952661064424
5478	33	Iron and steel mills and ferroalloy manufacturing	47	331110	161	47161	Stewart County, Tennessee	yes	1.0	87.07196422428619	6423.16918767507
5479	33	Iron and steel mills and ferroalloy manufacturing	47	331110	165	47165	Sumner County, Tennessee	yes	1.0	99.73333333333333	7392.933333333333
5480	33	Iron and steel mills and ferroalloy manufacturing	47	331110	189	47189	Wilson County, Tennessee	yes	1.0	87.07196422428619	6423.16918767507
5481	33	Iron and steel pipe and tube manufacturing from purchased steel	47	331210	31	47031	Coffee County, Tennessee	yes	1.0	124.03055555555557	5602.344444444444
5482	33	Iron and steel pipe and tube manufacturing from purchased steel	47	331210	37	47037	Davidson County, Tennessee	yes	1.0	107.33333333333333	5049.666666666666
5483	33	Iron and steel pipe and tube manufacturing from purchased steel	47	331210	47	47047	Fayette County, Tennessee	yes	1.0	124.03055555555557	5602.344444444444
5484	33	Iron and steel pipe and tube manufacturing from purchased steel	47	331210	63	47063	Hamblen County, Tennessee	yes	1.0	124.03055555555557	5602.344444444444
5485	33	Iron and steel pipe and tube manufacturing from purchased steel	47	331210	65	47065	Hamilton County, Tennessee	yes	1.0	124.03055555555557	5602.344444444444
5486	33	Iron and steel pipe and tube manufacturing from purchased steel	47	331210	71	47071	Hardin County, Tennessee	yes	1.0	113.625	5357.833333333333
5487	33	Iron and steel pipe and tube manufacturing from purchased steel	47	331210	101	47101	Lewis County, Tennessee	yes	1.0	124.03055555555557	5602.344444444444
5488	33	Iron and steel pipe and tube manufacturing from purchased steel	47	331210	109	47109	McNairy County, Tennessee	yes	1.0	124.03055555555557	5602.344444444444
5489	33	Iron and steel pipe and tube manufacturing from purchased steel	47	331210	117	47117	Marshall County, Tennessee	yes	1.0	119.91666666666666	5666.0
5490	33	Iron and steel pipe and tube manufacturing from purchased steel	47	331210	141	47141	Putnam County, Tennessee	yes	1.0	124.03055555555557	5602.344444444444
5491	33	Iron and steel pipe and tube manufacturing from purchased steel	47	331210	149	47149	Rutherford County, Tennessee	yes	1.0	126.2125	5746.016666666667
5492	33	Iron and steel pipe and tube manufacturing from purchased steel	47	331210	157	47157	Shelby County, Tennessee	yes	1.0	124.03055555555557	5602.344444444444
5493	33	Iron and steel pipe and tube manufacturing from purchased steel	47	331210	163	47163	Sullivan County, Tennessee	yes	1.0	124.03055555555557	5602.344444444444
5494	33	Iron foundries	47	331511	11	47011	Bradley County, Tennessee	yes	1.0	0.0	0.0
5495	33	Iron foundries	47	331511	13	47013	Campbell County, Tennessee	yes	1.0	97.60000000000001	6204.5
5496	33	Iron foundries	47	331511	65	47065	Hamilton County, Tennessee	yes	2.0	195.20000000000002	12409.0
5497	33	Iron foundries	47	331511	107	47107	McMinn County, Tennessee	yes	1.0	97.60000000000001	6204.5
5498	33	Iron foundries	47	331511	115	47115	Marion County, Tennessee	yes	1.0	97.60000000000001	6204.5
5499	33	Iron foundries	47	331511	157	47157	Shelby County, Tennessee	yes	1.0	0.0	0.0
5500	33	Irradiation apparatus manufacturing	47	334517	9	47009	Blount County, Tennessee	yes	1.3333333333333333	40.09166666666667	2926.3250000000003
5501	33	Irradiation apparatus manufacturing	47	334517	13	47013	Campbell County, Tennessee	yes	1.0	13.4	571.2
5502	33	Irradiation apparatus manufacturing	47	334517	37	47037	Davidson County, Tennessee	yes	1.0	18.599999999999998	1070.7333333333333
5503	33	Irradiation apparatus manufacturing	47	334517	65	47065	Hamilton County, Tennessee	yes	1.0	13.4	571.2
5504	33	Irradiation apparatus manufacturing	47	334517	93	47093	Knox County, Tennessee	yes	1.0	20.916666666666668	1729.8500000000001
5505	33	Irradiation apparatus manufacturing	47	334517	157	47157	Shelby County, Tennessee	yes	1.0	34.5625	2700.6375
5506	33	Irradiation apparatus manufacturing	47	334517	181	47181	Wayne County, Tennessee	yes	1.0	27.508333333333336	1990.825
5507	33	Jewelry and silverware manufacturing	47	339910	21	47021	Cheatham County, Tennessee	yes	2.0	4.811965811965812	207.75128205128203
5508	33	Jewelry and silverware manufacturing	47	339910	37	47037	Davidson County, Tennessee	no	4.5	14.5	438.3333333333333
5509	33	Jewelry and silverware manufacturing	47	339910	47	47047	Fayette County, Tennessee	yes	1.0	2.405982905982906	103.87564102564102
5510	33	Jewelry and silverware manufacturing	47	339910	65	47065	Hamilton County, Tennessee	yes	1.8333333333333333	7.025106837606838	253.92909544159542
5511	33	Jewelry and silverware manufacturing	47	339910	93	47093	Knox County, Tennessee	yes	1.0	5.00462962962963	162.58240740740743
5512	33	Jewelry and silverware manufacturing	47	339910	115	47115	Marion County, Tennessee	yes	1.0	7.506944444444445	201.17361111111111
5513	33	Jewelry and silverware manufacturing	47	339910	151	47151	Scott County, Tennessee	yes	1.0	4.106303418803419	136.3082977207977
5514	33	Jewelry and silverware manufacturing	47	339910	157	47157	Shelby County, Tennessee	yes	1.3333333333333333	6.608618233618233	203.36616809116808
5515	33	Jewelry and silverware manufacturing	47	339910	187	47187	Williamson County, Tennessee	yes	2.0	8.212606837606838	272.6165954415954
5516	33	Lawn and garden tractor and home lawn and garden equipment manufacturing	47	333112	45	47045	Dyer County, Tennessee	yes	1.0	246.42857142857142	8565.142857142857
5517	33	Lawn and garden tractor and home lawn and garden equipment manufacturing	47	333112	51	47051	Franklin County, Tennessee	yes	1.0	283.6714285714286	10670.72380952381
5518	33	Lawn and garden tractor and home lawn and garden equipment manufacturing	47	333112	59	47059	Greene County, Tennessee	yes	2.0	567.3428571428572	21341.44761904762
5519	33	Lawn and garden tractor and home lawn and garden equipment manufacturing	47	333112	63	47063	Hamblen County, Tennessee	yes	1.0	283.6714285714286	10670.72380952381
5520	33	Lawn and garden tractor and home lawn and garden equipment manufacturing	47	333112	99	47099	Lawrence County, Tennessee	yes	1.0	246.42857142857142	8565.142857142857
5521	33	Lawn and garden tractor and home lawn and garden equipment manufacturing	47	333112	177	47177	Warren County, Tennessee	yes	1.0	270.0	11060.5
5522	33	Lawn and garden tractor and home lawn and garden equipment manufacturing	47	333112	183	47183	Weakley County, Tennessee	yes	1.0	283.6714285714286	10670.72380952381
5523	33	Light truck and utility vehicle manufacturing	47	336112	119	47119	Maury County, Tennessee	yes	1.0	0.0	0.0
5524	33	Machine shops	47	332710	1	47001	Anderson County, Tennessee	no	10.0	174.0	10103.4
5525	33	Machine shops	47	332710	1	47001	Anderson County, Tennessee	yes	8.0	146.64285714285714	6897.785714285714
5526	33	Machine shops	47	332710	3	47003	Bedford County, Tennessee	yes	1.8333333333333333	34.85858685460696	1522.4997410714486
5527	33	Machine shops	47	332710	5	47005	Benton County, Tennessee	no	4.333333333333333	105.0	4259.0
5528	33	Machine shops	47	332710	9	47009	Blount County, Tennessee	no	8.333333333333334	84.33333333333333	4167.833333333333
5529	33	Machine shops	47	332710	11	47011	Bradley County, Tennessee	no	5.666666666666667	158.66666666666666	14368.333333333334
5530	33	Machine shops	47	332710	11	47011	Bradley County, Tennessee	yes	6.0	111.99984682165724	4799.271848409534
5531	33	Machine shops	47	332710	13	47013	Campbell County, Tennessee	yes	2.0	37.20176958234648	1684.250977366302
5532	33	Machine shops	47	332710	15	47015	Cannon County, Tennessee	yes	2.0	37.20176958234648	1684.250977366302
5533	33	Machine shops	47	332710	17	47017	Carroll County, Tennessee	no	3.0	7.0	252.0
5534	33	Machine shops	47	332710	17	47017	Carroll County, Tennessee	yes	2.0	39.239398325132626	1654.8250043559046
5535	33	Machine shops	47	332710	19	47019	Carter County, Tennessee	no	4.0	4.333333333333333	344.6666666666667
5536	33	Machine shops	47	332710	19	47019	Carter County, Tennessee	yes	3.0	55.605385336210816	2653.117007894139
5537	33	Machine shops	47	332710	21	47021	Cheatham County, Tennessee	no	3.6666666666666665	11.833333333333334	703.0
5538	33	Machine shops	47	332710	23	47023	Chester County, Tennessee	yes	2.0	37.20176958234648	1684.250977366302
5539	33	Machine shops	47	332710	25	47025	Claiborne County, Tennessee	yes	2.0	37.20176958234648	1684.250977366302
5540	33	Machine shops	47	332710	29	47029	Cocke County, Tennessee	yes	3.1666666666666665	58.85771389732924	2670.080335097072
5541	33	Machine shops	47	332710	31	47031	Coffee County, Tennessee	no	6.333333333333333	169.0	9210.666666666666
5542	33	Machine shops	47	332710	31	47031	Coffee County, Tennessee	yes	5.0	93.3332056847144	3999.393207007945
5543	33	Machine shops	47	332710	33	47033	Crockett County, Tennessee	yes	1.0	18.60088479117324	842.125488683151
5544	33	Machine shops	47	332710	35	47035	Cumberland County, Tennessee	no	3.0	25.0	651.0
5545	33	Machine shops	47	332710	35	47035	Cumberland County, Tennessee	yes	2.0	37.015157206680946	1712.0629705923716
5546	33	Machine shops	47	332710	37	47037	Davidson County, Tennessee	no	19.333333333333332	288.8333333333333	19733.666666666668
5547	33	Machine shops	47	332710	41	47041	DeKalb County, Tennessee	yes	1.0	18.60088479117324	842.125488683151
5548	33	Machine shops	47	332710	43	47043	Dickson County, Tennessee	yes	1.0	18.60088479117324	842.125488683151
5549	33	Machine shops	47	332710	45	47045	Dyer County, Tennessee	yes	2.1666666666666665	40.256829106156005	1827.9548464139214
5550	33	Machine shops	47	332710	47	47047	Fayette County, Tennessee	yes	1.5	27.29987276235845	1261.4085601839968
5551	33	Machine shops	47	332710	49	47049	Fentress County, Tennessee	yes	1.0	18.666641136942875	799.878641401589
5552	33	Machine shops	47	332710	51	47051	Franklin County, Tennessee	yes	1.1666666666666667	22.347363664412672	993.794502767658
5553	33	Machine shops	47	332710	53	47053	Gibson County, Tennessee	no	3.0	15.0	685.0
5554	33	Machine shops	47	332710	53	47053	Gibson County, Tennessee	yes	2.25	44.006252257716895	1847.973880760399
5555	33	Machine shops	47	332710	55	47055	Giles County, Tennessee	yes	3.6666666666666665	68.313877563714	3055.081704353244
5556	33	Machine shops	47	332710	59	47059	Greene County, Tennessee	no	9.833333333333334	86.0	3239.6666666666665
5557	33	Machine shops	47	332710	61	47061	Grundy County, Tennessee	yes	1.0	18.60088479117324	842.125488683151
5558	33	Machine shops	47	332710	63	47063	Hamblen County, Tennessee	yes	2.3333333333333335	42.72285493180885	1974.7681312641514
5559	33	Machine shops	47	332710	65	47065	Hamilton County, Tennessee	no	22.166666666666668	254.0	15509.333333333334
5560	33	Machine shops	47	332710	71	47071	Hardin County, Tennessee	no	3.3333333333333335	5.333333333333333	175.66666666666666
5561	33	Machine shops	47	332710	73	47073	Hawkins County, Tennessee	yes	1.3333333333333333	24.879145835835157	1098.3609403363264
5562	33	Machine shops	47	332710	77	47077	Henderson County, Tennessee	no	5.0	63.5	2237.3333333333335
5563	33	Machine shops	47	332710	79	47079	Henry County, Tennessee	no	4.666666666666667	22.166666666666668	823.0
5564	33	Machine shops	47	332710	81	47081	Hickman County, Tennessee	yes	1.0	18.60088479117324	842.125488683151
5565	33	Machine shops	47	332710	85	47085	Humphreys County, Tennessee	yes	2.1666666666666665	40.37967220406933	1813.0168949692982
5566	33	Machine shops	47	332710	87	47087	Jackson County, Tennessee	yes	1.8333333333333333	34.023866960623636	1555.4850597633058
5567	33	Machine shops	47	332710	89	47089	Jefferson County, Tennessee	yes	1.1666666666666667	21.778787412896083	970.8914062861473
5568	33	Machine shops	47	332710	91	47091	Johnson County, Tennessee	yes	1.0	18.60088479117324	842.125488683151
5569	33	Machine shops	47	332710	93	47093	Knox County, Tennessee	no	16.833333333333332	109.5	4398.5
5570	33	Machine shops	47	332710	99	47099	Lawrence County, Tennessee	no	3.0	16.333333333333332	478.0
5571	33	Machine shops	47	332710	99	47099	Lawrence County, Tennessee	yes	3.3333333333333335	62.355728654274316	2657.16775941076
5572	33	Machine shops	47	332710	101	47101	Lewis County, Tennessee	no	3.1666666666666665	10.5	645.8333333333334
5573	33	Machine shops	47	332710	103	47103	Lincoln County, Tennessee	no	3.0	0.0	100.0
5574	33	Machine shops	47	332710	103	47103	Lincoln County, Tennessee	yes	2.0	37.015157206680946	1712.0629705923716
5575	33	Machine shops	47	332710	105	47105	Loudon County, Tennessee	no	4.0	79.5	3641.3333333333335
5576	33	Machine shops	47	332710	107	47107	McMinn County, Tennessee	no	4.333333333333333	331.6666666666667	5398.666666666667
5577	33	Machine shops	47	332710	107	47107	McMinn County, Tennessee	yes	3.6666666666666665	73.0144577140261	3127.800269358084
5578	33	Machine shops	47	332710	109	47109	McNairy County, Tennessee	yes	1.0	18.60088479117324	842.125488683151
5579	33	Machine shops	47	332710	113	47113	Madison County, Tennessee	no	4.0	24.666666666666668	1240.3333333333333
5580	33	Machine shops	47	332710	113	47113	Madison County, Tennessee	yes	4.666666666666667	80.63407446840642	3935.298879802465
5581	33	Machine shops	47	332710	117	47117	Marshall County, Tennessee	no	3.0	11.0	595.0
5582	33	Machine shops	47	332710	117	47117	Marshall County, Tennessee	yes	2.0	39.239398325132626	1654.8250043559046
5583	33	Machine shops	47	332710	119	47119	Maury County, Tennessee	no	5.2	93.2	3895.6
5584	33	Machine shops	47	332710	119	47119	Maury County, Tennessee	yes	4.0	74.40860215053765	3059.2688172043013
5585	33	Machine shops	47	332710	121	47121	Meigs County, Tennessee	yes	1.0	18.60088479117324	842.125488683151
5586	33	Machine shops	47	332710	123	47123	Monroe County, Tennessee	yes	1.6666666666666667	30.92350853768457	1428.0155257131266
5587	33	Machine shops	47	332710	125	47125	Montgomery County, Tennessee	no	5.166666666666667	13.0	850.8333333333334
5588	33	Machine shops	47	332710	129	47129	Morgan County, Tennessee	no	4.833333333333333	74.16666666666667	3627.0
5589	33	Machine shops	47	332710	131	47131	Obion County, Tennessee	yes	2.8333333333333335	53.33662854786687	2379.5631811992225
5590	33	Machine shops	47	332710	133	47133	Overton County, Tennessee	yes	1.3333333333333333	24.121970140635607	1132.6426425810005
5591	33	Machine shops	47	332710	141	47141	Putnam County, Tennessee	no	3.5	20.5	1874.8333333333333
5592	33	Machine shops	47	332710	145	47145	Roane County, Tennessee	no	3.5	12.25	255.0
5593	33	Machine shops	47	332710	145	47145	Roane County, Tennessee	yes	2.5	49.97440895372233	2203.3489059356134
5594	33	Machine shops	47	332710	147	47147	Robertson County, Tennessee	no	7.666666666666667	51.0	2086.5
5595	33	Machine shops	47	332710	149	47149	Rutherford County, Tennessee	no	9.0	133.83333333333334	7398.166666666667
5596	33	Machine shops	47	332710	151	47151	Scott County, Tennessee	no	5.666666666666667	26.333333333333332	1498.0
5597	33	Machine shops	47	332710	153	47153	Sequatchie County, Tennessee	yes	1.0	18.666641136942875	799.878641401589
5598	33	Machine shops	47	332710	155	47155	Sevier County, Tennessee	yes	1.8333333333333333	34.14671005853696	1540.547108318683
5599	33	Machine shops	47	332710	157	47157	Shelby County, Tennessee	no	22.333333333333332	265.3333333333333	14161.166666666666
5600	33	Machine shops	47	332710	159	47159	Smith County, Tennessee	yes	1.6666666666666667	31.157406880497064	1354.5963919895019
5601	33	Machine shops	47	332710	163	47163	Sullivan County, Tennessee	no	13.333333333333334	115.83333333333333	4118.5
5602	33	Machine shops	47	332710	165	47165	Sumner County, Tennessee	no	12.0	147.33333333333334	6278.166666666667
5603	33	Machine shops	47	332710	171	47171	Unicoi County, Tennessee	yes	1.0	18.60088479117324	842.125488683151
5604	33	Machine shops	47	332710	177	47177	Warren County, Tennessee	no	4.5	17.0	898.25
5605	33	Machine shops	47	332710	177	47177	Warren County, Tennessee	yes	3.5	64.5639400921659	2871.672235023041
5606	33	Machine shops	47	332710	179	47179	Washington County, Tennessee	no	9.6	86.6	8185.2
5607	33	Machine shops	47	332710	179	47179	Washington County, Tennessee	yes	10.0	183.30357142857144	8622.232142857143
5608	33	Machine shops	47	332710	183	47183	Weakley County, Tennessee	yes	1.0	18.60088479117324	842.125488683151
5609	33	Machine shops	47	332710	185	47185	White County, Tennessee	no	4.0	96.0	2357.0
5610	33	Machine shops	47	332710	185	47185	White County, Tennessee	yes	3.5	69.24566973014235	2902.889904065112
5611	33	Machine shops	47	332710	187	47187	Williamson County, Tennessee	no	4.833333333333333	27.5	1574.1666666666667
5612	33	Machine shops	47	332710	189	47189	Wilson County, Tennessee	no	3.0	22.0	1107.0
5613	33	Machine shops	47	332710	189	47189	Wilson County, Tennessee	yes	3.0	54.23706042130516	2462.4308075950566
5614	33	Machine tool manufacturing	47	333517	17	47017	Carroll County, Tennessee	yes	1.0	7.634978991596638	403.2226890756302
5615	33	Machine tool manufacturing	47	333517	37	47037	Davidson County, Tennessee	yes	1.0	7.609243697478991	407.19537815126046
5616	33	Machine tool manufacturing	47	333517	63	47063	Hamblen County, Tennessee	yes	1.0	4.75	308.5
5617	33	Machine tool manufacturing	47	333517	65	47065	Hamilton County, Tennessee	yes	2.0	15.218487394957982	814.3907563025209
5618	33	Machine tool manufacturing	47	333517	77	47077	Henderson County, Tennessee	yes	1.0	7.634978991596638	403.2226890756302
5619	33	Machine tool manufacturing	47	333517	79	47079	Henry County, Tennessee	yes	1.5	11.439600840336134	606.8203781512605
5620	33	Machine tool manufacturing	47	333517	113	47113	Madison County, Tennessee	yes	1.0	7.660714285714286	399.25
5621	33	Machine tool manufacturing	47	333517	119	47119	Maury County, Tennessee	yes	1.4	12.465966386554621	607.5420168067227
5622	33	Machine tool manufacturing	47	333517	163	47163	Sullivan County, Tennessee	yes	1.0	7.634978991596638	403.2226890756302
5623	33	Machine tool manufacturing	47	333517	165	47165	Sumner County, Tennessee	yes	1.0	7.85189075630252	370.55322128851543
5624	33	Machine tool manufacturing	47	333517	171	47171	Unicoi County, Tennessee	yes	1.0	7.85189075630252	370.55322128851543
5625	33	Machine tool manufacturing	47	333517	177	47177	Warren County, Tennessee	no	3.0	89.0	4098.333333333333
5626	33	Machine tool manufacturing	47	333517	177	47177	Warren County, Tennessee	yes	2.3333333333333335	21.619047619047617	896.9523809523811
5627	33	Machine tool manufacturing	47	333517	179	47179	Washington County, Tennessee	yes	1.0	7.85189075630252	370.55322128851543
5628	33	Machine tool manufacturing	47	333517	187	47187	Williamson County, Tennessee	yes	1.0	7.973214285714285	352.2321428571429
5629	33	Machine tool manufacturing	47	333517	189	47189	Wilson County, Tennessee	yes	1.0	7.634978991596638	403.2226890756302
5630	33	Mattress manufacturing	47	337910	3	47003	Bedford County, Tennessee	yes	1.0	64.22411616161615	2366.2282828282828
5631	33	Mattress manufacturing	47	337910	27	47027	Clay County, Tennessee	yes	1.0	64.22411616161615	2366.2282828282828
5632	33	Mattress manufacturing	47	337910	37	47037	Davidson County, Tennessee	yes	1.1666666666666667	64.22411616161615	2723.9616161616163
5633	33	Mattress manufacturing	47	337910	65	47065	Hamilton County, Tennessee	yes	1.0	64.22411616161615	2366.2282828282828
5634	33	Mattress manufacturing	47	337910	87	47087	Jackson County, Tennessee	yes	1.0	70.16666666666666	2478.4166666666665
5635	33	Mattress manufacturing	47	337910	93	47093	Knox County, Tennessee	yes	1.0	77.06893939393937	2410.193939393939
5636	33	Mattress manufacturing	47	337910	107	47107	McMinn County, Tennessee	yes	1.0	64.22411616161615	2366.2282828282828
5637	33	Mattress manufacturing	47	337910	109	47109	McNairy County, Tennessee	yes	1.0	37.5	2224.609090909091
5638	33	Mattress manufacturing	47	337910	111	47111	Macon County, Tennessee	yes	1.0	64.22411616161615	2366.2282828282828
5639	33	Mattress manufacturing	47	337910	165	47165	Sumner County, Tennessee	no	3.0	0.0	4758.0
5640	33	Mattress manufacturing	47	337910	165	47165	Sumner County, Tennessee	yes	1.8	114.78787878787878	4316.667878787879
5641	33	Mattress manufacturing	47	337910	179	47179	Washington County, Tennessee	yes	1.0	64.22411616161615	2366.2282828282828
5642	33	Mattress manufacturing	47	337910	183	47183	Weakley County, Tennessee	yes	1.0	70.65656565656566	2471.883838383838
5643	33	Measuring and dispensing pump manufacturing	47	333913	9	47009	Blount County, Tennessee	yes	1.0	0.0	0.0
5644	33	Measuring and dispensing pump manufacturing	47	333913	179	47179	Washington County, Tennessee	yes	1.0	0.0	0.0
5645	33	Mechanical power transmission equipment manufacturing	47	333613	9	47009	Blount County, Tennessee	yes	1.0	42.666666666666664	1777.4999999999998
5646	33	Mechanical power transmission equipment manufacturing	47	333613	35	47035	Cumberland County, Tennessee	yes	1.0	28.444444444444443	1184.9999999999998
5647	33	Mechanical power transmission equipment manufacturing	47	333613	45	47045	Dyer County, Tennessee	yes	1.0	28.444444444444443	1184.9999999999998
5648	33	Mechanical power transmission equipment manufacturing	47	333613	53	47053	Gibson County, Tennessee	yes	1.0	28.444444444444443	1184.9999999999998
5649	33	Mechanical power transmission equipment manufacturing	47	333613	63	47063	Hamblen County, Tennessee	yes	1.0	28.444444444444443	1184.9999999999998
5650	33	Mechanical power transmission equipment manufacturing	47	333613	119	47119	Maury County, Tennessee	yes	1.0	28.444444444444443	1184.9999999999998
5651	33	Metal can manufacturing	47	332431	53	47053	Gibson County, Tennessee	yes	1.0	92.08333333333333	5379.388888888888
5652	33	Metal can manufacturing	47	332431	89	47089	Jefferson County, Tennessee	yes	1.0	92.08333333333333	5379.388888888888
5653	33	Metal can manufacturing	47	332431	117	47117	Marshall County, Tennessee	yes	1.0	67.5	3726.0
5654	33	Metal can manufacturing	47	332431	157	47157	Shelby County, Tennessee	yes	1.0	92.08333333333333	5379.388888888888
5655	33	Metal coating, engraving (except jewelry and silverware), and allied services to manufacturers	47	332812	1	47001	Anderson County, Tennessee	yes	1.0	24.504150841360143	850.8706531218158
5656	33	Metal coating, engraving (except jewelry and silverware), and allied services to manufacturers	47	332812	9	47009	Blount County, Tennessee	yes	1.5	35.424413935354174	1265.1890655539069
5657	33	Metal coating, engraving (except jewelry and silverware), and allied services to manufacturers	47	332812	11	47011	Bradley County, Tennessee	yes	1.2	28.171022964796407	971.961839431907
5658	33	Metal coating, engraving (except jewelry and silverware), and allied services to manufacturers	47	332812	31	47031	Coffee County, Tennessee	yes	1.0	23.936254733391518	847.8653292144164
5659	33	Metal coating, engraving (except jewelry and silverware), and allied services to manufacturers	47	332812	37	47037	Davidson County, Tennessee	no	6.833333333333333	111.83333333333333	4513.0
5660	33	Metal coating, engraving (except jewelry and silverware), and allied services to manufacturers	47	332812	43	47043	Dickson County, Tennessee	yes	1.0	23.936254733391518	847.8653292144164
5661	33	Metal coating, engraving (except jewelry and silverware), and allied services to manufacturers	47	332812	53	47053	Gibson County, Tennessee	yes	1.0	24.896191062857728	861.0831857498524
5662	33	Metal coating, engraving (except jewelry and silverware), and allied services to manufacturers	47	332812	59	47059	Greene County, Tennessee	yes	1.6666666666666667	40.140164218308755	1398.7169996087225
5663	33	Metal coating, engraving (except jewelry and silverware), and allied services to manufacturers	47	332812	65	47065	Hamilton County, Tennessee	no	5.0	37.5	1983.5
5664	33	Metal coating, engraving (except jewelry and silverware), and allied services to manufacturers	47	332812	65	47065	Hamilton County, Tennessee	yes	5.0	117.93977340488968	3810.933214072749
5665	33	Metal coating, engraving (except jewelry and silverware), and allied services to manufacturers	47	332812	73	47073	Hawkins County, Tennessee	yes	1.0	23.936254733391518	847.8653292144164
5666	33	Metal coating, engraving (except jewelry and silverware), and allied services to manufacturers	47	332812	93	47093	Knox County, Tennessee	no	4.0	8.0	446.0
5667	33	Metal coating, engraving (except jewelry and silverware), and allied services to manufacturers	47	332812	93	47093	Knox County, Tennessee	yes	1.8	44.50132493853424	1557.369213220376
5668	33	Metal coating, engraving (except jewelry and silverware), and allied services to manufacturers	47	332812	99	47099	Lawrence County, Tennessee	yes	2.0	47.872509466783036	1695.7306584288328
5669	33	Metal coating, engraving (except jewelry and silverware), and allied services to manufacturers	47	332812	107	47107	McMinn County, Tennessee	yes	1.0	23.936254733391518	847.8653292144164
5670	33	Metal coating, engraving (except jewelry and silverware), and allied services to manufacturers	47	332812	113	47113	Madison County, Tennessee	yes	2.3333333333333335	55.60485471525731	1992.7443172489436
5671	33	Metal coating, engraving (except jewelry and silverware), and allied services to manufacturers	47	332812	115	47115	Marion County, Tennessee	yes	1.0	23.936254733391518	847.8653292144164
5672	33	Metal coating, engraving (except jewelry and silverware), and allied services to manufacturers	47	332812	117	47117	Marshall County, Tennessee	yes	1.0	23.936254733391518	847.8653292144164
5673	33	Metal coating, engraving (except jewelry and silverware), and allied services to manufacturers	47	332812	119	47119	Maury County, Tennessee	yes	1.0	24.504150841360143	850.8706531218158
5674	33	Metal coating, engraving (except jewelry and silverware), and allied services to manufacturers	47	332812	121	47121	Meigs County, Tennessee	yes	1.0	23.936254733391518	847.8653292144164
5675	33	Metal coating, engraving (except jewelry and silverware), and allied services to manufacturers	47	332812	125	47125	Montgomery County, Tennessee	yes	1.0	23.936254733391518	847.8653292144164
5676	33	Metal coating, engraving (except jewelry and silverware), and allied services to manufacturers	47	332812	129	47129	Morgan County, Tennessee	yes	1.0	23.936254733391518	847.8653292144164
5677	33	Metal coating, engraving (except jewelry and silverware), and allied services to manufacturers	47	332812	133	47133	Overton County, Tennessee	yes	1.0	21.096774193548388	832.8387096774194
5678	33	Metal coating, engraving (except jewelry and silverware), and allied services to manufacturers	47	332812	141	47141	Putnam County, Tennessee	yes	2.3333333333333335	55.84453963648762	1974.2479431554202
5679	33	Metal coating, engraving (except jewelry and silverware), and allied services to manufacturers	47	332812	147	47147	Robertson County, Tennessee	yes	1.0	23.936254733391518	847.8653292144164
5680	33	Metal coating, engraving (except jewelry and silverware), and allied services to manufacturers	47	332812	149	47149	Rutherford County, Tennessee	no	3.0	40.0	2435.0
5681	33	Metal coating, engraving (except jewelry and silverware), and allied services to manufacturers	47	332812	149	47149	Rutherford County, Tennessee	yes	2.25	52.9452468366572	1853.8558244030864
5682	33	Metal coating, engraving (except jewelry and silverware), and allied services to manufacturers	47	332812	155	47155	Sevier County, Tennessee	yes	1.0	23.936254733391518	847.8653292144164
5683	33	Metal coating, engraving (except jewelry and silverware), and allied services to manufacturers	47	332812	157	47157	Shelby County, Tennessee	no	3.0	79.5	3821.75
5684	33	Metal coating, engraving (except jewelry and silverware), and allied services to manufacturers	47	332812	157	47157	Shelby County, Tennessee	yes	2.5	59.09962287869265	2032.033940917662
5685	33	Metal coating, engraving (except jewelry and silverware), and allied services to manufacturers	47	332812	163	47163	Sullivan County, Tennessee	yes	1.3333333333333333	32.277512657982776	1144.654785337206
5686	33	Metal coating, engraving (except jewelry and silverware), and allied services to manufacturers	47	332812	165	47165	Sumner County, Tennessee	no	4.25	125.75	4561.0
5687	33	Metal coating, engraving (except jewelry and silverware), and allied services to manufacturers	47	332812	165	47165	Sumner County, Tennessee	yes	4.0	100.0950950950951	3561.4734734734734
5688	33	Metal coating, engraving (except jewelry and silverware), and allied services to manufacturers	47	332812	175	47175	Van Buren County, Tennessee	yes	1.0	23.936254733391518	847.8653292144164
5689	33	Metal coating, engraving (except jewelry and silverware), and allied services to manufacturers	47	332812	177	47177	Warren County, Tennessee	yes	1.1666666666666667	28.152470949607732	1006.0725364216238
5690	33	Metal coating, engraving (except jewelry and silverware), and allied services to manufacturers	47	332812	179	47179	Washington County, Tennessee	yes	1.0	23.936254733391518	847.8653292144164
5691	33	Metal coating, engraving (except jewelry and silverware), and allied services to manufacturers	47	332812	187	47187	Williamson County, Tennessee	yes	1.0	22.97631840392531	834.6474726789806
5692	33	Metal coating, engraving (except jewelry and silverware), and allied services to manufacturers	47	332812	189	47189	Wilson County, Tennessee	yes	1.3333333333333333	32.277512657982776	1144.654785337206
5693	33	Metal crown, closure, and other metal stamping (except automotive)	47	332119	3	47003	Bedford County, Tennessee	yes	1.0	35.281828133552274	1616.669608648057
5694	33	Metal crown, closure, and other metal stamping (except automotive)	47	332119	9	47009	Blount County, Tennessee	yes	1.0	35.281828133552274	1616.669608648057
5695	33	Metal crown, closure, and other metal stamping (except automotive)	47	332119	11	47011	Bradley County, Tennessee	yes	1.0	35.281828133552274	1616.669608648057
5696	33	Metal crown, closure, and other metal stamping (except automotive)	47	332119	23	47023	Chester County, Tennessee	yes	2.0	70.56365626710455	3233.339217296114
5697	33	Metal crown, closure, and other metal stamping (except automotive)	47	332119	33	47033	Crockett County, Tennessee	yes	1.0	35.55478927203065	1679.0222222222221
5698	33	Metal crown, closure, and other metal stamping (except automotive)	47	332119	37	47037	Davidson County, Tennessee	yes	1.0	34.97758620689655	1557.3862068965518
5699	33	Metal crown, closure, and other metal stamping (except automotive)	47	332119	45	47045	Dyer County, Tennessee	yes	1.0	35.281828133552274	1616.669608648057
5700	33	Metal crown, closure, and other metal stamping (except automotive)	47	332119	53	47053	Gibson County, Tennessee	yes	2.0	70.56365626710455	3233.339217296114
5701	33	Metal crown, closure, and other metal stamping (except automotive)	47	332119	63	47063	Hamblen County, Tennessee	yes	1.0	35.281828133552274	1616.669608648057
5702	33	Metal crown, closure, and other metal stamping (except automotive)	47	332119	65	47065	Hamilton County, Tennessee	yes	1.3333333333333333	46.941023535851116	2135.798344280241
5703	33	Metal crown, closure, and other metal stamping (except automotive)	47	332119	73	47073	Hawkins County, Tennessee	yes	1.0	35.281828133552274	1616.669608648057
5704	33	Metal crown, closure, and other metal stamping (except automotive)	47	332119	83	47083	Houston County, Tennessee	yes	1.0	35.281828133552274	1616.669608648057
5705	33	Metal crown, closure, and other metal stamping (except automotive)	47	332119	93	47093	Knox County, Tennessee	yes	1.0	35.281828133552274	1616.669608648057
5706	33	Metal crown, closure, and other metal stamping (except automotive)	47	332119	99	47099	Lawrence County, Tennessee	no	3.0	347.0	8564.0
5707	33	Metal crown, closure, and other metal stamping (except automotive)	47	332119	99	47099	Lawrence County, Tennessee	yes	1.0	35.40715927750411	1622.5690476190473
5708	33	Metal crown, closure, and other metal stamping (except automotive)	47	332119	105	47105	Loudon County, Tennessee	yes	1.0	35.281828133552274	1616.669608648057
5709	33	Metal crown, closure, and other metal stamping (except automotive)	47	332119	109	47109	McNairy County, Tennessee	yes	1.0	35.281828133552274	1616.669608648057
5710	33	Metal crown, closure, and other metal stamping (except automotive)	47	332119	113	47113	Madison County, Tennessee	yes	1.0	35.281828133552274	1616.669608648057
5711	33	Metal crown, closure, and other metal stamping (except automotive)	47	332119	141	47141	Putnam County, Tennessee	yes	1.0	35.281828133552274	1616.669608648057
5712	33	Metal crown, closure, and other metal stamping (except automotive)	47	332119	147	47147	Robertson County, Tennessee	yes	1.6666666666666667	59.7992337164751	2815.0444444444443
5713	33	Metal crown, closure, and other metal stamping (except automotive)	47	332119	157	47157	Shelby County, Tennessee	yes	3.8333333333333335	135.35145046524357	6202.149698960043
5714	33	Metal crown, closure, and other metal stamping (except automotive)	47	332119	165	47165	Sumner County, Tennessee	yes	1.0	35.281828133552274	1616.669608648057
5715	33	Metal crown, closure, and other metal stamping (except automotive)	47	332119	177	47177	Warren County, Tennessee	yes	2.5	88.0680897646415	4010.4977148330595
5716	33	Metal crown, closure, and other metal stamping (except automotive)	47	332119	179	47179	Washington County, Tennessee	yes	1.0	35.281828133552274	1616.669608648057
5717	33	Metal crown, closure, and other metal stamping (except automotive)	47	332119	185	47185	White County, Tennessee	yes	1.0	35.281828133552274	1616.669608648057
5718	33	Metal crown, closure, and other metal stamping (except automotive)	47	332119	187	47187	Williamson County, Tennessee	yes	1.0	34.6551724137931	1587.1724137931035
5719	33	Metal heat treating	47	332811	11	47011	Bradley County, Tennessee	yes	1.0	20.84090909090909	999.754329004329
5720	33	Metal heat treating	47	332811	25	47025	Claiborne County, Tennessee	yes	1.0	20.84090909090909	999.754329004329
5721	33	Metal heat treating	47	332811	37	47037	Davidson County, Tennessee	yes	1.0	20.84090909090909	999.754329004329
5722	33	Metal heat treating	47	332811	59	47059	Greene County, Tennessee	yes	1.0	20.84090909090909	999.754329004329
5723	33	Metal heat treating	47	332811	63	47063	Hamblen County, Tennessee	yes	1.0	20.84090909090909	999.754329004329
5724	33	Metal heat treating	47	332811	65	47065	Hamilton County, Tennessee	yes	1.0	20.84090909090909	999.754329004329
5725	33	Metal heat treating	47	332811	113	47113	Madison County, Tennessee	yes	1.0	20.84090909090909	999.754329004329
5726	33	Metal heat treating	47	332811	149	47149	Rutherford County, Tennessee	yes	2.0	41.68181818181818	1999.508658008658
5727	33	Metal heat treating	47	332811	155	47155	Sevier County, Tennessee	yes	1.0	20.84090909090909	999.754329004329
5728	33	Metal heat treating	47	332811	157	47157	Shelby County, Tennessee	no	3.0	30.333333333333332	1628.3333333333333
5729	33	Metal heat treating	47	332811	157	47157	Shelby County, Tennessee	yes	3.0	57.714285714285715	2626.5
5730	33	Metal heat treating	47	332811	163	47163	Sullivan County, Tennessee	yes	1.0	20.84090909090909	999.754329004329
5731	33	Metal household furniture manufacturing	47	337124	37	47037	Davidson County, Tennessee	yes	1.75	0.0	0.0
5732	33	Metal household furniture manufacturing	47	337124	63	47063	Hamblen County, Tennessee	yes	1.0	0.0	0.0
5733	33	Metal household furniture manufacturing	47	337124	65	47065	Hamilton County, Tennessee	yes	1.0	0.0	0.0
5734	33	Metal household furniture manufacturing	47	337124	119	47119	Maury County, Tennessee	yes	1.0	0.0	0.0
5735	33	Metal household furniture manufacturing	47	337124	157	47157	Shelby County, Tennessee	yes	1.0	0.0	0.0
5736	33	Metal household furniture manufacturing	47	337124	163	47163	Sullivan County, Tennessee	yes	1.0	0.0	0.0
5737	33	Metal household furniture manufacturing	47	337124	189	47189	Wilson County, Tennessee	yes	1.0	0.0	0.0
5738	33	Metal kitchen cookware, utensil, cutlery, and flatware (except precious) manufacturing	47	332215	11	47011	Bradley County, Tennessee	yes	1.0	43.26031746031746	2081.802380952381
5739	33	Metal kitchen cookware, utensil, cutlery, and flatware (except precious) manufacturing	47	332215	29	47029	Cocke County, Tennessee	yes	1.0	71.66666666666666	2712.75
5740	33	Metal kitchen cookware, utensil, cutlery, and flatware (except precious) manufacturing	47	332215	53	47053	Gibson County, Tennessee	yes	1.0	43.26031746031746	2081.802380952381
5741	33	Metal kitchen cookware, utensil, cutlery, and flatware (except precious) manufacturing	47	332215	65	47065	Hamilton County, Tennessee	yes	1.0	43.26031746031746	2081.802380952381
5742	33	Metal kitchen cookware, utensil, cutlery, and flatware (except precious) manufacturing	47	332215	93	47093	Knox County, Tennessee	yes	1.0	43.26031746031746	2081.802380952381
5743	33	Metal kitchen cookware, utensil, cutlery, and flatware (except precious) manufacturing	47	332215	125	47125	Montgomery County, Tennessee	yes	1.0	43.26031746031746	2081.802380952381
5744	33	Metal kitchen cookware, utensil, cutlery, and flatware (except precious) manufacturing	47	332215	163	47163	Sullivan County, Tennessee	yes	1.0	34.714285714285715	1552.8571428571427
5745	33	Metal kitchen cookware, utensil, cutlery, and flatware (except precious) manufacturing	47	332215	183	47183	Weakley County, Tennessee	yes	1.0	34.714285714285715	1552.8571428571427
5746	33	Metal tank (heavy gauge) manufacturing	47	332420	3	47003	Bedford County, Tennessee	yes	1.0	66.0	3260.285714285714
5747	33	Metal tank (heavy gauge) manufacturing	47	332420	9	47009	Blount County, Tennessee	yes	1.0	52.199999999999996	2692.6666666666665
5748	33	Metal tank (heavy gauge) manufacturing	47	332420	31	47031	Coffee County, Tennessee	yes	2.0	122.06267066267066	6024.335775335775
5749	33	Metal tank (heavy gauge) manufacturing	47	332420	35	47035	Cumberland County, Tennessee	yes	1.0	61.03133533133533	3012.1678876678875
5750	33	Metal tank (heavy gauge) manufacturing	47	332420	43	47043	Dickson County, Tennessee	yes	1.0	53.088311688311684	2591.9841269841268
5751	33	Metal tank (heavy gauge) manufacturing	47	332420	51	47051	Franklin County, Tennessee	yes	1.0	61.03133533133533	3012.1678876678875
5752	33	Metal tank (heavy gauge) manufacturing	47	332420	65	47065	Hamilton County, Tennessee	no	3.0	291.0	18272.0
5753	33	Metal tank (heavy gauge) manufacturing	47	332420	65	47065	Hamilton County, Tennessee	yes	3.0	192.33098901098901	9684.004395604396
5754	33	Metal tank (heavy gauge) manufacturing	47	332420	103	47103	Lincoln County, Tennessee	yes	1.0	67.08791208791209	3361.835164835165
5755	33	Metal tank (heavy gauge) manufacturing	47	332420	117	47117	Marshall County, Tennessee	yes	1.0	61.03133533133533	3012.1678876678875
5756	33	Metal tank (heavy gauge) manufacturing	47	332420	119	47119	Maury County, Tennessee	yes	1.0	61.03133533133533	3012.1678876678875
5757	33	Metal tank (heavy gauge) manufacturing	47	332420	149	47149	Rutherford County, Tennessee	yes	1.0	61.03133533133533	3012.1678876678875
5758	33	Metal tank (heavy gauge) manufacturing	47	332420	157	47157	Shelby County, Tennessee	yes	2.0	122.06267066267066	6024.335775335775
5759	33	Metal tank (heavy gauge) manufacturing	47	332420	187	47187	Williamson County, Tennessee	yes	1.0	48.91818181818182	2312.833333333333
5760	33	Metal window and door manufacturing	47	332321	11	47011	Bradley County, Tennessee	yes	1.0	67.14285714285714	2832.3809523809523
5761	33	Metal window and door manufacturing	47	332321	17	47017	Carroll County, Tennessee	yes	1.0	97.43467643467643	4734.879274102804
5762	33	Metal window and door manufacturing	47	332321	19	47019	Carter County, Tennessee	yes	1.0	97.43467643467643	4734.879274102804
5763	33	Metal window and door manufacturing	47	332321	53	47053	Gibson County, Tennessee	yes	1.0	97.43467643467643	4734.879274102804
5764	33	Metal window and door manufacturing	47	332321	59	47059	Greene County, Tennessee	yes	1.0	97.43467643467643	4734.879274102804
5765	33	Metal window and door manufacturing	47	332321	93	47093	Knox County, Tennessee	yes	1.1666666666666667	108.62515262515262	5206.942766166296
5766	33	Metal window and door manufacturing	47	332321	117	47117	Marshall County, Tennessee	yes	1.3333333333333333	123.45848595848595	5869.795707342765
5767	33	Metal window and door manufacturing	47	332321	119	47119	Maury County, Tennessee	yes	1.0	97.43467643467643	4734.879274102804
5768	33	Metal window and door manufacturing	47	332321	131	47131	Obion County, Tennessee	yes	1.0	97.43467643467643	4734.879274102804
5769	33	Metal window and door manufacturing	47	332321	145	47145	Roane County, Tennessee	yes	1.0	97.43467643467643	4734.879274102804
5770	33	Metal window and door manufacturing	47	332321	147	47147	Robertson County, Tennessee	yes	1.0	104.0	4971.6
5771	33	Metal window and door manufacturing	47	332321	149	47149	Rutherford County, Tennessee	yes	2.0	194.86935286935287	9469.758548205607
5772	33	Metal window and door manufacturing	47	332321	155	47155	Sevier County, Tennessee	yes	1.0	97.43467643467643	4734.879274102804
5773	33	Metal window and door manufacturing	47	332321	157	47157	Shelby County, Tennessee	no	5.833333333333333	374.5	22938.166666666668
5774	33	Metal window and door manufacturing	47	332321	163	47163	Sullivan County, Tennessee	yes	1.1666666666666667	108.62515262515262	5206.942766166296
5775	33	Metal window and door manufacturing	47	332321	165	47165	Sumner County, Tennessee	yes	1.25	108.26785714285714	4874.530602240897
5776	33	Metal window and door manufacturing	47	332321	179	47179	Washington County, Tennessee	yes	1.0	78.07142857142857	3404.749299719888
5777	33	Metal window and door manufacturing	47	332321	183	47183	Weakley County, Tennessee	yes	1.0	78.07142857142857	3404.749299719888
5778	33	Mining machinery and equipment manufacturing	47	333131	25	47025	Claiborne County, Tennessee	yes	1.0	18.775000000000002	931.0416666666666
5779	33	Mining machinery and equipment manufacturing	47	333131	93	47093	Knox County, Tennessee	yes	1.0	18.775000000000002	931.0416666666666
5780	33	Mining machinery and equipment manufacturing	47	333131	117	47117	Marshall County, Tennessee	yes	2.0	37.550000000000004	1862.0833333333333
5781	33	Mining machinery and equipment manufacturing	47	333131	165	47165	Sumner County, Tennessee	yes	1.0	18.2	909.0
5782	33	Motor and generator manufacturing	47	335312	9	47009	Blount County, Tennessee	yes	1.0	95.01430976430976	3451.9052188552196
5783	33	Motor and generator manufacturing	47	335312	37	47037	Davidson County, Tennessee	yes	1.0	80.36363636363636	3047.909090909091
5784	33	Motor and generator manufacturing	47	335312	77	47077	Henderson County, Tennessee	yes	1.0	92.1060606060606	3330.4418181818182
5785	33	Motor and generator manufacturing	47	335312	79	47079	Henry County, Tennessee	yes	1.0	95.01430976430976	3451.9052188552196
5786	33	Motor and generator manufacturing	47	335312	113	47113	Madison County, Tennessee	yes	1.1666666666666667	113.27356902356901	4128.442255892256
5787	33	Motor and generator manufacturing	47	335312	149	47149	Rutherford County, Tennessee	yes	1.0	94.29924242424241	3386.996717171717
5788	33	Motor and generator manufacturing	47	335312	157	47157	Shelby County, Tennessee	yes	1.0	95.01430976430976	3451.9052188552196
5789	33	Motor and generator manufacturing	47	335312	163	47163	Sullivan County, Tennessee	yes	1.0	95.01430976430976	3451.9052188552196
5790	33	Motor and generator manufacturing	47	335312	171	47171	Unicoi County, Tennessee	yes	1.6666666666666667	157.47306397306394	5730.847474747476
5791	33	Motor and generator manufacturing	47	335312	187	47187	Williamson County, Tennessee	yes	1.0	95.01430976430976	3451.9052188552196
5792	33	Motor home manufacturing	47	336213	147	47147	Robertson County, Tennessee	yes	1.0	0.0	0.0
5793	33	Motor home manufacturing	47	336213	189	47189	Wilson County, Tennessee	yes	1.0	0.0	0.0
5794	33	Motor vehicle body manufacturing	47	336211	1	47001	Anderson County, Tennessee	yes	1.0	0.0	0.0
5795	33	Motor vehicle body manufacturing	47	336211	3	47003	Bedford County, Tennessee	yes	1.0	39.84259259259259	2003.882275132275
5796	33	Motor vehicle body manufacturing	47	336211	7	47007	Bledsoe County, Tennessee	yes	1.0	39.84259259259259	2003.882275132275
5797	33	Motor vehicle body manufacturing	47	336211	9	47009	Blount County, Tennessee	yes	1.0	0.0	0.0
5798	33	Motor vehicle body manufacturing	47	336211	35	47035	Cumberland County, Tennessee	yes	1.0	39.84259259259259	2003.882275132275
5799	33	Motor vehicle body manufacturing	47	336211	37	47037	Davidson County, Tennessee	yes	1.0	39.84259259259259	2003.882275132275
5800	33	Motor vehicle body manufacturing	47	336211	57	47057	Grainger County, Tennessee	yes	1.0	39.84259259259259	2003.882275132275
5801	33	Motor vehicle body manufacturing	47	336211	59	47059	Greene County, Tennessee	yes	2.0	79.68518518518518	4007.76455026455
5802	33	Motor vehicle body manufacturing	47	336211	65	47065	Hamilton County, Tennessee	yes	1.6666666666666667	79.68518518518518	4007.76455026455
5803	33	Motor vehicle body manufacturing	47	336211	73	47073	Hawkins County, Tennessee	yes	1.0	64.05555555555556	3175.722222222222
5804	33	Motor vehicle body manufacturing	47	336211	119	47119	Maury County, Tennessee	yes	1.0	39.84259259259259	2003.882275132275
5805	33	Motor vehicle body manufacturing	47	336211	131	47131	Obion County, Tennessee	yes	1.0	16.01388888888889	793.9305555555555
5806	33	Motor vehicle body manufacturing	47	336211	147	47147	Robertson County, Tennessee	yes	1.0	39.84259259259259	2003.882275132275
5807	33	Motor vehicle body manufacturing	47	336211	149	47149	Rutherford County, Tennessee	yes	1.1666666666666667	39.84259259259259	2003.882275132275
5808	33	Motor vehicle body manufacturing	47	336211	155	47155	Sevier County, Tennessee	yes	1.0	16.01388888888889	793.9305555555555
5809	33	Motor vehicle body manufacturing	47	336211	157	47157	Shelby County, Tennessee	yes	1.0	39.84259259259259	2003.882275132275
5810	33	Motor vehicle body manufacturing	47	336211	165	47165	Sumner County, Tennessee	yes	1.6666666666666667	50.51851851851851	2533.169312169312
5811	33	Motor vehicle brake system manufacturing	47	336340	37	47037	Davidson County, Tennessee	no	3.0	1.0	54.0
5812	33	Motor vehicle brake system manufacturing	47	336340	37	47037	Davidson County, Tennessee	yes	1.0	121.09333333333333	6368.4800000000005
5813	33	Motor vehicle brake system manufacturing	47	336340	41	47041	DeKalb County, Tennessee	yes	1.0	100.87777777777778	5305.266666666667
5814	33	Motor vehicle brake system manufacturing	47	336340	53	47053	Gibson County, Tennessee	yes	1.0	100.87777777777778	5305.266666666667
5815	33	Motor vehicle brake system manufacturing	47	336340	93	47093	Knox County, Tennessee	yes	1.0	0.0	0.0
5816	33	Motor vehicle brake system manufacturing	47	336340	107	47107	McMinn County, Tennessee	yes	1.0	100.87777777777778	5305.266666666667
5817	33	Motor vehicle brake system manufacturing	47	336340	117	47117	Marshall County, Tennessee	yes	1.0	196.33333333333331	10378.0
5818	33	Motor vehicle brake system manufacturing	47	336340	125	47125	Montgomery County, Tennessee	yes	1.0	100.87777777777778	5305.266666666667
5819	33	Motor vehicle brake system manufacturing	47	336340	177	47177	Warren County, Tennessee	yes	1.0	-0.1	-5.4
5820	33	Motor vehicle electrical and electronic equipment manufacturing	47	336320	9	47009	Blount County, Tennessee	yes	1.0	134.47619047619048	10440.388888888889
5821	33	Motor vehicle electrical and electronic equipment manufacturing	47	336320	31	47031	Coffee County, Tennessee	yes	1.0	0.0	0.0
5822	33	Motor vehicle electrical and electronic equipment manufacturing	47	336320	33	47033	Crockett County, Tennessee	yes	1.0	278.85714285714283	21729.42857142857
5823	33	Motor vehicle electrical and electronic equipment manufacturing	47	336320	37	47037	Davidson County, Tennessee	yes	1.1666666666666667	134.47619047619048	10440.388888888889
5824	33	Motor vehicle electrical and electronic equipment manufacturing	47	336320	43	47043	Dickson County, Tennessee	yes	1.0	134.47619047619048	10440.388888888889
5825	33	Motor vehicle electrical and electronic equipment manufacturing	47	336320	51	47051	Franklin County, Tennessee	yes	1.0	134.47619047619048	10440.388888888889
5826	33	Motor vehicle electrical and electronic equipment manufacturing	47	336320	59	47059	Greene County, Tennessee	yes	1.0	134.47619047619048	10440.388888888889
5827	33	Motor vehicle electrical and electronic equipment manufacturing	47	336320	65	47065	Hamilton County, Tennessee	yes	1.3333333333333333	176.0	13637.634920634919
5828	33	Motor vehicle electrical and electronic equipment manufacturing	47	336320	89	47089	Jefferson County, Tennessee	yes	1.0	134.47619047619048	10440.388888888889
5829	33	Motor vehicle electrical and electronic equipment manufacturing	47	336320	93	47093	Knox County, Tennessee	yes	1.3333333333333333	134.47619047619048	10440.388888888889
5830	33	Motor vehicle electrical and electronic equipment manufacturing	47	336320	107	47107	McMinn County, Tennessee	yes	1.0	134.47619047619048	10440.388888888889
5831	33	Motor vehicle electrical and electronic equipment manufacturing	47	336320	113	47113	Madison County, Tennessee	yes	1.0	134.47619047619048	10440.388888888889
5832	33	Motor vehicle electrical and electronic equipment manufacturing	47	336320	117	47117	Marshall County, Tennessee	yes	1.0	278.85714285714283	21729.42857142857
5833	33	Motor vehicle electrical and electronic equipment manufacturing	47	336320	125	47125	Montgomery County, Tennessee	yes	1.0	134.47619047619048	10440.388888888889
5834	33	Motor vehicle electrical and electronic equipment manufacturing	47	336320	141	47141	Putnam County, Tennessee	yes	1.0	134.47619047619048	10440.388888888889
5835	33	Motor vehicle electrical and electronic equipment manufacturing	47	336320	147	47147	Robertson County, Tennessee	yes	1.3333333333333333	134.47619047619048	10440.388888888889
5836	33	Motor vehicle electrical and electronic equipment manufacturing	47	336320	149	47149	Rutherford County, Tennessee	yes	1.0	134.47619047619048	10440.388888888889
5837	33	Motor vehicle electrical and electronic equipment manufacturing	47	336320	157	47157	Shelby County, Tennessee	yes	1.0	134.47619047619048	10440.388888888889
5838	33	Motor vehicle electrical and electronic equipment manufacturing	47	336320	159	47159	Smith County, Tennessee	yes	1.0	134.47619047619048	10440.388888888889
5839	33	Motor vehicle electrical and electronic equipment manufacturing	47	336320	163	47163	Sullivan County, Tennessee	yes	1.0	62.285714285714285	4795.869047619048
5840	33	Motor vehicle electrical and electronic equipment manufacturing	47	336320	165	47165	Sumner County, Tennessee	yes	1.0	134.47619047619048	10440.388888888889
5841	33	Motor vehicle electrical and electronic equipment manufacturing	47	336320	185	47185	White County, Tennessee	yes	1.8333333333333333	268.95238095238096	20880.777777777777
5842	33	Motor vehicle gasoline engine and engine parts manufacturing	47	336310	13	47013	Campbell County, Tennessee	yes	1.0	79.2626517273576	13200.565686274509
5843	33	Motor vehicle gasoline engine and engine parts manufacturing	47	336310	25	47025	Claiborne County, Tennessee	yes	1.0	-74.72222222222221	-3510.722222222222
5844	33	Motor vehicle gasoline engine and engine parts manufacturing	47	336310	43	47043	Dickson County, Tennessee	yes	1.0	110.05962651727359	16542.823267973854
5845	33	Motor vehicle gasoline engine and engine parts manufacturing	47	336310	51	47051	Franklin County, Tennessee	yes	1.0	79.2626517273576	13200.565686274509
5846	33	Motor vehicle gasoline engine and engine parts manufacturing	47	336310	59	47059	Greene County, Tennessee	yes	1.0	-74.72222222222221	-3510.722222222222
5847	33	Motor vehicle gasoline engine and engine parts manufacturing	47	336310	63	47063	Hamblen County, Tennessee	no	4.0	1484.0	90657.5
5848	33	Motor vehicle gasoline engine and engine parts manufacturing	47	336310	81	47081	Hickman County, Tennessee	yes	1.0	79.2626517273576	13200.565686274509
5849	33	Motor vehicle gasoline engine and engine parts manufacturing	47	336310	93	47093	Knox County, Tennessee	yes	1.0	79.2626517273576	13200.565686274509
5850	33	Motor vehicle gasoline engine and engine parts manufacturing	47	336310	97	47097	Lauderdale County, Tennessee	yes	1.0	79.2626517273576	13200.565686274509
5851	33	Motor vehicle gasoline engine and engine parts manufacturing	47	336310	99	47099	Lawrence County, Tennessee	yes	1.0	79.2626517273576	13200.565686274509
5852	33	Motor vehicle gasoline engine and engine parts manufacturing	47	336310	107	47107	McMinn County, Tennessee	yes	1.0	79.2626517273576	13200.565686274509
5853	33	Motor vehicle gasoline engine and engine parts manufacturing	47	336310	113	47113	Madison County, Tennessee	yes	1.0	79.2626517273576	13200.565686274509
5854	33	Motor vehicle gasoline engine and engine parts manufacturing	47	336310	119	47119	Maury County, Tennessee	yes	1.0	79.2626517273576	13200.565686274509
5855	33	Motor vehicle gasoline engine and engine parts manufacturing	47	336310	141	47141	Putnam County, Tennessee	no	3.0	0.0	119.0
5856	33	Motor vehicle gasoline engine and engine parts manufacturing	47	336310	141	47141	Putnam County, Tennessee	yes	1.3333333333333333	-10.9400871459695	7419.507625272331
5857	33	Motor vehicle gasoline engine and engine parts manufacturing	47	336310	155	47155	Sevier County, Tennessee	yes	2.0	158.5253034547152	26401.131372549018
5858	33	Motor vehicle gasoline engine and engine parts manufacturing	47	336310	157	47157	Shelby County, Tennessee	yes	1.0	240.6431683784625	18032.701525054465
5859	33	Motor vehicle gasoline engine and engine parts manufacturing	47	336310	159	47159	Smith County, Tennessee	yes	1.0	79.2626517273576	13200.565686274509
5860	33	Motor vehicle gasoline engine and engine parts manufacturing	47	336310	163	47163	Sullivan County, Tennessee	yes	1.0	159.54119981325863	17203.379084967317
5861	33	Motor vehicle gasoline engine and engine parts manufacturing	47	336310	177	47177	Warren County, Tennessee	yes	1.0	79.2626517273576	13200.565686274509
5862	33	Motor vehicle gasoline engine and engine parts manufacturing	47	336310	189	47189	Wilson County, Tennessee	yes	1.0	79.2626517273576	13200.565686274509
5863	33	Motor vehicle metal stamping	47	336370	17	47017	Carroll County, Tennessee	yes	1.0	125.94842434066572	5885.6077199195015
5864	33	Motor vehicle metal stamping	47	336370	31	47031	Coffee County, Tennessee	yes	1.1666666666666667	145.9227833150247	6848.1910532528345
5865	33	Motor vehicle metal stamping	47	336370	37	47037	Davidson County, Tennessee	no	3.0	254.0	12806.333333333334
5866	33	Motor vehicle metal stamping	47	336370	37	47037	Davidson County, Tennessee	yes	3.3333333333333335	363.0383141762452	16435.82247765006
5867	33	Motor vehicle metal stamping	47	336370	43	47043	Dickson County, Tennessee	yes	2.1666666666666665	268.8738601755843	12544.07750880452
5868	33	Motor vehicle metal stamping	47	336370	55	47055	Giles County, Tennessee	yes	1.0	125.94842434066572	5885.6077199195015
5869	33	Motor vehicle metal stamping	47	336370	59	47059	Greene County, Tennessee	yes	1.0	112.23261125847333	5166.399584929757
5870	33	Motor vehicle metal stamping	47	336370	61	47061	Grundy County, Tennessee	yes	1.0	125.94842434066572	5885.6077199195015
5871	33	Motor vehicle metal stamping	47	336370	63	47063	Hamblen County, Tennessee	yes	1.0	125.94842434066572	5885.6077199195015
5872	33	Motor vehicle metal stamping	47	336370	65	47065	Hamilton County, Tennessee	yes	1.1666666666666667	142.9254358349186	6658.469788885018
5873	33	Motor vehicle metal stamping	47	336370	93	47093	Knox County, Tennessee	yes	2.0	251.89684868133145	11771.215439839003
5874	33	Motor vehicle metal stamping	47	336370	99	47099	Lawrence County, Tennessee	yes	1.0	125.94842434066572	5885.6077199195015
5875	33	Motor vehicle metal stamping	47	336370	107	47107	McMinn County, Tennessee	yes	1.0	125.94842434066572	5885.6077199195015
5876	33	Motor vehicle metal stamping	47	336370	113	47113	Madison County, Tennessee	yes	1.0	125.94842434066572	5885.6077199195015
5877	33	Motor vehicle metal stamping	47	336370	117	47117	Marshall County, Tennessee	yes	1.3333333333333333	182.15080290080292	8733.015993265994
5878	33	Motor vehicle metal stamping	47	336370	131	47131	Obion County, Tennessee	yes	1.0	125.94842434066572	5885.6077199195015
5879	33	Motor vehicle metal stamping	47	336370	141	47141	Putnam County, Tennessee	yes	1.0	125.94842434066572	5885.6077199195015
5880	33	Motor vehicle metal stamping	47	336370	143	47143	Rhea County, Tennessee	yes	1.0	115.6894586894587	5342.808641975308
5881	33	Motor vehicle metal stamping	47	336370	147	47147	Robertson County, Tennessee	yes	1.5	197.0494668167082	9289.532383219164
5882	33	Motor vehicle metal stamping	47	336370	149	47149	Rutherford County, Tennessee	yes	1.6666666666666667	214.0264783109611	10062.39445218468
5883	33	Motor vehicle metal stamping	47	336370	165	47165	Sumner County, Tennessee	no	6.833333333333333	1252.0	69920.0
5884	33	Motor vehicle metal stamping	47	336370	187	47187	Williamson County, Tennessee	yes	1.8333333333333333	234.91983718707857	10998.353370873485
5885	33	Motor vehicle metal stamping	47	336370	189	47189	Wilson County, Tennessee	no	4.0	679.6666666666666	29155.0
5886	33	Motor vehicle metal stamping	47	336370	189	47189	Wilson County, Tennessee	yes	3.0	329.08429118773944	14890.098339719028
5887	33	Motor vehicle seating and interior trim manufacturing	47	336360	15	47015	Cannon County, Tennessee	yes	1.0	195.55235119412748	8100.026877411087
5888	33	Motor vehicle seating and interior trim manufacturing	47	336360	27	47027	Clay County, Tennessee	yes	1.0	195.55235119412748	8100.026877411087
5889	33	Motor vehicle seating and interior trim manufacturing	47	336360	31	47031	Coffee County, Tennessee	yes	1.0	195.55235119412748	8100.026877411087
5890	33	Motor vehicle seating and interior trim manufacturing	47	336360	37	47037	Davidson County, Tennessee	yes	2.0	391.10470238825496	16200.053754822175
5891	33	Motor vehicle seating and interior trim manufacturing	47	336360	53	47053	Gibson County, Tennessee	yes	1.0	195.55235119412748	8100.026877411087
5892	33	Motor vehicle seating and interior trim manufacturing	47	336360	55	47055	Giles County, Tennessee	yes	1.0	197.55128205128204	8526.029914529914
5893	33	Motor vehicle seating and interior trim manufacturing	47	336360	61	47061	Grundy County, Tennessee	yes	1.0	195.55235119412748	8100.026877411087
5894	33	Motor vehicle seating and interior trim manufacturing	47	336360	65	47065	Hamilton County, Tennessee	yes	1.6666666666666667	334.3692857215883	14017.83708815551
5895	33	Motor vehicle seating and interior trim manufacturing	47	336360	93	47093	Knox County, Tennessee	yes	1.0	182.22840909090908	7239.6303030303025
5896	33	Motor vehicle seating and interior trim manufacturing	47	336360	103	47103	Lincoln County, Tennessee	yes	1.3333333333333333	261.40277854455485	10942.036848921058
5897	33	Motor vehicle seating and interior trim manufacturing	47	336360	107	47107	McMinn County, Tennessee	yes	1.0	208.22540179119125	8876.715316116632
5898	33	Motor vehicle seating and interior trim manufacturing	47	336360	113	47113	Madison County, Tennessee	yes	1.0	195.55235119412748	8100.026877411087
5899	33	Motor vehicle seating and interior trim manufacturing	47	336360	117	47117	Marshall County, Tennessee	yes	1.0	182.54261363636363	7411.795454545455
5900	33	Motor vehicle seating and interior trim manufacturing	47	336360	119	47119	Maury County, Tennessee	no	4.333333333333333	437.0	20271.666666666668
5901	33	Motor vehicle seating and interior trim manufacturing	47	336360	119	47119	Maury County, Tennessee	yes	1.3333333333333333	250.9859848484849	10114.827272727272
5902	33	Motor vehicle seating and interior trim manufacturing	47	336360	123	47123	Monroe County, Tennessee	yes	1.25	247.45721997300944	10167.967588843903
5903	33	Motor vehicle seating and interior trim manufacturing	47	336360	143	47143	Rhea County, Tennessee	yes	1.0	195.55235119412748	8100.026877411087
5904	33	Motor vehicle seating and interior trim manufacturing	47	336360	149	47149	Rutherford County, Tennessee	no	3.0	869.3333333333334	37019.333333333336
5905	33	Motor vehicle seating and interior trim manufacturing	47	336360	149	47149	Rutherford County, Tennessee	yes	3.0	619.3990430622009	25350.101435406697
5906	33	Motor vehicle seating and interior trim manufacturing	47	336360	165	47165	Sumner County, Tennessee	yes	1.0	195.55235119412748	8100.026877411087
5907	33	Motor vehicle seating and interior trim manufacturing	47	336360	189	47189	Wilson County, Tennessee	yes	1.0	195.55235119412748	8100.026877411087
5908	33	Motor vehicle steering and suspension components (except spring) manufacturing	47	336330	3	47003	Bedford County, Tennessee	yes	1.0	421.3044871794871	21138.51923076923
5909	33	Motor vehicle steering and suspension components (except spring) manufacturing	47	336330	11	47011	Bradley County, Tennessee	yes	1.0	379.68597374847377	19961.16398046398
5910	33	Motor vehicle steering and suspension components (except spring) manufacturing	47	336330	45	47045	Dyer County, Tennessee	no	3.0	380.6666666666667	15895.666666666666
5911	33	Motor vehicle steering and suspension components (except spring) manufacturing	47	336330	45	47045	Dyer County, Tennessee	yes	1.6666666666666667	565.5515873015873	30985.923015873017
5912	33	Motor vehicle steering and suspension components (except spring) manufacturing	47	336330	55	47055	Giles County, Tennessee	yes	1.8333333333333333	704.0802808302809	36631.480738705744
5913	33	Motor vehicle steering and suspension components (except spring) manufacturing	47	336330	63	47063	Hamblen County, Tennessee	yes	1.0	379.68597374847377	19961.16398046398
5914	33	Motor vehicle steering and suspension components (except spring) manufacturing	47	336330	73	47073	Hawkins County, Tennessee	yes	1.3333333333333333	522.0818070818071	26990.615903540904
5915	33	Motor vehicle steering and suspension components (except spring) manufacturing	47	336330	117	47117	Marshall County, Tennessee	yes	1.0	355.93521062271066	19397.568086080588
5916	33	Motor vehicle steering and suspension components (except spring) manufacturing	47	336330	123	47123	Monroe County, Tennessee	yes	1.0	379.68597374847377	19961.16398046398
5917	33	Motor vehicle steering and suspension components (except spring) manufacturing	47	336330	147	47147	Robertson County, Tennessee	yes	1.0	379.68597374847377	19961.16398046398
5918	33	Motor vehicle steering and suspension components (except spring) manufacturing	47	336330	149	47149	Rutherford County, Tennessee	yes	1.0	338.0674603174603	18783.808730158733
5919	33	Motor vehicle steering and suspension components (except spring) manufacturing	47	336330	177	47177	Warren County, Tennessee	yes	1.0	379.68597374847377	19961.16398046398
5920	33	Motor vehicle steering and suspension components (except spring) manufacturing	47	336330	185	47185	White County, Tennessee	yes	1.0	379.68597374847377	19961.16398046398
5921	33	Motor vehicle steering and suspension components (except spring) manufacturing	47	336330	189	47189	Wilson County, Tennessee	yes	1.6666666666666667	652.1159951159951	33939.45692918193
5922	33	Motor vehicle transmission and power train parts manufacturing	47	336350	1	47001	Anderson County, Tennessee	yes	1.0	247.975	9383.20505050505
5923	33	Motor vehicle transmission and power train parts manufacturing	47	336350	9	47009	Blount County, Tennessee	yes	1.0	205.6590909090909	7759.828282828283
5924	33	Motor vehicle transmission and power train parts manufacturing	47	336350	37	47037	Davidson County, Tennessee	yes	1.1666666666666667	285.5204545454545	10955.462626262626
5925	33	Motor vehicle transmission and power train parts manufacturing	47	336350	45	47045	Dyer County, Tennessee	yes	1.0	255.40636363636364	9656.918787878787
5926	33	Motor vehicle transmission and power train parts manufacturing	47	336350	47	47047	Fayette County, Tennessee	yes	1.0	247.975	9383.20505050505
5927	33	Motor vehicle transmission and power train parts manufacturing	47	336350	53	47053	Gibson County, Tennessee	yes	1.0	247.975	9383.20505050505
5928	33	Motor vehicle transmission and power train parts manufacturing	47	336350	93	47093	Knox County, Tennessee	yes	1.0	247.975	9383.20505050505
5929	33	Motor vehicle transmission and power train parts manufacturing	47	336350	99	47099	Lawrence County, Tennessee	yes	1.0	247.975	9383.20505050505
5930	33	Motor vehicle transmission and power train parts manufacturing	47	336350	129	47129	Morgan County, Tennessee	yes	1.0	247.975	9383.20505050505
5931	33	Motor vehicle transmission and power train parts manufacturing	47	336350	141	47141	Putnam County, Tennessee	yes	1.0	247.975	9383.20505050505
5932	33	Motor vehicle transmission and power train parts manufacturing	47	336350	159	47159	Smith County, Tennessee	yes	1.0	247.975	9383.20505050505
5933	33	Motor vehicle transmission and power train parts manufacturing	47	336350	179	47179	Washington County, Tennessee	yes	1.0	198.5340909090909	7361.651515151515
5934	33	Motorcycle, bicycle, and parts manufacturing	47	336991	1	47001	Anderson County, Tennessee	yes	1.0	9.25	360.13888888888886
5935	33	Motorcycle, bicycle, and parts manufacturing	47	336991	9	47009	Blount County, Tennessee	yes	1.0	10.833333333333334	392.68518518518516
5936	33	Motorcycle, bicycle, and parts manufacturing	47	336991	21	47021	Cheatham County, Tennessee	yes	1.0	10.833333333333334	392.68518518518516
5937	33	Motorcycle, bicycle, and parts manufacturing	47	336991	23	47023	Chester County, Tennessee	yes	1.0	10.833333333333334	392.68518518518516
5938	33	Motorcycle, bicycle, and parts manufacturing	47	336991	45	47045	Dyer County, Tennessee	yes	1.0	10.833333333333334	392.68518518518516
5939	33	Motorcycle, bicycle, and parts manufacturing	47	336991	65	47065	Hamilton County, Tennessee	no	3.3333333333333335	78.33333333333333	3342.0
5940	33	Motorcycle, bicycle, and parts manufacturing	47	336991	79	47079	Henry County, Tennessee	yes	1.0	9.25	360.13888888888886
5941	33	Motorcycle, bicycle, and parts manufacturing	47	336991	93	47093	Knox County, Tennessee	yes	1.0	9.555555555555555	353.48148148148147
5942	33	Motorcycle, bicycle, and parts manufacturing	47	336991	147	47147	Robertson County, Tennessee	yes	1.0	10.833333333333334	392.68518518518516
5943	33	Motorcycle, bicycle, and parts manufacturing	47	336991	149	47149	Rutherford County, Tennessee	yes	1.0	9.25	360.13888888888886
5944	33	Motorcycle, bicycle, and parts manufacturing	47	336991	157	47157	Shelby County, Tennessee	yes	1.0	12.111111111111109	431.88888888888886
5945	33	Musical instrument manufacturing	47	339992	3	47003	Bedford County, Tennessee	yes	1.1666666666666667	19.97256210604375	888.3863552094921
5946	33	Musical instrument manufacturing	47	339992	9	47009	Blount County, Tennessee	yes	1.0	14.68520578420467	656.5587690025955
5947	33	Musical instrument manufacturing	47	339992	11	47011	Bradley County, Tennessee	yes	1.0	14.68520578420467	656.5587690025955
5948	33	Musical instrument manufacturing	47	339992	37	47037	Davidson County, Tennessee	yes	11.166666666666666	195.01816833518726	8728.167593622544
5949	33	Musical instrument manufacturing	47	339992	55	47055	Giles County, Tennessee	yes	1.0	14.68520578420467	656.5587690025955
5950	33	Musical instrument manufacturing	47	339992	65	47065	Hamilton County, Tennessee	yes	1.0	14.68520578420467	656.5587690025955
5951	33	Musical instrument manufacturing	47	339992	89	47089	Jefferson County, Tennessee	yes	2.0	29.37041156840934	1313.117538005191
5952	33	Musical instrument manufacturing	47	339992	93	47093	Knox County, Tennessee	yes	1.0	28.193548387096772	1274.1935483870968
5953	33	Musical instrument manufacturing	47	339992	103	47103	Lincoln County, Tennessee	yes	1.0	14.68520578420467	656.5587690025955
5954	33	Musical instrument manufacturing	47	339992	107	47107	McMinn County, Tennessee	yes	1.0	7.931034482758621	347.7413793103448
5955	33	Musical instrument manufacturing	47	339992	113	47113	Madison County, Tennessee	yes	1.0	14.68520578420467	656.5587690025955
5956	33	Musical instrument manufacturing	47	339992	121	47121	Meigs County, Tennessee	yes	1.0	14.68520578420467	656.5587690025955
5957	33	Musical instrument manufacturing	47	339992	141	47141	Putnam County, Tennessee	yes	1.0	0.0	0.0
5958	33	Musical instrument manufacturing	47	339992	149	47149	Rutherford County, Tennessee	yes	2.0	29.37041156840934	1313.117538005191
5959	33	Musical instrument manufacturing	47	339992	157	47157	Shelby County, Tennessee	yes	1.0	14.68520578420467	656.5587690025955
5960	33	Musical instrument manufacturing	47	339992	165	47165	Sumner County, Tennessee	yes	2.0	29.37041156840934	1313.117538005191
5961	33	Musical instrument manufacturing	47	339992	187	47187	Williamson County, Tennessee	yes	1.0	28.193548387096772	1274.1935483870968
5962	33	Noncurrent-carrying wiring device manufacturing	47	335932	21	47021	Cheatham County, Tennessee	yes	1.0	160.28571428571428	7382.357142857143
5963	33	Noncurrent-carrying wiring device manufacturing	47	335932	31	47031	Coffee County, Tennessee	yes	1.0	210.56190476190477	8986.163492063493
5964	33	Noncurrent-carrying wiring device manufacturing	47	335932	65	47065	Hamilton County, Tennessee	yes	1.0	168.52380952380952	8054.460317460318
5965	33	Noncurrent-carrying wiring device manufacturing	47	335932	107	47107	McMinn County, Tennessee	yes	1.0	210.56190476190477	8986.163492063493
5966	33	Noncurrent-carrying wiring device manufacturing	47	335932	157	47157	Shelby County, Tennessee	yes	1.0	210.56190476190477	8986.163492063493
5967	33	Noncurrent-carrying wiring device manufacturing	47	335932	165	47165	Sumner County, Tennessee	yes	2.0	421.12380952380954	17972.326984126987
5968	33	Nonferrous forging	47	332112	175	47175	Van Buren County, Tennessee	yes	1.0	0.0	0.0
5969	33	Nonferrous metal (except aluminum) smelting and refining	47	331410	105	47105	Loudon County, Tennessee	yes	1.0	0.0	0.0
5970	33	Nonferrous metal (except aluminum) smelting and refining	47	331410	125	47125	Montgomery County, Tennessee	yes	1.0	0.0	0.0
5971	33	Nonferrous metal (except aluminum) smelting and refining	47	331410	149	47149	Rutherford County, Tennessee	yes	1.0	0.0	0.0
5972	33	Nonferrous metal (except aluminum) smelting and refining	47	331410	179	47179	Washington County, Tennessee	yes	1.0	0.0	0.0
5973	33	Nonferrous metal (except copper and aluminum) rolling, drawing, extruding, and alloying	47	331491	37	47037	Davidson County, Tennessee	yes	1.0	36.888888888888886	2932.722222222222
5974	33	Nonferrous metal (except copper and aluminum) rolling, drawing, extruding, and alloying	47	331491	59	47059	Greene County, Tennessee	yes	1.0	36.888888888888886	2932.722222222222
5975	33	Nonferrous metal (except copper and aluminum) rolling, drawing, extruding, and alloying	47	331491	157	47157	Shelby County, Tennessee	yes	1.0	36.888888888888886	2932.722222222222
5976	33	Nonferrous metal die-casting foundries	47	331523	1	47001	Anderson County, Tennessee	yes	1.0	124.83101851851852	6280.143518518518
5977	33	Nonferrous metal die-casting foundries	47	331523	65	47065	Hamilton County, Tennessee	yes	1.0	124.83101851851852	6280.143518518518
5978	33	Nonferrous metal die-casting foundries	47	331523	113	47113	Madison County, Tennessee	yes	1.0	124.83101851851852	6280.143518518518
5979	33	Nonferrous metal die-casting foundries	47	331523	117	47117	Marshall County, Tennessee	yes	1.5	183.1851851851852	9003.518518518518
5980	33	Nonferrous metal die-casting foundries	47	331523	125	47125	Montgomery County, Tennessee	yes	1.1666666666666667	145.68287037037035	7383.6620370370365
5981	33	Nonferrous metal die-casting foundries	47	331523	133	47133	Overton County, Tennessee	yes	1.0	124.83101851851852	6280.143518518518
5982	33	Nonferrous metal die-casting foundries	47	331523	149	47149	Rutherford County, Tennessee	yes	1.0	124.83101851851852	6280.143518518518
5983	33	Nonferrous metal die-casting foundries	47	331523	187	47187	Williamson County, Tennessee	yes	1.0	132.9537037037037	7113.5370370370365
5984	33	Nonupholstered wood household furniture manufacturing	47	337122	1	47001	Anderson County, Tennessee	yes	1.0	11.059665320995371	418.8658222729651
5985	33	Nonupholstered wood household furniture manufacturing	47	337122	9	47009	Blount County, Tennessee	yes	1.0	15.157658214801073	385.527293341579
5986	33	Nonupholstered wood household furniture manufacturing	47	337122	21	47021	Cheatham County, Tennessee	yes	1.0	15.157658214801073	385.527293341579
5987	33	Nonupholstered wood household furniture manufacturing	47	337122	25	47025	Claiborne County, Tennessee	yes	1.0	11.059665320995371	418.8658222729651
5988	33	Nonupholstered wood household furniture manufacturing	47	337122	29	47029	Cocke County, Tennessee	yes	1.1666666666666667	11.049564310894361	473.7244081315511
5989	33	Nonupholstered wood household furniture manufacturing	47	337122	37	47037	Davidson County, Tennessee	no	6.166666666666667	17.0	485.6666666666667
5990	33	Nonupholstered wood household furniture manufacturing	47	337122	51	47051	Franklin County, Tennessee	yes	1.3333333333333333	15.405161095062574	532.7905800548657
5991	33	Nonupholstered wood household furniture manufacturing	47	337122	55	47055	Giles County, Tennessee	yes	1.0	11.059665320995371	418.8658222729651
5992	33	Nonupholstered wood household furniture manufacturing	47	337122	57	47057	Grainger County, Tennessee	yes	1.0	13.283719597315656	436.8086836972551
5993	33	Nonupholstered wood household furniture manufacturing	47	337122	61	47061	Grundy County, Tennessee	yes	1.0	13.036487322201609	341.7742733457019
5994	33	Nonupholstered wood household furniture manufacturing	47	337122	63	47063	Hamblen County, Tennessee	yes	1.0	11.059665320995371	418.8658222729651
5995	33	Nonupholstered wood household furniture manufacturing	47	337122	65	47065	Hamilton County, Tennessee	no	3.3333333333333335	2.6666666666666665	69.66666666666667
5996	33	Nonupholstered wood household furniture manufacturing	47	337122	65	47065	Hamilton County, Tennessee	yes	2.3333333333333335	16.51991413075157	906.6990311276026
5997	33	Nonupholstered wood household furniture manufacturing	47	337122	73	47073	Hawkins County, Tennessee	yes	1.0	13.283719597315656	436.8086836972551
5998	33	Nonupholstered wood household furniture manufacturing	47	337122	75	47075	Haywood County, Tennessee	yes	1.0	10.071254320392253	457.4115967365967
5999	33	Nonupholstered wood household furniture manufacturing	47	337122	77	47077	Henderson County, Tennessee	yes	1.6666666666666667	17.77383486792354	723.8068867640295
6000	33	Nonupholstered wood household furniture manufacturing	47	337122	81	47081	Hickman County, Tennessee	yes	1.0	11.059665320995371	418.8658222729651
6001	33	Nonupholstered wood household furniture manufacturing	47	337122	89	47089	Jefferson County, Tennessee	yes	2.5	25.60016685558557	1063.833820148106
6002	33	Nonupholstered wood household furniture manufacturing	47	337122	93	47093	Knox County, Tennessee	no	3.0	1.0	77.0
6003	33	Nonupholstered wood household furniture manufacturing	47	337122	93	47093	Knox County, Tennessee	yes	1.5	14.906102805240735	657.9578088578089
6004	33	Nonupholstered wood household furniture manufacturing	47	337122	107	47107	McMinn County, Tennessee	yes	1.0	8.670789527932385	337.566687280973
6005	33	Nonupholstered wood household furniture manufacturing	47	337122	109	47109	McNairy County, Tennessee	no	3.0	16.333333333333332	571.3333333333334
6006	33	Nonupholstered wood household furniture manufacturing	47	337122	109	47109	McNairy County, Tennessee	yes	2.0	13.923344854379339	904.4087024087024
6007	33	Nonupholstered wood household furniture manufacturing	47	337122	125	47125	Montgomery County, Tennessee	yes	1.0	13.036487322201609	341.7742733457019
6008	33	Nonupholstered wood household furniture manufacturing	47	337122	135	47135	Perry County, Tennessee	yes	1.5	17.87133580705009	542.3204854669141
6009	33	Nonupholstered wood household furniture manufacturing	47	337122	137	47137	Pickett County, Tennessee	yes	1.1666666666666667	14.292998654328704	497.70471116185405
6010	33	Nonupholstered wood household furniture manufacturing	47	337122	145	47145	Roane County, Tennessee	yes	1.0	13.036487322201609	341.7742733457019
6011	33	Nonupholstered wood household furniture manufacturing	47	337122	147	47147	Robertson County, Tennessee	yes	1.3333333333333333	15.405161095062574	532.7905800548657
6012	33	Nonupholstered wood household furniture manufacturing	47	337122	149	47149	Rutherford County, Tennessee	no	3.0	10.0	412.2
6013	33	Nonupholstered wood household furniture manufacturing	47	337122	149	47149	Rutherford County, Tennessee	yes	3.0	-0.18181818181818182	987.4545454545455
6014	33	Nonupholstered wood household furniture manufacturing	47	337122	155	47155	Sevier County, Tennessee	yes	2.0	22.119330641990743	837.7316445459302
6015	33	Nonupholstered wood household furniture manufacturing	47	337122	157	47157	Shelby County, Tennessee	yes	1.75	28.188410399124685	722.4063246277532
6016	33	Nonupholstered wood household furniture manufacturing	47	337122	165	47165	Sumner County, Tennessee	yes	1.0	11.059665320995371	418.8658222729651
6017	33	Nonupholstered wood household furniture manufacturing	47	337122	177	47177	Warren County, Tennessee	yes	1.0	-0.46133751306165094	390.0757575757576
6018	33	Nonupholstered wood household furniture manufacturing	47	337122	179	47179	Washington County, Tennessee	yes	1.25	10.056102805240737	539.6994755244756
6019	33	Nonupholstered wood household furniture manufacturing	47	337122	189	47189	Wilson County, Tennessee	yes	1.6666666666666667	18.628393418294895	666.4880548023406
6020	33	Office furniture (except wood) manufacturing	47	337214	37	47037	Davidson County, Tennessee	yes	1.0	13.714285714285714	591.3333333333334
6021	33	Office furniture (except wood) manufacturing	47	337214	57	47057	Grainger County, Tennessee	yes	1.0	27.428571428571427	1182.6666666666667
6022	33	Office furniture (except wood) manufacturing	47	337214	75	47075	Haywood County, Tennessee	yes	1.0	0.0	0.0
6023	33	Office furniture (except wood) manufacturing	47	337214	87	47087	Jackson County, Tennessee	yes	1.0	20.57142857142857	887.0
6024	33	Office furniture (except wood) manufacturing	47	337214	131	47131	Obion County, Tennessee	yes	1.0	20.57142857142857	887.0
6025	33	Office furniture (except wood) manufacturing	47	337214	141	47141	Putnam County, Tennessee	yes	1.0	13.714285714285714	591.3333333333334
6026	33	Office furniture (except wood) manufacturing	47	337214	157	47157	Shelby County, Tennessee	yes	2.0	27.428571428571427	1182.6666666666667
6027	33	Office supplies (except paper) manufacturing	47	339940	3	47003	Bedford County, Tennessee	yes	3.1666666666666665	86.3076923076923	3078.0
6028	33	Office supplies (except paper) manufacturing	47	339940	13	47013	Campbell County, Tennessee	yes	1.0	28.769230769230774	1026.0
6029	33	Office supplies (except paper) manufacturing	47	339940	19	47019	Carter County, Tennessee	yes	1.0	28.769230769230774	1026.0
6030	33	Office supplies (except paper) manufacturing	47	339940	37	47037	Davidson County, Tennessee	yes	1.0	28.769230769230774	1026.0
6031	33	Office supplies (except paper) manufacturing	47	339940	51	47051	Franklin County, Tennessee	yes	1.0	28.769230769230774	1026.0
6032	33	Office supplies (except paper) manufacturing	47	339940	61	47061	Grundy County, Tennessee	yes	1.0	0.0	0.0
6033	33	Office supplies (except paper) manufacturing	47	339940	65	47065	Hamilton County, Tennessee	yes	1.0	28.769230769230774	1026.0
6034	33	Office supplies (except paper) manufacturing	47	339940	73	47073	Hawkins County, Tennessee	yes	1.0	28.769230769230774	1026.0
6035	33	Office supplies (except paper) manufacturing	47	339940	117	47117	Marshall County, Tennessee	yes	1.3333333333333333	28.769230769230774	1026.0
6036	33	Office supplies (except paper) manufacturing	47	339940	141	47141	Putnam County, Tennessee	yes	1.0	28.769230769230774	1026.0
6037	33	Office supplies (except paper) manufacturing	47	339940	157	47157	Shelby County, Tennessee	yes	2.0	57.53846153846155	2052.0
6038	33	Office supplies (except paper) manufacturing	47	339940	163	47163	Sullivan County, Tennessee	yes	1.0	0.0	0.0
6039	33	Oil and gas field machinery and equipment manufacturing	47	333132	9	47009	Blount County, Tennessee	yes	1.0	0.0	0.0
6040	33	Oil and gas field machinery and equipment manufacturing	47	333132	65	47065	Hamilton County, Tennessee	yes	1.0	0.0	0.0
6041	33	Ophthalmic goods manufacturing	47	339115	37	47037	Davidson County, Tennessee	yes	2.1666666666666665	126.74896399896402	3615.6783864283866
6042	33	Ophthalmic goods manufacturing	47	339115	47	47047	Fayette County, Tennessee	yes	1.0	59.971704221704215	1679.853082103082
6043	33	Ophthalmic goods manufacturing	47	339115	93	47093	Knox County, Tennessee	yes	1.1666666666666667	77.71244496244496	1969.7234524734529
6044	33	Ophthalmic goods manufacturing	47	339115	113	47113	Madison County, Tennessee	yes	1.75	126.61587024087022	3174.3281857031857
6045	33	Ophthalmic goods manufacturing	47	339115	125	47125	Montgomery County, Tennessee	yes	1.0	53.78422688422688	1504.7509712509711
6046	33	Ophthalmic goods manufacturing	47	339115	157	47157	Shelby County, Tennessee	no	5.0	0.0	14353.0
6047	33	Ophthalmic goods manufacturing	47	339115	157	47157	Shelby County, Tennessee	yes	3.8	194.54195804195805	6364.75034965035
6048	33	Ophthalmic goods manufacturing	47	339115	187	47187	Williamson County, Tennessee	yes	1.6666666666666667	87.05115255115254	2643.9418544418545
6049	33	Optical instrument and lens manufacturing	47	333314	1	47001	Anderson County, Tennessee	yes	1.0	0.0	0.0
6050	33	Optical instrument and lens manufacturing	47	333314	37	47037	Davidson County, Tennessee	yes	1.0	2.6666666666666665	189.2222222222222
6051	33	Optical instrument and lens manufacturing	47	333314	107	47107	McMinn County, Tennessee	yes	1.0	8.0	567.6666666666666
6052	33	Optical instrument and lens manufacturing	47	333314	163	47163	Sullivan County, Tennessee	yes	1.0	3.2	227.06666666666666
6053	33	Optical instrument and lens manufacturing	47	333314	187	47187	Williamson County, Tennessee	yes	1.0	0.0	0.0
6054	33	Ornamental and architectural metal work manufacturing	47	332323	1	47001	Anderson County, Tennessee	yes	1.0	14.898609970808247	608.3761442939244
6055	33	Ornamental and architectural metal work manufacturing	47	332323	9	47009	Blount County, Tennessee	yes	1.0	14.500692733990148	576.6921926313629
6056	33	Ornamental and architectural metal work manufacturing	47	332323	11	47011	Bradley County, Tennessee	yes	1.0	14.898609970808247	608.3761442939244
6057	33	Ornamental and architectural metal work manufacturing	47	332323	37	47037	Davidson County, Tennessee	no	3.0	20.0	580.0
6058	33	Ornamental and architectural metal work manufacturing	47	332323	37	47037	Davidson County, Tennessee	yes	3.2	47.21825396825396	1989.1173809523812
6059	33	Ornamental and architectural metal work manufacturing	47	332323	47	47047	Fayette County, Tennessee	yes	1.0	15.694444444444445	671.7440476190477
6060	33	Ornamental and architectural metal work manufacturing	47	332323	59	47059	Greene County, Tennessee	yes	1.0	12.196428571428571	512.3773809523809
6061	33	Ornamental and architectural metal work manufacturing	47	332323	65	47065	Hamilton County, Tennessee	yes	2.0	29.797219941616493	1216.7522885878489
6062	33	Ornamental and architectural metal work manufacturing	47	332323	93	47093	Knox County, Tennessee	no	3.0	53.0	2442.0
6063	33	Ornamental and architectural metal work manufacturing	47	332323	93	47093	Knox County, Tennessee	yes	2.0	29.001385467980295	1153.3843852627258
6064	33	Ornamental and architectural metal work manufacturing	47	332323	109	47109	McNairy County, Tennessee	yes	1.6666666666666667	24.565738460135012	992.8376060481664
6065	33	Ornamental and architectural metal work manufacturing	47	332323	115	47115	Marion County, Tennessee	yes	1.0	14.898609970808247	608.3761442939244
6066	33	Ornamental and architectural metal work manufacturing	47	332323	117	47117	Marshall County, Tennessee	yes	1.0	15.694444444444445	671.7440476190477
6067	33	Ornamental and architectural metal work manufacturing	47	332323	119	47119	Maury County, Tennessee	yes	2.0	29.797219941616493	1216.7522885878489
6068	33	Ornamental and architectural metal work manufacturing	47	332323	125	47125	Montgomery County, Tennessee	yes	1.0	14.898609970808247	608.3761442939244
6069	33	Ornamental and architectural metal work manufacturing	47	332323	133	47133	Overton County, Tennessee	yes	1.0	14.898609970808247	608.3761442939244
6070	33	Ornamental and architectural metal work manufacturing	47	332323	135	47135	Perry County, Tennessee	yes	1.0	14.898609970808247	608.3761442939244
6071	33	Ornamental and architectural metal work manufacturing	47	332323	141	47141	Putnam County, Tennessee	yes	1.0	14.898609970808247	608.3761442939244
6072	33	Ornamental and architectural metal work manufacturing	47	332323	145	47145	Roane County, Tennessee	yes	1.0	14.898609970808247	608.3761442939244
6073	33	Ornamental and architectural metal work manufacturing	47	332323	147	47147	Robertson County, Tennessee	yes	2.5	37.4822055738004	1521.826845580186
6074	33	Ornamental and architectural metal work manufacturing	47	332323	149	47149	Rutherford County, Tennessee	yes	1.0	14.898609970808247	608.3761442939244
6075	33	Ornamental and architectural metal work manufacturing	47	332323	151	47151	Scott County, Tennessee	yes	1.0	14.500692733990148	576.6921926313629
6076	33	Ornamental and architectural metal work manufacturing	47	332323	155	47155	Sevier County, Tennessee	yes	1.0	15.499760536398465	634.7870874384237
6077	33	Ornamental and architectural metal work manufacturing	47	332323	157	47157	Shelby County, Tennessee	no	7.166666666666667	67.83333333333333	2797.8333333333335
6078	33	Ornamental and architectural metal work manufacturing	47	332323	163	47163	Sullivan County, Tennessee	yes	1.0	14.898609970808247	608.3761442939244
6079	33	Ornamental and architectural metal work manufacturing	47	332323	165	47165	Sumner County, Tennessee	no	5.833333333333333	45.333333333333336	1654.1666666666667
6080	33	Ornamental and architectural metal work manufacturing	47	332323	179	47179	Washington County, Tennessee	yes	1.6666666666666667	25.731743751140304	1045.9598282703885
6081	33	Ornamental and architectural metal work manufacturing	47	332323	187	47187	Williamson County, Tennessee	yes	1.0	14.898609970808247	608.3761442939244
6082	33	Ornamental and architectural metal work manufacturing	47	332323	189	47189	Wilson County, Tennessee	yes	1.1666666666666667	17.927345602992155	716.9566040640394
6083	33	Other aircraft parts and auxiliary equipment manufacturing	47	336413	3	47003	Bedford County, Tennessee	yes	1.0	121.30769230769232	10058.153846153848
6084	33	Other aircraft parts and auxiliary equipment manufacturing	47	336413	9	47009	Blount County, Tennessee	yes	1.0	121.30769230769232	10058.153846153848
6085	33	Other aircraft parts and auxiliary equipment manufacturing	47	336413	13	47013	Campbell County, Tennessee	yes	1.0	129.8489010989011	10379.316983016985
6086	33	Other aircraft parts and auxiliary equipment manufacturing	47	336413	31	47031	Coffee County, Tennessee	yes	3.0	389.5467032967033	31137.950949050948
6087	33	Other aircraft parts and auxiliary equipment manufacturing	47	336413	37	47037	Davidson County, Tennessee	yes	1.0	129.8489010989011	10379.316983016985
6088	33	Other aircraft parts and auxiliary equipment manufacturing	47	336413	53	47053	Gibson County, Tennessee	yes	1.0	129.8489010989011	10379.316983016985
6089	33	Other aircraft parts and auxiliary equipment manufacturing	47	336413	103	47103	Lincoln County, Tennessee	yes	1.0	129.8489010989011	10379.316983016985
6090	33	Other aircraft parts and auxiliary equipment manufacturing	47	336413	105	47105	Loudon County, Tennessee	yes	1.0	129.8489010989011	10379.316983016985
6091	33	Other aircraft parts and auxiliary equipment manufacturing	47	336413	109	47109	McNairy County, Tennessee	yes	1.0	129.8489010989011	10379.316983016985
6092	33	Other aircraft parts and auxiliary equipment manufacturing	47	336413	157	47157	Shelby County, Tennessee	no	4.0	182.5	8334.833333333334
6093	33	Other aircraft parts and auxiliary equipment manufacturing	47	336413	163	47163	Sullivan County, Tennessee	yes	1.0	142.7692307692308	11268.748251748251
6094	33	Other aircraft parts and auxiliary equipment manufacturing	47	336413	189	47189	Wilson County, Tennessee	yes	1.0	129.8489010989011	10379.316983016985
6095	33	Other aluminum rolling, drawing, and extruding	47	331318	113	47113	Madison County, Tennessee	no	3.0	289.0	15590.0
6096	33	Other aluminum rolling, drawing, and extruding	47	331318	113	47113	Madison County, Tennessee	yes	1.8	326.4	15894.02
6097	33	Other aluminum rolling, drawing, and extruding	47	331318	157	47157	Shelby County, Tennessee	yes	1.0	196.55555555555557	9500.105555555556
6098	33	Other aluminum rolling, drawing, and extruding	47	331318	159	47159	Smith County, Tennessee	yes	1.0	196.55555555555557	9500.105555555556
6099	33	Other aluminum rolling, drawing, and extruding	47	331318	163	47163	Sullivan County, Tennessee	yes	1.0	196.55555555555557	9500.105555555556
6100	33	Other commercial and service industry machinery manufacturing	47	333318	9	47009	Blount County, Tennessee	yes	1.0	72.3011655011655	3865.598368298368
6101	33	Other commercial and service industry machinery manufacturing	47	333318	37	47037	Davidson County, Tennessee	yes	1.1666666666666667	88.646824009324	4736.536465617715
6102	33	Other commercial and service industry machinery manufacturing	47	333318	39	47039	Decatur County, Tennessee	yes	1.0	76.58272144522145	4183.062106643356
6103	33	Other commercial and service industry machinery manufacturing	47	333318	41	47041	DeKalb County, Tennessee	yes	1.0	76.58272144522145	4183.062106643356
6104	33	Other commercial and service industry machinery manufacturing	47	333318	59	47059	Greene County, Tennessee	yes	1.0	76.58272144522145	4183.062106643356
6105	33	Other commercial and service industry machinery manufacturing	47	333318	61	47061	Grundy County, Tennessee	yes	1.0	76.58272144522145	4183.062106643356
6106	33	Other commercial and service industry machinery manufacturing	47	333318	63	47063	Hamblen County, Tennessee	yes	1.0	76.58272144522145	4183.062106643356
6107	33	Other commercial and service industry machinery manufacturing	47	333318	71	47071	Hardin County, Tennessee	yes	1.0	68.45897435897436	3659.6897435897436
6108	33	Other commercial and service industry machinery manufacturing	47	333318	93	47093	Knox County, Tennessee	yes	1.3333333333333333	104.96466588966588	5789.058634421133
6109	33	Other commercial and service industry machinery manufacturing	47	333318	103	47103	Lincoln County, Tennessee	yes	1.0	76.58272144522145	4183.062106643356
6110	33	Other commercial and service industry machinery manufacturing	47	333318	109	47109	McNairy County, Tennessee	yes	1.0	79.68701923076924	4613.608894230769
6111	33	Other commercial and service industry machinery manufacturing	47	333318	147	47147	Robertson County, Tennessee	yes	1.0	76.58272144522145	4183.062106643356
6112	33	Other commercial and service industry machinery manufacturing	47	333318	157	47157	Shelby County, Tennessee	no	4.5	243.0	11324.333333333334
6113	33	Other commercial and service industry machinery manufacturing	47	333318	165	47165	Sumner County, Tennessee	yes	1.0	72.3011655011655	3865.598368298368
6114	33	Other commercial and service industry machinery manufacturing	47	333318	187	47187	Williamson County, Tennessee	yes	1.25	95.82035256410256	5613.242227564102
6115	33	Other communication and energy wire manufacturing	47	335929	65	47065	Hamilton County, Tennessee	yes	1.0	0.0	0.0
6116	33	Other communication and energy wire manufacturing	47	335929	187	47187	Williamson County, Tennessee	yes	1.0	0.0	0.0
6117	33	Other communications equipment manufacturing	47	334290	93	47093	Knox County, Tennessee	yes	1.0	0.0	0.0
6118	33	Other communications equipment manufacturing	47	334290	157	47157	Shelby County, Tennessee	yes	1.0	0.0	0.0
6119	33	Other electronic component manufacturing	47	334419	11	47011	Bradley County, Tennessee	yes	1.0	11.555555555555555	373.66666666666663
6120	33	Other electronic component manufacturing	47	334419	37	47037	Davidson County, Tennessee	yes	1.0	11.291005291005291	361.90476190476187
6121	33	Other electronic component manufacturing	47	334419	65	47065	Hamilton County, Tennessee	yes	1.0	11.555555555555555	373.66666666666663
6122	33	Other electronic component manufacturing	47	334419	125	47125	Montgomery County, Tennessee	yes	1.0	11.291005291005291	361.90476190476187
6123	33	Other electronic component manufacturing	47	334419	157	47157	Shelby County, Tennessee	yes	1.0	16.857142857142858	543.4285714285714
6124	33	Other electronic component manufacturing	47	334419	161	47161	Stewart County, Tennessee	yes	1.1666666666666667	13.216931216931215	424.1825396825396
6125	33	Other electronic component manufacturing	47	334419	163	47163	Sullivan County, Tennessee	yes	1.0	11.291005291005291	361.90476190476187
6126	33	Other electronic component manufacturing	47	334419	165	47165	Sumner County, Tennessee	yes	1.0	11.291005291005291	361.90476190476187
6127	33	Other electronic component manufacturing	47	334419	183	47183	Weakley County, Tennessee	yes	1.0	11.291005291005291	361.90476190476187
6128	33	Other engine equipment manufacturing	47	333618	53	47053	Gibson County, Tennessee	yes	1.0	53.074074074074076	2189.8703703703704
6129	33	Other engine equipment manufacturing	47	333618	77	47077	Henderson County, Tennessee	yes	1.6666666666666667	106.14814814814815	4379.740740740741
6130	33	Other engine equipment manufacturing	47	333618	93	47093	Knox County, Tennessee	yes	1.0	63.68888888888889	2627.8444444444444
6131	33	Other engine equipment manufacturing	47	333618	109	47109	McNairy County, Tennessee	yes	1.0	53.074074074074076	2189.8703703703704
6132	33	Other engine equipment manufacturing	47	333618	151	47151	Scott County, Tennessee	yes	1.0	53.074074074074076	2189.8703703703704
6133	33	Other engine equipment manufacturing	47	333618	157	47157	Shelby County, Tennessee	yes	3.0	159.2222222222222	6569.61111111111
6134	33	Other engine equipment manufacturing	47	333618	185	47185	White County, Tennessee	yes	1.0	0.0	0.0
6135	33	Other fabricated wire product manufacturing	47	332618	1	47001	Anderson County, Tennessee	yes	1.0	52.96534662867996	2097.9646025847474
6136	33	Other fabricated wire product manufacturing	47	332618	11	47011	Bradley County, Tennessee	yes	1.0	52.96534662867996	2097.9646025847474
6137	33	Other fabricated wire product manufacturing	47	332618	13	47013	Campbell County, Tennessee	yes	1.0	52.96534662867996	2097.9646025847474
6138	33	Other fabricated wire product manufacturing	47	332618	17	47017	Carroll County, Tennessee	yes	1.0	52.34615384615385	1870.576923076923
6139	33	Other fabricated wire product manufacturing	47	332618	23	47023	Chester County, Tennessee	yes	1.0	52.96534662867996	2097.9646025847474
6140	33	Other fabricated wire product manufacturing	47	332618	29	47029	Cocke County, Tennessee	yes	1.1666666666666667	61.64534662867995	2456.4846025847473
6141	33	Other fabricated wire product manufacturing	47	332618	31	47031	Coffee County, Tennessee	yes	1.0	52.96534662867996	2097.9646025847474
6142	33	Other fabricated wire product manufacturing	47	332618	37	47037	Davidson County, Tennessee	yes	5.0	262.7101044634378	10180.864051364631
6143	33	Other fabricated wire product manufacturing	47	332618	43	47043	Dickson County, Tennessee	yes	1.0	52.96534662867996	2097.9646025847474
6144	33	Other fabricated wire product manufacturing	47	332618	59	47059	Greene County, Tennessee	yes	1.0	54.001481481481484	2275.8226731078903
6145	33	Other fabricated wire product manufacturing	47	332618	65	47065	Hamilton County, Tennessee	no	3.0	82.75	4364.75
6146	33	Other fabricated wire product manufacturing	47	332618	65	47065	Hamilton County, Tennessee	yes	3.0	161.88888888888889	7029.777777777777
6147	33	Other fabricated wire product manufacturing	47	332618	73	47073	Hawkins County, Tennessee	yes	1.0	52.34615384615385	1870.576923076923
6148	33	Other fabricated wire product manufacturing	47	332618	77	47077	Henderson County, Tennessee	yes	1.0	52.96534662867996	2097.9646025847474
6149	33	Other fabricated wire product manufacturing	47	332618	85	47085	Humphreys County, Tennessee	yes	1.0	52.96534662867996	2097.9646025847474
6150	33	Other fabricated wire product manufacturing	47	332618	93	47093	Knox County, Tennessee	yes	2.0	105.93069325735992	4195.929205169495
6151	33	Other fabricated wire product manufacturing	47	332618	109	47109	McNairy County, Tennessee	yes	1.0	53.96296296296296	2343.259259259259
6152	33	Other fabricated wire product manufacturing	47	332618	147	47147	Robertson County, Tennessee	yes	1.0	52.96534662867996	2097.9646025847474
6153	33	Other fabricated wire product manufacturing	47	332618	157	47157	Shelby County, Tennessee	yes	2.0	105.93069325735992	4195.929205169495
6154	33	Other fabricated wire product manufacturing	47	332618	161	47161	Stewart County, Tennessee	yes	1.0	52.96534662867996	2097.9646025847474
6155	33	Other fabricated wire product manufacturing	47	332618	173	47173	Union County, Tennessee	yes	1.0	52.96534662867996	2097.9646025847474
6156	33	Other fabricated wire product manufacturing	47	332618	177	47177	Warren County, Tennessee	yes	1.0	53.08918518518518	2143.442138486312
6157	33	Other fabricated wire product manufacturing	47	332618	189	47189	Wilson County, Tennessee	yes	1.1666666666666667	61.68970560303893	2409.7274230975677
6158	33	Other industrial machinery manufacturing	47	333249	11	47011	Bradley County, Tennessee	yes	1.0	20.582179487179488	1185.7227243589743
6159	33	Other industrial machinery manufacturing	47	333249	37	47037	Davidson County, Tennessee	no	3.0	48.0	2304.0
6160	33	Other industrial machinery manufacturing	47	333249	37	47037	Davidson County, Tennessee	yes	2.2	43.55693098206142	2443.8257368501063
6161	33	Other industrial machinery manufacturing	47	333249	43	47043	Dickson County, Tennessee	yes	1.0	20.18962478342913	1123.4170118438324
6162	33	Other industrial machinery manufacturing	47	333249	51	47051	Franklin County, Tennessee	yes	1.0	20.18962478342913	1123.4170118438324
6163	33	Other industrial machinery manufacturing	47	333249	65	47065	Hamilton County, Tennessee	yes	4.666666666666667	94.05716463488203	5240.150621676029
6164	33	Other industrial machinery manufacturing	47	333249	71	47071	Hardin County, Tennessee	yes	1.0	18.045454545454547	921.7272727272727
6165	33	Other industrial machinery manufacturing	47	333249	73	47073	Hawkins County, Tennessee	yes	1.0	20.18962478342913	1123.4170118438324
6166	33	Other industrial machinery manufacturing	47	333249	77	47077	Henderson County, Tennessee	yes	1.0	20.18962478342913	1123.4170118438324
6167	33	Other industrial machinery manufacturing	47	333249	79	47079	Henry County, Tennessee	yes	1.0	19.9631871751437	1096.6027052657487
6168	33	Other industrial machinery manufacturing	47	333249	93	47093	Knox County, Tennessee	no	4.0	3.0	225.0
6169	33	Other industrial machinery manufacturing	47	333249	93	47093	Knox County, Tennessee	yes	3.0	61.524830705526355	3474.972506290811
6170	33	Other industrial machinery manufacturing	47	333249	99	47099	Lawrence County, Tennessee	yes	2.0	40.37924956685826	2246.8340236876647
6171	33	Other industrial machinery manufacturing	47	333249	103	47103	Lincoln County, Tennessee	yes	1.0	20.18962478342913	1123.4170118438324
6172	33	Other industrial machinery manufacturing	47	333249	105	47105	Loudon County, Tennessee	yes	1.0	20.18962478342913	1123.4170118438324
6173	33	Other industrial machinery manufacturing	47	333249	119	47119	Maury County, Tennessee	yes	1.0	19.550004940711464	1076.2372393774704
6174	33	Other industrial machinery manufacturing	47	333249	123	47123	Monroe County, Tennessee	yes	1.0	21.468864468864467	1217.7765567765568
6175	33	Other industrial machinery manufacturing	47	333249	141	47141	Putnam County, Tennessee	yes	1.0	21.055682234432233	1197.4110908882785
6176	33	Other industrial machinery manufacturing	47	333249	143	47143	Rhea County, Tennessee	yes	1.0	19.9631871751437	1096.6027052657487
6177	33	Other industrial machinery manufacturing	47	333249	157	47157	Shelby County, Tennessee	no	7.0	98.83333333333333	4565.0
6178	33	Other industrial machinery manufacturing	47	333249	177	47177	Warren County, Tennessee	yes	1.0	20.18962478342913	1123.4170118438324
6179	33	Other industrial machinery manufacturing	47	333249	181	47181	Wayne County, Tennessee	yes	1.0	20.18962478342913	1123.4170118438324
6180	33	Other industrial machinery manufacturing	47	333249	185	47185	White County, Tennessee	yes	1.0	20.18962478342913	1123.4170118438324
6181	33	Other lighting equipment manufacturing	47	335129	35	47035	Cumberland County, Tennessee	yes	1.0	7.541666666666667	379.20416666666665
6182	33	Other lighting equipment manufacturing	47	335129	37	47037	Davidson County, Tennessee	yes	2.0	15.083333333333334	758.4083333333333
6183	33	Other lighting equipment manufacturing	47	335129	93	47093	Knox County, Tennessee	yes	1.0	11.3125	568.80625
6184	33	Other lighting equipment manufacturing	47	335129	125	47125	Montgomery County, Tennessee	yes	1.0	11.3125	568.80625
6185	33	Other lighting equipment manufacturing	47	335129	157	47157	Shelby County, Tennessee	yes	1.0	12.416666666666666	614.2083333333334
6186	33	Other lighting equipment manufacturing	47	335129	185	47185	White County, Tennessee	yes	1.0	37.25	1842.625
6187	33	Other lighting equipment manufacturing	47	335129	187	47187	Williamson County, Tennessee	yes	1.0	37.25	1842.625
6188	33	Other major household appliance manufacturing	47	335228	21	47021	Cheatham County, Tennessee	yes	1.1666666666666667	0.0	0.0
6189	33	Other major household appliance manufacturing	47	335228	93	47093	Knox County, Tennessee	yes	1.0	0.0	0.0
6190	33	Other major household appliance manufacturing	47	335228	141	47141	Putnam County, Tennessee	yes	1.0	0.0	0.0
6191	33	Other major household appliance manufacturing	47	335228	147	47147	Robertson County, Tennessee	yes	1.0	0.0	0.0
6192	33	Other major household appliance manufacturing	47	335228	179	47179	Washington County, Tennessee	yes	2.0	0.0	0.0
6193	33	Other measuring and controlling device manufacturing	47	334519	1	47001	Anderson County, Tennessee	no	4.0	257.25	19699.75
6194	33	Other measuring and controlling device manufacturing	47	334519	1	47001	Anderson County, Tennessee	yes	4.0	198.3095238095238	14105.690476190475
6195	33	Other measuring and controlling device manufacturing	47	334519	37	47037	Davidson County, Tennessee	yes	1.0	47.4265873015873	3337.115079365079
6196	33	Other measuring and controlling device manufacturing	47	334519	65	47065	Hamilton County, Tennessee	yes	1.0	27.485714285714284	1776.8642857142856
6197	33	Other measuring and controlling device manufacturing	47	334519	93	47093	Knox County, Tennessee	no	5.0	312.6666666666667	25595.666666666668
6198	33	Other measuring and controlling device manufacturing	47	334519	93	47093	Knox County, Tennessee	yes	4.0	189.7063492063492	13348.460317460316
6199	33	Other measuring and controlling device manufacturing	47	334519	101	47101	Lewis County, Tennessee	yes	1.0	33.42996031746032	2314.528968253968
6200	33	Other measuring and controlling device manufacturing	47	334519	157	47157	Shelby County, Tennessee	yes	1.6666666666666667	50.741865079365084	3489.6551587301587
6201	33	Other measuring and controlling device manufacturing	47	334519	187	47187	Williamson County, Tennessee	yes	1.3333333333333333	41.57996031746032	2897.367063492063
6202	33	Other metal container manufacturing	47	332439	1	47001	Anderson County, Tennessee	yes	1.5	15.635227272727272	577.4984848484848
6203	33	Other metal container manufacturing	47	332439	3	47003	Bedford County, Tennessee	yes	1.0	14.43939393939394	577.8484848484849
6204	33	Other metal container manufacturing	47	332439	9	47009	Blount County, Tennessee	yes	1.0	11.68219696969697	438.3742424242425
6205	33	Other metal container manufacturing	47	332439	35	47035	Cumberland County, Tennessee	yes	1.0	11.68219696969697	438.3742424242425
6206	33	Other metal container manufacturing	47	332439	65	47065	Hamilton County, Tennessee	yes	1.5	15.464393939393938	567.5484848484848
6207	33	Other metal container manufacturing	47	332439	93	47093	Knox County, Tennessee	yes	1.0	11.85	463.8
6208	33	Other metal container manufacturing	47	332439	101	47101	Lewis County, Tennessee	yes	1.0	7.906060606060606	278.24848484848485
6209	33	Other metal container manufacturing	47	332439	151	47151	Scott County, Tennessee	yes	1.0	11.68219696969697	438.3742424242425
6210	33	Other metal container manufacturing	47	332439	157	47157	Shelby County, Tennessee	yes	1.6666666666666667	17.781060606060606	647.2484848484848
6211	33	Other metal valve and pipe fitting manufacturing	47	332919	167	47167	Tipton County, Tennessee	yes	1.0	0.0	0.0
6212	33	Other motor vehicle parts manufacturing	47	336390	1	47001	Anderson County, Tennessee	yes	2.0	297.2284174952032	13638.558666492238
6213	33	Other motor vehicle parts manufacturing	47	336390	3	47003	Bedford County, Tennessee	yes	1.0	148.6142087476016	6819.279333246119
6214	33	Other motor vehicle parts manufacturing	47	336390	9	47009	Blount County, Tennessee	yes	1.0	148.6142087476016	6819.279333246119
6215	33	Other motor vehicle parts manufacturing	47	336390	13	47013	Campbell County, Tennessee	yes	1.3333333333333333	203.88931558520844	9543.067260596546
6216	33	Other motor vehicle parts manufacturing	47	336390	21	47021	Cheatham County, Tennessee	yes	1.0	134.40384615384616	5521.0
6217	33	Other motor vehicle parts manufacturing	47	336390	25	47025	Claiborne County, Tennessee	yes	1.0	134.40384615384616	5521.0
6218	33	Other motor vehicle parts manufacturing	47	336390	29	47029	Cocke County, Tennessee	yes	1.0	141.87692176870746	6350.64947845805
6219	33	Other motor vehicle parts manufacturing	47	336390	31	47031	Coffee County, Tennessee	yes	1.0	148.6142087476016	6819.279333246119
6220	33	Other motor vehicle parts manufacturing	47	336390	35	47035	Cumberland County, Tennessee	yes	1.0	156.8102136752137	7590.362521367521
6221	33	Other motor vehicle parts manufacturing	47	336390	37	47037	Davidson County, Tennessee	yes	2.0	297.2284174952032	13638.558666492238
6222	33	Other motor vehicle parts manufacturing	47	336390	41	47041	DeKalb County, Tennessee	yes	2.0	297.2284174952032	13638.558666492238
6223	33	Other motor vehicle parts manufacturing	47	336390	43	47043	Dickson County, Tennessee	yes	1.0	134.40384615384616	5521.0
6224	33	Other motor vehicle parts manufacturing	47	336390	45	47045	Dyer County, Tennessee	yes	1.0	148.6142087476016	6819.279333246119
6225	33	Other motor vehicle parts manufacturing	47	336390	47	47047	Fayette County, Tennessee	yes	2.0	297.2284174952032	13638.558666492238
6226	33	Other motor vehicle parts manufacturing	47	336390	51	47051	Franklin County, Tennessee	yes	1.0	148.6142087476016	6819.279333246119
6227	33	Other motor vehicle parts manufacturing	47	336390	59	47059	Greene County, Tennessee	yes	3.0	445.8426262428047	20457.837999738356
6228	33	Other motor vehicle parts manufacturing	47	336390	63	47063	Hamblen County, Tennessee	yes	1.0	148.6142087476016	6819.279333246119
6229	33	Other motor vehicle parts manufacturing	47	336390	65	47065	Hamilton County, Tennessee	no	3.0	0.0	5330.0
6230	33	Other motor vehicle parts manufacturing	47	336390	65	47065	Hamilton County, Tennessee	yes	2.0	302.91256253270535	14157.870399790685
6231	33	Other motor vehicle parts manufacturing	47	336390	73	47073	Hawkins County, Tennessee	yes	1.0	140.00865286499214	6143.2371088435375
6232	33	Other motor vehicle parts manufacturing	47	336390	79	47079	Henry County, Tennessee	yes	2.0	331.650641025641	16342.727564102563
6233	33	Other motor vehicle parts manufacturing	47	336390	93	47093	Knox County, Tennessee	no	4.833333333333333	564.3333333333334	34110.666666666664
6234	33	Other motor vehicle parts manufacturing	47	336390	99	47099	Lawrence County, Tennessee	yes	1.0	148.6142087476016	6819.279333246119
6235	33	Other motor vehicle parts manufacturing	47	336390	105	47105	Loudon County, Tennessee	yes	1.5	218.82331065759635	9843.377405808476
6236	33	Other motor vehicle parts manufacturing	47	336390	107	47107	McMinn County, Tennessee	yes	1.0	141.97163265306122	6431.057551020408
6237	33	Other motor vehicle parts manufacturing	47	336390	109	47109	McNairy County, Tennessee	yes	1.0	148.6142087476016	6819.279333246119
6238	33	Other motor vehicle parts manufacturing	47	336390	113	47113	Madison County, Tennessee	yes	1.0	153.02953525641024	7240.230224358974
6239	33	Other motor vehicle parts manufacturing	47	336390	125	47125	Montgomery County, Tennessee	yes	1.0	148.6142087476016	6819.279333246119
6240	33	Other motor vehicle parts manufacturing	47	336390	131	47131	Obion County, Tennessee	yes	1.0	156.8102136752137	7590.362521367521
6241	33	Other motor vehicle parts manufacturing	47	336390	133	47133	Overton County, Tennessee	yes	3.0	445.8426262428047	20457.837999738356
6242	33	Other motor vehicle parts manufacturing	47	336390	141	47141	Putnam County, Tennessee	yes	1.0	148.6142087476016	6819.279333246119
6243	33	Other motor vehicle parts manufacturing	47	336390	147	47147	Robertson County, Tennessee	yes	1.1666666666666667	171.01484977324262	7739.445999912787
6244	33	Other motor vehicle parts manufacturing	47	336390	149	47149	Rutherford County, Tennessee	yes	4.0	585.776246729461	26545.788589307514
6245	33	Other motor vehicle parts manufacturing	47	336390	157	47157	Shelby County, Tennessee	yes	1.5	207.21057594191524	8903.737108843537
6246	33	Other motor vehicle parts manufacturing	47	336390	163	47163	Sullivan County, Tennessee	yes	3.1666666666666665	468.24326726844583	21378.00466640502
6247	33	Other motor vehicle parts manufacturing	47	336390	165	47165	Sumner County, Tennessee	yes	3.0	445.8426262428047	20457.837999738356
6248	33	Other motor vehicle parts manufacturing	47	336390	167	47167	Tipton County, Tennessee	yes	2.0	297.2284174952032	13638.558666492238
6249	33	Other motor vehicle parts manufacturing	47	336390	179	47179	Washington County, Tennessee	yes	1.0	148.6142087476016	6819.279333246119
6250	33	Other motor vehicle parts manufacturing	47	336390	187	47187	Williamson County, Tennessee	yes	1.0	148.6142087476016	6819.279333246119
6251	33	Other nonferrous metal foundries (except die-casting)	47	331529	37	47037	Davidson County, Tennessee	yes	1.0	44.601190476190474	2156.4880952380954
6252	33	Other nonferrous metal foundries (except die-casting)	47	331529	59	47059	Greene County, Tennessee	yes	1.0	46.80079365079365	2177.25873015873
6253	33	Other nonferrous metal foundries (except die-casting)	47	331529	65	47065	Hamilton County, Tennessee	yes	1.0	46.80079365079365	2177.25873015873
6254	33	Other nonferrous metal foundries (except die-casting)	47	331529	109	47109	McNairy County, Tennessee	yes	1.0	46.80079365079365	2177.25873015873
6255	33	Other nonferrous metal foundries (except die-casting)	47	331529	123	47123	Monroe County, Tennessee	yes	1.0	46.80079365079365	2177.25873015873
6256	33	Other nonferrous metal foundries (except die-casting)	47	331529	157	47157	Shelby County, Tennessee	yes	1.0	46.80079365079365	2177.25873015873
6257	33	Other nonferrous metal foundries (except die-casting)	47	331529	163	47163	Sullivan County, Tennessee	yes	1.0	38.57142857142857	1893.2857142857142
6258	33	Overhead traveling crane, hoist, and monorail system manufacturing	47	333923	1	47001	Anderson County, Tennessee	yes	1.0	0.0	0.0
6259	33	Overhead traveling crane, hoist, and monorail system manufacturing	47	333923	71	47071	Hardin County, Tennessee	yes	1.0	0.0	0.0
6260	33	Overhead traveling crane, hoist, and monorail system manufacturing	47	333923	81	47081	Hickman County, Tennessee	yes	1.0	0.0	0.0
6261	33	Overhead traveling crane, hoist, and monorail system manufacturing	47	333923	93	47093	Knox County, Tennessee	yes	1.0	0.0	0.0
6262	33	Packaging machinery manufacturing	47	333993	1	47001	Anderson County, Tennessee	yes	1.0	9.333333333333334	486.4583333333333
6263	33	Packaging machinery manufacturing	47	333993	89	47089	Jefferson County, Tennessee	yes	1.8333333333333333	18.666666666666668	972.9166666666666
6264	33	Packaging machinery manufacturing	47	333993	93	47093	Knox County, Tennessee	yes	1.0	9.333333333333334	486.4583333333333
6265	33	Photographic and photocopying equipment manufacturing	47	333316	37	47037	Davidson County, Tennessee	yes	1.0	5.777777777777778	467.2222222222222
6266	33	Photographic and photocopying equipment manufacturing	47	333316	93	47093	Knox County, Tennessee	yes	1.0	5.777777777777778	467.2222222222222
6267	33	Photographic and photocopying equipment manufacturing	47	333316	187	47187	Williamson County, Tennessee	yes	1.0	5.777777777777778	467.2222222222222
6268	33	Plate work manufacturing	47	332313	1	47001	Anderson County, Tennessee	yes	1.0	33.14387096774193	1516.458064516129
6269	33	Plate work manufacturing	47	332313	5	47005	Benton County, Tennessee	yes	1.0	33.50437447405329	1373.5759504441328
6270	33	Plate work manufacturing	47	332313	9	47009	Blount County, Tennessee	yes	1.1666666666666667	39.54031206171108	1631.589958703444
6271	33	Plate work manufacturing	47	332313	13	47013	Campbell County, Tennessee	yes	1.0	33.686978728377746	1416.9299587034438
6272	33	Plate work manufacturing	47	332313	43	47043	Dickson County, Tennessee	yes	1.0	28.375	1066.9166666666665
6273	33	Plate work manufacturing	47	332313	45	47045	Dyer County, Tennessee	yes	1.0	33.686978728377746	1416.9299587034438
6274	33	Plate work manufacturing	47	332313	53	47053	Gibson County, Tennessee	yes	1.0	34.001935483870966	1488.6440322580643
6275	33	Plate work manufacturing	47	332313	55	47055	Giles County, Tennessee	yes	1.0	33.686978728377746	1416.9299587034438
6276	33	Plate work manufacturing	47	332313	63	47063	Hamblen County, Tennessee	yes	1.0	33.686978728377746	1416.9299587034438
6277	33	Plate work manufacturing	47	332313	65	47065	Hamilton County, Tennessee	no	3.8333333333333335	31.166666666666668	4250.833333333333
6278	33	Plate work manufacturing	47	332313	79	47079	Henry County, Tennessee	yes	1.0	33.74471014492753	1278.3212077294686
6279	33	Plate work manufacturing	47	332313	93	47093	Knox County, Tennessee	no	4.0	43.0	1617.0
6280	33	Plate work manufacturing	47	332313	93	47093	Knox County, Tennessee	yes	2.6	87.29029733520335	3611.3271266947168
6281	33	Plate work manufacturing	47	332313	99	47099	Lawrence County, Tennessee	yes	3.0	101.06093618513324	4250.7898761103315
6282	33	Plate work manufacturing	47	332313	103	47103	Lincoln County, Tennessee	yes	1.0	34.74937447405329	1486.9326171107994
6283	33	Plate work manufacturing	47	332313	105	47105	Loudon County, Tennessee	yes	1.0	33.686978728377746	1416.9299587034438
6284	33	Plate work manufacturing	47	332313	113	47113	Madison County, Tennessee	yes	1.0	33.686978728377746	1416.9299587034438
6285	33	Plate work manufacturing	47	332313	115	47115	Marion County, Tennessee	yes	1.0	34.74937447405329	1486.9326171107994
6286	33	Plate work manufacturing	47	332313	119	47119	Maury County, Tennessee	yes	1.8333333333333333	61.52062412342216	2619.199917406888
6287	33	Plate work manufacturing	47	332313	149	47149	Rutherford County, Tennessee	yes	1.8333333333333333	62.64479079008882	2656.040472962443
6288	33	Plate work manufacturing	47	332313	157	47157	Shelby County, Tennessee	no	3.2	25.8	1472.2
6289	33	Plate work manufacturing	47	332313	157	47157	Shelby County, Tennessee	yes	3.0	85.125	3200.75
6290	33	Plate work manufacturing	47	332313	165	47165	Sumner County, Tennessee	yes	2.0	67.37395745675549	2833.8599174068877
6291	33	Plate work manufacturing	47	332313	177	47177	Warren County, Tennessee	yes	1.0	33.686978728377746	1416.9299587034438
6292	33	Plumbing fixture fitting and trim manufacturing	47	332913	23	47023	Chester County, Tennessee	yes	1.0	186.38333333333333	10469.941666666668
6293	33	Plumbing fixture fitting and trim manufacturing	47	332913	29	47029	Cocke County, Tennessee	yes	1.0	168.7	10775.350000000002
6294	33	Plumbing fixture fitting and trim manufacturing	47	332913	113	47113	Madison County, Tennessee	yes	1.0	186.38333333333333	10469.941666666668
6295	33	Plumbing fixture fitting and trim manufacturing	47	332913	157	47157	Shelby County, Tennessee	yes	2.0	372.76666666666665	20939.883333333335
6296	33	Powder metallurgy part manufacturing	47	332117	43	47043	Dickson County, Tennessee	yes	1.0	41.92857142857142	2151.928571428571
6297	33	Powder metallurgy part manufacturing	47	332117	49	47049	Fentress County, Tennessee	yes	1.0	41.92857142857142	2151.928571428571
6298	33	Powder metallurgy part manufacturing	47	332117	65	47065	Hamilton County, Tennessee	yes	1.6666666666666667	70.19047619047619	3606.8571428571427
6299	33	Powder metallurgy part manufacturing	47	332117	111	47111	Macon County, Tennessee	yes	1.0	41.92857142857142	2151.928571428571
6300	33	Powder metallurgy part manufacturing	47	332117	145	47145	Roane County, Tennessee	yes	1.0	41.92857142857142	2151.928571428571
6301	33	Powder metallurgy part manufacturing	47	332117	149	47149	Rutherford County, Tennessee	yes	1.0	41.92857142857142	2151.928571428571
6302	33	Power boiler and heat exchanger manufacturing	47	332410	11	47011	Bradley County, Tennessee	yes	1.0	73.78333333333335	4548.2444444444445
6303	33	Power boiler and heat exchanger manufacturing	47	332410	47	47047	Fayette County, Tennessee	yes	1.0	73.78333333333335	4548.2444444444445
6304	33	Power boiler and heat exchanger manufacturing	47	332410	65	47065	Hamilton County, Tennessee	yes	1.0	73.78333333333335	4548.2444444444445
6305	33	Power boiler and heat exchanger manufacturing	47	332410	77	47077	Henderson County, Tennessee	yes	1.0	117.5	7392.666666666666
6306	33	Power boiler and heat exchanger manufacturing	47	332410	141	47141	Putnam County, Tennessee	yes	1.0	117.5	7392.666666666666
6307	33	Power boiler and heat exchanger manufacturing	47	332410	157	47157	Shelby County, Tennessee	yes	1.0	162.60000000000002	9948.400000000001
6308	33	Power boiler and heat exchanger manufacturing	47	332410	163	47163	Sullivan County, Tennessee	yes	1.0	0.0	0.0
6309	33	Power boiler and heat exchanger manufacturing	47	332410	189	47189	Wilson County, Tennessee	yes	1.0	73.78333333333335	4548.2444444444445
6310	33	Power, distribution, and specialty transformer manufacturing	47	335311	9	47009	Blount County, Tennessee	yes	1.0	60.14285714285714	3169.428571428571
6311	33	Power, distribution, and specialty transformer manufacturing	47	335311	37	47037	Davidson County, Tennessee	yes	1.0	33.0	1929.1666666666665
6312	33	Power, distribution, and specialty transformer manufacturing	47	335311	53	47053	Gibson County, Tennessee	yes	1.8333333333333333	129.14761904761903	6858.920634920636
6313	33	Power, distribution, and specialty transformer manufacturing	47	335311	65	47065	Hamilton County, Tennessee	yes	1.1666666666666667	72.82380952380952	3911.751984126984
6314	33	Power, distribution, and specialty transformer manufacturing	47	335311	103	47103	Lincoln County, Tennessee	yes	1.0	88.2	4334.400000000001
6315	33	Power, distribution, and specialty transformer manufacturing	47	335311	121	47121	Meigs County, Tennessee	yes	1.0	67.32380952380952	3590.2242063492067
6316	33	Power, distribution, and specialty transformer manufacturing	47	335311	157	47157	Shelby County, Tennessee	yes	1.0	43.84761904761905	2647.265079365079
6317	33	Power, distribution, and specialty transformer manufacturing	47	335311	187	47187	Williamson County, Tennessee	yes	1.0	60.14285714285714	3169.428571428571
6318	33	Power-driven handtool manufacturing	47	333991	43	47043	Dickson County, Tennessee	yes	1.0	0.0	0.0
6319	33	Power-driven handtool manufacturing	47	333991	103	47103	Lincoln County, Tennessee	yes	1.0	0.0	0.0
6320	33	Power-driven handtool manufacturing	47	333991	113	47113	Madison County, Tennessee	yes	1.0	0.0	0.0
6321	33	Precision turned product manufacturing	47	332721	1	47001	Anderson County, Tennessee	no	4.5	95.0	5727.333333333333
6322	33	Precision turned product manufacturing	47	332721	3	47003	Bedford County, Tennessee	yes	1.0	17.06764994370954	769.4347881133315
6323	33	Precision turned product manufacturing	47	332721	7	47007	Bledsoe County, Tennessee	yes	1.0	17.36282656599451	771.340818051432
6324	33	Precision turned product manufacturing	47	332721	9	47009	Blount County, Tennessee	yes	1.1666666666666667	20.50261151223107	901.4859793417546
6325	33	Precision turned product manufacturing	47	332721	13	47013	Campbell County, Tennessee	yes	1.0	17.36282656599451	771.340818051432
6326	33	Precision turned product manufacturing	47	332721	19	47019	Carter County, Tennessee	yes	1.0	17.36282656599451	771.340818051432
6327	33	Precision turned product manufacturing	47	332721	23	47023	Chester County, Tennessee	yes	1.0	17.36282656599451	771.340818051432
6328	33	Precision turned product manufacturing	47	332721	37	47037	Davidson County, Tennessee	no	5.0	23.0	965.0
6329	33	Precision turned product manufacturing	47	332721	37	47037	Davidson County, Tennessee	yes	1.25	22.952797963026853	992.677356463113
6330	33	Precision turned product manufacturing	47	332721	39	47039	Decatur County, Tennessee	yes	1.0	17.36282656599451	771.340818051432
6331	33	Precision turned product manufacturing	47	332721	41	47041	DeKalb County, Tennessee	yes	1.0	17.36282656599451	771.340818051432
6332	33	Precision turned product manufacturing	47	332721	51	47051	Franklin County, Tennessee	yes	1.0	17.36282656599451	771.340818051432
6333	33	Precision turned product manufacturing	47	332721	53	47053	Gibson County, Tennessee	yes	1.0	17.36282656599451	771.340818051432
6334	33	Precision turned product manufacturing	47	332721	59	47059	Greene County, Tennessee	yes	1.8333333333333333	31.512111465322352	1409.525386102864
6335	33	Precision turned product manufacturing	47	332721	63	47063	Hamblen County, Tennessee	yes	1.0	17.36282656599451	771.340818051432
6336	33	Precision turned product manufacturing	47	332721	65	47065	Hamilton County, Tennessee	no	4.0	25.333333333333332	1163.0
6337	33	Precision turned product manufacturing	47	332721	77	47077	Henderson County, Tennessee	yes	1.0	16.97608918128655	751.7368274853801
6338	33	Precision turned product manufacturing	47	332721	93	47093	Knox County, Tennessee	no	3.0	77.0	2817.0
6339	33	Precision turned product manufacturing	47	332721	93	47093	Knox County, Tennessee	yes	2.25	41.08528342605371	1785.620337926226
6340	33	Precision turned product manufacturing	47	332721	97	47097	Lauderdale County, Tennessee	yes	1.0	15.823508771929824	728.1364912280701
6341	33	Precision turned product manufacturing	47	332721	105	47105	Loudon County, Tennessee	no	3.3333333333333335	62.166666666666664	2655.8333333333335
6342	33	Precision turned product manufacturing	47	332721	107	47107	McMinn County, Tennessee	yes	1.0	18.132485463026853	792.942981463113
6343	33	Precision turned product manufacturing	47	332721	115	47115	Marion County, Tennessee	yes	1.0	17.36282656599451	771.340818051432
6344	33	Precision turned product manufacturing	47	332721	123	47123	Monroe County, Tennessee	yes	1.0	17.36282656599451	771.340818051432
6345	33	Precision turned product manufacturing	47	332721	125	47125	Montgomery County, Tennessee	yes	1.0	17.34971394478844	776.8540912022704
6346	33	Precision turned product manufacturing	47	332721	129	47129	Morgan County, Tennessee	yes	1.0	18.132485463026853	792.942981463113
6347	33	Precision turned product manufacturing	47	332721	133	47133	Overton County, Tennessee	yes	1.0	17.36282656599451	771.340818051432
6348	33	Precision turned product manufacturing	47	332721	141	47141	Putnam County, Tennessee	no	4.0	70.0	2829.6666666666665
6349	33	Precision turned product manufacturing	47	332721	141	47141	Putnam County, Tennessee	yes	4.0	70.99825580280988	3163.779234469936
6350	33	Precision turned product manufacturing	47	332721	147	47147	Robertson County, Tennessee	yes	1.0	17.36282656599451	771.340818051432
6351	33	Precision turned product manufacturing	47	332721	149	47149	Rutherford County, Tennessee	no	3.0	16.0	666.0
6352	33	Precision turned product manufacturing	47	332721	149	47149	Rutherford County, Tennessee	yes	2.4	40.46470339619101	1830.1241727178908
6353	33	Precision turned product manufacturing	47	332721	151	47151	Scott County, Tennessee	yes	1.0	17.36282656599451	771.340818051432
6354	33	Precision turned product manufacturing	47	332721	157	47157	Shelby County, Tennessee	no	3.0	89.0	6966.0
6355	33	Precision turned product manufacturing	47	332721	157	47157	Shelby County, Tennessee	yes	2.0	36.26497092605371	1585.885962926226
6356	33	Precision turned product manufacturing	47	332721	163	47163	Sullivan County, Tennessee	yes	1.6666666666666667	29.45115020801241	1299.969472360174
6357	33	Precision turned product manufacturing	47	332721	165	47165	Sumner County, Tennessee	no	6.5	191.0	9017.0
6358	33	Prefabricated metal building and component manufacturing	47	332311	13	47013	Campbell County, Tennessee	yes	1.0	80.35531135531134	4657.751678876679
6359	33	Prefabricated metal building and component manufacturing	47	332311	19	47019	Carter County, Tennessee	yes	1.0	80.35531135531134	4657.751678876679
6360	33	Prefabricated metal building and component manufacturing	47	332311	23	47023	Chester County, Tennessee	yes	1.0	70.99725274725274	4640.163232600732
6361	33	Prefabricated metal building and component manufacturing	47	332311	35	47035	Cumberland County, Tennessee	yes	1.0	91.07142857142857	4394.839285714285
6362	33	Prefabricated metal building and component manufacturing	47	332311	49	47049	Fentress County, Tennessee	yes	1.0	80.35531135531134	4657.751678876679
6363	33	Prefabricated metal building and component manufacturing	47	332311	65	47065	Hamilton County, Tennessee	yes	1.5	130.35347985347985	7074.445818070818
6364	33	Prefabricated metal building and component manufacturing	47	332311	111	47111	Macon County, Tennessee	yes	1.0	80.35531135531134	4657.751678876679
6365	33	Prefabricated metal building and component manufacturing	47	332311	113	47113	Madison County, Tennessee	yes	1.0	80.35531135531134	4657.751678876679
6366	33	Prefabricated metal building and component manufacturing	47	332311	131	47131	Obion County, Tennessee	yes	1.0	81.64285714285714	4006.928571428571
6367	33	Prefabricated metal building and component manufacturing	47	332311	149	47149	Rutherford County, Tennessee	yes	1.1666666666666667	80.35531135531134	5433.862789987789
6368	33	Prefabricated metal building and component manufacturing	47	332311	155	47155	Sevier County, Tennessee	yes	1.0	80.35531135531134	4657.751678876679
6369	33	Prefabricated metal building and component manufacturing	47	332311	157	47157	Shelby County, Tennessee	yes	1.0	81.64285714285714	4006.928571428571
6370	33	Prefabricated metal building and component manufacturing	47	332311	165	47165	Sumner County, Tennessee	yes	2.0	160.7106227106227	9315.503357753358
6371	33	Prefabricated metal building and component manufacturing	47	332311	177	47177	Warren County, Tennessee	yes	1.0	99.07142857142857	4692.928571428572
6372	33	Prefabricated metal building and component manufacturing	47	332311	185	47185	White County, Tennessee	yes	1.0	99.07142857142857	4692.928571428572
6373	33	Prefabricated metal building and component manufacturing	47	332311	189	47189	Wilson County, Tennessee	yes	1.0	99.99633699633699	4833.388278388279
6374	33	Primary battery manufacturing	47	335912	11	47011	Bradley County, Tennessee	yes	1.0	0.0	0.0
6375	33	Primary battery manufacturing	47	335912	93	47093	Knox County, Tennessee	yes	1.0	0.0	0.0
6376	33	Primary battery manufacturing	47	335912	151	47151	Scott County, Tennessee	yes	1.0	0.0	0.0
6377	33	Printed circuit assembly (electronic assembly) manufacturing	47	334418	9	47009	Blount County, Tennessee	yes	1.0	69.16666666666667	3498.222222222222
6378	33	Printed circuit assembly (electronic assembly) manufacturing	47	334418	19	47019	Carter County, Tennessee	yes	1.0	188.80952380952382	7876.908730158731
6379	33	Printed circuit assembly (electronic assembly) manufacturing	47	334418	59	47059	Greene County, Tennessee	yes	1.0	91.42857142857142	4524.142857142857
6380	33	Printed circuit assembly (electronic assembly) manufacturing	47	334418	117	47117	Marshall County, Tennessee	yes	1.0	188.80952380952382	7876.908730158731
6381	33	Printed circuit assembly (electronic assembly) manufacturing	47	334418	149	47149	Rutherford County, Tennessee	yes	1.0	182.85714285714283	9048.285714285714
6382	33	Printed circuit assembly (electronic assembly) manufacturing	47	334418	157	47157	Shelby County, Tennessee	yes	1.0	188.80952380952382	7876.908730158731
6383	33	Printed circuit assembly (electronic assembly) manufacturing	47	334418	179	47179	Washington County, Tennessee	yes	1.0	188.80952380952382	7876.908730158731
6384	33	Printed circuit assembly (electronic assembly) manufacturing	47	334418	187	47187	Williamson County, Tennessee	yes	1.0	97.58928571428571	4885.738095238095
6385	33	Printing machinery and equipment manufacturing	47	333244	113	47113	Madison County, Tennessee	yes	1.0	0.0	0.0
6386	33	Printing machinery and equipment manufacturing	47	333244	147	47147	Robertson County, Tennessee	yes	1.0	0.0	0.0
6387	33	Printing machinery and equipment manufacturing	47	333244	179	47179	Washington County, Tennessee	yes	1.0	0.0	0.0
6388	33	Printing machinery and equipment manufacturing	47	333244	187	47187	Williamson County, Tennessee	yes	1.0	0.0	0.0
6389	33	Pump and pumping equipment manufacturing	47	333911	65	47065	Hamilton County, Tennessee	yes	1.0	4.208333333333333	294.375
6390	33	Pump and pumping equipment manufacturing	47	333911	93	47093	Knox County, Tennessee	yes	1.0	4.208333333333333	294.375
6391	33	Pump and pumping equipment manufacturing	47	333911	157	47157	Shelby County, Tennessee	yes	1.0	4.208333333333333	294.375
6392	33	Pump and pumping equipment manufacturing	47	333911	163	47163	Sullivan County, Tennessee	yes	1.0	4.208333333333333	294.375
6393	33	Pump and pumping equipment manufacturing	47	333911	187	47187	Williamson County, Tennessee	yes	1.0	7.0	426.0
6394	33	Radio and television broadcasting and wireless communications equipment manufacturing	47	334220	35	47035	Cumberland County, Tennessee	yes	1.0	14.462962962962964	855.4504629629631
6395	33	Radio and television broadcasting and wireless communications equipment manufacturing	47	334220	37	47037	Davidson County, Tennessee	yes	1.1666666666666667	17.51851851851852	993.0430555555557
6396	33	Radio and television broadcasting and wireless communications equipment manufacturing	47	334220	65	47065	Hamilton County, Tennessee	yes	1.0	18.11111111111111	859.8888888888888
6397	33	Radio and television broadcasting and wireless communications equipment manufacturing	47	334220	123	47123	Monroe County, Tennessee	yes	1.0	14.462962962962964	855.4504629629631
6398	33	Radio and television broadcasting and wireless communications equipment manufacturing	47	334220	149	47149	Rutherford County, Tennessee	yes	1.0	13.86111111111111	875.3423611111111
6399	33	Radio and television broadcasting and wireless communications equipment manufacturing	47	334220	155	47155	Sevier County, Tennessee	yes	1.0	12.148148148148147	844.8564814814814
6400	33	Radio and television broadcasting and wireless communications equipment manufacturing	47	334220	157	47157	Shelby County, Tennessee	yes	1.4	17.17777777777778	1174.9833333333333
6401	33	Radio and television broadcasting and wireless communications equipment manufacturing	47	334220	163	47163	Sullivan County, Tennessee	yes	1.1666666666666667	17.51851851851852	993.0430555555557
6402	33	Radio and television broadcasting and wireless communications equipment manufacturing	47	334220	187	47187	Williamson County, Tennessee	yes	1.0	15.666666666666666	815.6666666666666
6403	33	Railroad rolling stock manufacturing	47	336510	13	47013	Campbell County, Tennessee	yes	1.1666666666666667	0.0	0.0
6404	33	Railroad rolling stock manufacturing	47	336510	93	47093	Knox County, Tennessee	yes	1.0	0.0	0.0
6405	33	Railroad rolling stock manufacturing	47	336510	107	47107	McMinn County, Tennessee	yes	1.0	0.0	0.0
6406	33	Railroad rolling stock manufacturing	47	336510	113	47113	Madison County, Tennessee	yes	1.0	0.0	0.0
6407	33	Relay and industrial control manufacturing	47	335314	37	47037	Davidson County, Tennessee	yes	2.0	45.508547008547005	3008.057692307693
6408	33	Relay and industrial control manufacturing	47	335314	47	47047	Fayette County, Tennessee	yes	1.0	22.754273504273502	1504.0288461538464
6409	33	Relay and industrial control manufacturing	47	335314	65	47065	Hamilton County, Tennessee	yes	1.1666666666666667	27.869658119658123	1852.8493589743587
6410	33	Relay and industrial control manufacturing	47	335314	69	47069	Hardeman County, Tennessee	yes	1.0	22.754273504273502	1504.0288461538464
6411	33	Relay and industrial control manufacturing	47	335314	93	47093	Knox County, Tennessee	yes	2.0	45.508547008547005	3008.057692307693
6412	33	Relay and industrial control manufacturing	47	335314	101	47101	Lewis County, Tennessee	yes	1.0	22.754273504273502	1504.0288461538464
6413	33	Relay and industrial control manufacturing	47	335314	149	47149	Rutherford County, Tennessee	yes	1.0	22.754273504273502	1504.0288461538464
6414	33	Relay and industrial control manufacturing	47	335314	157	47157	Shelby County, Tennessee	yes	2.0	45.508547008547005	3008.057692307693
6415	33	Relay and industrial control manufacturing	47	335314	163	47163	Sullivan County, Tennessee	yes	1.0	22.754273504273502	1504.0288461538464
6416	33	Residential electric lighting fixture manufacturing	47	335121	9	47009	Blount County, Tennessee	yes	1.0	3.216666666666667	105.03333333333335
6417	33	Residential electric lighting fixture manufacturing	47	335121	21	47021	Cheatham County, Tennessee	yes	1.0	2.997222222222222	88.35000000000001
6418	33	Residential electric lighting fixture manufacturing	47	335121	65	47065	Hamilton County, Tennessee	yes	1.0	3.2	109.80000000000001
6419	33	Residential electric lighting fixture manufacturing	47	335121	69	47069	Hardeman County, Tennessee	yes	1.0	2.997222222222222	88.35000000000001
6420	33	Residential electric lighting fixture manufacturing	47	335121	187	47187	Williamson County, Tennessee	yes	1.0	2.997222222222222	88.35000000000001
6421	33	Rolled steel shape manufacturing	47	331221	55	47055	Giles County, Tennessee	yes	1.0	0.0	0.0
6422	33	Rolled steel shape manufacturing	47	331221	147	47147	Robertson County, Tennessee	yes	1.0	0.0	0.0
6423	33	Rolled steel shape manufacturing	47	331221	157	47157	Shelby County, Tennessee	yes	1.6666666666666667	130.58333333333334	7062.583333333333
6424	33	Rolled steel shape manufacturing	47	331221	165	47165	Sumner County, Tennessee	yes	2.0	130.58333333333334	7062.583333333333
6425	33	Rolling mill and other metalworking machinery manufacturing	47	333519	37	47037	Davidson County, Tennessee	yes	1.6666666666666667	74.53333333333335	4959.900000000001
6426	33	Rolling mill and other metalworking machinery manufacturing	47	333519	65	47065	Hamilton County, Tennessee	yes	1.0	37.26666666666667	2479.9500000000003
6427	33	Rolling mill and other metalworking machinery manufacturing	47	333519	105	47105	Loudon County, Tennessee	yes	1.0	36.300000000000004	2303.6
6428	33	Rolling mill and other metalworking machinery manufacturing	47	333519	185	47185	White County, Tennessee	yes	1.0	37.26666666666667	2479.9500000000003
6429	33	Saw blade and handtool manufacturing	47	332216	3	47003	Bedford County, Tennessee	yes	1.0	52.75106837606838	2214.6156135531137
6430	33	Saw blade and handtool manufacturing	47	332216	19	47019	Carter County, Tennessee	yes	2.0	105.50213675213676	4429.231227106227
6431	33	Saw blade and handtool manufacturing	47	332216	37	47037	Davidson County, Tennessee	yes	1.0	44.25	1814.375
6432	33	Saw blade and handtool manufacturing	47	332216	63	47063	Hamblen County, Tennessee	yes	1.5	76.87606837606837	3235.570970695971
6433	33	Saw blade and handtool manufacturing	47	332216	65	47065	Hamilton County, Tennessee	yes	1.0	59.916666666666664	2420.25
6434	33	Saw blade and handtool manufacturing	47	332216	79	47079	Henry County, Tennessee	yes	1.0	49.16826923076923	2111.7984203296705
6435	33	Saw blade and handtool manufacturing	47	332216	83	47083	Houston County, Tennessee	yes	1.0	52.75106837606838	2214.6156135531137
6436	33	Saw blade and handtool manufacturing	47	332216	115	47115	Marion County, Tennessee	yes	1.0	52.75106837606838	2214.6156135531137
6437	33	Saw blade and handtool manufacturing	47	332216	131	47131	Obion County, Tennessee	yes	1.0	52.75106837606838	2214.6156135531137
6438	33	Saw blade and handtool manufacturing	47	332216	147	47147	Robertson County, Tennessee	yes	1.0	52.75106837606838	2214.6156135531137
6439	33	Saw blade and handtool manufacturing	47	332216	149	47149	Rutherford County, Tennessee	yes	1.0	52.75106837606838	2214.6156135531137
6440	33	Saw blade and handtool manufacturing	47	332216	157	47157	Shelby County, Tennessee	yes	1.1666666666666667	60.12606837606838	2517.011446886447
6441	33	Saw blade and handtool manufacturing	47	332216	179	47179	Washington County, Tennessee	yes	1.0	52.75106837606838	2214.6156135531137
6442	33	Saw blade and handtool manufacturing	47	332216	181	47181	Wayne County, Tennessee	yes	1.0	49.16826923076923	2111.7984203296705
6443	33	Sawmill, woodworking, and paper machinery manufacturing	47	333243	47	47047	Fayette County, Tennessee	yes	1.0	20.908369408369406	1174.3122294372295
6444	33	Sawmill, woodworking, and paper machinery manufacturing	47	333243	55	47055	Giles County, Tennessee	yes	1.0	17.968253968253965	905.6547619047619
6445	33	Sawmill, woodworking, and paper machinery manufacturing	47	333243	57	47057	Grainger County, Tennessee	yes	1.0	20.908369408369406	1174.3122294372295
6446	33	Sawmill, woodworking, and paper machinery manufacturing	47	333243	59	47059	Greene County, Tennessee	yes	1.0	20.908369408369406	1174.3122294372295
6447	33	Sawmill, woodworking, and paper machinery manufacturing	47	333243	63	47063	Hamblen County, Tennessee	yes	1.0	16.785714285714285	810.8571428571429
6448	33	Sawmill, woodworking, and paper machinery manufacturing	47	333243	65	47065	Hamilton County, Tennessee	yes	2.0	41.81673881673881	2348.624458874459
6449	33	Sawmill, woodworking, and paper machinery manufacturing	47	333243	101	47101	Lewis County, Tennessee	yes	1.0	16.785714285714285	810.8571428571429
6450	33	Sawmill, woodworking, and paper machinery manufacturing	47	333243	111	47111	Macon County, Tennessee	yes	1.0	20.908369408369406	1174.3122294372295
6451	33	Sawmill, woodworking, and paper machinery manufacturing	47	333243	149	47149	Rutherford County, Tennessee	yes	1.0	20.908369408369406	1174.3122294372295
6452	33	Sawmill, woodworking, and paper machinery manufacturing	47	333243	157	47157	Shelby County, Tennessee	yes	1.0	20.908369408369406	1174.3122294372295
6453	33	Sawmill, woodworking, and paper machinery manufacturing	47	333243	163	47163	Sullivan County, Tennessee	yes	1.0	20.908369408369406	1174.3122294372295
6454	33	Sawmill, woodworking, and paper machinery manufacturing	47	333243	177	47177	Warren County, Tennessee	yes	1.0	20.908369408369406	1174.3122294372295
6455	33	Sawmill, woodworking, and paper machinery manufacturing	47	333243	181	47181	Wayne County, Tennessee	yes	1.0	20.908369408369406	1174.3122294372295
6456	33	Scale and balance manufacturing	47	333997	157	47157	Shelby County, Tennessee	yes	1.0	0.0	0.0
6457	33	Search, detection, navigation, guidance, aeronautical, and nautical system and instrument manufacturing	47	334511	1	47001	Anderson County, Tennessee	yes	1.0	13.722222222222221	1401.722222222222
6458	33	Search, detection, navigation, guidance, aeronautical, and nautical system and instrument manufacturing	47	334511	93	47093	Knox County, Tennessee	yes	1.0	13.722222222222221	1401.722222222222
6459	33	Search, detection, navigation, guidance, aeronautical, and nautical system and instrument manufacturing	47	334511	133	47133	Overton County, Tennessee	yes	1.0	0.0	0.0
6460	33	Search, detection, navigation, guidance, aeronautical, and nautical system and instrument manufacturing	47	334511	149	47149	Rutherford County, Tennessee	yes	1.0	13.722222222222221	1401.722222222222
6461	33	Secondary smelting and alloying of aluminum	47	331314	5	47005	Benton County, Tennessee	yes	1.0	71.94444444444444	4079.7063492063485
6462	33	Secondary smelting and alloying of aluminum	47	331314	85	47085	Humphreys County, Tennessee	yes	1.0	71.94444444444444	4079.7063492063485
6463	33	Secondary smelting and alloying of aluminum	47	331314	105	47105	Loudon County, Tennessee	yes	1.0	71.94444444444444	4079.7063492063485
6464	33	Secondary smelting and alloying of aluminum	47	331314	113	47113	Madison County, Tennessee	yes	1.0	72.6	4106.114285714285
6465	33	Secondary smelting and alloying of aluminum	47	331314	119	47119	Maury County, Tennessee	yes	2.0	143.88888888888889	8159.412698412697
6466	33	Secondary smelting and alloying of aluminum	47	331314	129	47129	Morgan County, Tennessee	yes	1.0	71.94444444444444	4079.7063492063485
6467	33	Secondary smelting, refining, and alloying of nonferrous metal (except copper and aluminum)	47	331492	65	47065	Hamilton County, Tennessee	yes	1.0	36.125	2061.0
6468	33	Secondary smelting, refining, and alloying of nonferrous metal (except copper and aluminum)	47	331492	93	47093	Knox County, Tennessee	yes	1.0	35.94642857142857	1947.2380952380952
6469	33	Secondary smelting, refining, and alloying of nonferrous metal (except copper and aluminum)	47	331492	123	47123	Monroe County, Tennessee	yes	1.0	35.94642857142857	1947.2380952380952
6470	33	Secondary smelting, refining, and alloying of nonferrous metal (except copper and aluminum)	47	331492	125	47125	Montgomery County, Tennessee	yes	2.0	71.89285714285714	3894.4761904761904
6471	33	Secondary smelting, refining, and alloying of nonferrous metal (except copper and aluminum)	47	331492	129	47129	Morgan County, Tennessee	yes	1.0	35.94642857142857	1947.2380952380952
6472	33	Secondary smelting, refining, and alloying of nonferrous metal (except copper and aluminum)	47	331492	145	47145	Roane County, Tennessee	yes	1.0	35.94642857142857	1947.2380952380952
6473	33	Secondary smelting, refining, and alloying of nonferrous metal (except copper and aluminum)	47	331492	179	47179	Washington County, Tennessee	yes	1.0	35.94642857142857	1947.2380952380952
6474	33	Semiconductor and related device manufacturing	47	334413	1	47001	Anderson County, Tennessee	yes	1.0	2.5749999999999997	238.35833333333335
6475	33	Semiconductor and related device manufacturing	47	334413	9	47009	Blount County, Tennessee	yes	1.0	2.5749999999999997	238.35833333333335
6476	33	Semiconductor and related device manufacturing	47	334413	15	47015	Cannon County, Tennessee	yes	1.0	2.875	157.0
6477	33	Semiconductor and related device manufacturing	47	334413	37	47037	Davidson County, Tennessee	yes	2.0	11.5	628.0
6478	33	Semiconductor and related device manufacturing	47	334413	65	47065	Hamilton County, Tennessee	yes	1.0	3.233333333333333	372.05
6479	33	Semiconductor and related device manufacturing	47	334413	107	47107	McMinn County, Tennessee	yes	1.0	3.6	403.20000000000005
6480	33	Semiconductor and related device manufacturing	47	334413	149	47149	Rutherford County, Tennessee	yes	1.0	5.75	314.0
6481	33	Semiconductor and related device manufacturing	47	334413	157	47157	Shelby County, Tennessee	yes	1.1666666666666667	2.5749999999999997	238.35833333333335
6482	33	Semiconductor and related device manufacturing	47	334413	159	47159	Smith County, Tennessee	yes	1.0	2.875	157.0
6483	33	Semiconductor machinery manufacturing	47	333242	1	47001	Anderson County, Tennessee	yes	1.0	0.0	0.0
6484	33	Semiconductor machinery manufacturing	47	333242	179	47179	Washington County, Tennessee	yes	1.0	0.0	0.0
6485	33	Sheet metal work manufacturing	47	332322	3	47003	Bedford County, Tennessee	yes	1.0	21.970402138646246	981.4108492202868
6486	33	Sheet metal work manufacturing	47	332322	9	47009	Blount County, Tennessee	yes	1.0	21.970402138646246	981.4108492202868
6487	33	Sheet metal work manufacturing	47	332322	11	47011	Bradley County, Tennessee	yes	2.0	43.94080427729249	1962.8216984405735
6488	33	Sheet metal work manufacturing	47	332322	13	47013	Campbell County, Tennessee	yes	1.0	23.872890559732667	1044.8094402673348
6489	33	Sheet metal work manufacturing	47	332322	15	47015	Cannon County, Tennessee	yes	1.0	20.067913717559822	918.0122581732389
6490	33	Sheet metal work manufacturing	47	332322	21	47021	Cheatham County, Tennessee	yes	1.0	17.351870576339735	815.4783872598584
6491	33	Sheet metal work manufacturing	47	332322	31	47031	Coffee County, Tennessee	yes	2.0	43.94080427729249	1962.8216984405735
6492	33	Sheet metal work manufacturing	47	332322	35	47035	Cumberland County, Tennessee	yes	1.1666666666666667	25.53706880531291	1140.2052936647312
6493	33	Sheet metal work manufacturing	47	332322	37	47037	Davidson County, Tennessee	no	5.833333333333333	112.5	4386.0
6494	33	Sheet metal work manufacturing	47	332322	47	47047	Fayette County, Tennessee	yes	2.0	43.94080427729249	1962.8216984405735
6495	33	Sheet metal work manufacturing	47	332322	51	47051	Franklin County, Tennessee	yes	1.0	21.970402138646246	981.4108492202868
6496	33	Sheet metal work manufacturing	47	332322	53	47053	Gibson County, Tennessee	yes	1.0	21.970402138646246	981.4108492202868
6497	33	Sheet metal work manufacturing	47	332322	59	47059	Greene County, Tennessee	yes	1.8333333333333333	37.10498252287274	1683.8575518379703
6498	33	Sheet metal work manufacturing	47	332322	63	47063	Hamblen County, Tennessee	yes	1.0	21.970402138646246	981.4108492202868
6499	33	Sheet metal work manufacturing	47	332322	65	47065	Hamilton County, Tennessee	no	6.5	274.5	10314.75
6500	33	Sheet metal work manufacturing	47	332322	65	47065	Hamilton County, Tennessee	yes	7.0	174.12030075187968	7554.699248120301
6501	33	Sheet metal work manufacturing	47	332322	71	47071	Hardin County, Tennessee	yes	2.3333333333333335	51.41818522967344	2289.9018571707325
6502	33	Sheet metal work manufacturing	47	332322	73	47073	Hawkins County, Tennessee	yes	2.3333333333333335	52.31058289049216	2326.431974129797
6503	33	Sheet metal work manufacturing	47	332322	85	47085	Humphreys County, Tennessee	no	3.0	55.0	4468.0
6504	33	Sheet metal work manufacturing	47	332322	85	47085	Humphreys County, Tennessee	yes	2.25	54.934335839599	2409.5241604010025
6505	33	Sheet metal work manufacturing	47	332322	93	47093	Knox County, Tennessee	no	6.4	196.2	9688.6
6506	33	Sheet metal work manufacturing	47	332322	93	47093	Knox County, Tennessee	yes	8.0	171.2	7622.133333333333
6507	33	Sheet metal work manufacturing	47	332322	99	47099	Lawrence County, Tennessee	yes	1.0	21.970402138646246	981.4108492202868
6508	33	Sheet metal work manufacturing	47	332322	107	47107	McMinn County, Tennessee	yes	2.0	43.94080427729249	1962.8216984405735
6509	33	Sheet metal work manufacturing	47	332322	113	47113	Madison County, Tennessee	yes	2.0	43.47906355879587	1962.9920714703844
6510	33	Sheet metal work manufacturing	47	332322	119	47119	Maury County, Tennessee	yes	2.3333333333333335	50.06404685035812	2253.542113241479
6511	33	Sheet metal work manufacturing	47	332322	123	47123	Monroe County, Tennessee	yes	2.0	43.94080427729249	1962.8216984405735
6512	33	Sheet metal work manufacturing	47	332322	125	47125	Montgomery County, Tennessee	yes	1.0	23.46428571428571	1009.7142857142857
6513	33	Sheet metal work manufacturing	47	332322	131	47131	Obion County, Tennessee	yes	1.6666666666666667	38.15684741851258	1690.9955693539544
6514	33	Sheet metal work manufacturing	47	332322	133	47133	Overton County, Tennessee	yes	1.0	21.970402138646246	981.4108492202868
6515	33	Sheet metal work manufacturing	47	332322	141	47141	Putnam County, Tennessee	no	3.0	7.166666666666667	382.3333333333333
6516	33	Sheet metal work manufacturing	47	332322	147	47147	Robertson County, Tennessee	no	3.0	15.666666666666666	432.6666666666667
6517	33	Sheet metal work manufacturing	47	332322	147	47147	Robertson County, Tennessee	yes	1.6666666666666667	39.92435254803676	1753.0474519632414
6518	33	Sheet metal work manufacturing	47	332322	149	47149	Rutherford County, Tennessee	yes	2.0	43.94080427729249	1962.8216984405735
6519	33	Sheet metal work manufacturing	47	332322	153	47153	Sequatchie County, Tennessee	yes	1.0	21.970402138646246	981.4108492202868
6520	33	Sheet metal work manufacturing	47	332322	155	47155	Sevier County, Tennessee	yes	1.0	17.351870576339735	815.4783872598584
6521	33	Sheet metal work manufacturing	47	332322	157	47157	Shelby County, Tennessee	no	11.5	207.66666666666666	12352.5
6522	33	Sheet metal work manufacturing	47	332322	163	47163	Sullivan County, Tennessee	yes	1.8333333333333333	40.0300899915782	1794.5359841548595
6523	33	Sheet metal work manufacturing	47	332322	165	47165	Sumner County, Tennessee	no	3.0	244.0	10030.0
6524	33	Sheet metal work manufacturing	47	332322	165	47165	Sumner County, Tennessee	yes	3.25	78.18900375939849	3431.32290726817
6525	33	Sheet metal work manufacturing	47	332322	167	47167	Tipton County, Tennessee	yes	2.0	43.94080427729249	1962.8216984405735
6526	33	Sheet metal work manufacturing	47	332322	177	47177	Warren County, Tennessee	yes	1.0	21.970402138646246	981.4108492202868
6527	33	Sheet metal work manufacturing	47	332322	179	47179	Washington County, Tennessee	no	4.0	51.0	2433.0
6528	33	Sheet metal work manufacturing	47	332322	179	47179	Washington County, Tennessee	yes	2.0	48.559335839599	2128.754160401002
6529	33	Sheet metal work manufacturing	47	332322	183	47183	Weakley County, Tennessee	yes	1.0	21.970402138646246	981.4108492202868
6530	33	Sheet metal work manufacturing	47	332322	189	47189	Wilson County, Tennessee	no	3.0	38.0	1677.0
6531	33	Sheet metal work manufacturing	47	332322	189	47189	Wilson County, Tennessee	yes	2.0	48.559335839599	2128.754160401002
6532	33	Ship building and repairing	47	336611	21	47021	Cheatham County, Tennessee	yes	1.0	0.0	0.0
6533	33	Ship building and repairing	47	336611	65	47065	Hamilton County, Tennessee	yes	1.0	0.0	0.0
6534	33	Ship building and repairing	47	336611	85	47085	Humphreys County, Tennessee	yes	1.0	0.0	0.0
6535	33	Ship building and repairing	47	336611	155	47155	Sevier County, Tennessee	yes	1.0	0.0	0.0
6536	33	Showcase, partition, shelving, and locker manufacturing	47	337215	3	47003	Bedford County, Tennessee	yes	1.0	102.83851909184726	4203.120175438596
6537	33	Showcase, partition, shelving, and locker manufacturing	47	337215	11	47011	Bradley County, Tennessee	yes	2.0	205.67703818369452	8406.240350877191
6538	33	Showcase, partition, shelving, and locker manufacturing	47	337215	15	47015	Cannon County, Tennessee	yes	1.0	102.83851909184726	4203.120175438596
6539	33	Showcase, partition, shelving, and locker manufacturing	47	337215	23	47023	Chester County, Tennessee	yes	1.0	102.83851909184726	4203.120175438596
6540	33	Showcase, partition, shelving, and locker manufacturing	47	337215	31	47031	Coffee County, Tennessee	yes	1.0	102.83851909184726	4203.120175438596
6541	33	Showcase, partition, shelving, and locker manufacturing	47	337215	37	47037	Davidson County, Tennessee	yes	2.8333333333333335	293.8138028895769	12008.790350877194
6542	33	Showcase, partition, shelving, and locker manufacturing	47	337215	43	47043	Dickson County, Tennessee	yes	1.0	102.83851909184726	4203.120175438596
6543	33	Showcase, partition, shelving, and locker manufacturing	47	337215	65	47065	Hamilton County, Tennessee	yes	1.0	102.83851909184726	4203.120175438596
6544	33	Showcase, partition, shelving, and locker manufacturing	47	337215	71	47071	Hardin County, Tennessee	yes	1.0	85.33026315789473	3355.3105263157895
6545	33	Showcase, partition, shelving, and locker manufacturing	47	337215	73	47073	Hawkins County, Tennessee	yes	1.0	102.83851909184726	4203.120175438596
6546	33	Showcase, partition, shelving, and locker manufacturing	47	337215	93	47093	Knox County, Tennessee	yes	1.0	102.83851909184726	4203.120175438596
6547	33	Showcase, partition, shelving, and locker manufacturing	47	337215	137	47137	Pickett County, Tennessee	yes	1.0	102.83851909184726	4203.120175438596
6548	33	Showcase, partition, shelving, and locker manufacturing	47	337215	141	47141	Putnam County, Tennessee	yes	1.0	102.83851909184726	4203.120175438596
6549	33	Showcase, partition, shelving, and locker manufacturing	47	337215	147	47147	Robertson County, Tennessee	yes	1.0	102.83851909184726	4203.120175438596
6550	33	Showcase, partition, shelving, and locker manufacturing	47	337215	157	47157	Shelby County, Tennessee	no	3.0	12.75	375.5
6551	33	Showcase, partition, shelving, and locker manufacturing	47	337215	157	47157	Shelby County, Tennessee	yes	2.0	170.66052631578947	6710.621052631579
6552	33	Showcase, partition, shelving, and locker manufacturing	47	337215	177	47177	Warren County, Tennessee	yes	1.0	102.83851909184726	4203.120175438596
6553	33	Sign manufacturing	47	339950	1	47001	Anderson County, Tennessee	yes	1.0	17.356814354271084	642.1488279749207
6554	33	Sign manufacturing	47	339950	9	47009	Blount County, Tennessee	no	3.0	10.0	122.0
6555	33	Sign manufacturing	47	339950	9	47009	Blount County, Tennessee	yes	2.0	34.72050539364682	1309.7609607247152
6556	33	Sign manufacturing	47	339950	11	47011	Bradley County, Tennessee	yes	1.0	17.356814354271084	642.1488279749207
6557	33	Sign manufacturing	47	339950	13	47013	Campbell County, Tennessee	yes	1.0	17.356814354271084	642.1488279749207
6558	33	Sign manufacturing	47	339950	21	47021	Cheatham County, Tennessee	yes	1.0	16.86246293941101	607.8871649984764
6559	33	Sign manufacturing	47	339950	23	47023	Chester County, Tennessee	yes	1.0	17.356814354271084	642.1488279749207
6560	33	Sign manufacturing	47	339950	25	47025	Claiborne County, Tennessee	yes	1.3333333333333333	22.417038443906936	834.8820212522318
6561	33	Sign manufacturing	47	339950	29	47029	Cocke County, Tennessee	yes	1.0	17.356814354271084	642.1488279749207
6562	33	Sign manufacturing	47	339950	31	47031	Coffee County, Tennessee	no	4.666666666666667	33.0	907.6666666666666
6563	33	Sign manufacturing	47	339950	31	47031	Coffee County, Tennessee	yes	4.666666666666667	84.00338998171195	2912.3235202283777
6564	33	Sign manufacturing	47	339950	37	47037	Davidson County, Tennessee	no	14.833333333333334	161.83333333333334	6970.833333333333
6565	33	Sign manufacturing	47	339950	43	47043	Dickson County, Tennessee	yes	1.0	17.356814354271084	642.1488279749207
6566	33	Sign manufacturing	47	339950	59	47059	Greene County, Tennessee	yes	1.0	17.356814354271084	642.1488279749207
6567	33	Sign manufacturing	47	339950	63	47063	Hamblen County, Tennessee	yes	1.3333333333333333	23.391195905633765	842.9528112034324
6568	33	Sign manufacturing	47	339950	65	47065	Hamilton County, Tennessee	no	6.0	236.0	12927.0
6569	33	Sign manufacturing	47	339950	65	47065	Hamilton County, Tennessee	yes	4.0	73.77954158781137	2696.493808185659
6570	33	Sign manufacturing	47	339950	71	47071	Hardin County, Tennessee	yes	1.0	17.356814354271084	642.1488279749207
6571	33	Sign manufacturing	47	339950	79	47079	Henry County, Tennessee	yes	1.0	17.356814354271084	642.1488279749207
6572	33	Sign manufacturing	47	339950	83	47083	Houston County, Tennessee	yes	1.0	17.74468085106383	678.2127659574468
6573	33	Sign manufacturing	47	339950	93	47093	Knox County, Tennessee	no	11.0	72.0	2504.2
6574	33	Sign manufacturing	47	339950	93	47093	Knox County, Tennessee	yes	11.0	190.73584905660377	6363.396226415095
6575	33	Sign manufacturing	47	339950	99	47099	Lawrence County, Tennessee	yes	1.1666666666666667	20.50125879871553	746.5377168638096
6576	33	Sign manufacturing	47	339950	107	47107	McMinn County, Tennessee	yes	1.0	17.356814354271084	642.1488279749207
6577	33	Sign manufacturing	47	339950	113	47113	Madison County, Tennessee	yes	1.3333333333333333	22.417038443906936	834.8820212522318
6578	33	Sign manufacturing	47	339950	119	47119	Maury County, Tennessee	yes	2.1666666666666665	37.603565815460406	1380.7127502894639
6579	33	Sign manufacturing	47	339950	125	47125	Montgomery County, Tennessee	no	4.0	7.0	547.0
6580	33	Sign manufacturing	47	339950	125	47125	Montgomery County, Tennessee	yes	2.0	36.88977079390568	1348.2469040928295
6581	33	Sign manufacturing	47	339950	141	47141	Putnam County, Tennessee	no	4.0	43.8	2792.2
6582	33	Sign manufacturing	47	339950	141	47141	Putnam County, Tennessee	yes	3.0	53.234042553191486	2034.6382978723402
6583	33	Sign manufacturing	47	339950	143	47143	Rhea County, Tennessee	yes	1.0	17.36025269682341	654.8804803623576
6584	33	Sign manufacturing	47	339950	145	47145	Roane County, Tennessee	yes	1.0	15.180672268907564	578.1995798319327
6585	33	Sign manufacturing	47	339950	147	47147	Robertson County, Tennessee	yes	1.4	23.12711279935499	876.5917588360113
6586	33	Sign manufacturing	47	339950	149	47149	Rutherford County, Tennessee	no	6.333333333333333	82.66666666666667	4062.3333333333335
6587	33	Sign manufacturing	47	339950	149	47149	Rutherford County, Tennessee	yes	5.0	89.91828359873323	3138.3944422141935
6588	33	Sign manufacturing	47	339950	151	47151	Scott County, Tennessee	yes	1.0	18.813306315433973	706.0010807159742
6589	33	Sign manufacturing	47	339950	155	47155	Sevier County, Tennessee	yes	1.0	17.356814354271084	642.1488279749207
6590	33	Sign manufacturing	47	339950	157	47157	Shelby County, Tennessee	no	8.666666666666666	93.16666666666667	3611.6666666666665
6591	33	Sign manufacturing	47	339950	163	47163	Sullivan County, Tennessee	yes	1.0	17.356814354271084	642.1488279749207
6592	33	Sign manufacturing	47	339950	165	47165	Sumner County, Tennessee	no	3.3333333333333335	6.0	497.6666666666667
6593	33	Sign manufacturing	47	339950	165	47165	Sumner County, Tennessee	yes	2.0	33.45994397759104	1313.2375350140055
6594	33	Sign manufacturing	47	339950	179	47179	Washington County, Tennessee	yes	1.3333333333333333	23.391195905633765	842.9528112034324
6595	33	Sign manufacturing	47	339950	187	47187	Williamson County, Tennessee	no	4.0	1.5	186.5
6596	33	Sign manufacturing	47	339950	187	47187	Williamson County, Tennessee	yes	1.5	24.573985338816378	951.1170570355802
6597	33	Sign manufacturing	47	339950	189	47189	Wilson County, Tennessee	yes	2.0	34.71362870854217	1284.2976559498413
6598	33	Small arms ammunition manufacturing	47	332992	37	47037	Davidson County, Tennessee	yes	1.0	9.25	235.5
6599	33	Small arms ammunition manufacturing	47	332992	47	47047	Fayette County, Tennessee	yes	1.0	1.5416666666666667	83.3611111111111
6600	33	Small arms ammunition manufacturing	47	332992	61	47061	Grundy County, Tennessee	yes	1.0	0.0	0.0
6601	33	Small arms ammunition manufacturing	47	332992	81	47081	Hickman County, Tennessee	yes	1.0	2.3125	125.04166666666666
6602	33	Small arms ammunition manufacturing	47	332992	93	47093	Knox County, Tennessee	yes	1.0	4.625	250.08333333333331
6603	33	Small arms ammunition manufacturing	47	332992	117	47117	Marshall County, Tennessee	yes	1.0	0.0	0.0
6604	33	Small arms, ordnance, and ordnance accessories manufacturing	47	332994	9	47009	Blount County, Tennessee	yes	1.0	25.579563492063496	1545.9077380952383
6605	33	Small arms, ordnance, and ordnance accessories manufacturing	47	332994	37	47037	Davidson County, Tennessee	yes	1.3333333333333333	33.35039682539683	1954.6369047619048
6606	33	Small arms, ordnance, and ordnance accessories manufacturing	47	332994	55	47055	Giles County, Tennessee	yes	1.0	25.070476190476192	1608.264285714286
6607	33	Small arms, ordnance, and ordnance accessories manufacturing	47	332994	57	47057	Grainger County, Tennessee	yes	1.0	25.070476190476192	1608.264285714286
6608	33	Small arms, ordnance, and ordnance accessories manufacturing	47	332994	59	47059	Greene County, Tennessee	yes	1.0	25.579563492063496	1545.9077380952383
6609	33	Small arms, ordnance, and ordnance accessories manufacturing	47	332994	67	47067	Hancock County, Tennessee	yes	1.0	28.125	1234.125
6610	33	Small arms, ordnance, and ordnance accessories manufacturing	47	332994	89	47089	Jefferson County, Tennessee	yes	1.0	30.31746031746032	1913.4238095238095
6611	33	Small arms, ordnance, and ordnance accessories manufacturing	47	332994	93	47093	Knox County, Tennessee	yes	2.2	62.89928571428571	3874.2935714285713
6612	33	Small arms, ordnance, and ordnance accessories manufacturing	47	332994	105	47105	Loudon County, Tennessee	yes	1.1666666666666667	28.62718253968254	1754.0863095238094
6613	33	Small arms, ordnance, and ordnance accessories manufacturing	47	332994	139	47139	Polk County, Tennessee	yes	1.0	30.31746031746032	1913.4238095238095
6614	33	Small arms, ordnance, and ordnance accessories manufacturing	47	332994	149	47149	Rutherford County, Tennessee	yes	1.0	25.579563492063496	1545.9077380952383
6615	33	Small arms, ordnance, and ordnance accessories manufacturing	47	332994	163	47163	Sullivan County, Tennessee	yes	1.0	26.713095238095242	1705.7678571428573
6616	33	Small arms, ordnance, and ordnance accessories manufacturing	47	332994	165	47165	Sumner County, Tennessee	yes	1.0	36.333333333333336	2245.6
6617	33	Small arms, ordnance, and ordnance accessories manufacturing	47	332994	179	47179	Washington County, Tennessee	yes	1.0	30.31746031746032	1913.4238095238095
6618	33	Small electrical appliance manufacturing	47	335210	11	47011	Bradley County, Tennessee	yes	1.0	117.95714285714286	3648.464285714286
6619	33	Small electrical appliance manufacturing	47	335210	59	47059	Greene County, Tennessee	yes	1.0	121.47619047619048	3476.019047619048
6620	33	Small electrical appliance manufacturing	47	335210	131	47131	Obion County, Tennessee	yes	1.0	106.3047619047619	4484.587301587301
6621	33	Small electrical appliance manufacturing	47	335210	141	47141	Putnam County, Tennessee	yes	1.0	106.3047619047619	4484.587301587301
6622	33	Small electrical appliance manufacturing	47	335210	157	47157	Shelby County, Tennessee	yes	1.0	103.91428571428571	3597.328571428571
6623	33	Small electrical appliance manufacturing	47	335210	187	47187	Williamson County, Tennessee	yes	1.1666666666666667	123.04285714285713	4989.396825396826
6624	33	Software and other prerecorded compact disc, tape, and record reproducing	47	334614	11	47011	Bradley County, Tennessee	yes	1.25	21.145833333333332	681.1041666666666
6625	33	Software and other prerecorded compact disc, tape, and record reproducing	47	334614	35	47035	Cumberland County, Tennessee	yes	1.0	19.949074074074073	780.5416666666666
6626	33	Software and other prerecorded compact disc, tape, and record reproducing	47	334614	37	47037	Davidson County, Tennessee	no	7.833333333333333	160.66666666666666	6558.333333333333
6627	33	Software and other prerecorded compact disc, tape, and record reproducing	47	334614	135	47135	Perry County, Tennessee	yes	1.0	19.949074074074073	780.5416666666666
6628	33	Software and other prerecorded compact disc, tape, and record reproducing	47	334614	149	47149	Rutherford County, Tennessee	yes	1.0	4.5	371.91666666666663
6629	33	Software and other prerecorded compact disc, tape, and record reproducing	47	334614	157	47157	Shelby County, Tennessee	yes	1.0	4.666666666666666	333.0
6630	33	Software and other prerecorded compact disc, tape, and record reproducing	47	334614	187	47187	Williamson County, Tennessee	yes	1.0	19.949074074074073	780.5416666666666
6631	33	Special die and tool, die set, jig, and fixture manufacturing	47	333514	1	47001	Anderson County, Tennessee	yes	1.0	10.0584952436055	443.29287642709755
6632	33	Special die and tool, die set, jig, and fixture manufacturing	47	333514	3	47003	Bedford County, Tennessee	yes	1.0	10.0584952436055	443.29287642709755
6633	33	Special die and tool, die set, jig, and fixture manufacturing	47	333514	5	47005	Benton County, Tennessee	yes	1.0	10.0584952436055	443.29287642709755
6634	33	Special die and tool, die set, jig, and fixture manufacturing	47	333514	9	47009	Blount County, Tennessee	yes	1.0	8.550017499185385	420.57990490097876
6635	33	Special die and tool, die set, jig, and fixture manufacturing	47	333514	15	47015	Cannon County, Tennessee	yes	1.0	10.0584952436055	443.29287642709755
6636	33	Special die and tool, die set, jig, and fixture manufacturing	47	333514	17	47017	Carroll County, Tennessee	yes	2.0	20.116990487211	886.5857528541951
6637	33	Special die and tool, die set, jig, and fixture manufacturing	47	333514	19	47019	Carter County, Tennessee	yes	1.0	10.0584952436055	443.29287642709755
6638	33	Special die and tool, die set, jig, and fixture manufacturing	47	333514	23	47023	Chester County, Tennessee	yes	1.8333333333333333	19.210663489278783	833.527929189026
6639	33	Special die and tool, die set, jig, and fixture manufacturing	47	333514	31	47031	Coffee County, Tennessee	no	3.0	46.75	2993.0
6640	33	Special die and tool, die set, jig, and fixture manufacturing	47	333514	31	47031	Coffee County, Tennessee	yes	2.0	22.507936507936506	976.6666666666666
6641	33	Special die and tool, die set, jig, and fixture manufacturing	47	333514	37	47037	Davidson County, Tennessee	no	4.166666666666667	68.66666666666667	4222.0
6642	33	Special die and tool, die set, jig, and fixture manufacturing	47	333514	43	47043	Dickson County, Tennessee	yes	1.5	15.84198173761831	676.2958004037057
6643	33	Special die and tool, die set, jig, and fixture manufacturing	47	333514	45	47045	Dyer County, Tennessee	yes	1.0	12.126984126984127	555.1587301587301
6644	33	Special die and tool, die set, jig, and fixture manufacturing	47	333514	47	47047	Fayette County, Tennessee	yes	1.0	10.0584952436055	443.29287642709755
6645	33	Special die and tool, die set, jig, and fixture manufacturing	47	333514	51	47051	Franklin County, Tennessee	yes	1.0	12.126984126984127	555.1587301587301
6646	33	Special die and tool, die set, jig, and fixture manufacturing	47	333514	53	47053	Gibson County, Tennessee	yes	2.6666666666666665	26.424162979493747	1167.1008515035148
6647	33	Special die and tool, die set, jig, and fixture manufacturing	47	333514	55	47055	Giles County, Tennessee	yes	1.5	14.333503993198194	653.582828877587
6648	33	Special die and tool, die set, jig, and fixture manufacturing	47	333514	59	47059	Greene County, Tennessee	no	3.1666666666666665	10.5	613.3333333333334
6649	33	Special die and tool, die set, jig, and fixture manufacturing	47	333514	63	47063	Hamblen County, Tennessee	yes	1.0	10.0584952436055	443.29287642709755
6650	33	Special die and tool, die set, jig, and fixture manufacturing	47	333514	65	47065	Hamilton County, Tennessee	no	3.0	18.0	872.0
6651	33	Special die and tool, die set, jig, and fixture manufacturing	47	333514	65	47065	Hamilton County, Tennessee	yes	2.0	21.39301267352779	893.1257932064203
6652	33	Special die and tool, die set, jig, and fixture manufacturing	47	333514	71	47071	Hardin County, Tennessee	yes	1.0	10.139044419559538	404.79245987308695
6653	33	Special die and tool, die set, jig, and fixture manufacturing	47	333514	73	47073	Hawkins County, Tennessee	yes	1.0	10.0584952436055	443.29287642709755
6654	33	Special die and tool, die set, jig, and fixture manufacturing	47	333514	77	47077	Henderson County, Tennessee	yes	1.0	10.0584952436055	443.29287642709755
6655	33	Special die and tool, die set, jig, and fixture manufacturing	47	333514	79	47079	Henry County, Tennessee	no	3.6666666666666665	9.0	400.5
6656	33	Special die and tool, die set, jig, and fixture manufacturing	47	333514	97	47097	Lauderdale County, Tennessee	yes	1.0	10.0584952436055	443.29287642709755
6657	33	Special die and tool, die set, jig, and fixture manufacturing	47	333514	99	47099	Lawrence County, Tennessee	yes	2.0	20.116990487211	886.5857528541951
6658	33	Special die and tool, die set, jig, and fixture manufacturing	47	333514	103	47103	Lincoln County, Tennessee	yes	1.0	10.0584952436055	443.29287642709755
6659	33	Special die and tool, die set, jig, and fixture manufacturing	47	333514	107	47107	McMinn County, Tennessee	yes	2.0	20.116990487211	886.5857528541951
6660	33	Special die and tool, die set, jig, and fixture manufacturing	47	333514	109	47109	McNairy County, Tennessee	yes	1.0	10.0584952436055	443.29287642709755
6661	33	Special die and tool, die set, jig, and fixture manufacturing	47	333514	111	47111	Macon County, Tennessee	no	3.5	9.333333333333334	1159.8333333333333
6662	33	Special die and tool, die set, jig, and fixture manufacturing	47	333514	113	47113	Madison County, Tennessee	yes	1.0	11.253968253968253	488.3333333333333
6663	33	Special die and tool, die set, jig, and fixture manufacturing	47	333514	123	47123	Monroe County, Tennessee	yes	1.0	11.566972988025618	466.00584795321635
6664	33	Special die and tool, die set, jig, and fixture manufacturing	47	333514	129	47129	Morgan County, Tennessee	yes	1.0	10.0584952436055	443.29287642709755
6665	33	Special die and tool, die set, jig, and fixture manufacturing	47	333514	131	47131	Obion County, Tennessee	no	4.0	42.0	1779.0
6666	33	Special die and tool, die set, jig, and fixture manufacturing	47	333514	131	47131	Obion County, Tennessee	yes	2.4	23.8043819012781	1010.4111741017257
6667	33	Special die and tool, die set, jig, and fixture manufacturing	47	333514	133	47133	Overton County, Tennessee	no	3.0	36.666666666666664	1669.3333333333333
6668	33	Special die and tool, die set, jig, and fixture manufacturing	47	333514	133	47133	Overton County, Tennessee	yes	2.0	23.133945976051237	932.0116959064327
6669	33	Special die and tool, die set, jig, and fixture manufacturing	47	333514	141	47141	Putnam County, Tennessee	no	3.0	38.5	1815.5
6670	33	Special die and tool, die set, jig, and fixture manufacturing	47	333514	141	47141	Putnam County, Tennessee	yes	2.25	22.631679406495063	1030.4631535351898
6671	33	Special die and tool, die set, jig, and fixture manufacturing	47	333514	143	47143	Rhea County, Tennessee	yes	1.0	10.0584952436055	443.29287642709755
6672	33	Special die and tool, die set, jig, and fixture manufacturing	47	333514	145	47145	Roane County, Tennessee	yes	1.0	10.0584952436055	443.29287642709755
6673	33	Special die and tool, die set, jig, and fixture manufacturing	47	333514	147	47147	Robertson County, Tennessee	no	5.333333333333333	76.0	4238.0
6674	33	Special die and tool, die set, jig, and fixture manufacturing	47	333514	147	47147	Robertson County, Tennessee	yes	6.0	69.40183792815371	2796.035087719298
6675	33	Special die and tool, die set, jig, and fixture manufacturing	47	333514	149	47149	Rutherford County, Tennessee	yes	2.5	25.900476981223807	1119.5886768308033
6676	33	Special die and tool, die set, jig, and fixture manufacturing	47	333514	157	47157	Shelby County, Tennessee	yes	1.0	10.0584952436055	443.29287642709755
6677	33	Special die and tool, die set, jig, and fixture manufacturing	47	333514	163	47163	Sullivan County, Tennessee	yes	2.0	22.507936507936506	976.6666666666666
6678	33	Special die and tool, die set, jig, and fixture manufacturing	47	333514	165	47165	Sumner County, Tennessee	no	7.666666666666667	65.0	3222.6666666666665
6679	33	Special die and tool, die set, jig, and fixture manufacturing	47	333514	177	47177	Warren County, Tennessee	no	4.0	15.0	1193.0
6680	33	Special die and tool, die set, jig, and fixture manufacturing	47	333514	177	47177	Warren County, Tennessee	yes	2.0	21.39301267352779	893.1257932064203
6681	33	Special die and tool, die set, jig, and fixture manufacturing	47	333514	179	47179	Washington County, Tennessee	yes	1.0	10.0584952436055	443.29287642709755
6682	33	Special die and tool, die set, jig, and fixture manufacturing	47	333514	181	47181	Wayne County, Tennessee	yes	1.0	10.0584952436055	443.29287642709755
6683	33	Special die and tool, die set, jig, and fixture manufacturing	47	333514	183	47183	Weakley County, Tennessee	yes	2.0	20.116990487211	886.5857528541951
6684	33	Special die and tool, die set, jig, and fixture manufacturing	47	333514	185	47185	White County, Tennessee	yes	1.0	10.0584952436055	443.29287642709755
6685	33	Special die and tool, die set, jig, and fixture manufacturing	47	333514	187	47187	Williamson County, Tennessee	yes	1.1666666666666667	12.07965926476952	535.8193314535525
6686	33	Special die and tool, die set, jig, and fixture manufacturing	47	333514	189	47189	Wilson County, Tennessee	yes	1.0	10.0584952436055	443.29287642709755
6687	33	Sporting and athletic goods manufacturing	47	339920	11	47011	Bradley County, Tennessee	yes	1.0	17.5	1082.5555555555554
6688	33	Sporting and athletic goods manufacturing	47	339920	27	47027	Clay County, Tennessee	yes	1.0	13.848519736842107	624.534283625731
6689	33	Sporting and athletic goods manufacturing	47	339920	31	47031	Coffee County, Tennessee	yes	1.0	17.127304474421347	819.0536680754172
6690	33	Sporting and athletic goods manufacturing	47	339920	35	47035	Cumberland County, Tennessee	yes	1.0	17.63157894736842	647.6315789473684
6691	33	Sporting and athletic goods manufacturing	47	339920	37	47037	Davidson County, Tennessee	yes	1.8333333333333333	31.316012457614622	1530.1687396596062
6692	33	Sporting and athletic goods manufacturing	47	339920	43	47043	Dickson County, Tennessee	yes	1.0	23.68487394957983	1208.09243697479
6693	33	Sporting and athletic goods manufacturing	47	339920	65	47065	Hamilton County, Tennessee	yes	1.8333333333333333	29.89298429898275	1367.1515238259046
6694	33	Sporting and athletic goods manufacturing	47	339920	69	47069	Hardeman County, Tennessee	yes	1.0	21.623249299719888	1166.246809835045
6695	33	Sporting and athletic goods manufacturing	47	339920	93	47093	Knox County, Tennessee	no	3.0	10.833333333333334	376.1666666666667
6696	33	Sporting and athletic goods manufacturing	47	339920	99	47099	Lawrence County, Tennessee	yes	1.0	17.127304474421347	819.0536680754172
6697	33	Sporting and athletic goods manufacturing	47	339920	117	47117	Marshall County, Tennessee	yes	1.0	19.415789473684214	719.0407894736843
6698	33	Sporting and athletic goods manufacturing	47	339920	119	47119	Maury County, Tennessee	yes	1.1666666666666667	20.043971141088015	999.4795940013431
6699	33	Sporting and athletic goods manufacturing	47	339920	133	47133	Overton County, Tennessee	yes	1.0	19.415789473684214	719.0407894736843
6700	33	Sporting and athletic goods manufacturing	47	339920	147	47147	Robertson County, Tennessee	yes	1.0	17.127304474421347	819.0536680754172
6701	33	Sporting and athletic goods manufacturing	47	339920	153	47153	Sequatchie County, Tennessee	yes	1.0	19.415789473684214	719.0407894736843
6702	33	Sporting and athletic goods manufacturing	47	339920	157	47157	Shelby County, Tennessee	yes	1.8333333333333333	26.20340096564942	1231.6598571592378
6703	33	Sporting and athletic goods manufacturing	47	339920	163	47163	Sullivan County, Tennessee	yes	1.0	17.127304474421347	819.0536680754172
6704	33	Sporting and athletic goods manufacturing	47	339920	165	47165	Sumner County, Tennessee	yes	2.0	34.254608948842694	1638.1073361508345
6705	33	Sporting and athletic goods manufacturing	47	339920	173	47173	Union County, Tennessee	yes	1.0	17.127304474421347	819.0536680754172
6706	33	Sporting and athletic goods manufacturing	47	339920	185	47185	White County, Tennessee	yes	1.0	19.415789473684214	719.0407894736843
6707	33	Spring manufacturing	47	332613	11	47011	Bradley County, Tennessee	yes	1.0	0.0	0.0
6708	33	Spring manufacturing	47	332613	65	47065	Hamilton County, Tennessee	yes	1.0	5.791666666666667	276.2083333333333
6709	33	Spring manufacturing	47	332613	79	47079	Henry County, Tennessee	yes	1.0	5.791666666666667	276.2083333333333
6710	33	Spring manufacturing	47	332613	93	47093	Knox County, Tennessee	yes	1.0	0.0	0.0
6711	33	Spring manufacturing	47	332613	145	47145	Roane County, Tennessee	yes	1.0	5.791666666666667	276.2083333333333
6712	33	Spring manufacturing	47	332613	169	47169	Trousdale County, Tennessee	yes	1.0	5.791666666666667	276.2083333333333
6713	33	Steel foundries (except investment)	47	331513	55	47055	Giles County, Tennessee	yes	1.0	0.0	0.0
6714	33	Steel foundries (except investment)	47	331513	65	47065	Hamilton County, Tennessee	yes	1.0	0.0	0.0
6715	33	Steel foundries (except investment)	47	331513	131	47131	Obion County, Tennessee	yes	1.0	0.0	0.0
6716	33	Steel investment foundries	47	331512	163	47163	Sullivan County, Tennessee	yes	2.0	0.0	0.0
6717	33	Steel wire drawing	47	331222	19	47019	Carter County, Tennessee	yes	1.6666666666666667	116.76666666666667	5223.316666666667
6718	33	Steel wire drawing	47	331222	103	47103	Lincoln County, Tennessee	yes	1.0	69.26666666666667	3121.525
6719	33	Steel wire drawing	47	331222	165	47165	Sumner County, Tennessee	yes	1.0	69.26666666666667	3121.525
6720	33	Steel wire drawing	47	331222	167	47167	Tipton County, Tennessee	yes	1.0	65.30000000000001	3059.2
6721	33	Steel wire drawing	47	331222	179	47179	Washington County, Tennessee	yes	1.0	65.30000000000001	3059.2
6722	33	Storage battery manufacturing	47	335911	37	47037	Davidson County, Tennessee	yes	1.0	0.0	0.0
6723	33	Storage battery manufacturing	47	335911	65	47065	Hamilton County, Tennessee	yes	1.0	0.0	0.0
6724	33	Storage battery manufacturing	47	335911	163	47163	Sullivan County, Tennessee	yes	1.0	0.0	0.0
6725	33	Storage battery manufacturing	47	335911	189	47189	Wilson County, Tennessee	yes	2.0	0.0	0.0
6726	33	Surgical and medical instrument manufacturing	47	339112	13	47013	Campbell County, Tennessee	yes	1.0	47.422705919489005	2704.83590964795
6727	33	Surgical and medical instrument manufacturing	47	339112	25	47025	Claiborne County, Tennessee	yes	1.6666666666666667	72.5993221783663	4244.935974768695
6728	33	Surgical and medical instrument manufacturing	47	339112	37	47037	Davidson County, Tennessee	yes	1.8333333333333333	77.20646503550915	4574.483593816314
6729	33	Surgical and medical instrument manufacturing	47	339112	45	47045	Dyer County, Tennessee	yes	1.0	40.98418489870696	2441.712035003395
6730	33	Surgical and medical instrument manufacturing	47	339112	47	47047	Fayette County, Tennessee	yes	1.0	47.422705919489005	2704.83590964795
6731	33	Surgical and medical instrument manufacturing	47	339112	55	47055	Giles County, Tennessee	yes	1.0	40.98418489870696	2441.712035003395
6732	33	Surgical and medical instrument manufacturing	47	339112	59	47059	Greene County, Tennessee	yes	1.0	31.329004329004324	1919.1277056277056
6733	33	Surgical and medical instrument manufacturing	47	339112	65	47065	Hamilton County, Tennessee	no	3.8	71.6	3410.6
6734	33	Surgical and medical instrument manufacturing	47	339112	65	47065	Hamilton County, Tennessee	yes	3.0	113.31818181818181	5779.363636363636
6735	33	Surgical and medical instrument manufacturing	47	339112	91	47091	Johnson County, Tennessee	yes	2.0	81.96836979741391	4883.42407000679
6736	33	Surgical and medical instrument manufacturing	47	339112	93	47093	Knox County, Tennessee	yes	2.1666666666666665	88.26382434286846	5204.499827582548
6737	33	Surgical and medical instrument manufacturing	47	339112	105	47105	Loudon County, Tennessee	yes	1.0	40.98418489870696	2441.712035003395
6738	33	Surgical and medical instrument manufacturing	47	339112	139	47139	Polk County, Tennessee	yes	1.0	47.422705919489005	2704.83590964795
6739	33	Surgical and medical instrument manufacturing	47	339112	149	47149	Rutherford County, Tennessee	yes	1.0	53.16493055555556	3166.473958333333
6740	33	Surgical and medical instrument manufacturing	47	339112	157	47157	Shelby County, Tennessee	no	9.333333333333334	541.5	34981.833333333336
6741	33	Surgical and medical instrument manufacturing	47	339112	167	47167	Tipton County, Tennessee	yes	2.0	81.96836979741391	4883.42407000679
6742	33	Surgical and medical instrument manufacturing	47	339112	173	47173	Union County, Tennessee	yes	1.0	40.98418489870696	2441.712035003395
6743	33	Surgical and medical instrument manufacturing	47	339112	187	47187	Williamson County, Tennessee	yes	1.0	28.57142857142857	1853.642857142857
6744	33	Surgical appliance and supplies manufacturing	47	339113	7	47007	Bledsoe County, Tennessee	yes	1.0	114.00096847596848	8603.314857364858
6745	33	Surgical appliance and supplies manufacturing	47	339113	13	47013	Campbell County, Tennessee	yes	1.6666666666666667	195.91817626817624	15017.368176268175
6746	33	Surgical appliance and supplies manufacturing	47	339113	37	47037	Davidson County, Tennessee	no	4.5	33.166666666666664	2373.3333333333335
6747	33	Surgical appliance and supplies manufacturing	47	339113	51	47051	Franklin County, Tennessee	yes	1.0	127.18181818181819	10150.848484848486
6748	33	Surgical appliance and supplies manufacturing	47	339113	63	47063	Hamblen County, Tennessee	yes	1.0	96.25128205128205	6567.784615384616
6749	33	Surgical appliance and supplies manufacturing	47	339113	65	47065	Hamilton County, Tennessee	no	3.0	124.33333333333333	5476.0
6750	33	Surgical appliance and supplies manufacturing	47	339113	65	47065	Hamilton County, Tennessee	yes	3.0	433.00324675324674	36125.98658008658
6751	33	Surgical appliance and supplies manufacturing	47	339113	81	47081	Hickman County, Tennessee	yes	1.0	114.00096847596848	8603.314857364858
6752	33	Surgical appliance and supplies manufacturing	47	339113	93	47093	Knox County, Tennessee	yes	1.0	122.87581168831169	9621.07997835498
6753	33	Surgical appliance and supplies manufacturing	47	339113	105	47105	Loudon County, Tennessee	yes	1.0	114.00096847596848	8603.314857364858
6754	33	Surgical appliance and supplies manufacturing	47	339113	107	47107	McMinn County, Tennessee	no	3.0	53.0	1595.0
6755	33	Surgical appliance and supplies manufacturing	47	339113	107	47107	McMinn County, Tennessee	yes	2.0	245.75162337662337	19242.15995670996
6756	33	Surgical appliance and supplies manufacturing	47	339113	119	47119	Maury County, Tennessee	yes	1.0	127.18181818181819	10150.848484848486
6757	33	Surgical appliance and supplies manufacturing	47	339113	125	47125	Montgomery County, Tennessee	yes	1.0	99.75064102564102	7074.492307692308
6758	33	Surgical appliance and supplies manufacturing	47	339113	139	47139	Polk County, Tennessee	yes	1.0	114.00096847596848	8603.314857364858
6759	33	Surgical appliance and supplies manufacturing	47	339113	141	47141	Putnam County, Tennessee	yes	1.0	114.00096847596848	8603.314857364858
6760	33	Surgical appliance and supplies manufacturing	47	339113	145	47145	Roane County, Tennessee	yes	1.0	114.00096847596848	8603.314857364858
6761	33	Surgical appliance and supplies manufacturing	47	339113	149	47149	Rutherford County, Tennessee	yes	1.3333333333333333	161.50150960150958	12490.30150960151
6762	33	Surgical appliance and supplies manufacturing	47	339113	153	47153	Sequatchie County, Tennessee	yes	1.0	83.66752136752136	5164.634188034188
6763	33	Surgical appliance and supplies manufacturing	47	339113	157	47157	Shelby County, Tennessee	no	12.0	4122.666666666667	350055.6666666667
6764	33	Surgical appliance and supplies manufacturing	47	339113	157	47157	Shelby County, Tennessee	yes	10.0	1440.0703463203463	120297.62034632034
6765	33	Surgical appliance and supplies manufacturing	47	339113	163	47163	Sullivan County, Tennessee	yes	1.1666666666666667	135.19793817293817	10295.122938172937
6766	33	Surgical appliance and supplies manufacturing	47	339113	165	47165	Sumner County, Tennessee	yes	1.0	96.25128205128205	6567.784615384616
6767	33	Surgical appliance and supplies manufacturing	47	339113	173	47173	Union County, Tennessee	yes	1.0	114.00096847596848	8603.314857364858
6768	33	Surgical appliance and supplies manufacturing	47	339113	179	47179	Washington County, Tennessee	yes	1.0	122.87581168831169	9621.07997835498
6769	33	Surgical appliance and supplies manufacturing	47	339113	187	47187	Williamson County, Tennessee	yes	1.0	83.66752136752136	5164.634188034188
6770	33	Surgical appliance and supplies manufacturing	47	339113	189	47189	Wilson County, Tennessee	yes	1.0	127.18181818181819	10150.848484848486
6771	33	Switchgear and switchboard apparatus manufacturing	47	335313	9	47009	Blount County, Tennessee	yes	1.0	75.36765873015872	4602.982738095238
6772	33	Switchgear and switchboard apparatus manufacturing	47	335313	11	47011	Bradley County, Tennessee	yes	1.0	75.36765873015872	4602.982738095238
6773	33	Switchgear and switchboard apparatus manufacturing	47	335313	33	47033	Crockett County, Tennessee	yes	1.0	75.36765873015872	4602.982738095238
6774	33	Switchgear and switchboard apparatus manufacturing	47	335313	37	47037	Davidson County, Tennessee	yes	1.0	75.36765873015872	4602.982738095238
6775	33	Switchgear and switchboard apparatus manufacturing	47	335313	43	47043	Dickson County, Tennessee	yes	1.0	75.36765873015872	4602.982738095238
6776	33	Switchgear and switchboard apparatus manufacturing	47	335313	59	47059	Greene County, Tennessee	yes	1.0	75.36765873015872	4602.982738095238
6777	33	Switchgear and switchboard apparatus manufacturing	47	335313	63	47063	Hamblen County, Tennessee	yes	1.0	75.36765873015872	4602.982738095238
6778	33	Switchgear and switchboard apparatus manufacturing	47	335313	65	47065	Hamilton County, Tennessee	yes	1.0	75.36765873015872	4602.982738095238
6779	33	Switchgear and switchboard apparatus manufacturing	47	335313	93	47093	Knox County, Tennessee	yes	1.0	69.93333333333334	4533.133333333333
6780	33	Switchgear and switchboard apparatus manufacturing	47	335313	109	47109	McNairy County, Tennessee	yes	1.0	75.36765873015872	4602.982738095238
6781	33	Switchgear and switchboard apparatus manufacturing	47	335313	149	47149	Rutherford County, Tennessee	yes	1.5	112.87738095238096	6724.764682539683
6782	33	Switchgear and switchboard apparatus manufacturing	47	335313	155	47155	Sevier County, Tennessee	yes	1.0	74.5625	4043.8125
6783	33	Switchgear and switchboard apparatus manufacturing	47	335313	157	47157	Shelby County, Tennessee	yes	2.0	150.73531746031745	9205.965476190477
6784	33	Switchgear and switchboard apparatus manufacturing	47	335313	167	47167	Tipton County, Tennessee	yes	2.0	150.73531746031745	9205.965476190477
6785	33	Telephone apparatus manufacturing	47	334210	37	47037	Davidson County, Tennessee	yes	1.0	0.0	0.0
6786	33	Telephone apparatus manufacturing	47	334210	65	47065	Hamilton County, Tennessee	yes	1.0	0.0	0.0
6787	33	Totalizing fluid meter and counting device manufacturing	47	334514	31	47031	Coffee County, Tennessee	yes	1.0	0.0	0.0
6788	33	Totalizing fluid meter and counting device manufacturing	47	334514	93	47093	Knox County, Tennessee	yes	1.0	0.0	0.0
6789	33	Totalizing fluid meter and counting device manufacturing	47	334514	117	47117	Marshall County, Tennessee	yes	1.0	0.0	0.0
6790	33	Travel trailer and camper manufacturing	47	336214	1	47001	Anderson County, Tennessee	yes	1.0	10.010303536619325	663.1980646059593
6791	33	Travel trailer and camper manufacturing	47	336214	13	47013	Campbell County, Tennessee	yes	2.0	20.02060707323865	1326.3961292119186
6792	33	Travel trailer and camper manufacturing	47	336214	25	47025	Claiborne County, Tennessee	yes	1.0	10.010303536619325	663.1980646059593
6793	33	Travel trailer and camper manufacturing	47	336214	31	47031	Coffee County, Tennessee	yes	1.0	10.010303536619325	663.1980646059593
6794	33	Travel trailer and camper manufacturing	47	336214	33	47033	Crockett County, Tennessee	no	3.0	23.0	586.0
6795	33	Travel trailer and camper manufacturing	47	336214	33	47033	Crockett County, Tennessee	yes	2.0	9.157894736842104	1138.9473684210525
6796	33	Travel trailer and camper manufacturing	47	336214	37	47037	Davidson County, Tennessee	yes	1.0	10.010303536619325	663.1980646059593
6797	33	Travel trailer and camper manufacturing	47	336214	39	47039	Decatur County, Tennessee	yes	1.0	10.010303536619325	663.1980646059593
6798	33	Travel trailer and camper manufacturing	47	336214	45	47045	Dyer County, Tennessee	yes	1.0	4.578947368421052	569.4736842105262
6799	33	Travel trailer and camper manufacturing	47	336214	65	47065	Hamilton County, Tennessee	yes	1.0	10.010303536619325	663.1980646059593
6800	33	Travel trailer and camper manufacturing	47	336214	67	47067	Hancock County, Tennessee	yes	1.0	20.873015873015873	850.6468253968253
6801	33	Travel trailer and camper manufacturing	47	336214	71	47071	Hardin County, Tennessee	yes	1.0	10.010303536619325	663.1980646059593
6802	33	Travel trailer and camper manufacturing	47	336214	75	47075	Haywood County, Tennessee	yes	1.0	10.010303536619325	663.1980646059593
6803	33	Travel trailer and camper manufacturing	47	336214	101	47101	Lewis County, Tennessee	yes	1.0	20.873015873015873	850.6468253968253
6804	33	Travel trailer and camper manufacturing	47	336214	117	47117	Marshall County, Tennessee	yes	1.0	0.0	518.280701754386
6805	33	Travel trailer and camper manufacturing	47	336214	119	47119	Maury County, Tennessee	yes	1.0	20.02060707323865	808.1154274575325
6806	33	Travel trailer and camper manufacturing	47	336214	123	47123	Monroe County, Tennessee	yes	1.0	10.010303536619325	663.1980646059593
6807	33	Travel trailer and camper manufacturing	47	336214	141	47141	Putnam County, Tennessee	yes	1.0	20.873015873015873	850.6468253968253
6808	33	Travel trailer and camper manufacturing	47	336214	165	47165	Sumner County, Tennessee	yes	1.0	4.578947368421052	569.4736842105262
6809	33	Travel trailer and camper manufacturing	47	336214	177	47177	Warren County, Tennessee	yes	1.0	10.010303536619325	663.1980646059593
6810	33	Travel trailer and camper manufacturing	47	336214	189	47189	Wilson County, Tennessee	yes	2.0	20.02060707323865	1326.3961292119186
6811	33	Truck trailer manufacturing	47	336212	51	47051	Franklin County, Tennessee	yes	1.0	14.589285714285714	1499.9196428571427
6812	33	Truck trailer manufacturing	47	336212	57	47057	Grainger County, Tennessee	yes	1.0	31.1547619047619	2013.0416666666663
6813	33	Truck trailer manufacturing	47	336212	107	47107	McMinn County, Tennessee	yes	1.0	31.1547619047619	2013.0416666666663
6814	33	Truck trailer manufacturing	47	336212	117	47117	Marshall County, Tennessee	yes	1.0	48.107142857142854	3059.9999999999995
6815	33	Truck trailer manufacturing	47	336212	123	47123	Monroe County, Tennessee	no	3.0	22.0	647.0
6816	33	Truck trailer manufacturing	47	336212	123	47123	Monroe County, Tennessee	yes	2.2	76.97142857142856	4895.999999999999
6817	33	Truck trailer manufacturing	47	336212	149	47149	Rutherford County, Tennessee	yes	1.0	31.1547619047619	2013.0416666666663
6818	33	Truck trailer manufacturing	47	336212	187	47187	Williamson County, Tennessee	yes	1.0	64.28571428571428	3039.285714285714
6819	33	Turbine and turbine generator set units manufacturing	47	333611	37	47037	Davidson County, Tennessee	yes	1.3333333333333333	10.333333333333334	928.3333333333334
6820	33	Turbine and turbine generator set units manufacturing	47	333611	65	47065	Hamilton County, Tennessee	yes	1.3333333333333333	20.666666666666668	1856.6666666666667
6821	33	Turbine and turbine generator set units manufacturing	47	333611	157	47157	Shelby County, Tennessee	yes	1.0	0.0	0.0
6822	33	Upholstered household furniture manufacturing	47	337121	1	47001	Anderson County, Tennessee	yes	1.0	187.36842105263156	5732.9473684210525
6823	33	Upholstered household furniture manufacturing	47	337121	9	47009	Blount County, Tennessee	yes	1.0	183.96824827219564	6323.0403774587985
6824	33	Upholstered household furniture manufacturing	47	337121	11	47011	Bradley County, Tennessee	yes	5.333333333333333	980.2609782030835	33548.05978203083
6825	33	Upholstered household furniture manufacturing	47	337121	25	47025	Claiborne County, Tennessee	yes	2.0	367.9364965443913	12646.080754917597
6826	33	Upholstered household furniture manufacturing	47	337121	57	47057	Grainger County, Tennessee	yes	1.8333333333333333	336.70842636895264	11690.589526847421
6827	33	Upholstered household furniture manufacturing	47	337121	63	47063	Hamblen County, Tennessee	yes	1.1666666666666667	215.1963184476342	7278.531605528972
6828	33	Upholstered household furniture manufacturing	47	337121	73	47073	Hawkins County, Tennessee	yes	1.0	174.0576355661882	5822.1921451355665
6829	33	Upholstered household furniture manufacturing	47	337121	93	47093	Knox County, Tennessee	no	3.0	0.0	161.0
6830	33	Upholstered household furniture manufacturing	47	337121	93	47093	Knox County, Tennessee	yes	2.2	401.6064274322169	14054.957958532696
6831	33	Upholstered household furniture manufacturing	47	337121	117	47117	Marshall County, Tennessee	yes	2.0	370.64553429027114	13170.54744816587
6832	33	Upholstered household furniture manufacturing	47	337121	133	47133	Overton County, Tennessee	yes	1.0	183.96824827219564	6323.0403774587985
6833	33	Upholstered household furniture manufacturing	47	337121	141	47141	Putnam County, Tennessee	yes	1.3333333333333333	242.70389420520996	8262.524029771397
6834	33	Upholstered household furniture manufacturing	47	337121	143	47143	Rhea County, Tennessee	yes	1.0	183.96824827219564	6323.0403774587985
6835	33	Upholstered household furniture manufacturing	47	337121	157	47157	Shelby County, Tennessee	yes	1.3333333333333333	239.58693514088245	8271.643912812333
6836	33	Welding and soldering equipment manufacturing	47	333992	15	47015	Cannon County, Tennessee	yes	1.0	3.0833333333333335	83.33333333333333
6837	33	Welding and soldering equipment manufacturing	47	333992	65	47065	Hamilton County, Tennessee	yes	1.0	3.0833333333333335	83.33333333333333
6838	33	Welding and soldering equipment manufacturing	47	333992	147	47147	Robertson County, Tennessee	yes	1.0	3.0833333333333335	83.33333333333333
6839	33	Welding and soldering equipment manufacturing	47	333992	177	47177	Warren County, Tennessee	yes	1.0	3.7	100.0
6840	33	Wood kitchen cabinet and countertop manufacturing	47	337110	3	47003	Bedford County, Tennessee	no	3.6	35.6	1202.6
6841	33	Wood kitchen cabinet and countertop manufacturing	47	337110	3	47003	Bedford County, Tennessee	yes	3.0	32.916666666666664	893.2083333333333
6842	33	Wood kitchen cabinet and countertop manufacturing	47	337110	9	47009	Blount County, Tennessee	no	5.0	37.166666666666664	1893.3333333333333
6843	33	Wood kitchen cabinet and countertop manufacturing	47	337110	11	47011	Bradley County, Tennessee	yes	1.0	11.815142169851745	367.7111053823303
6844	33	Wood kitchen cabinet and countertop manufacturing	47	337110	17	47017	Carroll County, Tennessee	yes	1.0	12.592668488160292	313.19592440801455
6845	33	Wood kitchen cabinet and countertop manufacturing	47	337110	19	47019	Carter County, Tennessee	yes	1.0	12.461778992106863	349.92548806688154
6846	33	Wood kitchen cabinet and countertop manufacturing	47	337110	21	47021	Cheatham County, Tennessee	no	3.0	20.5	1134.0
6847	33	Wood kitchen cabinet and countertop manufacturing	47	337110	21	47021	Cheatham County, Tennessee	yes	3.0	39.61967213114754	1128.0605296343
6848	33	Wood kitchen cabinet and countertop manufacturing	47	337110	25	47025	Claiborne County, Tennessee	yes	1.0	11.815142169851745	367.7111053823303
6849	33	Wood kitchen cabinet and countertop manufacturing	47	337110	29	47029	Cocke County, Tennessee	yes	1.0	10.608858491438141	352.9668992696999
6850	33	Wood kitchen cabinet and countertop manufacturing	47	337110	31	47031	Coffee County, Tennessee	yes	1.0	11.815142169851745	367.7111053823303
6851	33	Wood kitchen cabinet and countertop manufacturing	47	337110	35	47035	Cumberland County, Tennessee	yes	1.0	11.815142169851745	367.7111053823303
6852	33	Wood kitchen cabinet and countertop manufacturing	47	337110	37	47037	Davidson County, Tennessee	no	16.833333333333332	251.16666666666666	9564.5
6853	33	Wood kitchen cabinet and countertop manufacturing	47	337110	39	47039	Decatur County, Tennessee	yes	1.0	10.972222222222221	297.7361111111111
6854	33	Wood kitchen cabinet and countertop manufacturing	47	337110	41	47041	DeKalb County, Tennessee	yes	1.5	17.119571415570814	544.1945550171803
6855	33	Wood kitchen cabinet and countertop manufacturing	47	337110	47	47047	Fayette County, Tennessee	yes	2.0	23.63028433970349	735.4222107646606
6856	33	Wood kitchen cabinet and countertop manufacturing	47	337110	51	47051	Franklin County, Tennessee	yes	1.0	12.509124941754566	361.27551139899833
6857	33	Wood kitchen cabinet and countertop manufacturing	47	337110	53	47053	Gibson County, Tennessee	yes	1.8333333333333333	22.24358782862527	647.0724908851092
6858	33	Wood kitchen cabinet and countertop manufacturing	47	337110	55	47055	Giles County, Tennessee	yes	2.0	23.63028433970349	735.4222107646606
6859	33	Wood kitchen cabinet and countertop manufacturing	47	337110	57	47057	Grainger County, Tennessee	no	3.3333333333333335	22.0	532.6666666666666
6860	33	Wood kitchen cabinet and countertop manufacturing	47	337110	59	47059	Greene County, Tennessee	no	3.0	8.0	513.0
6861	33	Wood kitchen cabinet and countertop manufacturing	47	337110	59	47059	Greene County, Tennessee	yes	2.5	28.233433427229446	884.069364431506
6862	33	Wood kitchen cabinet and countertop manufacturing	47	337110	63	47063	Hamblen County, Tennessee	yes	1.8333333333333333	21.801580635999784	685.7995255794755
6863	33	Wood kitchen cabinet and countertop manufacturing	47	337110	65	47065	Hamilton County, Tennessee	no	3.0	10.4	396.0
6864	33	Wood kitchen cabinet and countertop manufacturing	47	337110	65	47065	Hamilton County, Tennessee	yes	2.0	24.400000000000002	846.7692307692308
6865	33	Wood kitchen cabinet and countertop manufacturing	47	337110	69	47069	Hardeman County, Tennessee	yes	1.5	17.399394843650057	560.4594667312199
6866	33	Wood kitchen cabinet and countertop manufacturing	47	337110	71	47071	Hardin County, Tennessee	yes	1.5	18.046031665905172	542.6738494157711
6867	33	Wood kitchen cabinet and countertop manufacturing	47	337110	73	47073	Hawkins County, Tennessee	yes	1.0	10.427176626046101	380.5822933489943
6868	33	Wood kitchen cabinet and countertop manufacturing	47	337110	77	47077	Henderson County, Tennessee	yes	1.0	12.509124941754566	361.27551139899833
6869	33	Wood kitchen cabinet and countertop manufacturing	47	337110	79	47079	Henry County, Tennessee	yes	1.0	10.972222222222221	297.7361111111111
6870	33	Wood kitchen cabinet and countertop manufacturing	47	337110	89	47089	Jefferson County, Tennessee	no	3.75	10.25	556.25
6871	33	Wood kitchen cabinet and countertop manufacturing	47	337110	89	47089	Jefferson County, Tennessee	yes	2.5	30.671448087431692	775.2599043715848
6872	33	Wood kitchen cabinet and countertop manufacturing	47	337110	93	47093	Knox County, Tennessee	no	8.0	104.5	7236.0
6873	33	Wood kitchen cabinet and countertop manufacturing	47	337110	93	47093	Knox County, Tennessee	yes	7.0	81.10277777777779	2523.922542735043
6874	33	Wood kitchen cabinet and countertop manufacturing	47	337110	101	47101	Lewis County, Tennessee	yes	1.0	12.592668488160292	313.19592440801455
6875	33	Wood kitchen cabinet and countertop manufacturing	47	337110	103	47103	Lincoln County, Tennessee	yes	1.0	11.815142169851745	367.7111053823303
6876	33	Wood kitchen cabinet and countertop manufacturing	47	337110	105	47105	Loudon County, Tennessee	yes	1.0	11.815142169851745	367.7111053823303
6877	33	Wood kitchen cabinet and countertop manufacturing	47	337110	107	47107	McMinn County, Tennessee	no	3.0	7.0	296.5
6878	33	Wood kitchen cabinet and countertop manufacturing	47	337110	107	47107	McMinn County, Tennessee	yes	2.0	20.854353252092203	761.1645866979886
6879	33	Wood kitchen cabinet and countertop manufacturing	47	337110	109	47109	McNairy County, Tennessee	no	3.5	5.5	220.5
6880	33	Wood kitchen cabinet and countertop manufacturing	47	337110	109	47109	McNairy County, Tennessee	yes	2.5	30.23701269161987	944.6125581661443
6881	33	Wood kitchen cabinet and countertop manufacturing	47	337110	111	47111	Macon County, Tennessee	no	3.0	28.0	889.3333333333334
6882	33	Wood kitchen cabinet and countertop manufacturing	47	337110	111	47111	Macon County, Tennessee	yes	2.3333333333333335	27.539664082687338	843.5429089644205
6883	33	Wood kitchen cabinet and countertop manufacturing	47	337110	113	47113	Madison County, Tennessee	no	3.5	6.166666666666667	286.0
6884	33	Wood kitchen cabinet and countertop manufacturing	47	337110	115	47115	Marion County, Tennessee	yes	1.1666666666666667	13.643845873555447	417.3337905675155
6885	33	Wood kitchen cabinet and countertop manufacturing	47	337110	117	47117	Marshall County, Tennessee	yes	1.0	11.815142169851745	367.7111053823303
6886	33	Wood kitchen cabinet and countertop manufacturing	47	337110	119	47119	Maury County, Tennessee	yes	1.0	10.427176626046101	380.5822933489943
6887	33	Wood kitchen cabinet and countertop manufacturing	47	337110	123	47123	Monroe County, Tennessee	yes	2.1666666666666665	25.45898804340719	785.0448959498458
6888	33	Wood kitchen cabinet and countertop manufacturing	47	337110	125	47125	Montgomery County, Tennessee	no	4.0	12.0	259.6666666666667
6889	33	Wood kitchen cabinet and countertop manufacturing	47	337110	125	47125	Montgomery County, Tennessee	yes	4.0	49.84711596842745	1399.7019522675262
6890	33	Wood kitchen cabinet and countertop manufacturing	47	337110	133	47133	Overton County, Tennessee	yes	1.0	11.168505347596627	385.49672269777915
6891	33	Wood kitchen cabinet and countertop manufacturing	47	337110	141	47141	Putnam County, Tennessee	no	4.0	22.0	531.0
6892	33	Wood kitchen cabinet and countertop manufacturing	47	337110	141	47141	Putnam County, Tennessee	yes	1.8	21.527452318755294	678.7352853962253
6893	33	Wood kitchen cabinet and countertop manufacturing	47	337110	149	47149	Rutherford County, Tennessee	no	12.5	117.33333333333333	4957.5
6894	33	Wood kitchen cabinet and countertop manufacturing	47	337110	155	47155	Sevier County, Tennessee	yes	2.1666666666666665	25.999136798719878	790.1981670488136
6895	33	Wood kitchen cabinet and countertop manufacturing	47	337110	157	47157	Shelby County, Tennessee	no	8.333333333333334	49.166666666666664	1867.6666666666667
6896	33	Wood kitchen cabinet and countertop manufacturing	47	337110	161	47161	Stewart County, Tennessee	yes	1.0	12.461778992106863	349.92548806688154
6897	33	Wood kitchen cabinet and countertop manufacturing	47	337110	163	47163	Sullivan County, Tennessee	yes	3.0	35.44542650955523	1103.1333161469909
6898	33	Wood kitchen cabinet and countertop manufacturing	47	337110	165	47165	Sumner County, Tennessee	yes	1.0	11.815142169851745	367.7111053823303
6899	33	Wood kitchen cabinet and countertop manufacturing	47	337110	167	47167	Tipton County, Tennessee	yes	2.0	23.63028433970349	735.4222107646606
6900	33	Wood kitchen cabinet and countertop manufacturing	47	337110	169	47169	Trousdale County, Tennessee	yes	1.0	11.815142169851745	367.7111053823303
6901	33	Wood kitchen cabinet and countertop manufacturing	47	337110	179	47179	Washington County, Tennessee	yes	3.1666666666666665	37.553953641338175	1169.0209130462156
6902	33	Wood kitchen cabinet and countertop manufacturing	47	337110	183	47183	Weakley County, Tennessee	yes	1.6666666666666667	19.432728176983392	631.0235692953224
6903	33	Wood kitchen cabinet and countertop manufacturing	47	337110	187	47187	Williamson County, Tennessee	no	3.6666666666666665	23.666666666666668	839.6666666666666
6904	33	Wood kitchen cabinet and countertop manufacturing	47	337110	187	47187	Williamson County, Tennessee	yes	2.6666666666666665	32.6476320582878	940.2245516323386
6905	33	Wood kitchen cabinet and countertop manufacturing	47	337110	189	47189	Wilson County, Tennessee	no	7.333333333333333	15.666666666666666	868.8333333333334
6906	33	Wood office furniture manufacturing	47	337211	11	47011	Bradley County, Tennessee	yes	2.0	31.944444444444443	1876.5
6907	33	Wood office furniture manufacturing	47	337211	65	47065	Hamilton County, Tennessee	yes	1.0	19.166666666666664	1125.9
6908	33	Wood office furniture manufacturing	47	337211	141	47141	Putnam County, Tennessee	yes	1.0	15.972222222222221	938.25
6909	33	Wood office furniture manufacturing	47	337211	157	47157	Shelby County, Tennessee	yes	1.8333333333333333	31.944444444444443	1876.5
6910	42	Automobile and other motor vehicle merchant wholesalers	47	423110	9	47009	Blount County, Tennessee	yes	2.0	43.65811105007223	2381.325978983674
6911	42	Automobile and other motor vehicle merchant wholesalers	47	423110	11	47011	Bradley County, Tennessee	yes	1.0	21.14473684210526	1030.9892344497607
6912	42	Automobile and other motor vehicle merchant wholesalers	47	423110	21	47021	Cheatham County, Tennessee	yes	2.0	43.65811105007223	2381.325978983674
6913	42	Automobile and other motor vehicle merchant wholesalers	47	423110	25	47025	Claiborne County, Tennessee	yes	1.0	21.98556430446194	1203.3258199483437
6914	42	Automobile and other motor vehicle merchant wholesalers	47	423110	31	47031	Coffee County, Tennessee	yes	1.6666666666666667	35.60727529927792	1895.296244213678
6915	42	Automobile and other motor vehicle merchant wholesalers	47	423110	35	47035	Cumberland County, Tennessee	yes	1.0	21.829055525036114	1190.662989491837
6916	42	Automobile and other motor vehicle merchant wholesalers	47	423110	37	47037	Davidson County, Tennessee	no	20.166666666666668	575.1666666666666	43304.333333333336
6917	42	Automobile and other motor vehicle merchant wholesalers	47	423110	41	47041	DeKalb County, Tennessee	yes	1.3333333333333333	28.559029685242834	1551.6331660637572
6918	42	Automobile and other motor vehicle merchant wholesalers	47	423110	45	47045	Dyer County, Tennessee	yes	2.0	48.30501450476585	2916.178408619975
6919	42	Automobile and other motor vehicle merchant wholesalers	47	423110	59	47059	Greene County, Tennessee	yes	1.0	21.829055525036114	1190.662989491837
6920	42	Automobile and other motor vehicle merchant wholesalers	47	423110	63	47063	Hamblen County, Tennessee	yes	1.1666666666666667	25.33680746302061	1378.5544623600538
6921	42	Automobile and other motor vehicle merchant wholesalers	47	423110	65	47065	Hamilton County, Tennessee	no	6.666666666666667	333.6666666666667	19323.0
6922	42	Automobile and other motor vehicle merchant wholesalers	47	423110	65	47065	Hamilton County, Tennessee	yes	6.666666666666667	140.52080783353733	7088.149679166202
6923	42	Automobile and other motor vehicle merchant wholesalers	47	423110	71	47071	Hardin County, Tennessee	yes	1.0	21.14473684210526	1030.9892344497607
6924	42	Automobile and other motor vehicle merchant wholesalers	47	423110	75	47075	Haywood County, Tennessee	yes	1.0	21.829055525036114	1190.662989491837
6925	42	Automobile and other motor vehicle merchant wholesalers	47	423110	85	47085	Humphreys County, Tennessee	yes	1.0	21.829055525036114	1190.662989491837
6926	42	Automobile and other motor vehicle merchant wholesalers	47	423110	89	47089	Jefferson County, Tennessee	yes	2.0	43.65811105007223	2381.325978983674
6927	42	Automobile and other motor vehicle merchant wholesalers	47	423110	93	47093	Knox County, Tennessee	no	12.166666666666666	513.8333333333334	26011.5
6928	42	Automobile and other motor vehicle merchant wholesalers	47	423110	99	47099	Lawrence County, Tennessee	yes	1.0	22.54611594603306	1318.216876947399
6929	42	Automobile and other motor vehicle merchant wholesalers	47	423110	105	47105	Loudon County, Tennessee	no	3.3333333333333335	8.5	412.1666666666667
6930	42	Automobile and other motor vehicle merchant wholesalers	47	423110	107	47107	McMinn County, Tennessee	yes	1.0	21.14473684210526	1030.9892344497607
6931	42	Automobile and other motor vehicle merchant wholesalers	47	423110	109	47109	McNairy County, Tennessee	yes	1.1666666666666667	25.245722191702782	1357.5190500978977
6932	42	Automobile and other motor vehicle merchant wholesalers	47	423110	113	47113	Madison County, Tennessee	no	4.666666666666667	88.5	4816.0
6933	42	Automobile and other motor vehicle merchant wholesalers	47	423110	119	47119	Maury County, Tennessee	yes	1.8	39.83183852324457	2244.9682082732315
6934	42	Automobile and other motor vehicle merchant wholesalers	47	423110	123	47123	Monroe County, Tennessee	yes	1.6666666666666667	36.60986543603715	2037.6629008337532
6935	42	Automobile and other motor vehicle merchant wholesalers	47	423110	125	47125	Montgomery County, Tennessee	no	4.2	18.0	488.4
6936	42	Automobile and other motor vehicle merchant wholesalers	47	423110	125	47125	Montgomery County, Tennessee	yes	5.0	102.5	5005.681818181818
6937	42	Automobile and other motor vehicle merchant wholesalers	47	423110	131	47131	Obion County, Tennessee	yes	1.0	21.829055525036114	1190.662989491837
6938	42	Automobile and other motor vehicle merchant wholesalers	47	423110	141	47141	Putnam County, Tennessee	yes	2.0	43.74919632139006	2402.36139124583
6939	42	Automobile and other motor vehicle merchant wholesalers	47	423110	149	47149	Rutherford County, Tennessee	no	14.5	459.8333333333333	32817.666666666664
6940	42	Automobile and other motor vehicle merchant wholesalers	47	423110	157	47157	Shelby County, Tennessee	no	18.166666666666668	815.0	51781.166666666664
6941	42	Automobile and other motor vehicle merchant wholesalers	47	423110	163	47163	Sullivan County, Tennessee	no	6.166666666666667	165.66666666666666	6245.0
6942	42	Automobile and other motor vehicle merchant wholesalers	47	423110	165	47165	Sumner County, Tennessee	no	3.5	4.75	534.5
6943	42	Automobile and other motor vehicle merchant wholesalers	47	423110	165	47165	Sumner County, Tennessee	yes	3.0	72.45752175714877	4374.2676129299625
6944	42	Automobile and other motor vehicle merchant wholesalers	47	423110	167	47167	Tipton County, Tennessee	yes	2.0	43.65811105007223	2381.325978983674
6945	42	Automobile and other motor vehicle merchant wholesalers	47	423110	179	47179	Washington County, Tennessee	no	4.0	7.0	1132.5
6946	42	Automobile and other motor vehicle merchant wholesalers	47	423110	179	47179	Washington County, Tennessee	yes	2.5	54.43739097331316	3082.4549988836307
6947	42	Automobile and other motor vehicle merchant wholesalers	47	423110	183	47183	Weakley County, Tennessee	yes	1.0	20.667329661362707	1056.9498820827616
6948	42	Automobile and other motor vehicle merchant wholesalers	47	423110	185	47185	White County, Tennessee	yes	1.0	21.829055525036114	1190.662989491837
6949	42	Automobile and other motor vehicle merchant wholesalers	47	423110	187	47187	Williamson County, Tennessee	yes	2.1666666666666665	47.0747777167389	2548.1820395897344
6950	42	Automobile and other motor vehicle merchant wholesalers	47	423110	189	47189	Wilson County, Tennessee	yes	2.3333333333333335	51.708946800866535	2867.35571375367
6951	42	Beer and ale merchant wholesalers	47	424810	11	47011	Bradley County, Tennessee	yes	1.0	74.57974195021295	4484.058530874654
6952	42	Beer and ale merchant wholesalers	47	424810	31	47031	Coffee County, Tennessee	yes	2.0	149.1594839004259	8968.117061749308
6953	42	Beer and ale merchant wholesalers	47	424810	37	47037	Davidson County, Tennessee	yes	2.8333333333333335	210.69954331095633	12605.715275163644
6954	42	Beer and ale merchant wholesalers	47	424810	45	47045	Dyer County, Tennessee	yes	1.0	74.57974195021295	4484.058530874654
6955	42	Beer and ale merchant wholesalers	47	424810	47	47047	Fayette County, Tennessee	yes	1.0	68.22727272727273	4041.3636363636365
6956	42	Beer and ale merchant wholesalers	47	424810	55	47055	Giles County, Tennessee	yes	1.1666666666666667	87.45655354441585	5228.000559860161
6957	42	Beer and ale merchant wholesalers	47	424810	65	47065	Hamilton County, Tennessee	no	3.6666666666666665	191.0	7436.666666666667
6958	42	Beer and ale merchant wholesalers	47	424810	65	47065	Hamilton County, Tennessee	yes	2.0	156.9362587224906	9429.04898013956
6959	42	Beer and ale merchant wholesalers	47	424810	87	47087	Jackson County, Tennessee	yes	1.0	65.6086956521739	3640.6521739130435
6960	42	Beer and ale merchant wholesalers	47	424810	93	47093	Knox County, Tennessee	yes	2.1666666666666665	160.09426650912158	9574.892424068148
6961	42	Beer and ale merchant wholesalers	47	424810	105	47105	Loudon County, Tennessee	yes	1.0	74.57974195021295	4484.058530874654
6962	42	Beer and ale merchant wholesalers	47	424810	113	47113	Madison County, Tennessee	yes	2.0	149.1594839004259	8968.117061749308
6963	42	Beer and ale merchant wholesalers	47	424810	125	47125	Montgomery County, Tennessee	no	3.1666666666666665	407.8333333333333	19467.0
6964	42	Beer and ale merchant wholesalers	47	424810	141	47141	Putnam County, Tennessee	yes	1.5	109.92541921980329	6610.854816714418
6965	42	Beer and ale merchant wholesalers	47	424810	149	47149	Rutherford County, Tennessee	yes	1.3333333333333333	100.93699503663271	6097.378746924037
6966	42	Beer and ale merchant wholesalers	47	424810	157	47157	Shelby County, Tennessee	yes	2.5	188.5564195265282	11427.89759525901
6967	42	Beer and ale merchant wholesalers	47	424810	179	47179	Washington County, Tennessee	yes	2.0	149.1594839004259	8968.117061749308
6968	42	Beer and ale merchant wholesalers	47	424810	183	47183	Weakley County, Tennessee	yes	1.0	74.57974195021295	4484.058530874654
6969	42	Book, periodical, and newspaper merchant wholesalers	47	424920	9	47009	Blount County, Tennessee	yes	1.5	94.28687611408198	4202.0326624968175
6970	42	Book, periodical, and newspaper merchant wholesalers	47	424920	19	47019	Carter County, Tennessee	yes	1.0	64.4169266191325	2879.583798860453
6971	42	Book, periodical, and newspaper merchant wholesalers	47	424920	23	47023	Chester County, Tennessee	yes	1.0	55.541666666666664	2397.1875
6972	42	Book, periodical, and newspaper merchant wholesalers	47	424920	37	47037	Davidson County, Tennessee	no	10.0	981.5	39204.5
6973	42	Book, periodical, and newspaper merchant wholesalers	47	424920	65	47065	Hamilton County, Tennessee	yes	1.0	64.4169266191325	2879.583798860453
6974	42	Book, periodical, and newspaper merchant wholesalers	47	424920	93	47093	Knox County, Tennessee	yes	3.3333333333333335	210.75077985739753	9311.23651562898
6975	42	Book, periodical, and newspaper merchant wholesalers	47	424920	105	47105	Loudon County, Tennessee	yes	1.0	58.88825757575758	2532.494724025974
6976	42	Book, periodical, and newspaper merchant wholesalers	47	424920	113	47113	Madison County, Tennessee	yes	1.0	64.4169266191325	2879.583798860453
6977	42	Book, periodical, and newspaper merchant wholesalers	47	424920	123	47123	Monroe County, Tennessee	yes	1.0	48.666666666666664	1839.625
6978	42	Book, periodical, and newspaper merchant wholesalers	47	424920	127	47127	Moore County, Tennessee	yes	1.0	64.4169266191325	2879.583798860453
6979	42	Book, periodical, and newspaper merchant wholesalers	47	424920	149	47149	Rutherford County, Tennessee	yes	7.833333333333333	498.288435828877	22152.020574707156
6980	42	Book, periodical, and newspaper merchant wholesalers	47	424920	157	47157	Shelby County, Tennessee	no	3.0	23.5	853.75
6981	42	Book, periodical, and newspaper merchant wholesalers	47	424920	157	47157	Shelby County, Tennessee	yes	2.0	130.5530303030303	6095.068181818182
6982	42	Book, periodical, and newspaper merchant wholesalers	47	424920	165	47165	Sumner County, Tennessee	yes	1.0	67.56697860962566	3087.575558632544
6983	42	Book, periodical, and newspaper merchant wholesalers	47	424920	187	47187	Williamson County, Tennessee	yes	1.5	92.31970439691027	4044.5272512414062
6984	42	Brick, stone, and related construction material merchant wholesalers	47	423320	15	47015	Cannon County, Tennessee	yes	1.0	18.95	538.85
6985	42	Brick, stone, and related construction material merchant wholesalers	47	423320	21	47021	Cheatham County, Tennessee	yes	1.0	8.333333333333332	222.57291666666669
6986	42	Brick, stone, and related construction material merchant wholesalers	47	423320	35	47035	Cumberland County, Tennessee	yes	2.0	17.90424192665572	630.5478721948549
6987	42	Brick, stone, and related construction material merchant wholesalers	47	423320	37	47037	Davidson County, Tennessee	no	13.833333333333334	109.33333333333333	6919.333333333333
6988	42	Brick, stone, and related construction material merchant wholesalers	47	423320	65	47065	Hamilton County, Tennessee	no	5.333333333333333	16.333333333333332	1869.1666666666667
6989	42	Brick, stone, and related construction material merchant wholesalers	47	423320	93	47093	Knox County, Tennessee	no	6.0	17.666666666666668	1759.1666666666667
6990	42	Brick, stone, and related construction material merchant wholesalers	47	423320	105	47105	Loudon County, Tennessee	yes	1.5	12.527517788724685	435.1791940339354
6991	42	Brick, stone, and related construction material merchant wholesalers	47	423320	113	47113	Madison County, Tennessee	yes	1.1666666666666667	10.896565407772306	346.32949165298305
6992	42	Brick, stone, and related construction material merchant wholesalers	47	423320	115	47115	Marion County, Tennessee	no	3.6	27.8	940.2
6993	42	Brick, stone, and related construction material merchant wholesalers	47	423320	115	47115	Marion County, Tennessee	yes	3.0	56.85	1616.55
6994	42	Brick, stone, and related construction material merchant wholesalers	47	423320	117	47117	Marshall County, Tennessee	yes	1.0	18.95	538.85
6995	42	Brick, stone, and related construction material merchant wholesalers	47	423320	125	47125	Montgomery County, Tennessee	yes	1.2	9.285878489326766	307.8253899835796
6996	42	Brick, stone, and related construction material merchant wholesalers	47	423320	135	47135	Perry County, Tennessee	yes	1.0	6.655172413793103	316.6810344827586
6997	42	Brick, stone, and related construction material merchant wholesalers	47	423320	141	47141	Putnam County, Tennessee	yes	1.0	8.95212096332786	315.27393609742745
6998	42	Brick, stone, and related construction material merchant wholesalers	47	423320	143	47143	Rhea County, Tennessee	yes	1.3333333333333333	11.17051176792556	420.8342809250137
6999	42	Brick, stone, and related construction material merchant wholesalers	47	423320	149	47149	Rutherford County, Tennessee	yes	1.6	10.571756978653529	452.0882799671593
7000	42	Brick, stone, and related construction material merchant wholesalers	47	423320	153	47153	Sequatchie County, Tennessee	yes	1.0	11.975	398.83125
7001	42	Brick, stone, and related construction material merchant wholesalers	47	423320	155	47155	Sevier County, Tennessee	yes	1.0	10.75344827586207	390.73735632183906
7002	42	Brick, stone, and related construction material merchant wholesalers	47	423320	157	47157	Shelby County, Tennessee	no	13.0	96.16666666666667	5496.666666666667
7003	42	Brick, stone, and related construction material merchant wholesalers	47	423320	161	47161	Stewart County, Tennessee	yes	1.0	18.95	538.85
7004	42	Brick, stone, and related construction material merchant wholesalers	47	423320	163	47163	Sullivan County, Tennessee	no	3.0	6.25	603.5
7005	42	Brick, stone, and related construction material merchant wholesalers	47	423320	163	47163	Sullivan County, Tennessee	yes	2.0	13.310344827586206	633.3620689655172
7006	42	Brick, stone, and related construction material merchant wholesalers	47	423320	165	47165	Sumner County, Tennessee	yes	1.1666666666666667	12.11045429666119	405.0822694307608
7007	42	Brick, stone, and related construction material merchant wholesalers	47	423320	177	47177	Warren County, Tennessee	yes	1.0	18.95	538.85
7008	42	Brick, stone, and related construction material merchant wholesalers	47	423320	179	47179	Washington County, Tennessee	yes	1.8333333333333333	14.745908593322385	540.7395388615216
7009	42	Brick, stone, and related construction material merchant wholesalers	47	423320	187	47187	Williamson County, Tennessee	no	3.0	0.0	2108.0
7010	42	Brick, stone, and related construction material merchant wholesalers	47	423320	187	47187	Williamson County, Tennessee	yes	1.4	13.199211822660098	500.5945566502463
7011	42	Business to business electronic markets	47	425110	9	47009	Blount County, Tennessee	yes	1.0	4.305555555555555	236.5
7012	42	Business to business electronic markets	47	425110	31	47031	Coffee County, Tennessee	yes	1.0	3.9768518518518516	258.1944444444444
7013	42	Business to business electronic markets	47	425110	37	47037	Davidson County, Tennessee	no	3.0	27.0	795.6666666666666
7014	42	Business to business electronic markets	47	425110	37	47037	Davidson County, Tennessee	yes	1.0	0.0	0.0
7015	42	Business to business electronic markets	47	425110	93	47093	Knox County, Tennessee	yes	1.0	5.5	383.66666666666663
7016	42	Business to business electronic markets	47	425110	125	47125	Montgomery County, Tennessee	yes	1.0	4.305555555555555	236.5
7017	42	Business to business electronic markets	47	425110	157	47157	Shelby County, Tennessee	yes	2.5	10.305555555555555	659.1666666666666
7018	42	Business to business electronic markets	47	425110	165	47165	Sumner County, Tennessee	yes	1.0	3.5833333333333335	265.38888888888886
7019	42	Business to business electronic markets	47	425110	187	47187	Williamson County, Tennessee	yes	1.0	2.25	140.0
7020	42	Coal and other mineral and ore merchant wholesalers	47	423520	11	47011	Bradley County, Tennessee	yes	1.0	0.0	191.27083333333331
7021	42	Coal and other mineral and ore merchant wholesalers	47	423520	13	47013	Campbell County, Tennessee	yes	1.0	2.4746031746031747	266.98445767195767
7022	42	Coal and other mineral and ore merchant wholesalers	47	423520	35	47035	Cumberland County, Tennessee	yes	1.0	2.4746031746031747	266.98445767195767
7023	42	Coal and other mineral and ore merchant wholesalers	47	423520	37	47037	Davidson County, Tennessee	yes	1.0	2.4746031746031747	266.98445767195767
7024	42	Coal and other mineral and ore merchant wholesalers	47	423520	93	47093	Knox County, Tennessee	no	3.1666666666666665	11.166666666666666	1949.1666666666667
7025	42	Coal and other mineral and ore merchant wholesalers	47	423520	149	47149	Rutherford County, Tennessee	yes	1.0	3.6825396825396823	314.4550264550264
7026	42	Coal and other mineral and ore merchant wholesalers	47	423520	163	47163	Sullivan County, Tennessee	yes	1.6666666666666667	4.315873015873016	456.0244708994708
7027	42	Coal and other mineral and ore merchant wholesalers	47	423520	187	47187	Williamson County, Tennessee	yes	1.0	1.6285714285714286	215.67113095238093
7028	42	Coal and other mineral and ore merchant wholesalers	47	423520	189	47189	Wilson County, Tennessee	yes	1.0	0.0	190.875
7029	42	Computer and computer peripheral equipment and software merchant wholesalers	47	423430	1	47001	Anderson County, Tennessee	yes	2.1666666666666665	49.849863047942385	4895.835902158326
7030	42	Computer and computer peripheral equipment and software merchant wholesalers	47	423430	9	47009	Blount County, Tennessee	yes	1.0	23.63152874619341	2325.433576079163
7031	42	Computer and computer peripheral equipment and software merchant wholesalers	47	423430	11	47011	Bradley County, Tennessee	yes	2.1666666666666665	45.31087631597106	4349.437561432624
7032	42	Computer and computer peripheral equipment and software merchant wholesalers	47	423430	31	47031	Coffee County, Tennessee	yes	2.0	47.26305749238682	4650.867152158326
7033	42	Computer and computer peripheral equipment and software merchant wholesalers	47	423430	37	47037	Davidson County, Tennessee	no	24.6	1149.6	124119.8
7034	42	Computer and computer peripheral equipment and software merchant wholesalers	47	423430	37	47037	Davidson County, Tennessee	yes	22.0	1138.4179104477612	123711.25373134328
7035	42	Computer and computer peripheral equipment and software merchant wholesalers	47	423430	55	47055	Giles County, Tennessee	yes	1.0	17.244444444444444	1522.4444444444446
7036	42	Computer and computer peripheral equipment and software merchant wholesalers	47	423430	63	47063	Hamblen County, Tennessee	yes	1.0	34.49535655058043	3572.8416252072966
7037	42	Computer and computer peripheral equipment and software merchant wholesalers	47	423430	65	47065	Hamilton County, Tennessee	no	6.333333333333333	83.33333333333333	8001.333333333333
7038	42	Computer and computer peripheral equipment and software merchant wholesalers	47	423430	65	47065	Hamilton County, Tennessee	yes	8.333333333333334	242.61288004422332	24849.068269762298
7039	42	Computer and computer peripheral equipment and software merchant wholesalers	47	423430	85	47085	Humphreys County, Tennessee	yes	1.0	23.63152874619341	2325.433576079163
7040	42	Computer and computer peripheral equipment and software merchant wholesalers	47	423430	93	47093	Knox County, Tennessee	no	17.666666666666668	112.0	8726.666666666666
7041	42	Computer and computer peripheral equipment and software merchant wholesalers	47	423430	93	47093	Knox County, Tennessee	yes	15.333333333333334	415.6561981757877	42182.940816749586
7042	42	Computer and computer peripheral equipment and software merchant wholesalers	47	423430	99	47099	Lawrence County, Tennessee	yes	1.0	34.49535655058043	3572.8416252072966
7043	42	Computer and computer peripheral equipment and software merchant wholesalers	47	423430	113	47113	Madison County, Tennessee	yes	1.0	23.63152874619341	2325.433576079163
7044	42	Computer and computer peripheral equipment and software merchant wholesalers	47	423430	117	47117	Marshall County, Tennessee	yes	1.0	15.520833333333332	1469.8125
7045	42	Computer and computer peripheral equipment and software merchant wholesalers	47	423430	119	47119	Maury County, Tennessee	yes	1.0	23.63152874619341	2325.433576079163
7046	42	Computer and computer peripheral equipment and software merchant wholesalers	47	423430	125	47125	Montgomery County, Tennessee	yes	1.0	23.63152874619341	2325.433576079163
7047	42	Computer and computer peripheral equipment and software merchant wholesalers	47	423430	141	47141	Putnam County, Tennessee	yes	1.0	34.49535655058043	3572.8416252072966
7048	42	Computer and computer peripheral equipment and software merchant wholesalers	47	423430	143	47143	Rhea County, Tennessee	yes	1.0	51.74626865671642	5623.238805970149
7049	42	Computer and computer peripheral equipment and software merchant wholesalers	47	423430	149	47149	Rutherford County, Tennessee	no	3.0	29.0	2032.0
7050	42	Computer and computer peripheral equipment and software merchant wholesalers	47	423430	149	47149	Rutherford County, Tennessee	yes	2.75	72.74467720275435	7336.505348033384
7051	42	Computer and computer peripheral equipment and software merchant wholesalers	47	423430	155	47155	Sevier County, Tennessee	yes	1.3333333333333333	30.65311691044462	3013.9530507168433
7052	42	Computer and computer peripheral equipment and software merchant wholesalers	47	423430	157	47157	Shelby County, Tennessee	no	24.333333333333332	748.5	40707.333333333336
7053	42	Computer and computer peripheral equipment and software merchant wholesalers	47	423430	163	47163	Sullivan County, Tennessee	yes	2.3333333333333335	52.37454589080221	5096.8340451973745
7054	42	Computer and computer peripheral equipment and software merchant wholesalers	47	423430	165	47165	Sumner County, Tennessee	no	3.8333333333333335	3.0	392.0
7055	42	Computer and computer peripheral equipment and software merchant wholesalers	47	423430	179	47179	Washington County, Tennessee	yes	1.0	23.63152874619341	2325.433576079163
7056	42	Computer and computer peripheral equipment and software merchant wholesalers	47	423430	187	47187	Williamson County, Tennessee	no	12.666666666666666	107.33333333333333	10716.333333333334
7057	42	Computer and computer peripheral equipment and software merchant wholesalers	47	423430	189	47189	Wilson County, Tennessee	yes	2.0	47.26305749238682	4650.867152158326
7058	42	Confectionery merchant wholesalers	47	424450	1	47001	Anderson County, Tennessee	yes	1.0	12.583435631635181	568.1195298824706
7059	42	Confectionery merchant wholesalers	47	424450	3	47003	Bedford County, Tennessee	yes	1.0	-7.24	-360.22
7060	42	Confectionery merchant wholesalers	47	424450	9	47009	Blount County, Tennessee	yes	1.0	-7.24	-360.22
7061	42	Confectionery merchant wholesalers	47	424450	11	47011	Bradley County, Tennessee	yes	1.0	3.227936139404335	131.70633414201504
7062	42	Confectionery merchant wholesalers	47	424450	13	47013	Campbell County, Tennessee	yes	1.0	8.399839156758887	371.80549570726015
7063	42	Confectionery merchant wholesalers	47	424450	25	47025	Claiborne County, Tennessee	yes	1.0	8.399839156758887	371.80549570726015
7064	42	Confectionery merchant wholesalers	47	424450	29	47029	Cocke County, Tennessee	yes	1.0	8.399839156758887	371.80549570726015
7065	42	Confectionery merchant wholesalers	47	424450	31	47031	Coffee County, Tennessee	yes	1.0	8.399839156758887	371.80549570726015
7066	42	Confectionery merchant wholesalers	47	424450	35	47035	Cumberland County, Tennessee	yes	1.0	8.399839156758887	371.80549570726015
7067	42	Confectionery merchant wholesalers	47	424450	37	47037	Davidson County, Tennessee	no	6.0	26.0	1790.3333333333333
7068	42	Confectionery merchant wholesalers	47	424450	37	47037	Davidson County, Tennessee	yes	3.0	-29.75617933723197	-1442.013372319688
7069	42	Confectionery merchant wholesalers	47	424450	41	47041	DeKalb County, Tennessee	yes	1.0	-7.24	-360.22
7070	42	Confectionery merchant wholesalers	47	424450	43	47043	Dickson County, Tennessee	yes	1.0	8.399839156758887	371.80549570726015
7071	42	Confectionery merchant wholesalers	47	424450	45	47045	Dyer County, Tennessee	yes	1.6666666666666667	11.43446877003674	501.58091389806515
7072	42	Confectionery merchant wholesalers	47	424450	55	47055	Giles County, Tennessee	yes	1.0	8.399839156758887	371.80549570726015
7073	42	Confectionery merchant wholesalers	47	424450	59	47059	Greene County, Tennessee	yes	1.0	8.399839156758887	371.80549570726015
7074	42	Confectionery merchant wholesalers	47	424450	63	47063	Hamblen County, Tennessee	yes	2.2	19.24058740442686	859.3109914145203
7075	42	Confectionery merchant wholesalers	47	424450	65	47065	Hamilton County, Tennessee	yes	3.0	9.683808418213006	395.11900242604514
7076	42	Confectionery merchant wholesalers	47	424450	69	47069	Hardeman County, Tennessee	yes	1.0	8.399839156758887	371.80549570726015
7077	42	Confectionery merchant wholesalers	47	424450	77	47077	Henderson County, Tennessee	yes	1.0	8.399839156758887	371.80549570726015
7078	42	Confectionery merchant wholesalers	47	424450	79	47079	Henry County, Tennessee	yes	1.0	8.399839156758887	371.80549570726015
7079	42	Confectionery merchant wholesalers	47	424450	85	47085	Humphreys County, Tennessee	yes	1.0	8.399839156758887	371.80549570726015
7080	42	Confectionery merchant wholesalers	47	424450	89	47089	Jefferson County, Tennessee	yes	1.0	8.399839156758887	371.80549570726015
7081	42	Confectionery merchant wholesalers	47	424450	93	47093	Knox County, Tennessee	yes	1.3333333333333333	1.4900972239338401	49.99142186131328
7082	42	Confectionery merchant wholesalers	47	424450	99	47099	Lawrence County, Tennessee	yes	1.0	8.399839156758887	371.80549570726015
7083	42	Confectionery merchant wholesalers	47	424450	103	47103	Lincoln County, Tennessee	yes	2.0	16.799678313517774	743.6109914145203
7084	42	Confectionery merchant wholesalers	47	424450	105	47105	Loudon County, Tennessee	yes	1.0	12.204545454545455	578.5
7085	42	Confectionery merchant wholesalers	47	424450	107	47107	McMinn County, Tennessee	yes	1.6	11.690526025445756	518.4392734850379
7086	42	Confectionery merchant wholesalers	47	424450	109	47109	McNairy County, Tennessee	yes	1.0	-7.24	-360.22
7087	42	Confectionery merchant wholesalers	47	424450	111	47111	Macon County, Tennessee	yes	1.0	8.399839156758887	371.80549570726015
7088	42	Confectionery merchant wholesalers	47	424450	113	47113	Madison County, Tennessee	yes	1.8333333333333333	10.227802103370074	441.54424723139846
7089	42	Confectionery merchant wholesalers	47	424450	117	47117	Marshall County, Tennessee	yes	1.0	8.399839156758887	371.80549570726015
7090	42	Confectionery merchant wholesalers	47	424450	119	47119	Maury County, Tennessee	yes	1.0	8.399839156758887	371.80549570726015
7091	42	Confectionery merchant wholesalers	47	424450	125	47125	Montgomery County, Tennessee	yes	1.0	8.399839156758887	371.80549570726015
7092	42	Confectionery merchant wholesalers	47	424450	131	47131	Obion County, Tennessee	yes	1.0	8.399839156758887	371.80549570726015
7093	42	Confectionery merchant wholesalers	47	424450	141	47141	Putnam County, Tennessee	yes	1.6666666666666667	8.312987288555258	355.7294324165837
7094	42	Confectionery merchant wholesalers	47	424450	145	47145	Roane County, Tennessee	yes	1.2	10.697616934536665	474.7832734850379
7095	42	Confectionery merchant wholesalers	47	424450	149	47149	Rutherford County, Tennessee	no	3.0	3.0	106.0
7096	42	Confectionery merchant wholesalers	47	424450	149	47149	Rutherford County, Tennessee	yes	2.8	-2.259309458943684	-170.17291501822805
7097	42	Confectionery merchant wholesalers	47	424450	151	47151	Scott County, Tennessee	yes	1.0	8.399839156758887	371.80549570726015
7098	42	Confectionery merchant wholesalers	47	424450	157	47157	Shelby County, Tennessee	no	8.166666666666666	275.3333333333333	11490.333333333334
7099	42	Confectionery merchant wholesalers	47	424450	165	47165	Sumner County, Tennessee	yes	1.0	0.9713941643305558	19.023038654400466
7100	42	Confectionery merchant wholesalers	47	424450	177	47177	Warren County, Tennessee	yes	1.0	12.309798945948607	554.8118696340752
7101	42	Confectionery merchant wholesalers	47	424450	179	47179	Washington County, Tennessee	yes	1.0	-7.24	-360.22
7102	42	Confectionery merchant wholesalers	47	424450	187	47187	Williamson County, Tennessee	no	3.0	0.0	86.0
7103	42	Confectionery merchant wholesalers	47	424450	187	47187	Williamson County, Tennessee	yes	1.0	-22.63157894736842	-1068.7894736842104
7104	42	Confectionery merchant wholesalers	47	424450	189	47189	Wilson County, Tennessee	yes	1.0	3.227936139404335	131.70633414201504
7105	42	Construction and mining (except oil well) machinery and equipment merchant wholesalers	47	423810	1	47001	Anderson County, Tennessee	yes	1.0	20.952744953106464	1119.4626349703935
7106	42	Construction and mining (except oil well) machinery and equipment merchant wholesalers	47	423810	5	47005	Benton County, Tennessee	yes	1.0	20.952744953106464	1119.4626349703935
7107	42	Construction and mining (except oil well) machinery and equipment merchant wholesalers	47	423810	9	47009	Blount County, Tennessee	no	4.166666666666667	41.166666666666664	2379.3333333333335
7108	42	Construction and mining (except oil well) machinery and equipment merchant wholesalers	47	423810	11	47011	Bradley County, Tennessee	yes	1.0	18.393939393939394	935.7878787878789
7109	42	Construction and mining (except oil well) machinery and equipment merchant wholesalers	47	423810	13	47013	Campbell County, Tennessee	yes	1.0	20.952744953106464	1119.4626349703935
7110	42	Construction and mining (except oil well) machinery and equipment merchant wholesalers	47	423810	17	47017	Carroll County, Tennessee	yes	1.0	20.952744953106464	1119.4626349703935
7111	42	Construction and mining (except oil well) machinery and equipment merchant wholesalers	47	423810	25	47025	Claiborne County, Tennessee	yes	1.0	18.393939393939394	935.7878787878789
7112	42	Construction and mining (except oil well) machinery and equipment merchant wholesalers	47	423810	27	47027	Clay County, Tennessee	yes	1.0	20.952744953106464	1119.4626349703935
7113	42	Construction and mining (except oil well) machinery and equipment merchant wholesalers	47	423810	31	47031	Coffee County, Tennessee	yes	1.0	20.952744953106464	1119.4626349703935
7114	42	Construction and mining (except oil well) machinery and equipment merchant wholesalers	47	423810	33	47033	Crockett County, Tennessee	yes	1.0	20.952744953106464	1119.4626349703935
7115	42	Construction and mining (except oil well) machinery and equipment merchant wholesalers	47	423810	35	47035	Cumberland County, Tennessee	yes	1.0	20.952744953106464	1119.4626349703935
7116	42	Construction and mining (except oil well) machinery and equipment merchant wholesalers	47	423810	37	47037	Davidson County, Tennessee	no	14.333333333333334	372.6666666666667	29212.666666666668
7117	42	Construction and mining (except oil well) machinery and equipment merchant wholesalers	47	423810	45	47045	Dyer County, Tennessee	yes	2.0	41.90548990621293	2238.925269940787
7118	42	Construction and mining (except oil well) machinery and equipment merchant wholesalers	47	423810	47	47047	Fayette County, Tennessee	yes	1.8	39.93030245246041	2192.5285057471265
7119	42	Construction and mining (except oil well) machinery and equipment merchant wholesalers	47	423810	63	47063	Hamblen County, Tennessee	yes	1.0	18.393939393939394	935.7878787878789
7120	42	Construction and mining (except oil well) machinery and equipment merchant wholesalers	47	423810	65	47065	Hamilton County, Tennessee	no	9.666666666666666	168.66666666666666	8905.0
7121	42	Construction and mining (except oil well) machinery and equipment merchant wholesalers	47	423810	71	47071	Hardin County, Tennessee	yes	1.0	19.640273704789834	979.5848484848485
7122	42	Construction and mining (except oil well) machinery and equipment merchant wholesalers	47	423810	93	47093	Knox County, Tennessee	no	22.166666666666668	468.5	35111.666666666664
7123	42	Construction and mining (except oil well) machinery and equipment merchant wholesalers	47	423810	97	47097	Lauderdale County, Tennessee	yes	1.0	20.952744953106464	1119.4626349703935
7124	42	Construction and mining (except oil well) machinery and equipment merchant wholesalers	47	423810	101	47101	Lewis County, Tennessee	yes	1.0	20.952744953106464	1119.4626349703935
7125	42	Construction and mining (except oil well) machinery and equipment merchant wholesalers	47	423810	105	47105	Loudon County, Tennessee	yes	1.3333333333333333	28.930522730884245	1542.7293016370604
7126	42	Construction and mining (except oil well) machinery and equipment merchant wholesalers	47	423810	113	47113	Madison County, Tennessee	no	4.5	38.833333333333336	2085.5
7127	42	Construction and mining (except oil well) machinery and equipment merchant wholesalers	47	423810	115	47115	Marion County, Tennessee	yes	1.0	19.640273704789834	979.5848484848485
7128	42	Construction and mining (except oil well) machinery and equipment merchant wholesalers	47	423810	123	47123	Monroe County, Tennessee	yes	1.0	20.952744953106464	1119.4626349703935
7129	42	Construction and mining (except oil well) machinery and equipment merchant wholesalers	47	423810	125	47125	Montgomery County, Tennessee	yes	2.1666666666666665	44.971146471869496	2394.8899164054337
7130	42	Construction and mining (except oil well) machinery and equipment merchant wholesalers	47	423810	139	47139	Polk County, Tennessee	yes	1.0	20.952744953106464	1119.4626349703935
7131	42	Construction and mining (except oil well) machinery and equipment merchant wholesalers	47	423810	141	47141	Putnam County, Tennessee	yes	1.5	30.772881805501385	1609.255059212818
7132	42	Construction and mining (except oil well) machinery and equipment merchant wholesalers	47	423810	149	47149	Rutherford County, Tennessee	no	9.333333333333334	299.1666666666667	20269.5
7133	42	Construction and mining (except oil well) machinery and equipment merchant wholesalers	47	423810	155	47155	Sevier County, Tennessee	yes	1.0	22.282245484400654	1228.4969827586206
7134	42	Construction and mining (except oil well) machinery and equipment merchant wholesalers	47	423810	157	47157	Shelby County, Tennessee	no	15.0	408.5	26142.166666666668
7135	42	Construction and mining (except oil well) machinery and equipment merchant wholesalers	47	423810	159	47159	Smith County, Tennessee	yes	1.8333333333333333	38.83983334055637	2082.960623476141
7136	42	Construction and mining (except oil well) machinery and equipment merchant wholesalers	47	423810	163	47163	Sullivan County, Tennessee	no	5.333333333333333	91.66666666666667	5407.333333333333
7137	42	Construction and mining (except oil well) machinery and equipment merchant wholesalers	47	423810	165	47165	Sumner County, Tennessee	yes	1.0	20.952744953106464	1119.4626349703935
7138	42	Construction and mining (except oil well) machinery and equipment merchant wholesalers	47	423810	177	47177	Warren County, Tennessee	yes	1.0	20.952744953106464	1119.4626349703935
7139	42	Construction and mining (except oil well) machinery and equipment merchant wholesalers	47	423810	179	47179	Washington County, Tennessee	no	3.0	0.0	795.0
7140	42	Construction and mining (except oil well) machinery and equipment merchant wholesalers	47	423810	179	47179	Washington County, Tennessee	yes	1.4	28.74192541977859	1502.9975862068966
7141	42	Construction and mining (except oil well) machinery and equipment merchant wholesalers	47	423810	187	47187	Williamson County, Tennessee	no	3.0	13.2	1343.2
7142	42	Construction and mining (except oil well) machinery and equipment merchant wholesalers	47	423810	187	47187	Williamson County, Tennessee	yes	3.0	55.18181818181818	2807.3636363636365
7143	42	Construction and mining (except oil well) machinery and equipment merchant wholesalers	47	423810	189	47189	Wilson County, Tennessee	yes	1.8333333333333333	38.183267683990714	2049.5974921630095
7144	42	Dairy product (except dried or canned) merchant wholesalers	47	424430	31	47031	Coffee County, Tennessee	yes	1.0	17.064594744780504	787.6049390066418
7145	42	Dairy product (except dried or canned) merchant wholesalers	47	424430	37	47037	Davidson County, Tennessee	yes	2.1666666666666665	36.866031594824165	1693.2975973115292
7146	42	Dairy product (except dried or canned) merchant wholesalers	47	424430	63	47063	Hamblen County, Tennessee	yes	1.0	18.261919504643963	789.3192294461643
7147	42	Dairy product (except dried or canned) merchant wholesalers	47	424430	65	47065	Hamilton County, Tennessee	yes	1.5	24.998229737239026	1180.5502632902014
7148	42	Dairy product (except dried or canned) merchant wholesalers	47	424430	93	47093	Knox County, Tennessee	no	3.0	21.75	1375.25
7149	42	Dairy product (except dried or canned) merchant wholesalers	47	424430	93	47093	Knox County, Tennessee	yes	3.0	52.77863777089783	2347.9365325077397
7150	42	Dairy product (except dried or canned) merchant wholesalers	47	424430	113	47113	Madison County, Tennessee	yes	1.0	17.064594744780504	787.6049390066418
7151	42	Dairy product (except dried or canned) merchant wholesalers	47	424430	141	47141	Putnam County, Tennessee	yes	1.0	17.064594744780504	787.6049390066418
7152	42	Dairy product (except dried or canned) merchant wholesalers	47	424430	145	47145	Roane County, Tennessee	yes	1.0	16.80045248868778	790.084653092006
7153	42	Dairy product (except dried or canned) merchant wholesalers	47	424430	149	47149	Rutherford County, Tennessee	yes	1.5	24.998229737239026	1180.5502632902014
7154	42	Dairy product (except dried or canned) merchant wholesalers	47	424430	157	47157	Shelby County, Tennessee	no	7.0	100.16666666666667	3899.6666666666665
7155	42	Dairy product (except dried or canned) merchant wholesalers	47	424430	163	47163	Sullivan County, Tennessee	yes	2.0	34.12918948956101	1575.2098780132835
7156	42	Dairy product (except dried or canned) merchant wholesalers	47	424430	165	47165	Sumner County, Tennessee	yes	1.0	17.064594744780504	787.6049390066418
7157	42	Dairy product (except dried or canned) merchant wholesalers	47	424430	175	47175	Van Buren County, Tennessee	yes	1.0	16.421052631578945	708.5263157894736
7158	42	Dairy product (except dried or canned) merchant wholesalers	47	424430	179	47179	Washington County, Tennessee	yes	1.0	17.064594744780504	787.6049390066418
7159	42	Dairy product (except dried or canned) merchant wholesalers	47	424430	187	47187	Williamson County, Tennessee	yes	1.5	24.998229737239026	1180.5502632902014
7160	42	Dairy product (except dried or canned) merchant wholesalers	47	424430	189	47189	Wilson County, Tennessee	yes	1.0	17.064594744780504	787.6049390066418
7161	42	Drugs and druggists' sundries merchant wholesalers	47	424210	1	47001	Anderson County, Tennessee	yes	2.0	122.95551172333019	8852.53069544634
7162	42	Drugs and druggists' sundries merchant wholesalers	47	424210	3	47003	Bedford County, Tennessee	yes	1.0	59.01785714285714	4715.160714285714
7163	42	Drugs and druggists' sundries merchant wholesalers	47	424210	7	47007	Bledsoe County, Tennessee	yes	1.0	61.477755861665095	4426.26534772317
7164	42	Drugs and druggists' sundries merchant wholesalers	47	424210	9	47009	Blount County, Tennessee	yes	2.0	122.95551172333019	8852.53069544634
7165	42	Drugs and druggists' sundries merchant wholesalers	47	424210	11	47011	Bradley County, Tennessee	yes	4.0	245.91102344666038	17705.06139089268
7166	42	Drugs and druggists' sundries merchant wholesalers	47	424210	33	47033	Crockett County, Tennessee	yes	1.6666666666666667	103.35344267485192	7488.961165793989
7167	42	Drugs and druggists' sundries merchant wholesalers	47	424210	37	47037	Davidson County, Tennessee	no	30.0	638.5	54770.0
7168	42	Drugs and druggists' sundries merchant wholesalers	47	424210	39	47039	Decatur County, Tennessee	yes	1.0	61.477755861665095	4426.26534772317
7169	42	Drugs and druggists' sundries merchant wholesalers	47	424210	43	47043	Dickson County, Tennessee	yes	1.0	61.477755861665095	4426.26534772317
7170	42	Drugs and druggists' sundries merchant wholesalers	47	424210	53	47053	Gibson County, Tennessee	yes	1.0	78.3076923076923	5729.282051282051
7171	42	Drugs and druggists' sundries merchant wholesalers	47	424210	55	47055	Giles County, Tennessee	yes	1.0	61.477755861665095	4426.26534772317
7172	42	Drugs and druggists' sundries merchant wholesalers	47	424210	63	47063	Hamblen County, Tennessee	yes	1.0	61.477755861665095	4426.26534772317
7173	42	Drugs and druggists' sundries merchant wholesalers	47	424210	65	47065	Hamilton County, Tennessee	no	11.166666666666666	78.66666666666667	4319.333333333333
7174	42	Drugs and druggists' sundries merchant wholesalers	47	424210	79	47079	Henry County, Tennessee	yes	1.0	61.477755861665095	4426.26534772317
7175	42	Drugs and druggists' sundries merchant wholesalers	47	424210	91	47091	Johnson County, Tennessee	yes	1.0	65.30670219952067	4636.899743065387
7176	42	Drugs and druggists' sundries merchant wholesalers	47	424210	93	47093	Knox County, Tennessee	no	14.333333333333334	551.5	39408.333333333336
7177	42	Drugs and druggists' sundries merchant wholesalers	47	424210	113	47113	Madison County, Tennessee	no	3.0	5.0	570.5
7178	42	Drugs and druggists' sundries merchant wholesalers	47	424210	113	47113	Madison County, Tennessee	yes	1.25	77.53359807821194	5453.73730729904
7179	42	Drugs and druggists' sundries merchant wholesalers	47	424210	119	47119	Maury County, Tennessee	yes	3.0	184.4332675849953	13278.79604316951
7180	42	Drugs and druggists' sundries merchant wholesalers	47	424210	125	47125	Montgomery County, Tennessee	yes	2.0	122.95551172333019	8852.53069544634
7181	42	Drugs and druggists' sundries merchant wholesalers	47	424210	141	47141	Putnam County, Tennessee	no	3.3333333333333335	21.166666666666668	598.6666666666666
7182	42	Drugs and druggists' sundries merchant wholesalers	47	424210	145	47145	Roane County, Tennessee	yes	1.0	61.969735605426685	4368.48627441066
7183	42	Drugs and druggists' sundries merchant wholesalers	47	424210	147	47147	Robertson County, Tennessee	yes	1.0	57.919642857142854	4347.383928571428
7184	42	Drugs and druggists' sundries merchant wholesalers	47	424210	149	47149	Rutherford County, Tennessee	no	13.666666666666666	569.0	32449.333333333332
7185	42	Drugs and druggists' sundries merchant wholesalers	47	424210	149	47149	Rutherford County, Tennessee	yes	13.666666666666666	788.0476190476192	57701.458333333336
7186	42	Drugs and druggists' sundries merchant wholesalers	47	424210	155	47155	Sevier County, Tennessee	yes	2.0	122.95551172333019	8852.53069544634
7187	42	Drugs and druggists' sundries merchant wholesalers	47	424210	157	47157	Shelby County, Tennessee	no	35.333333333333336	1104.0	68685.33333333333
7188	42	Drugs and druggists' sundries merchant wholesalers	47	424210	163	47163	Sullivan County, Tennessee	yes	4.666666666666667	284.8196401141863	20517.758896735508
7189	42	Drugs and druggists' sundries merchant wholesalers	47	424210	165	47165	Sumner County, Tennessee	yes	2.0	125.62706043956044	9188.087454212455
7190	42	Drugs and druggists' sundries merchant wholesalers	47	424210	167	47167	Tipton County, Tennessee	yes	1.0	65.30670219952067	4636.899743065387
7191	42	Drugs and druggists' sundries merchant wholesalers	47	424210	177	47177	Warren County, Tennessee	yes	1.0	67.70741758241758	4840.703525641025
7192	42	Drugs and druggists' sundries merchant wholesalers	47	424210	179	47179	Washington County, Tennessee	yes	2.1666666666666665	136.00679377461225	9807.411037326681
7193	42	Drugs and druggists' sundries merchant wholesalers	47	424210	183	47183	Weakley County, Tennessee	yes	1.0	61.477755861665095	4426.26534772317
7194	42	Drugs and druggists' sundries merchant wholesalers	47	424210	187	47187	Williamson County, Tennessee	no	7.0	60.333333333333336	7875.333333333333
7195	42	Drugs and druggists' sundries merchant wholesalers	47	424210	187	47187	Williamson County, Tennessee	yes	6.666666666666667	383.86904761904765	27937.69642857143
7196	42	Drugs and druggists' sundries merchant wholesalers	47	424210	189	47189	Wilson County, Tennessee	yes	1.0	59.01785714285714	4715.160714285714
7197	42	Electrical apparatus and equipment, wiring supplies, and related equipment merchant wholesalers	47	423610	1	47001	Anderson County, Tennessee	no	3.0	25.166666666666668	1048.0
7198	42	Electrical apparatus and equipment, wiring supplies, and related equipment merchant wholesalers	47	423610	3	47003	Bedford County, Tennessee	yes	1.0	11.971528337362342	907.3986032769271
7199	42	Electrical apparatus and equipment, wiring supplies, and related equipment merchant wholesalers	47	423610	5	47005	Benton County, Tennessee	yes	1.0	14.973367892623694	1092.9207649050088
7200	42	Electrical apparatus and equipment, wiring supplies, and related equipment merchant wholesalers	47	423610	9	47009	Blount County, Tennessee	no	5.333333333333333	103.0	6519.666666666667
7201	42	Electrical apparatus and equipment, wiring supplies, and related equipment merchant wholesalers	47	423610	11	47011	Bradley County, Tennessee	no	5.333333333333333	128.66666666666666	11793.666666666666
7202	42	Electrical apparatus and equipment, wiring supplies, and related equipment merchant wholesalers	47	423610	11	47011	Bradley County, Tennessee	yes	3.3333333333333335	60.37623962760574	4319.902853673345
7203	42	Electrical apparatus and equipment, wiring supplies, and related equipment merchant wholesalers	47	423610	19	47019	Carter County, Tennessee	yes	1.5	20.959132061304864	1546.6200665434724
7204	42	Electrical apparatus and equipment, wiring supplies, and related equipment merchant wholesalers	47	423610	25	47025	Claiborne County, Tennessee	yes	1.0	14.973367892623694	1092.9207649050088
7205	42	Electrical apparatus and equipment, wiring supplies, and related equipment merchant wholesalers	47	423610	31	47031	Coffee County, Tennessee	yes	1.0	14.973367892623694	1092.9207649050088
7206	42	Electrical apparatus and equipment, wiring supplies, and related equipment merchant wholesalers	47	423610	35	47035	Cumberland County, Tennessee	yes	1.6666666666666667	24.184440703280174	1788.9071035805093
7207	42	Electrical apparatus and equipment, wiring supplies, and related equipment merchant wholesalers	47	423610	37	47037	Davidson County, Tennessee	no	44.0	1035.3333333333333	95852.5
7208	42	Electrical apparatus and equipment, wiring supplies, and related equipment merchant wholesalers	47	423610	45	47045	Dyer County, Tennessee	yes	2.0	29.946735785247387	2185.8415298100176
7209	42	Electrical apparatus and equipment, wiring supplies, and related equipment merchant wholesalers	47	423610	47	47047	Fayette County, Tennessee	yes	2.0	29.946735785247387	2185.8415298100176
7210	42	Electrical apparatus and equipment, wiring supplies, and related equipment merchant wholesalers	47	423610	51	47051	Franklin County, Tennessee	yes	1.0	14.973367892623694	1092.9207649050088
7211	42	Electrical apparatus and equipment, wiring supplies, and related equipment merchant wholesalers	47	423610	59	47059	Greene County, Tennessee	yes	1.0	14.973367892623694	1092.9207649050088
7212	42	Electrical apparatus and equipment, wiring supplies, and related equipment merchant wholesalers	47	423610	63	47063	Hamblen County, Tennessee	yes	1.0	14.973367892623694	1092.9207649050088
7213	42	Electrical apparatus and equipment, wiring supplies, and related equipment merchant wholesalers	47	423610	65	47065	Hamilton County, Tennessee	no	23.166666666666668	212.16666666666666	12572.666666666666
7214	42	Electrical apparatus and equipment, wiring supplies, and related equipment merchant wholesalers	47	423610	77	47077	Henderson County, Tennessee	yes	1.0	14.973367892623694	1092.9207649050088
7215	42	Electrical apparatus and equipment, wiring supplies, and related equipment merchant wholesalers	47	423610	81	47081	Hickman County, Tennessee	yes	1.0	17.28688524590164	1190.8032786885246
7216	42	Electrical apparatus and equipment, wiring supplies, and related equipment merchant wholesalers	47	423610	89	47089	Jefferson County, Tennessee	yes	1.0	15.768041471148432	1162.7755061213047
7217	42	Electrical apparatus and equipment, wiring supplies, and related equipment merchant wholesalers	47	423610	93	47093	Knox County, Tennessee	no	27.666666666666668	392.8333333333333	22180.666666666668
7218	42	Electrical apparatus and equipment, wiring supplies, and related equipment merchant wholesalers	47	423610	99	47099	Lawrence County, Tennessee	yes	1.0	14.973367892623694	1092.9207649050088
7219	42	Electrical apparatus and equipment, wiring supplies, and related equipment merchant wholesalers	47	423610	103	47103	Lincoln County, Tennessee	yes	1.0	14.973367892623694	1092.9207649050088
7220	42	Electrical apparatus and equipment, wiring supplies, and related equipment merchant wholesalers	47	423610	105	47105	Loudon County, Tennessee	yes	2.3333333333333335	35.7090308672146	2582.7759560395257
7221	42	Electrical apparatus and equipment, wiring supplies, and related equipment merchant wholesalers	47	423610	107	47107	McMinn County, Tennessee	yes	1.0	14.973367892623694	1092.9207649050088
7222	42	Electrical apparatus and equipment, wiring supplies, and related equipment merchant wholesalers	47	423610	113	47113	Madison County, Tennessee	no	8.166666666666666	56.5	4753.166666666667
7223	42	Electrical apparatus and equipment, wiring supplies, and related equipment merchant wholesalers	47	423610	119	47119	Maury County, Tennessee	yes	5.333333333333333	78.09850527114389	5717.871432174437
7224	42	Electrical apparatus and equipment, wiring supplies, and related equipment merchant wholesalers	47	423610	125	47125	Montgomery County, Tennessee	no	4.5	24.333333333333332	1805.5
7225	42	Electrical apparatus and equipment, wiring supplies, and related equipment merchant wholesalers	47	423610	131	47131	Obion County, Tennessee	yes	1.0	14.973367892623694	1092.9207649050088
7226	42	Electrical apparatus and equipment, wiring supplies, and related equipment merchant wholesalers	47	423610	141	47141	Putnam County, Tennessee	no	4.0	23.666666666666668	1750.6666666666667
7227	42	Electrical apparatus and equipment, wiring supplies, and related equipment merchant wholesalers	47	423610	145	47145	Roane County, Tennessee	yes	1.0	14.973367892623694	1092.9207649050088
7228	42	Electrical apparatus and equipment, wiring supplies, and related equipment merchant wholesalers	47	423610	149	47149	Rutherford County, Tennessee	no	14.666666666666666	567.6666666666666	46301.666666666664
7229	42	Electrical apparatus and equipment, wiring supplies, and related equipment merchant wholesalers	47	423610	149	47149	Rutherford County, Tennessee	yes	13.666666666666666	246.14470754907916	17497.33758348512
7230	42	Electrical apparatus and equipment, wiring supplies, and related equipment merchant wholesalers	47	423610	155	47155	Sevier County, Tennessee	yes	2.0	29.946735785247387	2185.8415298100176
7231	42	Electrical apparatus and equipment, wiring supplies, and related equipment merchant wholesalers	47	423610	157	47157	Shelby County, Tennessee	no	68.0	870.5	54529.5
7232	42	Electrical apparatus and equipment, wiring supplies, and related equipment merchant wholesalers	47	423610	163	47163	Sullivan County, Tennessee	no	6.166666666666667	84.5	4351.833333333333
7233	42	Electrical apparatus and equipment, wiring supplies, and related equipment merchant wholesalers	47	423610	165	47165	Sumner County, Tennessee	no	6.5	39.25	2578.25
7234	42	Electrical apparatus and equipment, wiring supplies, and related equipment merchant wholesalers	47	423610	165	47165	Sumner County, Tennessee	yes	5.5	94.69672131147541	6555.311475409836
7235	42	Electrical apparatus and equipment, wiring supplies, and related equipment merchant wholesalers	47	423610	177	47177	Warren County, Tennessee	no	3.0	17.0	556.0
7236	42	Electrical apparatus and equipment, wiring supplies, and related equipment merchant wholesalers	47	423610	177	47177	Warren County, Tennessee	yes	1.6	23.212425199138718	1645.8111966816818
7237	42	Electrical apparatus and equipment, wiring supplies, and related equipment merchant wholesalers	47	423610	179	47179	Washington County, Tennessee	no	6.0	29.333333333333332	1892.6666666666667
7238	42	Electrical apparatus and equipment, wiring supplies, and related equipment merchant wholesalers	47	423610	179	47179	Washington County, Tennessee	yes	6.333333333333333	113.35944140862172	8071.520947176684
7239	42	Electrical apparatus and equipment, wiring supplies, and related equipment merchant wholesalers	47	423610	183	47183	Weakley County, Tennessee	yes	1.0	14.973367892623694	1092.9207649050088
7240	42	Electrical apparatus and equipment, wiring supplies, and related equipment merchant wholesalers	47	423610	187	47187	Williamson County, Tennessee	no	12.166666666666666	96.5	9132.5
7241	42	Electrical apparatus and equipment, wiring supplies, and related equipment merchant wholesalers	47	423610	189	47189	Wilson County, Tennessee	no	8.833333333333334	20.0	1772.5
7242	42	Farm and garden machinery and equipment merchant wholesalers	47	423820	3	47003	Bedford County, Tennessee	no	3.0	6.5	173.5
7243	42	Farm and garden machinery and equipment merchant wholesalers	47	423820	3	47003	Bedford County, Tennessee	yes	2.0	24.83424408014572	965.377049180328
7244	42	Farm and garden machinery and equipment merchant wholesalers	47	423820	9	47009	Blount County, Tennessee	no	3.0	45.333333333333336	2066.0
7245	42	Farm and garden machinery and equipment merchant wholesalers	47	423820	11	47011	Bradley County, Tennessee	yes	1.6666666666666667	19.71276237261583	781.0684948386597
7246	42	Farm and garden machinery and equipment merchant wholesalers	47	423820	17	47017	Carroll County, Tennessee	no	3.0	14.5	486.3333333333333
7247	42	Farm and garden machinery and equipment merchant wholesalers	47	423820	23	47023	Chester County, Tennessee	yes	2.0	23.325822801465733	953.8911069244296
7248	42	Farm and garden machinery and equipment merchant wholesalers	47	423820	31	47031	Coffee County, Tennessee	yes	2.1666666666666665	25.70560422223076	1030.4539484544841
7249	42	Farm and garden machinery and equipment merchant wholesalers	47	423820	33	47033	Crockett County, Tennessee	yes	2.6	30.6928627756594	1334.1174585061278
7250	42	Farm and garden machinery and equipment merchant wholesalers	47	423820	35	47035	Cumberland County, Tennessee	no	4.0	62.0	3054.6666666666665
7251	42	Farm and garden machinery and equipment merchant wholesalers	47	423820	37	47037	Davidson County, Tennessee	no	6.166666666666667	73.5	2447.1666666666665
7252	42	Farm and garden machinery and equipment merchant wholesalers	47	423820	39	47039	Decatur County, Tennessee	yes	1.0	12.581183425247412	439.57921608622297
7253	42	Farm and garden machinery and equipment merchant wholesalers	47	423820	43	47043	Dickson County, Tennessee	no	3.0	24.333333333333332	1950.0
7254	42	Farm and garden machinery and equipment merchant wholesalers	47	423820	43	47043	Dickson County, Tennessee	yes	2.0	25.162366850494823	879.1584321724459
7255	42	Farm and garden machinery and equipment merchant wholesalers	47	423820	45	47045	Dyer County, Tennessee	no	5.6	65.8	2632.0
7256	42	Farm and garden machinery and equipment merchant wholesalers	47	423820	45	47045	Dyer County, Tennessee	yes	5.0	71.39344262295081	2296.8852459016393
7257	42	Farm and garden machinery and equipment merchant wholesalers	47	423820	47	47047	Fayette County, Tennessee	yes	1.1666666666666667	14.042692821497894	553.5083949922695
7258	42	Farm and garden machinery and equipment merchant wholesalers	47	423820	49	47049	Fentress County, Tennessee	yes	1.0	11.662911400732867	476.9455534622148
7259	42	Farm and garden machinery and equipment merchant wholesalers	47	423820	51	47051	Franklin County, Tennessee	yes	2.0	23.325822801465733	953.8911069244296
7260	42	Farm and garden machinery and equipment merchant wholesalers	47	423820	53	47053	Gibson County, Tennessee	yes	1.6666666666666667	19.39544614260547	822.0127892038987
7261	42	Farm and garden machinery and equipment merchant wholesalers	47	423820	55	47055	Giles County, Tennessee	yes	1.1666666666666667	13.422170659992126	561.2788867955481
7262	42	Farm and garden machinery and equipment merchant wholesalers	47	423820	59	47059	Greene County, Tennessee	yes	1.3333333333333333	15.27597182958277	649.7681655479847
7263	42	Farm and garden machinery and equipment merchant wholesalers	47	423820	65	47065	Hamilton County, Tennessee	yes	2.0	23.325822801465733	953.8911069244296
7264	42	Farm and garden machinery and equipment merchant wholesalers	47	423820	67	47067	Hancock County, Tennessee	yes	1.0	11.662911400732867	476.9455534622148
7265	42	Farm and garden machinery and equipment merchant wholesalers	47	423820	69	47069	Hardeman County, Tennessee	yes	1.0	11.662911400732867	476.9455534622148
7266	42	Farm and garden machinery and equipment merchant wholesalers	47	423820	71	47071	Hardin County, Tennessee	yes	2.0	23.325822801465733	953.8911069244296
7267	42	Farm and garden machinery and equipment merchant wholesalers	47	423820	73	47073	Hawkins County, Tennessee	yes	1.1666666666666667	13.422170659992126	561.2788867955481
7268	42	Farm and garden machinery and equipment merchant wholesalers	47	423820	75	47075	Haywood County, Tennessee	yes	1.8	21.413821085412277	920.0367756161071
7269	42	Farm and garden machinery and equipment merchant wholesalers	47	423820	77	47077	Henderson County, Tennessee	yes	1.0	11.662911400732867	476.9455534622148
7270	42	Farm and garden machinery and equipment merchant wholesalers	47	423820	79	47079	Henry County, Tennessee	no	3.6666666666666665	43.666666666666664	1677.3333333333333
7271	42	Farm and garden machinery and equipment merchant wholesalers	47	423820	89	47089	Jefferson County, Tennessee	no	3.0	27.0	1047.0
7272	42	Farm and garden machinery and equipment merchant wholesalers	47	423820	89	47089	Jefferson County, Tennessee	yes	3.0	35.653147709304996	1413.4039924639733
7273	42	Farm and garden machinery and equipment merchant wholesalers	47	423820	93	47093	Knox County, Tennessee	no	7.0	43.166666666666664	2706.0
7274	42	Farm and garden machinery and equipment merchant wholesalers	47	423820	97	47097	Lauderdale County, Tennessee	yes	1.6666666666666667	19.39544614260547	822.0127892038987
7275	42	Farm and garden machinery and equipment merchant wholesalers	47	423820	99	47099	Lawrence County, Tennessee	no	3.8333333333333335	85.5	4912.5
7276	42	Farm and garden machinery and equipment merchant wholesalers	47	423820	103	47103	Lincoln County, Tennessee	yes	1.8333333333333333	20.94604138070071	877.3282653943749
7277	42	Farm and garden machinery and equipment merchant wholesalers	47	423820	107	47107	McMinn County, Tennessee	yes	2.0	23.325822801465733	953.8911069244296
7278	42	Farm and garden machinery and equipment merchant wholesalers	47	423820	109	47109	McNairy County, Tennessee	yes	1.0	11.315155631565252	457.05139470945124
7279	42	Farm and garden machinery and equipment merchant wholesalers	47	423820	111	47111	Macon County, Tennessee	yes	1.0	10.744639376218323	514.3118908382066
7280	42	Farm and garden machinery and equipment merchant wholesalers	47	423820	113	47113	Madison County, Tennessee	no	3.25	32.25	1360.25
7281	42	Farm and garden machinery and equipment merchant wholesalers	47	423820	113	47113	Madison County, Tennessee	yes	2.5	30.5455069124424	1123.0944700460827
7282	42	Farm and garden machinery and equipment merchant wholesalers	47	423820	117	47117	Marshall County, Tennessee	yes	1.0	11.315155631565252	457.05139470945124
7283	42	Farm and garden machinery and equipment merchant wholesalers	47	423820	119	47119	Maury County, Tennessee	no	4.0	20.0	796.5
7284	42	Farm and garden machinery and equipment merchant wholesalers	47	423820	123	47123	Monroe County, Tennessee	yes	2.0	23.325822801465733	953.8911069244296
7285	42	Farm and garden machinery and equipment merchant wholesalers	47	423820	125	47125	Montgomery County, Tennessee	no	4.75	28.5	2400.25
7286	42	Farm and garden machinery and equipment merchant wholesalers	47	423820	125	47125	Montgomery County, Tennessee	yes	4.0	46.92972350230414	1718.721198156682
7287	42	Farm and garden machinery and equipment merchant wholesalers	47	423820	129	47129	Morgan County, Tennessee	yes	1.0	12.581183425247412	439.57921608622297
7288	42	Farm and garden machinery and equipment merchant wholesalers	47	423820	131	47131	Obion County, Tennessee	no	3.0	78.0	5360.0
7289	42	Farm and garden machinery and equipment merchant wholesalers	47	423820	131	47131	Obion County, Tennessee	yes	2.25	27.71922504679644	1027.2130864244164
7290	42	Farm and garden machinery and equipment merchant wholesalers	47	423820	133	47133	Overton County, Tennessee	yes	1.0	10.839181286549707	518.46783625731
7291	42	Farm and garden machinery and equipment merchant wholesalers	47	423820	141	47141	Putnam County, Tennessee	yes	1.0	11.662911400732867	476.9455534622148
7292	42	Farm and garden machinery and equipment merchant wholesalers	47	423820	147	47147	Robertson County, Tennessee	yes	1.0	14.278688524590164	459.3770491803279
7293	42	Farm and garden machinery and equipment merchant wholesalers	47	423820	149	47149	Rutherford County, Tennessee	no	8.666666666666666	53.0	2641.6666666666665
7294	42	Farm and garden machinery and equipment merchant wholesalers	47	423820	155	47155	Sevier County, Tennessee	yes	1.0	11.662911400732867	476.9455534622148
7295	42	Farm and garden machinery and equipment merchant wholesalers	47	423820	157	47157	Shelby County, Tennessee	no	16.166666666666668	180.66666666666666	12303.333333333334
7296	42	Farm and garden machinery and equipment merchant wholesalers	47	423820	163	47163	Sullivan County, Tennessee	no	4.0	42.166666666666664	1333.3333333333333
7297	42	Farm and garden machinery and equipment merchant wholesalers	47	423820	165	47165	Sumner County, Tennessee	yes	2.3333333333333335	27.256199460326	1085.7694246449603
7298	42	Farm and garden machinery and equipment merchant wholesalers	47	423820	167	47167	Tipton County, Tennessee	yes	1.0	11.662911400732867	476.9455534622148
7299	42	Farm and garden machinery and equipment merchant wholesalers	47	423820	173	47173	Union County, Tennessee	yes	1.0	11.662911400732867	476.9455534622148
7300	42	Farm and garden machinery and equipment merchant wholesalers	47	423820	177	47177	Warren County, Tennessee	yes	2.0	23.325822801465733	953.8911069244296
7301	42	Farm and garden machinery and equipment merchant wholesalers	47	423820	179	47179	Washington County, Tennessee	no	7.5	96.66666666666667	5490.333333333333
7302	42	Farm and garden machinery and equipment merchant wholesalers	47	423820	183	47183	Weakley County, Tennessee	yes	1.6666666666666667	19.39544614260547	822.0127892038987
7303	42	Farm and garden machinery and equipment merchant wholesalers	47	423820	187	47187	Williamson County, Tennessee	no	4.5	21.0	2113.8333333333335
7304	42	Farm and garden machinery and equipment merchant wholesalers	47	423820	189	47189	Wilson County, Tennessee	yes	1.6	17.5865396016924	789.0463888215161
7305	42	Farm supplies merchant wholesalers	47	424910	3	47003	Bedford County, Tennessee	yes	1.5	21.62708333333333	1105.9770833333332
7306	42	Farm supplies merchant wholesalers	47	424910	5	47005	Benton County, Tennessee	yes	1.0	15.023426573426574	863.7074992001463
7307	42	Farm supplies merchant wholesalers	47	424910	9	47009	Blount County, Tennessee	no	3.0	81.0	592.0
7308	42	Farm supplies merchant wholesalers	47	424910	9	47009	Blount County, Tennessee	yes	2.2	34.836814073904236	1783.1435514349039
7309	42	Farm supplies merchant wholesalers	47	424910	11	47011	Bradley County, Tennessee	yes	1.0	15.580912967951903	805.2868837075413
7310	42	Farm supplies merchant wholesalers	47	424910	17	47017	Carroll County, Tennessee	yes	1.0	15.580912967951903	805.2868837075413
7311	42	Farm supplies merchant wholesalers	47	424910	21	47021	Cheatham County, Tennessee	yes	1.0	15.667095561542283	856.5742604490495
7312	42	Farm supplies merchant wholesalers	47	424910	23	47023	Chester County, Tennessee	yes	1.0	14.601041666666667	690.2010416666667
7313	42	Farm supplies merchant wholesalers	47	424910	31	47031	Coffee County, Tennessee	yes	2.1666666666666665	33.50383982479269	1749.1657813039712
7314	42	Farm supplies merchant wholesalers	47	424910	33	47033	Crockett County, Tennessee	no	3.0	65.33333333333333	4969.666666666667
7315	42	Farm supplies merchant wholesalers	47	424910	33	47033	Crockett County, Tennessee	yes	3.0	48.41519808743169	2240.5988046448088
7316	42	Farm supplies merchant wholesalers	47	424910	35	47035	Cumberland County, Tennessee	yes	1.0	14.601041666666667	690.2010416666667
7317	42	Farm supplies merchant wholesalers	47	424910	37	47037	Davidson County, Tennessee	no	4.5	12.5	429.0
7318	42	Farm supplies merchant wholesalers	47	424910	37	47037	Davidson County, Tennessee	yes	3.0	43.7372231934732	2273.98293997669
7319	42	Farm supplies merchant wholesalers	47	424910	45	47045	Dyer County, Tennessee	no	7.0	45.166666666666664	1498.8333333333333
7320	42	Farm supplies merchant wholesalers	47	424910	47	47047	Fayette County, Tennessee	no	3.0	13.333333333333334	738.0
7321	42	Farm supplies merchant wholesalers	47	424910	47	47047	Fayette County, Tennessee	yes	2.3333333333333335	34.53018648018648	1740.2911421911422
7322	42	Farm supplies merchant wholesalers	47	424910	51	47051	Franklin County, Tennessee	yes	1.3333333333333333	20.447926856840795	1035.35389759643
7323	42	Farm supplies merchant wholesalers	47	424910	53	47053	Gibson County, Tennessee	yes	1.3333333333333333	20.447926856840795	1035.35389759643
7324	42	Farm supplies merchant wholesalers	47	424910	59	47059	Greene County, Tennessee	yes	2.5	38.69550649145936	1974.634245356259
7325	42	Farm supplies merchant wholesalers	47	424910	65	47065	Hamilton County, Tennessee	yes	1.6666666666666667	25.314940745729682	1265.420911485319
7326	42	Farm supplies merchant wholesalers	47	424910	69	47069	Hardeman County, Tennessee	yes	1.0	15.580912967951903	805.2868837075413
7327	42	Farm supplies merchant wholesalers	47	424910	73	47073	Hawkins County, Tennessee	yes	1.0	15.580912967951903	805.2868837075413
7328	42	Farm supplies merchant wholesalers	47	424910	75	47075	Haywood County, Tennessee	yes	1.1666666666666667	18.105912967951905	896.7618837075412
7329	42	Farm supplies merchant wholesalers	47	424910	77	47077	Henderson County, Tennessee	yes	1.0	15.580912967951903	805.2868837075413
7330	42	Farm supplies merchant wholesalers	47	424910	79	47079	Henry County, Tennessee	yes	1.0	15.15	548.85
7331	42	Farm supplies merchant wholesalers	47	424910	85	47085	Humphreys County, Tennessee	yes	1.0	16.103799521857923	761.1398972396336
7332	42	Farm supplies merchant wholesalers	47	424910	89	47089	Jefferson County, Tennessee	yes	2.0	31.161825935903806	1610.5737674150826
7333	42	Farm supplies merchant wholesalers	47	424910	93	47093	Knox County, Tennessee	no	6.0	59.666666666666664	2257.0
7334	42	Farm supplies merchant wholesalers	47	424910	93	47093	Knox County, Tennessee	yes	5.666666666666667	90.79199681238616	4100.231341074681
7335	42	Farm supplies merchant wholesalers	47	424910	95	47095	Lake County, Tennessee	yes	1.1666666666666667	18.105912967951905	896.7618837075412
7336	42	Farm supplies merchant wholesalers	47	424910	97	47097	Lauderdale County, Tennessee	yes	1.0	15.580912967951903	805.2868837075413
7337	42	Farm supplies merchant wholesalers	47	424910	99	47099	Lawrence County, Tennessee	yes	1.5	23.65011264919052	1178.7200178150094
7338	42	Farm supplies merchant wholesalers	47	424910	105	47105	Loudon County, Tennessee	yes	1.0	15.15	548.85
7339	42	Farm supplies merchant wholesalers	47	424910	111	47111	Macon County, Tennessee	yes	1.5	23.791779315857184	1221.238481867297
7340	42	Farm supplies merchant wholesalers	47	424910	113	47113	Madison County, Tennessee	no	3.3333333333333335	34.833333333333336	1079.5
7341	42	Farm supplies merchant wholesalers	47	424910	123	47123	Monroe County, Tennessee	yes	1.5	23.65011264919052	1178.7200178150094
7342	42	Farm supplies merchant wholesalers	47	424910	125	47125	Montgomery County, Tennessee	yes	1.0	15.580912967951903	805.2868837075413
7343	42	Farm supplies merchant wholesalers	47	424910	131	47131	Obion County, Tennessee	yes	6.5	100.43970469989938	5321.9956673379265
7344	42	Farm supplies merchant wholesalers	47	424910	133	47133	Overton County, Tennessee	yes	1.0	14.601041666666667	690.2010416666667
7345	42	Farm supplies merchant wholesalers	47	424910	141	47141	Putnam County, Tennessee	yes	1.0	15.580912967951903	805.2868837075413
7346	42	Farm supplies merchant wholesalers	47	424910	143	47143	Rhea County, Tennessee	yes	1.0	15.023426573426574	863.7074992001463
7347	42	Farm supplies merchant wholesalers	47	424910	147	47147	Robertson County, Tennessee	no	4.0	51.6	2060.2
7348	42	Farm supplies merchant wholesalers	47	424910	147	47147	Robertson County, Tennessee	yes	3.0	42.15625	2494.65625
7349	42	Farm supplies merchant wholesalers	47	424910	149	47149	Rutherford County, Tennessee	yes	5.0	77.9045648397595	4026.4344185377063
7350	42	Farm supplies merchant wholesalers	47	424910	157	47157	Shelby County, Tennessee	no	16.2	227.6	33271.4
7351	42	Farm supplies merchant wholesalers	47	424910	157	47157	Shelby County, Tennessee	yes	18.0	252.9375	14967.9375
7352	42	Farm supplies merchant wholesalers	47	424910	163	47163	Sullivan County, Tennessee	yes	1.0	15.580912967951903	805.2868837075413
7353	42	Farm supplies merchant wholesalers	47	424910	165	47165	Sumner County, Tennessee	no	3.5	21.166666666666668	801.5
7354	42	Farm supplies merchant wholesalers	47	424910	167	47167	Tipton County, Tennessee	no	3.6666666666666665	123.33333333333333	5398.333333333333
7355	42	Farm supplies merchant wholesalers	47	424910	167	47167	Tipton County, Tennessee	yes	3.0	48.41519808743169	2240.5988046448088
7356	42	Farm supplies merchant wholesalers	47	424910	177	47177	Warren County, Tennessee	yes	1.1666666666666667	18.105912967951905	896.7618837075412
7357	42	Farm supplies merchant wholesalers	47	424910	179	47179	Washington County, Tennessee	yes	2.8333333333333335	44.21773890385571	2324.3856511226236
7358	42	Farm supplies merchant wholesalers	47	424910	181	47181	Wayne County, Tennessee	yes	1.0	15.580912967951903	805.2868837075413
7359	42	Farm supplies merchant wholesalers	47	424910	183	47183	Weakley County, Tennessee	yes	3.0	46.7427389038557	2415.860651122624
7360	42	Farm supplies merchant wholesalers	47	424910	187	47187	Williamson County, Tennessee	yes	1.0	14.53513986013986	893.5808566433567
7361	42	Farm supplies merchant wholesalers	47	424910	189	47189	Wilson County, Tennessee	yes	1.0	15.580912967951903	805.2868837075413
7362	42	Fish and seafood merchant wholesalers	47	424460	5	47005	Benton County, Tennessee	no	3.0	0.0	168.66666666666666
7363	42	Fish and seafood merchant wholesalers	47	424460	5	47005	Benton County, Tennessee	yes	2.0	6.592592592592593	202.14814814814815
7364	42	Fish and seafood merchant wholesalers	47	424460	37	47037	Davidson County, Tennessee	yes	1.0	3.5	110.5
7365	42	Fish and seafood merchant wholesalers	47	424460	39	47039	Decatur County, Tennessee	yes	1.0	1.6481481481481481	54.6037037037037
7366	42	Fish and seafood merchant wholesalers	47	424460	79	47079	Henry County, Tennessee	yes	1.3333333333333333	2.814814814814815	91.43703703703704
7367	42	Fish and seafood merchant wholesalers	47	424460	83	47083	Houston County, Tennessee	yes	1.0	0.0	29.799999999999997
7368	42	Fish and seafood merchant wholesalers	47	424460	113	47113	Madison County, Tennessee	yes	1.0	3.2962962962962963	101.07407407407408
7369	42	Fish and seafood merchant wholesalers	47	424460	115	47115	Marion County, Tennessee	yes	1.0	1.6481481481481481	54.6037037037037
7370	42	Fish and seafood merchant wholesalers	47	424460	149	47149	Rutherford County, Tennessee	yes	1.0	0.9629629629629629	45.67407407407407
7371	42	Fish and seafood merchant wholesalers	47	424460	157	47157	Shelby County, Tennessee	yes	1.0	3.5	110.5
7372	42	Fish and seafood merchant wholesalers	47	424460	165	47165	Sumner County, Tennessee	yes	1.0	3.2962962962962963	101.07407407407408
7373	42	Fish and seafood merchant wholesalers	47	424460	179	47179	Washington County, Tennessee	yes	1.0	3.5	110.5
7374	42	Fish and seafood merchant wholesalers	47	424460	187	47187	Williamson County, Tennessee	yes	1.1666666666666667	1.6481481481481481	69.6037037037037
7375	42	Flower, nursery stock, and florists' supplies merchant wholesalers	47	424930	3	47003	Bedford County, Tennessee	yes	1.0	7.659187129919888	212.89626480320445
7376	42	Flower, nursery stock, and florists' supplies merchant wholesalers	47	424930	9	47009	Blount County, Tennessee	yes	1.0	8.42206896551724	263.9272413793103
7377	42	Flower, nursery stock, and florists' supplies merchant wholesalers	47	424930	11	47011	Bradley County, Tennessee	yes	2.0	15.318374259839777	425.7925296064089
7378	42	Flower, nursery stock, and florists' supplies merchant wholesalers	47	424930	13	47013	Campbell County, Tennessee	yes	1.0	7.659187129919888	212.89626480320445
7379	42	Flower, nursery stock, and florists' supplies merchant wholesalers	47	424930	35	47035	Cumberland County, Tennessee	yes	1.0	7.192550505050505	173.8743686868687
7380	42	Flower, nursery stock, and florists' supplies merchant wholesalers	47	424930	37	47037	Davidson County, Tennessee	no	6.833333333333333	71.66666666666667	2752.0
7381	42	Flower, nursery stock, and florists' supplies merchant wholesalers	47	424930	41	47041	DeKalb County, Tennessee	yes	1.0	6.575757575757576	164.4848484848485
7382	42	Flower, nursery stock, and florists' supplies merchant wholesalers	47	424930	43	47043	Dickson County, Tennessee	yes	1.0	7.659187129919888	212.89626480320445
7383	42	Flower, nursery stock, and florists' supplies merchant wholesalers	47	424930	57	47057	Grainger County, Tennessee	yes	1.0	7.659187129919888	212.89626480320445
7384	42	Flower, nursery stock, and florists' supplies merchant wholesalers	47	424930	61	47061	Grundy County, Tennessee	yes	1.0	7.659187129919888	212.89626480320445
7385	42	Flower, nursery stock, and florists' supplies merchant wholesalers	47	424930	65	47065	Hamilton County, Tennessee	yes	2.0	15.318374259839777	425.7925296064089
7386	42	Flower, nursery stock, and florists' supplies merchant wholesalers	47	424930	79	47079	Henry County, Tennessee	yes	1.0	7.659187129919888	212.89626480320445
7387	42	Flower, nursery stock, and florists' supplies merchant wholesalers	47	424930	81	47081	Hickman County, Tennessee	yes	1.0	7.659187129919888	212.89626480320445
7388	42	Flower, nursery stock, and florists' supplies merchant wholesalers	47	424930	89	47089	Jefferson County, Tennessee	yes	1.0	7.319128787878788	160.02367424242425
7389	42	Flower, nursery stock, and florists' supplies merchant wholesalers	47	424930	93	47093	Knox County, Tennessee	no	5.0	78.66666666666667	2669.5
7390	42	Flower, nursery stock, and florists' supplies merchant wholesalers	47	424930	101	47101	Lewis County, Tennessee	yes	1.0	6.575757575757576	164.4848484848485
7391	42	Flower, nursery stock, and florists' supplies merchant wholesalers	47	424930	105	47105	Loudon County, Tennessee	yes	1.0	7.659187129919888	212.89626480320445
7392	42	Flower, nursery stock, and florists' supplies merchant wholesalers	47	424930	109	47109	McNairy County, Tennessee	yes	1.0	7.659187129919888	212.89626480320445
7393	42	Flower, nursery stock, and florists' supplies merchant wholesalers	47	424930	113	47113	Madison County, Tennessee	yes	1.0	7.659187129919888	212.89626480320445
7394	42	Flower, nursery stock, and florists' supplies merchant wholesalers	47	424930	119	47119	Maury County, Tennessee	yes	1.0	7.511742424242424	195.01275252525252
7395	42	Flower, nursery stock, and florists' supplies merchant wholesalers	47	424930	133	47133	Overton County, Tennessee	yes	1.0	7.192550505050505	173.8743686868687
7396	42	Flower, nursery stock, and florists' supplies merchant wholesalers	47	424930	141	47141	Putnam County, Tennessee	yes	1.1666666666666667	8.755146725879484	240.31040621734587
7397	42	Flower, nursery stock, and florists' supplies merchant wholesalers	47	424930	149	47149	Rutherford County, Tennessee	yes	2.0	15.318374259839777	425.7925296064089
7398	42	Flower, nursery stock, and florists' supplies merchant wholesalers	47	424930	155	47155	Sevier County, Tennessee	yes	1.0	6.9393939393939394	201.5757575757576
7399	42	Flower, nursery stock, and florists' supplies merchant wholesalers	47	424930	157	47157	Shelby County, Tennessee	no	8.333333333333334	63.666666666666664	1914.6666666666667
7400	42	Flower, nursery stock, and florists' supplies merchant wholesalers	47	424930	159	47159	Smith County, Tennessee	yes	2.1666666666666665	16.662124259839775	451.71961293974226
7401	42	Flower, nursery stock, and florists' supplies merchant wholesalers	47	424930	163	47163	Sullivan County, Tennessee	yes	2.0	15.318374259839777	425.7925296064089
7402	42	Flower, nursery stock, and florists' supplies merchant wholesalers	47	424930	165	47165	Sumner County, Tennessee	yes	2.0	15.318374259839777	425.7925296064089
7403	42	Flower, nursery stock, and florists' supplies merchant wholesalers	47	424930	177	47177	Warren County, Tennessee	no	3.0	22.5	464.5
7404	42	Flower, nursery stock, and florists' supplies merchant wholesalers	47	424930	177	47177	Warren County, Tennessee	yes	1.5	11.447398119122258	346.70149947753396
7405	42	Flower, nursery stock, and florists' supplies merchant wholesalers	47	424930	179	47179	Washington County, Tennessee	yes	1.0	7.659187129919888	212.89626480320445
7406	42	Flower, nursery stock, and florists' supplies merchant wholesalers	47	424930	183	47183	Weakley County, Tennessee	yes	1.0	7.659187129919888	212.89626480320445
7407	42	Flower, nursery stock, and florists' supplies merchant wholesalers	47	424930	187	47187	Williamson County, Tennessee	yes	2.0	15.318374259839777	425.7925296064089
7408	42	Footwear merchant wholesalers	47	424340	37	47037	Davidson County, Tennessee	yes	5.333333333333333	950.1701388888888	41726.97708333334
7409	42	Footwear merchant wholesalers	47	424340	93	47093	Knox County, Tennessee	yes	1.0	150.0625	7419.4375
7410	42	Footwear merchant wholesalers	47	424340	121	47121	Meigs County, Tennessee	yes	1.0	179.9763888888889	7852.520833333333
7411	42	Footwear merchant wholesalers	47	424340	125	47125	Montgomery County, Tennessee	yes	1.5	261.77569444444447	11348.524305555555
7412	42	Footwear merchant wholesalers	47	424340	157	47157	Shelby County, Tennessee	yes	3.6666666666666665	648.6381944444444	28179.95347222222
7413	42	Footwear merchant wholesalers	47	424340	187	47187	Williamson County, Tennessee	yes	2.6666666666666665	466.7625	20437.61805555555
7414	42	Fresh fruit and vegetable merchant wholesalers	47	424480	9	47009	Blount County, Tennessee	yes	1.0	20.946052631578947	975.0309210526316
7415	42	Fresh fruit and vegetable merchant wholesalers	47	424480	11	47011	Bradley County, Tennessee	yes	1.0	24.63824143692565	993.3277427637721
7416	42	Fresh fruit and vegetable merchant wholesalers	47	424480	21	47021	Cheatham County, Tennessee	yes	1.0	24.63824143692565	993.3277427637721
7417	42	Fresh fruit and vegetable merchant wholesalers	47	424480	35	47035	Cumberland County, Tennessee	yes	1.0	24.63824143692565	993.3277427637721
7418	42	Fresh fruit and vegetable merchant wholesalers	47	424480	37	47037	Davidson County, Tennessee	no	9.666666666666666	334.8333333333333	16320.0
7419	42	Fresh fruit and vegetable merchant wholesalers	47	424480	55	47055	Giles County, Tennessee	yes	1.0	20.095238095238095	840.5238095238095
7420	42	Fresh fruit and vegetable merchant wholesalers	47	424480	65	47065	Hamilton County, Tennessee	no	3.4	118.4	4358.0
7421	42	Fresh fruit and vegetable merchant wholesalers	47	424480	65	47065	Hamilton County, Tennessee	yes	3.0	60.285714285714285	2521.5714285714284
7422	42	Fresh fruit and vegetable merchant wholesalers	47	424480	77	47077	Henderson County, Tennessee	yes	1.0	20.946052631578947	975.0309210526316
7423	42	Fresh fruit and vegetable merchant wholesalers	47	424480	79	47079	Henry County, Tennessee	yes	1.5	38.9452589807853	1521.5578769226988
7424	42	Fresh fruit and vegetable merchant wholesalers	47	424480	89	47089	Jefferson County, Tennessee	yes	1.0	20.662447786131995	930.1952172096908
7425	42	Fresh fruit and vegetable merchant wholesalers	47	424480	93	47093	Knox County, Tennessee	no	4.5	76.5	2554.3333333333335
7426	42	Fresh fruit and vegetable merchant wholesalers	47	424480	99	47099	Lawrence County, Tennessee	yes	1.0	32.84210526315789	1195.2105263157894
7427	42	Fresh fruit and vegetable merchant wholesalers	47	424480	105	47105	Loudon County, Tennessee	yes	1.3333333333333333	31.620258980785295	1318.338049781316
7428	42	Fresh fruit and vegetable merchant wholesalers	47	424480	113	47113	Madison County, Tennessee	yes	1.0	26.484335839598998	1002.4761536193424
7429	42	Fresh fruit and vegetable merchant wholesalers	47	424480	123	47123	Monroe County, Tennessee	yes	1.0	32.421052631578945	1170.6315789473683
7430	42	Fresh fruit and vegetable merchant wholesalers	47	424480	141	47141	Putnam County, Tennessee	yes	1.3333333333333333	31.620258980785295	1318.338049781316
7431	42	Fresh fruit and vegetable merchant wholesalers	47	424480	145	47145	Roane County, Tennessee	yes	2.0	49.2764828738513	1986.6554855275442
7432	42	Fresh fruit and vegetable merchant wholesalers	47	424480	149	47149	Rutherford County, Tennessee	yes	1.0	32.421052631578945	1170.6315789473683
7433	42	Fresh fruit and vegetable merchant wholesalers	47	424480	157	47157	Shelby County, Tennessee	no	6.5	190.83333333333334	8358.333333333334
7434	42	Fresh fruit and vegetable merchant wholesalers	47	424480	159	47159	Smith County, Tennessee	yes	1.0	24.63824143692565	993.3277427637721
7435	42	Fresh fruit and vegetable merchant wholesalers	47	424480	163	47163	Sullivan County, Tennessee	yes	1.25	34.484335839599	1288.9893115140792
7436	42	Fresh fruit and vegetable merchant wholesalers	47	424480	179	47179	Washington County, Tennessee	yes	1.0	24.63824143692565	993.3277427637721
7437	42	Fresh fruit and vegetable merchant wholesalers	47	424480	183	47183	Weakley County, Tennessee	yes	2.0	49.2764828738513	1986.6554855275442
7438	42	Fresh fruit and vegetable merchant wholesalers	47	424480	187	47187	Williamson County, Tennessee	yes	1.6666666666666667	38.46946532999164	1596.4449592117546
7439	42	Furniture merchant wholesalers	47	423210	9	47009	Blount County, Tennessee	yes	1.0	14.967893187025558	706.349316904823
7440	42	Furniture merchant wholesalers	47	423210	11	47011	Bradley County, Tennessee	yes	2.5	37.44523570608109	1746.566017322191
7441	42	Furniture merchant wholesalers	47	423210	13	47013	Campbell County, Tennessee	yes	1.0	11.787878787878789	667.0
7442	42	Furniture merchant wholesalers	47	423210	19	47019	Carter County, Tennessee	yes	1.0	15.018898664059956	667.7347670250897
7443	42	Furniture merchant wholesalers	47	423210	25	47025	Claiborne County, Tennessee	yes	1.5	22.426337042021135	1078.8312502971014
7444	42	Furniture merchant wholesalers	47	423210	35	47035	Cumberland County, Tennessee	yes	1.0	14.967893187025558	706.349316904823
7445	42	Furniture merchant wholesalers	47	423210	37	47037	Davidson County, Tennessee	no	12.166666666666666	145.5	8317.5
7446	42	Furniture merchant wholesalers	47	423210	39	47039	Decatur County, Tennessee	yes	1.0	14.967893187025558	706.349316904823
7447	42	Furniture merchant wholesalers	47	423210	43	47043	Dickson County, Tennessee	yes	1.0	15.018898664059956	667.7347670250897
7448	42	Furniture merchant wholesalers	47	423210	47	47047	Fayette County, Tennessee	yes	1.1666666666666667	17.023448742581113	817.7382057937119
7449	42	Furniture merchant wholesalers	47	423210	55	47055	Giles County, Tennessee	yes	1.0	14.967893187025558	706.349316904823
7450	42	Furniture merchant wholesalers	47	423210	57	47057	Grainger County, Tennessee	yes	1.0	14.95866489832007	746.9124668435013
7451	42	Furniture merchant wholesalers	47	423210	59	47059	Greene County, Tennessee	yes	1.0	14.967893187025558	706.349316904823
7452	42	Furniture merchant wholesalers	47	423210	63	47063	Hamblen County, Tennessee	yes	2.0	29.935786374051116	1412.698633809646
7453	42	Furniture merchant wholesalers	47	423210	65	47065	Hamilton County, Tennessee	no	8.5	89.5	4766.333333333333
7454	42	Furniture merchant wholesalers	47	423210	79	47079	Henry County, Tennessee	yes	1.0	14.967893187025558	706.349316904823
7455	42	Furniture merchant wholesalers	47	423210	93	47093	Knox County, Tennessee	no	9.833333333333334	64.33333333333333	3099.1666666666665
7456	42	Furniture merchant wholesalers	47	423210	99	47099	Lawrence County, Tennessee	yes	1.0	14.967893187025558	706.349316904823
7457	42	Furniture merchant wholesalers	47	423210	105	47105	Loudon County, Tennessee	yes	1.0	14.916887709991158	744.9638667845564
7458	42	Furniture merchant wholesalers	47	423210	111	47111	Macon County, Tennessee	yes	1.0	14.967893187025558	706.349316904823
7459	42	Furniture merchant wholesalers	47	423210	113	47113	Madison County, Tennessee	yes	1.0	14.833333333333334	741.0666666666666
7460	42	Furniture merchant wholesalers	47	423210	119	47119	Maury County, Tennessee	yes	1.0	14.967893187025558	706.349316904823
7461	42	Furniture merchant wholesalers	47	423210	147	47147	Robertson County, Tennessee	yes	1.0	14.967893187025558	706.349316904823
7462	42	Furniture merchant wholesalers	47	423210	149	47149	Rutherford County, Tennessee	yes	1.0	14.967893187025558	706.349316904823
7463	42	Furniture merchant wholesalers	47	423210	155	47155	Sevier County, Tennessee	yes	1.0	15.018898664059956	667.7347670250897
7464	42	Furniture merchant wholesalers	47	423210	157	47157	Shelby County, Tennessee	no	16.666666666666668	224.83333333333334	15787.666666666666
7465	42	Furniture merchant wholesalers	47	423210	163	47163	Sullivan County, Tennessee	yes	1.8333333333333333	26.497544539257557	1262.7722559729234
7466	42	Furniture merchant wholesalers	47	423210	165	47165	Sumner County, Tennessee	yes	1.5	25.301075268817204	1075.0021505376344
7467	42	Furniture merchant wholesalers	47	423210	167	47167	Tipton County, Tennessee	yes	1.8	28.632034557952245	1294.5050272382418
7468	42	Furniture merchant wholesalers	47	423210	179	47179	Washington County, Tennessee	yes	1.0	14.270999115826703	725.8062334217507
7469	42	Furniture merchant wholesalers	47	423210	185	47185	White County, Tennessee	yes	1.0	15.018898664059956	667.7347670250897
7470	42	Furniture merchant wholesalers	47	423210	187	47187	Williamson County, Tennessee	yes	5.0	72.89819842127962	3519.4792010115702
7471	42	General line grocery merchant wholesalers	47	424410	3	47003	Bedford County, Tennessee	yes	1.0	97.37659121907939	6057.9039324193145
7472	42	General line grocery merchant wholesalers	47	424410	9	47009	Blount County, Tennessee	yes	3.0	292.1297736572382	18173.711797257944
7473	42	General line grocery merchant wholesalers	47	424410	11	47011	Bradley County, Tennessee	yes	1.0	97.62019704433497	5961.470443349754
7474	42	General line grocery merchant wholesalers	47	424410	37	47037	Davidson County, Tennessee	no	8.0	752.3333333333334	50649.333333333336
7475	42	General line grocery merchant wholesalers	47	424410	37	47037	Davidson County, Tennessee	yes	8.666666666666666	838.3897452195561	51208.50595900206
7476	42	General line grocery merchant wholesalers	47	424410	43	47043	Dickson County, Tennessee	yes	1.0	93.3921658986175	5662.9815668202755
7477	42	General line grocery merchant wholesalers	47	424410	45	47045	Dyer County, Tennessee	yes	1.0	97.529328817734	6083.14923503221
7478	42	General line grocery merchant wholesalers	47	424410	49	47049	Fentress County, Tennessee	yes	1.0	95.203125	6053.671875
7479	42	General line grocery merchant wholesalers	47	424410	63	47063	Hamblen County, Tennessee	yes	1.0	97.37659121907939	6057.9039324193145
7480	42	General line grocery merchant wholesalers	47	424410	65	47065	Hamilton County, Tennessee	yes	1.75	165.1469542050691	10172.736859158986
7481	42	General line grocery merchant wholesalers	47	424410	93	47093	Knox County, Tennessee	yes	2.5	244.89690115339795	15297.43837175871
7482	42	General line grocery merchant wholesalers	47	424410	107	47107	McMinn County, Tennessee	yes	1.0	93.3921658986175	5662.9815668202755
7483	42	General line grocery merchant wholesalers	47	424410	149	47149	Rutherford County, Tennessee	yes	1.0	99.36880387931035	6255.365115218833
7484	42	General line grocery merchant wholesalers	47	424410	157	47157	Shelby County, Tennessee	no	8.0	1052.0	71135.0
7485	42	General line grocery merchant wholesalers	47	424410	157	47157	Shelby County, Tennessee	yes	8.333333333333334	805.5139149319349	49211.41813655384
7486	42	General line grocery merchant wholesalers	47	424410	179	47179	Washington County, Tennessee	yes	1.0	97.37659121907939	6057.9039324193145
7487	42	General line grocery merchant wholesalers	47	424410	181	47181	Wayne County, Tennessee	yes	1.0	96.61290322580645	5931.677419354838
7488	42	General line grocery merchant wholesalers	47	424410	183	47183	Weakley County, Tennessee	yes	1.0	97.529328817734	6083.14923503221
7489	42	General line grocery merchant wholesalers	47	424410	187	47187	Williamson County, Tennessee	yes	1.0	95.203125	6053.671875
7490	42	General line grocery merchant wholesalers	47	424410	189	47189	Wilson County, Tennessee	yes	1.0	97.37659121907939	6057.9039324193145
7491	42	Grain and field bean merchant wholesalers	47	424510	23	47023	Chester County, Tennessee	yes	1.0	9.732430213464696	444.39467420221234
7492	42	Grain and field bean merchant wholesalers	47	424510	31	47031	Coffee County, Tennessee	yes	1.6666666666666667	17.598193760262728	801.234438843701
7493	42	Grain and field bean merchant wholesalers	47	424510	33	47033	Crockett County, Tennessee	yes	1.0	9.732430213464696	444.39467420221234
7494	42	Grain and field bean merchant wholesalers	47	424510	37	47037	Davidson County, Tennessee	yes	2.3333333333333335	22.761658456486042	1059.083136034419
7495	42	Grain and field bean merchant wholesalers	47	424510	45	47045	Dyer County, Tennessee	yes	2.6666666666666665	25.900492610837436	1162.8902349766422
7496	42	Grain and field bean merchant wholesalers	47	424510	51	47051	Franklin County, Tennessee	yes	1.6666666666666667	17.598193760262728	801.234438843701
7497	42	Grain and field bean merchant wholesalers	47	424510	75	47075	Haywood County, Tennessee	yes	1.0	9.732430213464696	444.39467420221234
7498	42	Grain and field bean merchant wholesalers	47	424510	85	47085	Humphreys County, Tennessee	yes	1.0	9.732430213464696	444.39467420221234
7499	42	Grain and field bean merchant wholesalers	47	424510	93	47093	Knox County, Tennessee	yes	2.0	19.46486042692939	888.7893484044247
7500	42	Grain and field bean merchant wholesalers	47	424510	95	47095	Lake County, Tennessee	yes	1.0	9.732430213464696	444.39467420221234
7501	42	Grain and field bean merchant wholesalers	47	424510	97	47097	Lauderdale County, Tennessee	no	3.0	64.0	3455.0
7502	42	Grain and field bean merchant wholesalers	47	424510	97	47097	Lauderdale County, Tennessee	yes	3.0	28.924137931034483	1102.570836674686
7503	42	Grain and field bean merchant wholesalers	47	424510	103	47103	Lincoln County, Tennessee	no	4.0	0.0	468.0
7504	42	Grain and field bean merchant wholesalers	47	424510	103	47103	Lincoln County, Tennessee	yes	2.6	22.162266009852214	1148.4101080688893
7505	42	Grain and field bean merchant wholesalers	47	424510	111	47111	Macon County, Tennessee	yes	1.0	9.732430213464696	444.39467420221234
7506	42	Grain and field bean merchant wholesalers	47	424510	125	47125	Montgomery County, Tennessee	yes	1.0	9.732430213464696	444.39467420221234
7507	42	Grain and field bean merchant wholesalers	47	424510	131	47131	Obion County, Tennessee	yes	1.8333333333333333	17.598193760262728	798.2615706266469
7508	42	Grain and field bean merchant wholesalers	47	424510	147	47147	Robertson County, Tennessee	yes	1.0	9.732430213464696	444.39467420221234
7509	42	Grain and field bean merchant wholesalers	47	424510	149	47149	Rutherford County, Tennessee	yes	1.0	9.732430213464696	444.39467420221234
7510	42	Grain and field bean merchant wholesalers	47	424510	157	47157	Shelby County, Tennessee	no	11.4	108.0	6347.2
7511	42	Grain and field bean merchant wholesalers	47	424510	157	47157	Shelby County, Tennessee	yes	15.0	0.0	-267.5581395348837
7512	42	Grain and field bean merchant wholesalers	47	424510	183	47183	Weakley County, Tennessee	no	3.0	0.0	767.0
7513	42	Grain and field bean merchant wholesalers	47	424510	183	47183	Weakley County, Tennessee	yes	3.0	35.036748768472904	1610.5231527093597
7514	42	Grain and field bean merchant wholesalers	47	424510	187	47187	Williamson County, Tennessee	yes	1.6666666666666667	13.46576354679803	619.5044933236592
7515	42	Hardware merchant wholesalers	47	423710	1	47001	Anderson County, Tennessee	yes	2.0	23.899031702540473	1171.2963326472097
7516	42	Hardware merchant wholesalers	47	423710	3	47003	Bedford County, Tennessee	yes	1.0	11.949515851270236	585.6481663236049
7517	42	Hardware merchant wholesalers	47	423710	9	47009	Blount County, Tennessee	yes	1.3333333333333333	16.641381879978372	771.2797984341845
7518	42	Hardware merchant wholesalers	47	423710	11	47011	Bradley County, Tennessee	yes	2.0	23.899031702540473	1171.2963326472097
7519	42	Hardware merchant wholesalers	47	423710	15	47015	Cannon County, Tennessee	yes	1.0	11.949515851270236	585.6481663236049
7520	42	Hardware merchant wholesalers	47	423710	31	47031	Coffee County, Tennessee	yes	1.0	11.949515851270236	585.6481663236049
7521	42	Hardware merchant wholesalers	47	423710	37	47037	Davidson County, Tennessee	no	18.5	201.16666666666666	9328.666666666666
7522	42	Hardware merchant wholesalers	47	423710	43	47043	Dickson County, Tennessee	yes	1.0	11.949515851270236	585.6481663236049
7523	42	Hardware merchant wholesalers	47	423710	45	47045	Dyer County, Tennessee	yes	1.0	11.949515851270236	585.6481663236049
7524	42	Hardware merchant wholesalers	47	423710	47	47047	Fayette County, Tennessee	yes	1.0	11.949515851270236	585.6481663236049
7525	42	Hardware merchant wholesalers	47	423710	55	47055	Giles County, Tennessee	yes	1.0	11.949515851270236	585.6481663236049
7526	42	Hardware merchant wholesalers	47	423710	59	47059	Greene County, Tennessee	yes	1.0	10.886474733843155	600.0248013195381
7527	42	Hardware merchant wholesalers	47	423710	63	47063	Hamblen County, Tennessee	yes	1.0	11.949515851270236	585.6481663236049
7528	42	Hardware merchant wholesalers	47	423710	65	47065	Hamilton County, Tennessee	no	6.0	139.5	6559.0
7529	42	Hardware merchant wholesalers	47	423710	65	47065	Hamilton County, Tennessee	yes	6.5	91.10813397129186	3611.623923444976
7530	42	Hardware merchant wholesalers	47	423710	73	47073	Hawkins County, Tennessee	yes	1.0	11.949515851270236	585.6481663236049
7531	42	Hardware merchant wholesalers	47	423710	81	47081	Hickman County, Tennessee	yes	1.0	14.842105263157894	573.280701754386
7532	42	Hardware merchant wholesalers	47	423710	93	47093	Knox County, Tennessee	no	7.0	288.3333333333333	13242.666666666666
7533	42	Hardware merchant wholesalers	47	423710	93	47093	Knox County, Tennessee	yes	7.0	92.46873412487446	3771.5938803237045
7534	42	Hardware merchant wholesalers	47	423710	99	47099	Lawrence County, Tennessee	yes	1.1666666666666667	13.826059061146779	668.6358206445926
7535	42	Hardware merchant wholesalers	47	423710	103	47103	Lincoln County, Tennessee	yes	1.1666666666666667	13.116182517936904	631.3874825629212
7536	42	Hardware merchant wholesalers	47	423710	111	47111	Macon County, Tennessee	yes	1.0	11.949515851270236	585.6481663236049
7537	42	Hardware merchant wholesalers	47	423710	113	47113	Madison County, Tennessee	yes	2.0	23.899031702540473	1171.2963326472097
7538	42	Hardware merchant wholesalers	47	423710	123	47123	Monroe County, Tennessee	yes	1.0	11.949515851270236	585.6481663236049
7539	42	Hardware merchant wholesalers	47	423710	125	47125	Montgomery County, Tennessee	yes	1.0	14.842105263157894	573.280701754386
7540	42	Hardware merchant wholesalers	47	423710	131	47131	Obion County, Tennessee	yes	1.0	11.949515851270236	585.6481663236049
7541	42	Hardware merchant wholesalers	47	423710	141	47141	Putnam County, Tennessee	yes	1.0	11.949515851270236	585.6481663236049
7542	42	Hardware merchant wholesalers	47	423710	143	47143	Rhea County, Tennessee	yes	1.1666666666666667	13.116182517936904	631.3874825629212
7543	42	Hardware merchant wholesalers	47	423710	145	47145	Roane County, Tennessee	yes	1.0	11.370997968892706	588.1216592374487
7544	42	Hardware merchant wholesalers	47	423710	147	47147	Robertson County, Tennessee	yes	1.5	18.517925089854913	854.267452755172
7545	42	Hardware merchant wholesalers	47	423710	149	47149	Rutherford County, Tennessee	yes	2.0	23.899031702540473	1171.2963326472097
7546	42	Hardware merchant wholesalers	47	423710	155	47155	Sevier County, Tennessee	yes	1.0	11.949515851270236	585.6481663236049
7547	42	Hardware merchant wholesalers	47	423710	157	47157	Shelby County, Tennessee	no	21.666666666666668	756.8333333333334	70673.16666666667
7548	42	Hardware merchant wholesalers	47	423710	163	47163	Sullivan County, Tennessee	no	4.0	61.0	3025.6666666666665
7549	42	Hardware merchant wholesalers	47	423710	163	47163	Sullivan County, Tennessee	yes	4.0	52.54727390867742	2148.954291452537
7550	42	Hardware merchant wholesalers	47	423710	167	47167	Tipton County, Tennessee	yes	1.0	11.602613857877015	471.53790400632505
7551	42	Hardware merchant wholesalers	47	423710	179	47179	Washington County, Tennessee	yes	2.0	23.899031702540473	1171.2963326472097
7552	42	Hardware merchant wholesalers	47	423710	183	47183	Weakley County, Tennessee	yes	1.1666666666666667	13.826059061146779	668.6358206445926
7553	42	Hardware merchant wholesalers	47	423710	185	47185	White County, Tennessee	yes	1.0	11.949515851270236	585.6481663236049
7554	42	Hardware merchant wholesalers	47	423710	187	47187	Williamson County, Tennessee	no	3.0	6.666666666666667	820.3333333333334
7555	42	Hardware merchant wholesalers	47	423710	187	47187	Williamson County, Tennessee	yes	3.0	36.54589893537263	2125.663307842255
7556	42	Hardware merchant wholesalers	47	423710	189	47189	Wilson County, Tennessee	yes	3.0	35.84854755381071	1756.9444989708147
7557	42	Home furnishing merchant wholesalers	47	423220	1	47001	Anderson County, Tennessee	yes	1.0	18.17127848436672	811.8316309446701
7558	42	Home furnishing merchant wholesalers	47	423220	11	47011	Bradley County, Tennessee	yes	1.0	18.17127848436672	811.8316309446701
7559	42	Home furnishing merchant wholesalers	47	423220	21	47021	Cheatham County, Tennessee	yes	1.0	18.17127848436672	811.8316309446701
7560	42	Home furnishing merchant wholesalers	47	423220	37	47037	Davidson County, Tennessee	no	15.833333333333334	210.83333333333334	9117.666666666666
7561	42	Home furnishing merchant wholesalers	47	423220	41	47041	DeKalb County, Tennessee	yes	1.0	14.860890302066773	595.1932618893403
7562	42	Home furnishing merchant wholesalers	47	423220	43	47043	Dickson County, Tennessee	yes	1.0	16.12566772655008	665.0349464170052
7563	42	Home furnishing merchant wholesalers	47	423220	53	47053	Gibson County, Tennessee	yes	1.0	18.17127848436672	811.8316309446701
7564	42	Home furnishing merchant wholesalers	47	423220	55	47055	Giles County, Tennessee	yes	1.3333333333333333	18.77080021197668	747.2292979253765
7565	42	Home furnishing merchant wholesalers	47	423220	57	47057	Grainger County, Tennessee	yes	1.0	19.92	874.5600000000001
7566	42	Home furnishing merchant wholesalers	47	423220	65	47065	Hamilton County, Tennessee	no	5.5	13.0	884.5
7567	42	Home furnishing merchant wholesalers	47	423220	65	47065	Hamilton County, Tennessee	yes	6.5	82.61287758346583	3307.348966613673
7568	42	Home furnishing merchant wholesalers	47	423220	79	47079	Henry County, Tennessee	yes	1.0	18.17127848436672	811.8316309446701
7569	42	Home furnishing merchant wholesalers	47	423220	93	47093	Knox County, Tennessee	no	8.0	60.0	3020.1666666666665
7570	42	Home furnishing merchant wholesalers	47	423220	105	47105	Loudon County, Tennessee	yes	1.5	25.60172363540011	1109.4282618893405
7571	42	Home furnishing merchant wholesalers	47	423220	113	47113	Madison County, Tennessee	yes	1.5	25.60172363540011	1109.4282618893405
7572	42	Home furnishing merchant wholesalers	47	423220	131	47131	Obion County, Tennessee	yes	1.0	18.17127848436672	811.8316309446701
7573	42	Home furnishing merchant wholesalers	47	423220	141	47141	Putnam County, Tennessee	yes	1.0	18.17127848436672	811.8316309446701
7574	42	Home furnishing merchant wholesalers	47	423220	149	47149	Rutherford County, Tennessee	yes	2.0	36.34255696873344	1623.6632618893402
7575	42	Home furnishing merchant wholesalers	47	423220	151	47151	Scott County, Tennessee	yes	1.0	21.48166666666667	1028.47
7576	42	Home furnishing merchant wholesalers	47	423220	155	47155	Sevier County, Tennessee	yes	1.0	19.92	874.5600000000001
7577	42	Home furnishing merchant wholesalers	47	423220	157	47157	Shelby County, Tennessee	no	22.333333333333332	534.0	30886.5
7578	42	Home furnishing merchant wholesalers	47	423220	163	47163	Sullivan County, Tennessee	yes	1.0	18.17127848436672	811.8316309446701
7579	42	Home furnishing merchant wholesalers	47	423220	165	47165	Sumner County, Tennessee	no	3.0	4.333333333333333	174.0
7580	42	Home furnishing merchant wholesalers	47	423220	165	47165	Sumner County, Tennessee	yes	2.6666666666666665	38.249337572866985	1532.5304029519718
7581	42	Home furnishing merchant wholesalers	47	423220	167	47167	Tipton County, Tennessee	yes	1.0	11.72972972972973	456.1081081081081
7582	42	Home furnishing merchant wholesalers	47	423220	177	47177	Warren County, Tennessee	yes	1.0	18.17127848436672	811.8316309446701
7583	42	Home furnishing merchant wholesalers	47	423220	179	47179	Washington County, Tennessee	yes	2.5	47.08339030206677	2137.89826188934
7584	42	Home furnishing merchant wholesalers	47	423220	187	47187	Williamson County, Tennessee	no	3.0	4.0	105.0
7585	42	Home furnishing merchant wholesalers	47	423220	187	47187	Williamson County, Tennessee	yes	2.0	32.25133545310016	1330.0698928340105
7586	42	Home furnishing merchant wholesalers	47	423220	189	47189	Wilson County, Tennessee	yes	3.0	54.51383545310015	2435.4948928340104
7587	42	Household appliances, electric housewares, and consumer electronics merchant wholesalers 	47	423620	35	47035	Cumberland County, Tennessee	yes	1.0	41.40929487179488	2500.88141025641
7588	42	Household appliances, electric housewares, and consumer electronics merchant wholesalers 	47	423620	37	47037	Davidson County, Tennessee	no	12.333333333333334	103.83333333333333	8701.0
7589	42	Household appliances, electric housewares, and consumer electronics merchant wholesalers 	47	423620	47	47047	Fayette County, Tennessee	yes	1.0	36.64614575239576	2158.555183242683
7590	42	Household appliances, electric housewares, and consumer electronics merchant wholesalers 	47	423620	71	47071	Hardin County, Tennessee	yes	1.0	41.022348484848486	2382.594696969697
7591	42	Household appliances, electric housewares, and consumer electronics merchant wholesalers 	47	423620	89	47089	Jefferson County, Tennessee	yes	1.0	36.64614575239576	2158.555183242683
7592	42	Household appliances, electric housewares, and consumer electronics merchant wholesalers 	47	423620	93	47093	Knox County, Tennessee	no	5.666666666666667	79.83333333333333	4355.5
7593	42	Household appliances, electric housewares, and consumer electronics merchant wholesalers 	47	423620	113	47113	Madison County, Tennessee	yes	1.6666666666666667	62.759884097384095	3704.980736855737
7594	42	Household appliances, electric housewares, and consumer electronics merchant wholesalers 	47	423620	119	47119	Maury County, Tennessee	yes	1.0	36.64614575239576	2158.555183242683
7595	42	Household appliances, electric housewares, and consumer electronics merchant wholesalers 	47	423620	131	47131	Obion County, Tennessee	yes	1.0	36.64614575239576	2158.555183242683
7596	42	Household appliances, electric housewares, and consumer electronics merchant wholesalers 	47	423620	149	47149	Rutherford County, Tennessee	no	4.0	348.0	20943.666666666668
7597	42	Household appliances, electric housewares, and consumer electronics merchant wholesalers 	47	423620	149	47149	Rutherford County, Tennessee	yes	3.3333333333333335	143.22692307692307	8583.01282051282
7598	42	Household appliances, electric housewares, and consumer electronics merchant wholesalers 	47	423620	157	47157	Shelby County, Tennessee	no	5.333333333333333	27.833333333333332	1785.6666666666667
7599	42	Household appliances, electric housewares, and consumer electronics merchant wholesalers 	47	423620	165	47165	Sumner County, Tennessee	yes	1.8333333333333333	66.32562483812484	3862.4436998186993
7600	42	Household appliances, electric housewares, and consumer electronics merchant wholesalers 	47	423620	179	47179	Washington County, Tennessee	yes	1.0	36.64614575239576	2158.555183242683
7601	42	Household appliances, electric housewares, and consumer electronics merchant wholesalers 	47	423620	187	47187	Williamson County, Tennessee	yes	1.0	36.64614575239576	2158.555183242683
7602	42	Industrial and personal service paper merchant wholesalers	47	424130	9	47009	Blount County, Tennessee	yes	1.0	17.10841281265936	946.1490267222944
7603	42	Industrial and personal service paper merchant wholesalers	47	424130	11	47011	Bradley County, Tennessee	yes	2.0	34.21682562531872	1892.2980534445887
7604	42	Industrial and personal service paper merchant wholesalers	47	424130	37	47037	Davidson County, Tennessee	no	12.0	343.8333333333333	26845.5
7605	42	Industrial and personal service paper merchant wholesalers	47	424130	45	47045	Dyer County, Tennessee	yes	1.0	17.10841281265936	946.1490267222944
7606	42	Industrial and personal service paper merchant wholesalers	47	424130	63	47063	Hamblen County, Tennessee	yes	1.0	17.10841281265936	946.1490267222944
7607	42	Industrial and personal service paper merchant wholesalers	47	424130	65	47065	Hamilton County, Tennessee	no	6.5	71.33333333333333	4079.8333333333335
7608	42	Industrial and personal service paper merchant wholesalers	47	424130	93	47093	Knox County, Tennessee	no	6.0	36.666666666666664	1672.0
7609	42	Industrial and personal service paper merchant wholesalers	47	424130	93	47093	Knox County, Tennessee	yes	5.666666666666667	92.85799035965887	4107.217278457545
7610	42	Industrial and personal service paper merchant wholesalers	47	424130	113	47113	Madison County, Tennessee	yes	2.0	34.21682562531872	1892.2980534445887
7611	42	Industrial and personal service paper merchant wholesalers	47	424130	117	47117	Marshall County, Tennessee	yes	1.0	16.545672440277556	824.3268313999681
7612	42	Industrial and personal service paper merchant wholesalers	47	424130	119	47119	Maury County, Tennessee	yes	1.0	21.379310344827587	715.6206896551724
7613	42	Industrial and personal service paper merchant wholesalers	47	424130	123	47123	Monroe County, Tennessee	yes	1.0	17.10841281265936	946.1490267222944
7614	42	Industrial and personal service paper merchant wholesalers	47	424130	147	47147	Robertson County, Tennessee	yes	1.8333333333333333	30.653607234514123	1773.0279385020601
7615	42	Industrial and personal service paper merchant wholesalers	47	424130	149	47149	Rutherford County, Tennessee	no	4.166666666666667	41.333333333333336	3607.8333333333335
7616	42	Industrial and personal service paper merchant wholesalers	47	424130	157	47157	Shelby County, Tennessee	no	16.833333333333332	225.0	14527.666666666666
7617	42	Industrial and personal service paper merchant wholesalers	47	424130	163	47163	Sullivan County, Tennessee	no	3.6666666666666665	29.666666666666668	1214.6666666666667
7618	42	Industrial and personal service paper merchant wholesalers	47	424130	163	47163	Sullivan County, Tennessee	yes	3.0	49.99221357063404	2172.8787541713014
7619	42	Industrial and personal service paper merchant wholesalers	47	424130	165	47165	Sumner County, Tennessee	yes	2.8333333333333335	47.762020047173486	2719.1769652243543
7620	42	Industrial and personal service paper merchant wholesalers	47	424130	171	47171	Unicoi County, Tennessee	yes	1.0	17.10841281265936	946.1490267222944
7621	42	Industrial and personal service paper merchant wholesalers	47	424130	173	47173	Union County, Tennessee	yes	1.0	17.10841281265936	946.1490267222944
7622	42	Industrial and personal service paper merchant wholesalers	47	424130	179	47179	Washington County, Tennessee	yes	2.0	34.21682562531872	1892.2980534445887
7623	42	Industrial and personal service paper merchant wholesalers	47	424130	183	47183	Weakley County, Tennessee	yes	1.0	17.10841281265936	946.1490267222944
7624	42	Industrial and personal service paper merchant wholesalers	47	424130	187	47187	Williamson County, Tennessee	yes	1.8333333333333333	31.518412926906024	1704.893291539827
7625	42	Industrial and personal service paper merchant wholesalers	47	424130	189	47189	Wilson County, Tennessee	yes	1.0	17.10841281265936	946.1490267222944
7626	42	Industrial machinery and equipment merchant wholesalers	47	423830	1	47001	Anderson County, Tennessee	no	3.0	24.0	1045.0
7627	42	Industrial machinery and equipment merchant wholesalers	47	423830	1	47001	Anderson County, Tennessee	yes	2.6	32.264058712966836	1325.1826010666387
7628	42	Industrial machinery and equipment merchant wholesalers	47	423830	3	47003	Bedford County, Tennessee	yes	1.0	12.470128676470587	455.796875
7629	42	Industrial machinery and equipment merchant wholesalers	47	423830	9	47009	Blount County, Tennessee	no	9.666666666666666	67.0	5282.5
7630	42	Industrial machinery and equipment merchant wholesalers	47	423830	11	47011	Bradley County, Tennessee	no	3.5	25.25	1618.25
7631	42	Industrial machinery and equipment merchant wholesalers	47	423830	11	47011	Bradley County, Tennessee	yes	5.0	63.61488970588235	2293.28125
7632	42	Industrial machinery and equipment merchant wholesalers	47	423830	13	47013	Campbell County, Tennessee	yes	1.0	13.27638208061002	455.61061507936506
7633	42	Industrial machinery and equipment merchant wholesalers	47	423830	15	47015	Cannon County, Tennessee	yes	1.0	11.324942549025854	516.6445184432991
7634	42	Industrial machinery and equipment merchant wholesalers	47	423830	17	47017	Carroll County, Tennessee	yes	1.0	10.843056058831024	525.954672131959
7635	42	Industrial machinery and equipment merchant wholesalers	47	423830	19	47019	Carter County, Tennessee	yes	2.0	22.64988509805171	1033.2890368865983
7636	42	Industrial machinery and equipment merchant wholesalers	47	423830	21	47021	Cheatham County, Tennessee	yes	1.0	11.324942549025854	516.6445184432991
7637	42	Industrial machinery and equipment merchant wholesalers	47	423830	29	47029	Cocke County, Tennessee	yes	1.0	11.324942549025854	516.6445184432991
7638	42	Industrial machinery and equipment merchant wholesalers	47	423830	31	47031	Coffee County, Tennessee	no	4.0	16.166666666666668	2175.5
7639	42	Industrial machinery and equipment merchant wholesalers	47	423830	33	47033	Crockett County, Tennessee	yes	2.0	22.64988509805171	1033.2890368865983
7640	42	Industrial machinery and equipment merchant wholesalers	47	423830	35	47035	Cumberland County, Tennessee	yes	2.0	22.64988509805171	1033.2890368865983
7641	42	Industrial machinery and equipment merchant wholesalers	47	423830	37	47037	Davidson County, Tennessee	no	80.5	1054.5	66065.33333333333
7642	42	Industrial machinery and equipment merchant wholesalers	47	423830	41	47041	DeKalb County, Tennessee	yes	2.1666666666666665	24.93894759805171	1111.6379952199316
7643	42	Industrial machinery and equipment merchant wholesalers	47	423830	43	47043	Dickson County, Tennessee	no	3.0	14.0	580.0
7644	42	Industrial machinery and equipment merchant wholesalers	47	423830	43	47043	Dickson County, Tennessee	yes	2.0	23.51661393724156	918.57918792517
7645	42	Industrial machinery and equipment merchant wholesalers	47	423830	45	47045	Dyer County, Tennessee	yes	2.6666666666666665	30.488756410465566	1339.4820995283214
7646	42	Industrial machinery and equipment merchant wholesalers	47	423830	47	47047	Fayette County, Tennessee	yes	2.0	22.64988509805171	1033.2890368865983
7647	42	Industrial machinery and equipment merchant wholesalers	47	423830	51	47051	Franklin County, Tennessee	yes	1.0	11.324942549025854	516.6445184432991
7648	42	Industrial machinery and equipment merchant wholesalers	47	423830	53	47053	Gibson County, Tennessee	no	4.0	10.0	280.0
7649	42	Industrial machinery and equipment merchant wholesalers	47	423830	53	47053	Gibson County, Tennessee	yes	2.8	31.088351849962464	1483.7987102734278
7650	42	Industrial machinery and equipment merchant wholesalers	47	423830	55	47055	Giles County, Tennessee	no	4.0	0.0	533.0
7651	42	Industrial machinery and equipment merchant wholesalers	47	423830	55	47055	Giles County, Tennessee	yes	2.6	28.34588269255868	1325.3222694339856
7652	42	Industrial machinery and equipment merchant wholesalers	47	423830	57	47057	Grainger County, Tennessee	yes	1.0	10.752349485303487	547.0683401649487
7653	42	Industrial machinery and equipment merchant wholesalers	47	423830	59	47059	Greene County, Tennessee	no	4.0	6.833333333333333	314.1666666666667
7654	42	Industrial machinery and equipment merchant wholesalers	47	423830	63	47063	Hamblen County, Tennessee	no	7.5	38.0	1506.5
7655	42	Industrial machinery and equipment merchant wholesalers	47	423830	65	47065	Hamilton County, Tennessee	no	43.333333333333336	525.6666666666666	33116.5
7656	42	Industrial machinery and equipment merchant wholesalers	47	423830	73	47073	Hawkins County, Tennessee	yes	1.0	11.324942549025854	516.6445184432991
7657	42	Industrial machinery and equipment merchant wholesalers	47	423830	75	47075	Haywood County, Tennessee	yes	1.0	11.324942549025854	516.6445184432991
7658	42	Industrial machinery and equipment merchant wholesalers	47	423830	77	47077	Henderson County, Tennessee	no	3.0	5.5	242.0
7659	42	Industrial machinery and equipment merchant wholesalers	47	423830	77	47077	Henderson County, Tennessee	yes	2.0	24.940257352941174	911.59375
7660	42	Industrial machinery and equipment merchant wholesalers	47	423830	79	47079	Henry County, Tennessee	yes	2.1666666666666665	23.850565370160552	1111.676791988639
7661	42	Industrial machinery and equipment merchant wholesalers	47	423830	89	47089	Jefferson County, Tennessee	yes	1.0	7.204081632653061	470.3265306122449
7662	42	Industrial machinery and equipment merchant wholesalers	47	423830	93	47093	Knox County, Tennessee	no	77.83333333333333	738.5	44763.333333333336
7663	42	Industrial machinery and equipment merchant wholesalers	47	423830	97	47097	Lauderdale County, Tennessee	yes	1.3333333333333333	14.811013785637854	727.0959742448749
7664	42	Industrial machinery and equipment merchant wholesalers	47	423830	99	47099	Lawrence County, Tennessee	yes	1.6666666666666667	19.163813861439706	822.8375810850224
7665	42	Industrial machinery and equipment merchant wholesalers	47	423830	103	47103	Lincoln County, Tennessee	yes	2.0	22.64988509805171	1033.2890368865983
7666	42	Industrial machinery and equipment merchant wholesalers	47	423830	105	47105	Loudon County, Tennessee	no	3.0	48.5	2824.5
7667	42	Industrial machinery and equipment merchant wholesalers	47	423830	105	47105	Loudon County, Tennessee	yes	2.5	29.163406724541886	1315.0496799047273
7668	42	Industrial machinery and equipment merchant wholesalers	47	423830	107	47107	McMinn County, Tennessee	no	3.0	4.666666666666667	198.66666666666666
7669	42	Industrial machinery and equipment merchant wholesalers	47	423830	107	47107	McMinn County, Tennessee	yes	2.0	26.55276416122004	911.2212301587301
7670	42	Industrial machinery and equipment merchant wholesalers	47	423830	109	47109	McNairy County, Tennessee	yes	1.0	11.324942549025854	516.6445184432991
7671	42	Industrial machinery and equipment merchant wholesalers	47	423830	113	47113	Madison County, Tennessee	no	20.833333333333332	189.0	8920.5
7672	42	Industrial machinery and equipment merchant wholesalers	47	423830	117	47117	Marshall County, Tennessee	no	3.0	35.0	1249.0
7673	42	Industrial machinery and equipment merchant wholesalers	47	423830	117	47117	Marshall County, Tennessee	yes	3.0	39.82914624183007	1366.8318452380952
7674	42	Industrial machinery and equipment merchant wholesalers	47	423830	119	47119	Maury County, Tennessee	no	5.0	46.6	4537.6
7675	42	Industrial machinery and equipment merchant wholesalers	47	423830	119	47119	Maury County, Tennessee	yes	4.0	59.55555555555555	1820.952380952381
7676	42	Industrial machinery and equipment merchant wholesalers	47	423830	125	47125	Montgomery County, Tennessee	no	4.166666666666667	5.833333333333333	439.6666666666667
7677	42	Industrial machinery and equipment merchant wholesalers	47	423830	127	47127	Moore County, Tennessee	yes	1.0	11.324942549025854	516.6445184432991
7678	42	Industrial machinery and equipment merchant wholesalers	47	423830	131	47131	Obion County, Tennessee	yes	3.0	33.97482764707757	1549.9335553298972
7679	42	Industrial machinery and equipment merchant wholesalers	47	423830	141	47141	Putnam County, Tennessee	no	7.0	70.83333333333333	5280.666666666667
7680	42	Industrial machinery and equipment merchant wholesalers	47	423830	145	47145	Roane County, Tennessee	yes	1.0	11.75830696862078	459.289593962585
7681	42	Industrial machinery and equipment merchant wholesalers	47	423830	147	47147	Robertson County, Tennessee	no	6.166666666666667	68.66666666666667	4130.0
7682	42	Industrial machinery and equipment merchant wholesalers	47	423830	149	47149	Rutherford County, Tennessee	no	24.0	339.8333333333333	18663.0
7683	42	Industrial machinery and equipment merchant wholesalers	47	423830	151	47151	Scott County, Tennessee	yes	1.0	12.470128676470587	455.796875
7684	42	Industrial machinery and equipment merchant wholesalers	47	423830	155	47155	Sevier County, Tennessee	yes	1.0	10.752349485303487	547.0683401649487
7685	42	Industrial machinery and equipment merchant wholesalers	47	423830	157	47157	Shelby County, Tennessee	no	105.66666666666667	1929.6666666666667	113612.66666666667
7686	42	Industrial machinery and equipment merchant wholesalers	47	423830	163	47163	Sullivan County, Tennessee	no	21.666666666666668	191.83333333333334	8846.333333333334
7687	42	Industrial machinery and equipment merchant wholesalers	47	423830	165	47165	Sumner County, Tennessee	no	15.166666666666666	129.66666666666666	13644.0
7688	42	Industrial machinery and equipment merchant wholesalers	47	423830	167	47167	Tipton County, Tennessee	yes	2.0	22.64988509805171	1033.2890368865983
7689	42	Industrial machinery and equipment merchant wholesalers	47	423830	169	47169	Trousdale County, Tennessee	yes	1.0	13.27638208061002	455.61061507936506
7690	42	Industrial machinery and equipment merchant wholesalers	47	423830	179	47179	Washington County, Tennessee	no	8.666666666666666	86.83333333333333	3944.8333333333335
7691	42	Industrial machinery and equipment merchant wholesalers	47	423830	181	47181	Wayne County, Tennessee	yes	1.0	11.324942549025854	516.6445184432991
7692	42	Industrial machinery and equipment merchant wholesalers	47	423830	183	47183	Weakley County, Tennessee	yes	1.5	17.963133589330862	744.4498259829816
7693	42	Industrial machinery and equipment merchant wholesalers	47	423830	185	47185	White County, Tennessee	yes	1.0	11.324942549025854	516.6445184432991
7694	42	Industrial machinery and equipment merchant wholesalers	47	423830	187	47187	Williamson County, Tennessee	no	28.833333333333332	291.6666666666667	22534.833333333332
7695	42	Industrial machinery and equipment merchant wholesalers	47	423830	189	47189	Wilson County, Tennessee	no	8.666666666666666	43.166666666666664	5064.833333333333
7696	42	Industrial supplies merchant wholesalers	47	423840	9	47009	Blount County, Tennessee	yes	1.6666666666666667	18.056987968080783	661.1268763319913
7697	42	Industrial supplies merchant wholesalers	47	423840	11	47011	Bradley County, Tennessee	no	4.0	51.8	3693.4
7698	42	Industrial supplies merchant wholesalers	47	423840	11	47011	Bradley County, Tennessee	yes	3.0	32.470588235294116	1455.4117647058824
7699	42	Industrial supplies merchant wholesalers	47	423840	13	47013	Campbell County, Tennessee	yes	1.0	11.0403838463683	412.66530160640724
7700	42	Industrial supplies merchant wholesalers	47	423840	33	47033	Crockett County, Tennessee	yes	1.0	11.0403838463683	412.66530160640724
7701	42	Industrial supplies merchant wholesalers	47	423840	37	47037	Davidson County, Tennessee	no	22.0	198.5	15725.75
7702	42	Industrial supplies merchant wholesalers	47	423840	37	47037	Davidson County, Tennessee	yes	20.0	241.42678347934918	9852.223612849395
7703	42	Industrial supplies merchant wholesalers	47	423840	43	47043	Dickson County, Tennessee	yes	1.3333333333333333	13.743325022838889	554.299125135819
7704	42	Industrial supplies merchant wholesalers	47	423840	45	47045	Dyer County, Tennessee	no	4.0	24.666666666666668	743.6666666666666
7705	42	Industrial supplies merchant wholesalers	47	423840	45	47045	Dyer County, Tennessee	yes	2.6666666666666665	38.34469854995512	1218.919330981909
7706	42	Industrial supplies merchant wholesalers	47	423840	59	47059	Greene County, Tennessee	yes	1.0	11.0403838463683	412.66530160640724
7707	42	Industrial supplies merchant wholesalers	47	423840	63	47063	Hamblen County, Tennessee	yes	1.0	11.0403838463683	412.66530160640724
7708	42	Industrial supplies merchant wholesalers	47	423840	65	47065	Hamilton County, Tennessee	no	19.5	129.33333333333334	7468.666666666667
7709	42	Industrial supplies merchant wholesalers	47	423840	71	47071	Hardin County, Tennessee	yes	1.0	11.0403838463683	412.66530160640724
7710	42	Industrial supplies merchant wholesalers	47	423840	73	47073	Hawkins County, Tennessee	no	5.0	17.166666666666668	1147.6666666666667
7711	42	Industrial supplies merchant wholesalers	47	423840	77	47077	Henderson County, Tennessee	yes	1.0	11.0403838463683	412.66530160640724
7712	42	Industrial supplies merchant wholesalers	47	423840	85	47085	Humphreys County, Tennessee	no	4.333333333333333	34.166666666666664	2570.3333333333335
7713	42	Industrial supplies merchant wholesalers	47	423840	93	47093	Knox County, Tennessee	no	16.5	240.66666666666666	15377.666666666666
7714	42	Industrial supplies merchant wholesalers	47	423840	97	47097	Lauderdale County, Tennessee	yes	2.0	22.0807676927366	825.3306032128145
7715	42	Industrial supplies merchant wholesalers	47	423840	99	47099	Lawrence County, Tennessee	no	3.0	29.333333333333332	1052.0
7716	42	Industrial supplies merchant wholesalers	47	423840	105	47105	Loudon County, Tennessee	yes	1.0	11.0403838463683	412.66530160640724
7717	42	Industrial supplies merchant wholesalers	47	423840	113	47113	Madison County, Tennessee	no	7.833333333333333	52.5	3165.6666666666665
7718	42	Industrial supplies merchant wholesalers	47	423840	123	47123	Monroe County, Tennessee	yes	1.5	18.614668621529173	635.2932709114729
7719	42	Industrial supplies merchant wholesalers	47	423840	125	47125	Montgomery County, Tennessee	no	4.0	23.833333333333332	1644.6666666666667
7720	42	Industrial supplies merchant wholesalers	47	423840	141	47141	Putnam County, Tennessee	yes	2.1666666666666665	23.884689261364056	906.1868123631413
7721	42	Industrial supplies merchant wholesalers	47	423840	147	47147	Robertson County, Tennessee	yes	1.0	10.823529411764707	485.1372549019608
7722	42	Industrial supplies merchant wholesalers	47	423840	149	47149	Rutherford County, Tennessee	no	3.0	4.6	329.4
7723	42	Industrial supplies merchant wholesalers	47	423840	149	47149	Rutherford County, Tennessee	yes	3.0	63.909090909090914	1051.6363636363637
7724	42	Industrial supplies merchant wholesalers	47	423840	157	47157	Shelby County, Tennessee	no	30.5	313.1666666666667	18635.5
7725	42	Industrial supplies merchant wholesalers	47	423840	161	47161	Stewart County, Tennessee	yes	1.0	11.0403838463683	412.66530160640724
7726	42	Industrial supplies merchant wholesalers	47	423840	163	47163	Sullivan County, Tennessee	no	7.833333333333333	60.833333333333336	2692.3333333333335
7727	42	Industrial supplies merchant wholesalers	47	423840	165	47165	Sumner County, Tennessee	no	4.0	88.66666666666667	4463.666666666667
7728	42	Industrial supplies merchant wholesalers	47	423840	165	47165	Sumner County, Tennessee	yes	3.6666666666666665	59.647728852985416	1569.4647855273636
7729	42	Industrial supplies merchant wholesalers	47	423840	177	47177	Warren County, Tennessee	yes	1.0	6.932198142414861	380.07466460268324
7730	42	Industrial supplies merchant wholesalers	47	423840	179	47179	Washington County, Tennessee	no	4.0	51.0	3013.6666666666665
7731	42	Industrial supplies merchant wholesalers	47	423840	179	47179	Washington County, Tennessee	yes	3.6666666666666665	56.98643506403206	1619.3113361398719
7732	42	Industrial supplies merchant wholesalers	47	423840	187	47187	Williamson County, Tennessee	no	5.166666666666667	14.166666666666666	1823.6666666666667
7733	42	Industrial supplies merchant wholesalers	47	423840	189	47189	Wilson County, Tennessee	yes	1.6666666666666667	18.056987968080783	661.1268763319913
7734	42	Jewelry, watch, precious stone, and precious metal merchant wholesalers	47	423940	1	47001	Anderson County, Tennessee	yes	1.0	6.804116746994339	201.6462505420843
7735	42	Jewelry, watch, precious stone, and precious metal merchant wholesalers	47	423940	3	47003	Bedford County, Tennessee	yes	1.0	7.676470588235294	162.05882352941177
7736	42	Jewelry, watch, precious stone, and precious metal merchant wholesalers	47	423940	5	47005	Benton County, Tennessee	yes	1.0	6.804116746994339	201.6462505420843
7737	42	Jewelry, watch, precious stone, and precious metal merchant wholesalers	47	423940	9	47009	Blount County, Tennessee	yes	1.6666666666666667	11.671813740902259	322.9968220718229
7738	42	Jewelry, watch, precious stone, and precious metal merchant wholesalers	47	423940	11	47011	Bradley County, Tennessee	yes	1.0	7.301545490861879	182.0258572946079
7739	42	Jewelry, watch, precious stone, and precious metal merchant wholesalers	47	423940	13	47013	Campbell County, Tennessee	yes	1.0	7.301545490861879	182.0258572946079
7740	42	Jewelry, watch, precious stone, and precious metal merchant wholesalers	47	423940	31	47031	Coffee County, Tennessee	yes	1.0	8.161290322580644	210.70967741935485
7741	42	Jewelry, watch, precious stone, and precious metal merchant wholesalers	47	423940	35	47035	Cumberland County, Tennessee	yes	1.0	6.804116746994339	201.6462505420843
7742	42	Jewelry, watch, precious stone, and precious metal merchant wholesalers	47	423940	37	47037	Davidson County, Tennessee	no	7.166666666666667	9.0	586.3333333333334
7743	42	Jewelry, watch, precious stone, and precious metal merchant wholesalers	47	423940	59	47059	Greene County, Tennessee	yes	1.0	7.918880455407969	186.3842504743833
7744	42	Jewelry, watch, precious stone, and precious metal merchant wholesalers	47	423940	63	47063	Hamblen County, Tennessee	yes	1.0	7.301545490861879	182.0258572946079
7745	42	Jewelry, watch, precious stone, and precious metal merchant wholesalers	47	423940	65	47065	Hamilton County, Tennessee	no	7.0	32.5	1532.6666666666667
7746	42	Jewelry, watch, precious stone, and precious metal merchant wholesalers	47	423940	71	47071	Hardin County, Tennessee	yes	1.0	6.684210526315789	177.66746411483254
7747	42	Jewelry, watch, precious stone, and precious metal merchant wholesalers	47	423940	93	47093	Knox County, Tennessee	no	11.833333333333334	54.333333333333336	1787.1666666666667
7748	42	Jewelry, watch, precious stone, and precious metal merchant wholesalers	47	423940	107	47107	McMinn County, Tennessee	yes	1.0	7.301545490861879	182.0258572946079
7749	42	Jewelry, watch, precious stone, and precious metal merchant wholesalers	47	423940	115	47115	Marion County, Tennessee	yes	1.0	8.161290322580644	210.70967741935485
7750	42	Jewelry, watch, precious stone, and precious metal merchant wholesalers	47	423940	123	47123	Monroe County, Tennessee	yes	1.0	8.279253636938646	186.43798516474035
7751	42	Jewelry, watch, precious stone, and precious metal merchant wholesalers	47	423940	125	47125	Montgomery County, Tennessee	yes	1.0	7.918880455407969	186.3842504743833
7752	42	Jewelry, watch, precious stone, and precious metal merchant wholesalers	47	423940	141	47141	Putnam County, Tennessee	yes	1.6666666666666667	12.223155330169545	321.87504704602316
7753	42	Jewelry, watch, precious stone, and precious metal merchant wholesalers	47	423940	145	47145	Roane County, Tennessee	yes	1.0	7.301545490861879	182.0258572946079
7754	42	Jewelry, watch, precious stone, and precious metal merchant wholesalers	47	423940	147	47147	Robertson County, Tennessee	yes	1.0	6.804116746994339	201.6462505420843
7755	42	Jewelry, watch, precious stone, and precious metal merchant wholesalers	47	423940	149	47149	Rutherford County, Tennessee	yes	1.3333333333333333	10.838077166350411	240.45759300787768
7756	42	Jewelry, watch, precious stone, and precious metal merchant wholesalers	47	423940	155	47155	Sevier County, Tennessee	yes	1.6666666666666667	11.671813740902259	322.9968220718229
7757	42	Jewelry, watch, precious stone, and precious metal merchant wholesalers	47	423940	157	47157	Shelby County, Tennessee	no	11.5	79.5	3213.3333333333335
7758	42	Jewelry, watch, precious stone, and precious metal merchant wholesalers	47	423940	163	47163	Sullivan County, Tennessee	yes	2.1666666666666665	16.00240896710819	415.0403049380362
7759	42	Jewelry, watch, precious stone, and precious metal merchant wholesalers	47	423940	165	47165	Sumner County, Tennessee	no	3.0	7.5	320.75
7760	42	Jewelry, watch, precious stone, and precious metal merchant wholesalers	47	423940	165	47165	Sumner County, Tennessee	yes	2.5	19.675996204933586	453.7979127134725
7761	42	Jewelry, watch, precious stone, and precious metal merchant wholesalers	47	423940	177	47177	Warren County, Tennessee	yes	1.0	7.301545490861879	182.0258572946079
7762	42	Jewelry, watch, precious stone, and precious metal merchant wholesalers	47	423940	179	47179	Washington County, Tennessee	yes	1.1666666666666667	8.16433180075778	236.76453011197677
7763	42	Jewelry, watch, precious stone, and precious metal merchant wholesalers	47	423940	187	47187	Williamson County, Tennessee	no	5.5	9.833333333333334	374.6666666666667
7764	42	Jewelry, watch, precious stone, and precious metal merchant wholesalers	47	423940	189	47189	Wilson County, Tennessee	yes	1.1666666666666667	8.083528511700221	228.65605446365294
7765	42	Livestock merchant wholesalers	47	424520	3	47003	Bedford County, Tennessee	yes	1.1666666666666667	5.018448900027848	89.93790030632135
7766	42	Livestock merchant wholesalers	47	424520	15	47015	Cannon County, Tennessee	yes	1.0	5.763784461152882	101.37907268170426
7767	42	Livestock merchant wholesalers	47	424520	29	47029	Cocke County, Tennessee	yes	1.0	5.018448900027848	89.93790030632135
7768	42	Livestock merchant wholesalers	47	424520	35	47035	Cumberland County, Tennessee	yes	1.0	7.685045948203843	135.172096908939
7769	42	Livestock merchant wholesalers	47	424520	43	47043	Dickson County, Tennessee	yes	1.0	7.527673350041772	134.90685045948203
7770	42	Livestock merchant wholesalers	47	424520	47	47047	Fayette County, Tennessee	yes	1.0	3.632936507936508	66.3015873015873
7771	42	Livestock merchant wholesalers	47	424520	53	47053	Gibson County, Tennessee	yes	1.0	7.476190476190475	131.0952380952381
7772	42	Livestock merchant wholesalers	47	424520	61	47061	Grundy County, Tennessee	yes	1.0	0.0	0.0
7773	42	Livestock merchant wholesalers	47	424520	65	47065	Hamilton County, Tennessee	yes	1.0	5.018448900027848	89.93790030632135
7774	42	Livestock merchant wholesalers	47	424520	103	47103	Lincoln County, Tennessee	yes	1.0	5.018448900027848	89.93790030632135
7775	42	Livestock merchant wholesalers	47	424520	107	47107	McMinn County, Tennessee	yes	1.0	5.018448900027848	89.93790030632135
7776	42	Livestock merchant wholesalers	47	424520	111	47111	Macon County, Tennessee	yes	1.0	0.0	0.0
7777	42	Livestock merchant wholesalers	47	424520	119	47119	Maury County, Tennessee	yes	1.0	5.018448900027848	89.93790030632135
7778	42	Livestock merchant wholesalers	47	424520	141	47141	Putnam County, Tennessee	yes	2.0	10.036897800055696	179.8758006126427
7779	42	Livestock merchant wholesalers	47	424520	147	47147	Robertson County, Tennessee	yes	1.0	5.018448900027848	89.93790030632135
7780	42	Livestock merchant wholesalers	47	424520	153	47153	Sequatchie County, Tennessee	yes	1.0	0.0	0.0
7781	42	Livestock merchant wholesalers	47	424520	165	47165	Sumner County, Tennessee	yes	1.0	5.018448900027848	89.93790030632135
7782	42	Livestock merchant wholesalers	47	424520	167	47167	Tipton County, Tennessee	yes	1.0	5.018448900027848	89.93790030632135
7783	42	Livestock merchant wholesalers	47	424520	177	47177	Warren County, Tennessee	yes	1.0	5.018448900027848	89.93790030632135
7784	42	Livestock merchant wholesalers	47	424520	181	47181	Wayne County, Tennessee	yes	1.0	5.018448900027848	89.93790030632135
7785	42	Livestock merchant wholesalers	47	424520	187	47187	Williamson County, Tennessee	yes	1.0	5.018448900027848	89.93790030632135
7786	42	Livestock merchant wholesalers	47	424520	189	47189	Wilson County, Tennessee	yes	1.6666666666666667	10.036897800055696	179.8758006126427
7787	42	Lumber, plywood, millwork, and wood panel merchant wholesalers	47	423310	3	47003	Bedford County, Tennessee	yes	1.0	15.79130124900204	689.6150632366049
7788	42	Lumber, plywood, millwork, and wood panel merchant wholesalers	47	423310	7	47007	Bledsoe County, Tennessee	yes	1.0	10.993124400383754	430.8181963543332
7789	42	Lumber, plywood, millwork, and wood panel merchant wholesalers	47	423310	9	47009	Blount County, Tennessee	yes	1.3333333333333333	21.51941817406664	919.3691007043052
7790	42	Lumber, plywood, millwork, and wood panel merchant wholesalers	47	423310	11	47011	Bradley County, Tennessee	yes	1.0	18.84413067552602	898.9207733480989
7791	42	Lumber, plywood, millwork, and wood panel merchant wholesalers	47	423310	17	47017	Carroll County, Tennessee	yes	1.0	15.79130124900204	689.6150632366049
7792	42	Lumber, plywood, millwork, and wood panel merchant wholesalers	47	423310	19	47019	Carter County, Tennessee	yes	1.0	18.84413067552602	898.9207733480989
7793	42	Lumber, plywood, millwork, and wood panel merchant wholesalers	47	423310	23	47023	Chester County, Tennessee	yes	1.0	15.79130124900204	689.6150632366049
7794	42	Lumber, plywood, millwork, and wood panel merchant wholesalers	47	423310	31	47031	Coffee County, Tennessee	yes	1.0	15.355604919311588	615.1495843693627
7795	42	Lumber, plywood, millwork, and wood panel merchant wholesalers	47	423310	37	47037	Davidson County, Tennessee	no	31.333333333333332	610.0	36604.5
7796	42	Lumber, plywood, millwork, and wood panel merchant wholesalers	47	423310	43	47043	Dickson County, Tennessee	yes	3.0	47.373903747006125	2068.845189709815
7797	42	Lumber, plywood, millwork, and wood panel merchant wholesalers	47	423310	47	47047	Fayette County, Tennessee	yes	1.0	14.088737587788774	560.040154378717
7798	42	Lumber, plywood, millwork, and wood panel merchant wholesalers	47	423310	49	47049	Fentress County, Tennessee	yes	1.0	15.79130124900204	689.6150632366049
7799	42	Lumber, plywood, millwork, and wood panel merchant wholesalers	47	423310	51	47051	Franklin County, Tennessee	yes	2.0	31.58260249800408	1379.2301264732098
7800	42	Lumber, plywood, millwork, and wood panel merchant wholesalers	47	423310	53	47053	Gibson County, Tennessee	yes	1.0	14.088737587788774	560.040154378717
7801	42	Lumber, plywood, millwork, and wood panel merchant wholesalers	47	423310	55	47055	Giles County, Tennessee	yes	1.0	10.288135593220339	394.7118644067797
7802	42	Lumber, plywood, millwork, and wood panel merchant wholesalers	47	423310	59	47059	Greene County, Tennessee	yes	1.0	15.79130124900204	689.6150632366049
7803	42	Lumber, plywood, millwork, and wood panel merchant wholesalers	47	423310	63	47063	Hamblen County, Tennessee	yes	1.0	10.993124400383754	430.8181963543332
7804	42	Lumber, plywood, millwork, and wood panel merchant wholesalers	47	423310	65	47065	Hamilton County, Tennessee	no	3.0	25.0	957.0
7805	42	Lumber, plywood, millwork, and wood panel merchant wholesalers	47	423310	65	47065	Hamilton County, Tennessee	yes	2.25	29.26425130552105	1172.613324294157
7806	42	Lumber, plywood, millwork, and wood panel merchant wholesalers	47	423310	69	47069	Hardeman County, Tennessee	yes	1.6666666666666667	25.183792974194557	1062.9751661557495
7807	42	Lumber, plywood, millwork, and wood panel merchant wholesalers	47	423310	71	47071	Hardin County, Tennessee	yes	1.0	15.79130124900204	689.6150632366049
7808	42	Lumber, plywood, millwork, and wood panel merchant wholesalers	47	423310	73	47073	Hawkins County, Tennessee	yes	1.0	15.79130124900204	689.6150632366049
7809	42	Lumber, plywood, millwork, and wood panel merchant wholesalers	47	423310	77	47077	Henderson County, Tennessee	yes	1.0	10.288135593220339	394.7118644067797
7810	42	Lumber, plywood, millwork, and wood panel merchant wholesalers	47	423310	79	47079	Henry County, Tennessee	yes	1.0	15.79130124900204	689.6150632366049
7811	42	Lumber, plywood, millwork, and wood panel merchant wholesalers	47	423310	81	47081	Hickman County, Tennessee	yes	1.0	19.19642857142857	948.764880952381
7812	42	Lumber, plywood, millwork, and wood panel merchant wholesalers	47	423310	85	47085	Humphreys County, Tennessee	yes	1.0	10.993124400383754	430.8181963543332
7813	42	Lumber, plywood, millwork, and wood panel merchant wholesalers	47	423310	91	47091	Johnson County, Tennessee	yes	1.0	15.79130124900204	689.6150632366049
7814	42	Lumber, plywood, millwork, and wood panel merchant wholesalers	47	423310	93	47093	Knox County, Tennessee	no	17.166666666666668	210.16666666666666	9342.0
7815	42	Lumber, plywood, millwork, and wood panel merchant wholesalers	47	423310	99	47099	Lawrence County, Tennessee	yes	1.0	15.79130124900204	689.6150632366049
7816	42	Lumber, plywood, millwork, and wood panel merchant wholesalers	47	423310	105	47105	Loudon County, Tennessee	yes	1.0	18.84413067552602	898.9207733480989
7817	42	Lumber, plywood, millwork, and wood panel merchant wholesalers	47	423310	107	47107	McMinn County, Tennessee	yes	1.8333333333333333	29.86791323246736	1313.4448157387467
7818	42	Lumber, plywood, millwork, and wood panel merchant wholesalers	47	423310	109	47109	McNairy County, Tennessee	yes	1.0	15.79130124900204	689.6150632366049
7819	42	Lumber, plywood, millwork, and wood panel merchant wholesalers	47	423310	111	47111	Macon County, Tennessee	yes	1.0	12.738471822478056	480.30935312511104
7820	42	Lumber, plywood, millwork, and wood panel merchant wholesalers	47	423310	113	47113	Madison County, Tennessee	no	4.5	77.66666666666667	4171.666666666667
7821	42	Lumber, plywood, millwork, and wood panel merchant wholesalers	47	423310	117	47117	Marshall County, Tennessee	yes	1.0	15.79130124900204	689.6150632366049
7822	42	Lumber, plywood, millwork, and wood panel merchant wholesalers	47	423310	119	47119	Maury County, Tennessee	yes	3.0	47.373903747006125	2068.845189709815
7823	42	Lumber, plywood, millwork, and wood panel merchant wholesalers	47	423310	125	47125	Montgomery County, Tennessee	yes	2.0	31.58260249800408	1379.2301264732098
7824	42	Lumber, plywood, millwork, and wood panel merchant wholesalers	47	423310	141	47141	Putnam County, Tennessee	yes	1.0	19.19642857142857	948.764880952381
7825	42	Lumber, plywood, millwork, and wood panel merchant wholesalers	47	423310	147	47147	Robertson County, Tennessee	no	3.5	9.25	230.0
7826	42	Lumber, plywood, millwork, and wood panel merchant wholesalers	47	423310	147	47147	Robertson County, Tennessee	yes	2.0	21.98624880076751	861.6363927086664
7827	42	Lumber, plywood, millwork, and wood panel merchant wholesalers	47	423310	149	47149	Rutherford County, Tennessee	no	10.833333333333334	107.66666666666667	7580.0
7828	42	Lumber, plywood, millwork, and wood panel merchant wholesalers	47	423310	151	47151	Scott County, Tennessee	yes	1.0	10.993124400383754	430.8181963543332
7829	42	Lumber, plywood, millwork, and wood panel merchant wholesalers	47	423310	155	47155	Sevier County, Tennessee	yes	2.0	20.576271186440678	789.4237288135594
7830	42	Lumber, plywood, millwork, and wood panel merchant wholesalers	47	423310	157	47157	Shelby County, Tennessee	no	37.333333333333336	491.3333333333333	26693.833333333332
7831	42	Lumber, plywood, millwork, and wood panel merchant wholesalers	47	423310	161	47161	Stewart County, Tennessee	yes	1.0	15.79130124900204	689.6150632366049
7832	42	Lumber, plywood, millwork, and wood panel merchant wholesalers	47	423310	163	47163	Sullivan County, Tennessee	no	7.0	86.0	4211.0
7833	42	Lumber, plywood, millwork, and wood panel merchant wholesalers	47	423310	163	47163	Sullivan County, Tennessee	yes	4.0	50.953887289912224	1921.2374125004442
7834	42	Lumber, plywood, millwork, and wood panel merchant wholesalers	47	423310	165	47165	Sumner County, Tennessee	no	5.0	138.5	6510.833333333333
7835	42	Lumber, plywood, millwork, and wood panel merchant wholesalers	47	423310	171	47171	Unicoi County, Tennessee	yes	1.0	15.79130124900204	689.6150632366049
7836	42	Lumber, plywood, millwork, and wood panel merchant wholesalers	47	423310	177	47177	Warren County, Tennessee	yes	1.0	18.84413067552602	898.9207733480989
7837	42	Lumber, plywood, millwork, and wood panel merchant wholesalers	47	423310	179	47179	Washington County, Tennessee	no	4.0	56.833333333333336	2952.0
7838	42	Lumber, plywood, millwork, and wood panel merchant wholesalers	47	423310	185	47185	White County, Tennessee	yes	1.5	23.904800038348288	1071.6553342885284
7839	42	Lumber, plywood, millwork, and wood panel merchant wholesalers	47	423310	187	47187	Williamson County, Tennessee	no	6.666666666666667	55.0	3556.6666666666665
7840	42	Lumber, plywood, millwork, and wood panel merchant wholesalers	47	423310	187	47187	Williamson County, Tennessee	yes	4.666666666666667	59.792988043207906	2245.905256191593
7841	42	Lumber, plywood, millwork, and wood panel merchant wholesalers	47	423310	189	47189	Wilson County, Tennessee	yes	4.0	66.5703323184347	3017.610070662196
7842	42	Meat and meat product merchant wholesalers	47	424470	37	47037	Davidson County, Tennessee	no	4.0	42.333333333333336	2099.0
7843	42	Meat and meat product merchant wholesalers	47	424470	37	47037	Davidson County, Tennessee	yes	4.666666666666667	120.9408029878618	3612.575536881419
7844	42	Meat and meat product merchant wholesalers	47	424470	41	47041	DeKalb County, Tennessee	yes	1.0	28.089239028944913	965.1531356987239
7845	42	Meat and meat product merchant wholesalers	47	424470	65	47065	Hamilton County, Tennessee	no	3.8	35.0	1922.8
7846	42	Meat and meat product merchant wholesalers	47	424470	65	47065	Hamilton County, Tennessee	yes	3.0	65.14285714285714	1851.8571428571427
7847	42	Meat and meat product merchant wholesalers	47	424470	75	47075	Haywood County, Tennessee	yes	1.0	28.089239028944913	965.1531356987239
7848	42	Meat and meat product merchant wholesalers	47	424470	93	47093	Knox County, Tennessee	yes	3.3333333333333335	91.17843137254901	3200.076470588235
7849	42	Meat and meat product merchant wholesalers	47	424470	97	47097	Lauderdale County, Tennessee	yes	1.0	21.71428571428571	617.2857142857142
7850	42	Meat and meat product merchant wholesalers	47	424470	99	47099	Lawrence County, Tennessee	yes	1.0	28.089239028944913	965.1531356987239
7851	42	Meat and meat product merchant wholesalers	47	424470	131	47131	Obion County, Tennessee	yes	1.0	21.71428571428571	617.2857142857142
7852	42	Meat and meat product merchant wholesalers	47	424470	145	47145	Roane County, Tennessee	yes	1.0	32.53333333333333	1046.1333333333332
7853	42	Meat and meat product merchant wholesalers	47	424470	149	47149	Rutherford County, Tennessee	yes	1.0	20.732142857142854	913.8511904761904
7854	42	Meat and meat product merchant wholesalers	47	424470	157	47157	Shelby County, Tennessee	yes	3.0	81.25056022408964	2667.1002023031433
7855	42	Meat and meat product merchant wholesalers	47	424470	163	47163	Sullivan County, Tennessee	yes	1.0	28.089239028944913	965.1531356987239
7856	42	Meat and meat product merchant wholesalers	47	424470	189	47189	Wilson County, Tennessee	yes	1.0	20.732142857142854	913.8511904761904
7857	42	Medical, dental, and hospital equipment and supplies merchant wholesalers	47	423450	1	47001	Anderson County, Tennessee	yes	1.5	62.65812176999731	5202.3788165175165
7858	42	Medical, dental, and hospital equipment and supplies merchant wholesalers	47	423450	9	47009	Blount County, Tennessee	yes	5.333333333333333	233.10025941588606	18741.138920415022
7859	42	Medical, dental, and hospital equipment and supplies merchant wholesalers	47	423450	13	47013	Campbell County, Tennessee	yes	1.0	42.83391608391609	3536.0419580419584
7860	42	Medical, dental, and hospital equipment and supplies merchant wholesalers	47	423450	31	47031	Coffee County, Tennessee	yes	1.8333333333333333	81.48874947562501	6494.886392275091
7861	42	Medical, dental, and hospital equipment and supplies merchant wholesalers	47	423450	33	47033	Crockett County, Tennessee	yes	1.0	33.15701032732365	3002.592245755295
7862	42	Medical, dental, and hospital equipment and supplies merchant wholesalers	47	423450	37	47037	Davidson County, Tennessee	no	33.666666666666664	792.0	56007.166666666664
7863	42	Medical, dental, and hospital equipment and supplies merchant wholesalers	47	423450	43	47043	Dickson County, Tennessee	yes	1.0	53.85356310356311	3882.5279720279723
7864	42	Medical, dental, and hospital equipment and supplies merchant wholesalers	47	423450	47	47047	Fayette County, Tennessee	yes	1.0	44.792451660889434	3571.8214012657513
7865	42	Medical, dental, and hospital equipment and supplies merchant wholesalers	47	423450	49	47049	Fentress County, Tennessee	yes	1.0	75.89285714285714	4575.5
7866	42	Medical, dental, and hospital equipment and supplies merchant wholesalers	47	423450	53	47053	Gibson County, Tennessee	yes	2.0	89.58490332177887	7143.642802531503
7867	42	Medical, dental, and hospital equipment and supplies merchant wholesalers	47	423450	65	47065	Hamilton County, Tennessee	no	9.666666666666666	131.66666666666666	6123.5
7868	42	Medical, dental, and hospital equipment and supplies merchant wholesalers	47	423450	71	47071	Hardin County, Tennessee	yes	1.0	42.83391608391609	3536.0419580419584
7869	42	Medical, dental, and hospital equipment and supplies merchant wholesalers	47	423450	77	47077	Henderson County, Tennessee	yes	1.0	75.89285714285714	4575.5
7870	42	Medical, dental, and hospital equipment and supplies merchant wholesalers	47	423450	93	47093	Knox County, Tennessee	no	19.666666666666668	517.1666666666666	48854.5
7871	42	Medical, dental, and hospital equipment and supplies merchant wholesalers	47	423450	99	47099	Lawrence County, Tennessee	yes	1.0	35.73134021821577	3261.11483050353
7872	42	Medical, dental, and hospital equipment and supplies merchant wholesalers	47	423450	105	47105	Loudon County, Tennessee	yes	1.0	33.15701032732365	3002.592245755295
7873	42	Medical, dental, and hospital equipment and supplies merchant wholesalers	47	423450	107	47107	McMinn County, Tennessee	yes	1.0	44.0355573776827	3507.6779892112086
7874	42	Medical, dental, and hospital equipment and supplies merchant wholesalers	47	423450	113	47113	Madison County, Tennessee	no	4.2	18.0	1156.6
7875	42	Medical, dental, and hospital equipment and supplies merchant wholesalers	47	423450	113	47113	Madison County, Tennessee	yes	3.0	111.27272727272728	9538.636363636364
7876	42	Medical, dental, and hospital equipment and supplies merchant wholesalers	47	423450	119	47119	Maury County, Tennessee	yes	1.6	67.77156430581496	5606.945488911928
7877	42	Medical, dental, and hospital equipment and supplies merchant wholesalers	47	423450	123	47123	Monroe County, Tennessee	yes	1.0	53.85356310356311	3882.5279720279723
7878	42	Medical, dental, and hospital equipment and supplies merchant wholesalers	47	423450	125	47125	Montgomery County, Tennessee	yes	1.0	33.15701032732365	3002.592245755295
7879	42	Medical, dental, and hospital equipment and supplies merchant wholesalers	47	423450	139	47139	Polk County, Tennessee	yes	1.0	40.88	3778.16
7880	42	Medical, dental, and hospital equipment and supplies merchant wholesalers	47	423450	141	47141	Putnam County, Tennessee	no	3.0	2.6666666666666665	107.0
7881	42	Medical, dental, and hospital equipment and supplies merchant wholesalers	47	423450	141	47141	Putnam County, Tennessee	yes	2.0	107.70712620712622	7765.055944055945
7882	42	Medical, dental, and hospital equipment and supplies merchant wholesalers	47	423450	145	47145	Roane County, Tennessee	yes	1.3333333333333333	55.844788436663976	4572.685483184183
7883	42	Medical, dental, and hospital equipment and supplies merchant wholesalers	47	423450	147	47147	Robertson County, Tennessee	no	3.8	17.2	351.2
7884	42	Medical, dental, and hospital equipment and supplies merchant wholesalers	47	423450	147	47147	Robertson County, Tennessee	yes	2.0	74.18181818181819	6359.090909090909
7885	42	Medical, dental, and hospital equipment and supplies merchant wholesalers	47	423450	149	47149	Rutherford County, Tennessee	no	5.666666666666667	10.333333333333334	1186.8333333333333
7886	42	Medical, dental, and hospital equipment and supplies merchant wholesalers	47	423450	153	47153	Sequatchie County, Tennessee	yes	1.0	55.11659340659341	4082.0661538461536
7887	42	Medical, dental, and hospital equipment and supplies merchant wholesalers	47	423450	157	47157	Shelby County, Tennessee	no	45.0	2384.5	222678.66666666666
7888	42	Medical, dental, and hospital equipment and supplies merchant wholesalers	47	423450	163	47163	Sullivan County, Tennessee	no	3.5	24.5	1087.5
7889	42	Medical, dental, and hospital equipment and supplies merchant wholesalers	47	423450	165	47165	Sumner County, Tennessee	no	5.833333333333333	32.833333333333336	2291.0
7890	42	Medical, dental, and hospital equipment and supplies merchant wholesalers	47	423450	177	47177	Warren County, Tennessee	yes	1.0	44.792451660889434	3571.8214012657513
7891	42	Medical, dental, and hospital equipment and supplies merchant wholesalers	47	423450	179	47179	Washington County, Tennessee	yes	2.5	111.95902919590475	8971.079865468566
7892	42	Medical, dental, and hospital equipment and supplies merchant wholesalers	47	423450	183	47183	Weakley County, Tennessee	yes	1.0	44.792451660889434	3571.8214012657513
7893	42	Medical, dental, and hospital equipment and supplies merchant wholesalers	47	423450	187	47187	Williamson County, Tennessee	no	19.0	223.0	26468.166666666668
7894	42	Medical, dental, and hospital equipment and supplies merchant wholesalers	47	423450	189	47189	Wilson County, Tennessee	yes	2.6666666666666665	119.46786780318114	9437.01446020751
7895	42	Men's and boys' clothing and furnishings merchant wholesalers	47	424320	11	47011	Bradley County, Tennessee	yes	1.0	35.61354400527787	2061.455174731183
7896	42	Men's and boys' clothing and furnishings merchant wholesalers	47	424320	37	47037	Davidson County, Tennessee	no	6.666666666666667	310.0	16944.666666666668
7897	42	Men's and boys' clothing and furnishings merchant wholesalers	47	424320	37	47037	Davidson County, Tennessee	yes	8.0	284.37118437118437	16126.0
7898	42	Men's and boys' clothing and furnishings merchant wholesalers	47	424320	53	47053	Gibson County, Tennessee	yes	1.0	35.61354400527787	2061.455174731183
7899	42	Men's and boys' clothing and furnishings merchant wholesalers	47	424320	65	47065	Hamilton County, Tennessee	no	3.4	8.8	502.2
7900	42	Men's and boys' clothing and furnishings merchant wholesalers	47	424320	65	47065	Hamilton County, Tennessee	yes	3.0	100.84615384615385	4786.5
7901	42	Men's and boys' clothing and furnishings merchant wholesalers	47	424320	93	47093	Knox County, Tennessee	no	3.8333333333333335	67.66666666666667	3857.1666666666665
7902	42	Men's and boys' clothing and furnishings merchant wholesalers	47	424320	97	47097	Lauderdale County, Tennessee	yes	1.0	35.61354400527787	2061.455174731183
7903	42	Men's and boys' clothing and furnishings merchant wholesalers	47	424320	107	47107	McMinn County, Tennessee	yes	1.0	35.61354400527787	2061.455174731183
7904	42	Men's and boys' clothing and furnishings merchant wholesalers	47	424320	111	47111	Macon County, Tennessee	yes	1.0	34.857142857142854	2387.75
7905	42	Men's and boys' clothing and furnishings merchant wholesalers	47	424320	141	47141	Putnam County, Tennessee	yes	1.0	35.61354400527787	2061.455174731183
7906	42	Men's and boys' clothing and furnishings merchant wholesalers	47	424320	149	47149	Rutherford County, Tennessee	yes	1.0	34.23626373626374	1991.625
7907	42	Men's and boys' clothing and furnishings merchant wholesalers	47	424320	155	47155	Sevier County, Tennessee	yes	1.0	35.61354400527787	2061.455174731183
7908	42	Men's and boys' clothing and furnishings merchant wholesalers	47	424320	157	47157	Shelby County, Tennessee	yes	5.666666666666667	201.6684816751349	11765.137298387097
7909	42	Men's and boys' clothing and furnishings merchant wholesalers	47	424320	163	47163	Sullivan County, Tennessee	yes	1.0	36.30218413978494	2096.3702620967742
7910	42	Men's and boys' clothing and furnishings merchant wholesalers	47	424320	165	47165	Sumner County, Tennessee	yes	2.1666666666666665	77.03661182007956	4520.868682795699
7911	42	Men's and boys' clothing and furnishings merchant wholesalers	47	424320	187	47187	Williamson County, Tennessee	no	3.0	13.0	539.6666666666666
7912	42	Men's and boys' clothing and furnishings merchant wholesalers	47	424320	187	47187	Williamson County, Tennessee	yes	2.0	71.50671550671551	4295.583333333333
7913	42	Men's and boys' clothing and furnishings merchant wholesalers	47	424320	189	47189	Wilson County, Tennessee	yes	1.0	34.857142857142854	2387.75
7914	42	Metal service centers and other metal merchant wholesalers	47	423510	9	47009	Blount County, Tennessee	yes	1.6666666666666667	30.32437241538867	1835.1153306500462
7915	42	Metal service centers and other metal merchant wholesalers	47	423510	11	47011	Bradley County, Tennessee	no	3.0	8.0	161.0
7916	42	Metal service centers and other metal merchant wholesalers	47	423510	11	47011	Bradley County, Tennessee	yes	1.6	28.35451982295885	1724.7598451831623
7917	42	Metal service centers and other metal merchant wholesalers	47	423510	17	47017	Carroll County, Tennessee	yes	2.0	36.027092623014035	2192.6458487097243
7918	42	Metal service centers and other metal merchant wholesalers	47	423510	25	47025	Claiborne County, Tennessee	yes	1.0	17.665638289857803	1066.012200583859
7919	42	Metal service centers and other metal merchant wholesalers	47	423510	35	47035	Cumberland County, Tennessee	yes	2.0	36.027092623014035	2192.6458487097243
7920	42	Metal service centers and other metal merchant wholesalers	47	423510	37	47037	Davidson County, Tennessee	no	39.0	658.0	39959.833333333336
7921	42	Metal service centers and other metal merchant wholesalers	47	423510	41	47041	DeKalb County, Tennessee	yes	1.0	17.43470383275261	1053.544111498258
7922	42	Metal service centers and other metal merchant wholesalers	47	423510	43	47043	Dickson County, Tennessee	yes	1.0	19.753086419753085	1247.8765432098764
7923	42	Metal service centers and other metal merchant wholesalers	47	423510	45	47045	Dyer County, Tennessee	yes	1.0	18.013546311507017	1096.3229243548622
7924	42	Metal service centers and other metal merchant wholesalers	47	423510	47	47047	Fayette County, Tennessee	yes	1.0	19.753086419753085	1247.8765432098764
7925	42	Metal service centers and other metal merchant wholesalers	47	423510	51	47051	Franklin County, Tennessee	yes	1.0	17.43470383275261	1053.544111498258
7926	42	Metal service centers and other metal merchant wholesalers	47	423510	55	47055	Giles County, Tennessee	yes	2.0	36.027092623014035	2192.6458487097243
7927	42	Metal service centers and other metal merchant wholesalers	47	423510	59	47059	Greene County, Tennessee	yes	1.0	19.753086419753085	1247.8765432098764
7928	42	Metal service centers and other metal merchant wholesalers	47	423510	63	47063	Hamblen County, Tennessee	no	3.0	24.5	3008.1666666666665
7929	42	Metal service centers and other metal merchant wholesalers	47	423510	65	47065	Hamilton County, Tennessee	no	16.5	422.3333333333333	22429.666666666668
7930	42	Metal service centers and other metal merchant wholesalers	47	423510	69	47069	Hardeman County, Tennessee	yes	1.0	19.753086419753085	1247.8765432098764
7931	42	Metal service centers and other metal merchant wholesalers	47	423510	79	47079	Henry County, Tennessee	no	3.0	29.0	602.0
7932	42	Metal service centers and other metal merchant wholesalers	47	423510	79	47079	Henry County, Tennessee	yes	2.0	35.331276579715606	2132.024401167718
7933	42	Metal service centers and other metal merchant wholesalers	47	423510	81	47081	Hickman County, Tennessee	yes	1.75	30.101595724644504	1750.2126443167908
7934	42	Metal service centers and other metal merchant wholesalers	47	423510	85	47085	Humphreys County, Tennessee	yes	2.0	36.027092623014035	2192.6458487097243
7935	42	Metal service centers and other metal merchant wholesalers	47	423510	93	47093	Knox County, Tennessee	no	15.0	765.6666666666666	70078.66666666667
7936	42	Metal service centers and other metal merchant wholesalers	47	423510	93	47093	Knox County, Tennessee	yes	17.666666666666668	338.8122427983539	21902.041240446793
7937	42	Metal service centers and other metal merchant wholesalers	47	423510	95	47095	Lake County, Tennessee	yes	1.0	18.013546311507017	1096.3229243548622
7938	42	Metal service centers and other metal merchant wholesalers	47	423510	103	47103	Lincoln County, Tennessee	yes	1.0	18.013546311507017	1096.3229243548622
7939	42	Metal service centers and other metal merchant wholesalers	47	423510	105	47105	Loudon County, Tennessee	no	5.0	45.333333333333336	2489.1666666666665
7940	42	Metal service centers and other metal merchant wholesalers	47	423510	107	47107	McMinn County, Tennessee	yes	1.0	17.43829786232225	1035.8527507298238
7941	42	Metal service centers and other metal merchant wholesalers	47	423510	113	47113	Madison County, Tennessee	no	5.0	73.0	5854.0
7942	42	Metal service centers and other metal merchant wholesalers	47	423510	113	47113	Madison County, Tennessee	yes	5.0	95.82021604938271	6086.316358024691
7943	42	Metal service centers and other metal merchant wholesalers	47	423510	115	47115	Marion County, Tennessee	yes	1.0	19.753086419753085	1247.8765432098764
7944	42	Metal service centers and other metal merchant wholesalers	47	423510	117	47117	Marshall County, Tennessee	yes	1.8333333333333333	32.734911553055184	1984.6664248414115
7945	42	Metal service centers and other metal merchant wholesalers	47	423510	119	47119	Maury County, Tennessee	yes	1.8333333333333333	33.3964619923834	2067.5872901511657
7946	42	Metal service centers and other metal merchant wholesalers	47	423510	123	47123	Monroe County, Tennessee	yes	1.0	19.164043209876542	1217.2632716049384
7947	42	Metal service centers and other metal merchant wholesalers	47	423510	125	47125	Montgomery County, Tennessee	yes	2.0	36.027092623014035	2192.6458487097243
7948	42	Metal service centers and other metal merchant wholesalers	47	423510	129	47129	Morgan County, Tennessee	yes	1.0	18.013546311507017	1096.3229243548622
7949	42	Metal service centers and other metal merchant wholesalers	47	423510	139	47139	Polk County, Tennessee	yes	1.0	18.30296755088422	1117.7123307831641
7950	42	Metal service centers and other metal merchant wholesalers	47	423510	141	47141	Putnam County, Tennessee	yes	1.0	18.013546311507017	1096.3229243548622
7951	42	Metal service centers and other metal merchant wholesalers	47	423510	143	47143	Rhea County, Tennessee	yes	1.0	17.665638289857803	1066.012200583859
7952	42	Metal service centers and other metal merchant wholesalers	47	423510	147	47147	Robertson County, Tennessee	yes	2.3333333333333335	42.41510702630622	2598.400272578037
7953	42	Metal service centers and other metal merchant wholesalers	47	423510	149	47149	Rutherford County, Tennessee	no	8.333333333333334	149.0	10877.0
7954	42	Metal service centers and other metal merchant wholesalers	47	423510	149	47149	Rutherford County, Tennessee	yes	9.0	172.28425925925924	11161.493915343914
7955	42	Metal service centers and other metal merchant wholesalers	47	423510	155	47155	Sevier County, Tennessee	yes	1.0	18.013546311507017	1096.3229243548622
7956	42	Metal service centers and other metal merchant wholesalers	47	423510	157	47157	Shelby County, Tennessee	no	27.5	603.5	39855.333333333336
7957	42	Metal service centers and other metal merchant wholesalers	47	423510	163	47163	Sullivan County, Tennessee	no	5.0	27.666666666666668	1235.6666666666667
7958	42	Metal service centers and other metal merchant wholesalers	47	423510	163	47163	Sullivan County, Tennessee	yes	6.0	114.85617283950619	7440.995943562611
7959	42	Metal service centers and other metal merchant wholesalers	47	423510	165	47165	Sumner County, Tennessee	no	3.0	21.0	702.3333333333334
7960	42	Metal service centers and other metal merchant wholesalers	47	423510	165	47165	Sumner County, Tennessee	yes	1.3333333333333333	25.509362139917695	1668.8231334509112
7961	42	Metal service centers and other metal merchant wholesalers	47	423510	171	47171	Unicoi County, Tennessee	yes	1.0	18.013546311507017	1096.3229243548622
7962	42	Metal service centers and other metal merchant wholesalers	47	423510	179	47179	Washington County, Tennessee	yes	2.3333333333333335	42.3062592896807	2604.7494201382956
7963	42	Metal service centers and other metal merchant wholesalers	47	423510	185	47185	White County, Tennessee	yes	2.1666666666666665	39.31927369297288	2400.6252725780373
7964	42	Metal service centers and other metal merchant wholesalers	47	423510	187	47187	Williamson County, Tennessee	no	7.333333333333333	87.66666666666667	10843.166666666666
7965	42	Metal service centers and other metal merchant wholesalers	47	423510	189	47189	Wilson County, Tennessee	no	3.0	14.5	582.5
7966	42	Metal service centers and other metal merchant wholesalers	47	423510	189	47189	Wilson County, Tennessee	yes	2.25	41.242497042629154	2567.469883103196
7967	42	Motor vehicle parts (used) merchant wholesalers	47	423140	9	47009	Blount County, Tennessee	yes	1.0	9.464532019704434	371.65812807881775
7968	42	Motor vehicle parts (used) merchant wholesalers	47	423140	11	47011	Bradley County, Tennessee	yes	1.0	9.692721630736091	359.480994903214
7969	42	Motor vehicle parts (used) merchant wholesalers	47	423140	19	47019	Carter County, Tennessee	yes	1.0	9.692721630736091	359.480994903214
7970	42	Motor vehicle parts (used) merchant wholesalers	47	423140	21	47021	Cheatham County, Tennessee	yes	1.0	9.692721630736091	359.480994903214
7971	42	Motor vehicle parts (used) merchant wholesalers	47	423140	23	47023	Chester County, Tennessee	yes	1.0	9.692721630736091	359.480994903214
7972	42	Motor vehicle parts (used) merchant wholesalers	47	423140	31	47031	Coffee County, Tennessee	yes	3.0	29.078164892208274	1078.4429847096421
7973	42	Motor vehicle parts (used) merchant wholesalers	47	423140	33	47033	Crockett County, Tennessee	yes	1.0	9.692721630736091	359.480994903214
7974	42	Motor vehicle parts (used) merchant wholesalers	47	423140	37	47037	Davidson County, Tennessee	no	4.0	0.0	1007.0
7975	42	Motor vehicle parts (used) merchant wholesalers	47	423140	37	47037	Davidson County, Tennessee	yes	1.0	9.257932623549975	358.1838605505235
7976	42	Motor vehicle parts (used) merchant wholesalers	47	423140	51	47051	Franklin County, Tennessee	yes	1.0	10.075755248335893	340.4862007168459
7977	42	Motor vehicle parts (used) merchant wholesalers	47	423140	53	47053	Gibson County, Tennessee	yes	1.0	9.692721630736091	359.480994903214
7978	42	Motor vehicle parts (used) merchant wholesalers	47	423140	61	47061	Grundy County, Tennessee	yes	1.0	10.075755248335893	340.4862007168459
7979	42	Motor vehicle parts (used) merchant wholesalers	47	423140	63	47063	Hamblen County, Tennessee	yes	2.0	19.385443261472183	718.961989806428
7980	42	Motor vehicle parts (used) merchant wholesalers	47	423140	65	47065	Hamilton County, Tennessee	yes	1.0	9.257932623549975	358.1838605505235
7981	42	Motor vehicle parts (used) merchant wholesalers	47	423140	71	47071	Hardin County, Tennessee	yes	1.0	9.692721630736091	359.480994903214
7982	42	Motor vehicle parts (used) merchant wholesalers	47	423140	81	47081	Hickman County, Tennessee	yes	1.0	11.866666666666667	365.96666666666664
7983	42	Motor vehicle parts (used) merchant wholesalers	47	423140	85	47085	Humphreys County, Tennessee	yes	1.0	9.464532019704434	371.65812807881775
7984	42	Motor vehicle parts (used) merchant wholesalers	47	423140	93	47093	Knox County, Tennessee	no	3.75	10.0	180.25
7985	42	Motor vehicle parts (used) merchant wholesalers	47	423140	93	47093	Knox County, Tennessee	yes	1.0	9.464532019704434	371.65812807881775
7986	42	Motor vehicle parts (used) merchant wholesalers	47	423140	97	47097	Lauderdale County, Tennessee	yes	1.1666666666666667	11.192721630736093	424.8328467550659
7987	42	Motor vehicle parts (used) merchant wholesalers	47	423140	99	47099	Lawrence County, Tennessee	yes	1.0	9.692721630736091	359.480994903214
7988	42	Motor vehicle parts (used) merchant wholesalers	47	423140	103	47103	Lincoln County, Tennessee	yes	1.0	9.692721630736091	359.480994903214
7989	42	Motor vehicle parts (used) merchant wholesalers	47	423140	107	47107	McMinn County, Tennessee	yes	1.0	10.41720430107527	340.35430107526884
7990	42	Motor vehicle parts (used) merchant wholesalers	47	423140	119	47119	Maury County, Tennessee	yes	1.0	9.692721630736091	359.480994903214
7991	42	Motor vehicle parts (used) merchant wholesalers	47	423140	123	47123	Monroe County, Tennessee	yes	1.0	8.96774193548387	314.741935483871
7992	42	Motor vehicle parts (used) merchant wholesalers	47	423140	125	47125	Montgomery County, Tennessee	yes	1.0	9.692721630736091	359.480994903214
7993	42	Motor vehicle parts (used) merchant wholesalers	47	423140	133	47133	Overton County, Tennessee	yes	1.0	9.464532019704434	371.65812807881775
7994	42	Motor vehicle parts (used) merchant wholesalers	47	423140	141	47141	Putnam County, Tennessee	yes	1.0	9.692721630736091	359.480994903214
7995	42	Motor vehicle parts (used) merchant wholesalers	47	423140	145	47145	Roane County, Tennessee	yes	1.0	10.41720430107527	340.35430107526884
7996	42	Motor vehicle parts (used) merchant wholesalers	47	423140	147	47147	Robertson County, Tennessee	yes	1.1666666666666667	11.192721630736093	424.8328467550659
7997	42	Motor vehicle parts (used) merchant wholesalers	47	423140	155	47155	Sevier County, Tennessee	yes	1.0	9.692721630736091	359.480994903214
7998	42	Motor vehicle parts (used) merchant wholesalers	47	423140	157	47157	Shelby County, Tennessee	no	6.333333333333333	50.666666666666664	2349.6666666666665
7999	42	Motor vehicle parts (used) merchant wholesalers	47	423140	163	47163	Sullivan County, Tennessee	yes	1.0	11.866666666666667	365.96666666666664
8000	42	Motor vehicle parts (used) merchant wholesalers	47	423140	165	47165	Sumner County, Tennessee	yes	1.0	9.692721630736091	359.480994903214
8001	42	Motor vehicle parts (used) merchant wholesalers	47	423140	179	47179	Washington County, Tennessee	yes	1.5	14.73059925490404	529.724095261637
8002	42	Motor vehicle parts (used) merchant wholesalers	47	423140	189	47189	Wilson County, Tennessee	yes	1.0	9.692721630736091	359.480994903214
8003	42	Motor vehicle supplies and new parts merchant wholesalers	47	423120	1	47001	Anderson County, Tennessee	no	3.0	5.333333333333333	348.0
8004	42	Motor vehicle supplies and new parts merchant wholesalers	47	423120	1	47001	Anderson County, Tennessee	yes	2.0	30.10544217687075	1104.4455949046285
8005	42	Motor vehicle supplies and new parts merchant wholesalers	47	423120	3	47003	Bedford County, Tennessee	yes	2.0	29.807553150946188	1223.6657596673715
8006	42	Motor vehicle supplies and new parts merchant wholesalers	47	423120	9	47009	Blount County, Tennessee	no	3.6666666666666665	124.0	6359.333333333333
8007	42	Motor vehicle supplies and new parts merchant wholesalers	47	423120	9	47009	Blount County, Tennessee	yes	3.3333333333333335	49.18594104308389	1829.0364479124983
8008	42	Motor vehicle supplies and new parts merchant wholesalers	47	423120	11	47011	Bradley County, Tennessee	yes	1.0	14.903776575473094	611.8328798336858
8009	42	Motor vehicle supplies and new parts merchant wholesalers	47	423120	13	47013	Campbell County, Tennessee	yes	1.0	15.052721088435375	552.2227974523142
8010	42	Motor vehicle supplies and new parts merchant wholesalers	47	423120	29	47029	Cocke County, Tennessee	yes	1.0	14.903776575473094	611.8328798336858
8011	42	Motor vehicle supplies and new parts merchant wholesalers	47	423120	33	47033	Crockett County, Tennessee	yes	1.0	14.903776575473094	611.8328798336858
8012	42	Motor vehicle supplies and new parts merchant wholesalers	47	423120	35	47035	Cumberland County, Tennessee	yes	2.1666666666666665	32.08533092872396	1289.8618380987439
8013	42	Motor vehicle supplies and new parts merchant wholesalers	47	423120	37	47037	Davidson County, Tennessee	no	47.0	724.8333333333334	43323.333333333336
8014	42	Motor vehicle supplies and new parts merchant wholesalers	47	423120	43	47043	Dickson County, Tennessee	yes	1.1666666666666667	17.18155435325087	678.0289582650582
8015	42	Motor vehicle supplies and new parts merchant wholesalers	47	423120	45	47045	Dyer County, Tennessee	yes	1.5	22.2811926067285	947.5543609412142
8016	42	Motor vehicle supplies and new parts merchant wholesalers	47	423120	47	47047	Fayette County, Tennessee	yes	1.0	14.903776575473094	611.8328798336858
8017	42	Motor vehicle supplies and new parts merchant wholesalers	47	423120	49	47049	Fentress County, Tennessee	yes	1.0	14.903776575473094	611.8328798336858
8018	42	Motor vehicle supplies and new parts merchant wholesalers	47	423120	55	47055	Giles County, Tennessee	yes	1.3333333333333333	20.416248230801894	801.7602507820651
8019	42	Motor vehicle supplies and new parts merchant wholesalers	47	423120	59	47059	Greene County, Tennessee	yes	1.0	14.903776575473094	611.8328798336858
8020	42	Motor vehicle supplies and new parts merchant wholesalers	47	423120	63	47063	Hamblen County, Tennessee	no	3.0	20.0	744.0
8021	42	Motor vehicle supplies and new parts merchant wholesalers	47	423120	63	47063	Hamblen County, Tennessee	yes	1.4	21.44949787696227	906.6625460365173
8022	42	Motor vehicle supplies and new parts merchant wholesalers	47	423120	65	47065	Hamilton County, Tennessee	no	21.5	233.33333333333334	14764.666666666666
8023	42	Motor vehicle supplies and new parts merchant wholesalers	47	423120	77	47077	Henderson County, Tennessee	yes	1.0	14.903776575473094	611.8328798336858
8024	42	Motor vehicle supplies and new parts merchant wholesalers	47	423120	79	47079	Henry County, Tennessee	yes	2.0	29.807553150946188	1223.6657596673715
8025	42	Motor vehicle supplies and new parts merchant wholesalers	47	423120	81	47081	Hickman County, Tennessee	yes	1.0	12.442982456140351	458.16372119023043
8026	42	Motor vehicle supplies and new parts merchant wholesalers	47	423120	87	47087	Jackson County, Tennessee	yes	1.0	14.903776575473094	611.8328798336858
8027	42	Motor vehicle supplies and new parts merchant wholesalers	47	423120	89	47089	Jefferson County, Tennessee	yes	1.0	14.903776575473094	611.8328798336858
8028	42	Motor vehicle supplies and new parts merchant wholesalers	47	423120	93	47093	Knox County, Tennessee	no	28.166666666666668	235.0	10833.333333333334
8029	42	Motor vehicle supplies and new parts merchant wholesalers	47	423120	99	47099	Lawrence County, Tennessee	yes	1.0	15.450738495259353	650.4316103058724
8030	42	Motor vehicle supplies and new parts merchant wholesalers	47	423120	105	47105	Loudon County, Tennessee	no	5.5	7.5	474.1666666666667
8031	42	Motor vehicle supplies and new parts merchant wholesalers	47	423120	111	47111	Macon County, Tennessee	yes	1.0	14.903776575473094	611.8328798336858
8032	42	Motor vehicle supplies and new parts merchant wholesalers	47	423120	113	47113	Madison County, Tennessee	no	6.166666666666667	106.0	6130.5
8033	42	Motor vehicle supplies and new parts merchant wholesalers	47	423120	119	47119	Maury County, Tennessee	yes	2.0	29.807553150946188	1223.6657596673715
8034	42	Motor vehicle supplies and new parts merchant wholesalers	47	423120	123	47123	Monroe County, Tennessee	yes	1.3333333333333333	20.351368045324993	870.8526065552493
8035	42	Motor vehicle supplies and new parts merchant wholesalers	47	423120	125	47125	Montgomery County, Tennessee	yes	1.0	14.184277658431792	529.219729668183
8036	42	Motor vehicle supplies and new parts merchant wholesalers	47	423120	131	47131	Obion County, Tennessee	no	3.0	0.0	160.0
8037	42	Motor vehicle supplies and new parts merchant wholesalers	47	423120	131	47131	Obion County, Tennessee	yes	1.4	21.44949787696227	906.6625460365173
8038	42	Motor vehicle supplies and new parts merchant wholesalers	47	423120	133	47133	Overton County, Tennessee	yes	1.0	14.903776575473094	611.8328798336858
8039	42	Motor vehicle supplies and new parts merchant wholesalers	47	423120	135	47135	Perry County, Tennessee	yes	1.0	19.408163265306122	742.3877551020407
8040	42	Motor vehicle supplies and new parts merchant wholesalers	47	423120	141	47141	Putnam County, Tennessee	no	5.333333333333333	35.833333333333336	1435.3333333333333
8041	42	Motor vehicle supplies and new parts merchant wholesalers	47	423120	145	47145	Roane County, Tennessee	yes	2.8333333333333335	42.697440837530394	1749.3146117232793
8042	42	Motor vehicle supplies and new parts merchant wholesalers	47	423120	147	47147	Robertson County, Tennessee	no	3.0	14.0	426.0
8043	42	Motor vehicle supplies and new parts merchant wholesalers	47	423120	147	47147	Robertson County, Tennessee	yes	2.25	31.263292158968852	1173.4920909153134
8044	42	Motor vehicle supplies and new parts merchant wholesalers	47	423120	149	47149	Rutherford County, Tennessee	no	18.5	509.0	22816.333333333332
8045	42	Motor vehicle supplies and new parts merchant wholesalers	47	423120	155	47155	Sevier County, Tennessee	yes	1.0	14.903776575473094	611.8328798336858
8046	42	Motor vehicle supplies and new parts merchant wholesalers	47	423120	157	47157	Shelby County, Tennessee	no	58.166666666666664	2164.8333333333335	122734.5
8047	42	Motor vehicle supplies and new parts merchant wholesalers	47	423120	161	47161	Stewart County, Tennessee	yes	1.0	14.903776575473094	611.8328798336858
8048	42	Motor vehicle supplies and new parts merchant wholesalers	47	423120	163	47163	Sullivan County, Tennessee	no	8.333333333333334	116.5	4263.833333333333
8049	42	Motor vehicle supplies and new parts merchant wholesalers	47	423120	165	47165	Sumner County, Tennessee	no	5.0	17.0	622.0
8050	42	Motor vehicle supplies and new parts merchant wholesalers	47	423120	165	47165	Sumner County, Tennessee	yes	3.0	48.09333701447279	2054.439596226691
8051	42	Motor vehicle supplies and new parts merchant wholesalers	47	423120	171	47171	Unicoi County, Tennessee	yes	1.0	14.903776575473094	611.8328798336858
8052	42	Motor vehicle supplies and new parts merchant wholesalers	47	423120	177	47177	Warren County, Tennessee	yes	1.0	13.666666666666666	397.1764705882353
8053	42	Motor vehicle supplies and new parts merchant wholesalers	47	423120	179	47179	Washington County, Tennessee	no	4.666666666666667	52.0	4190.166666666667
8054	42	Motor vehicle supplies and new parts merchant wholesalers	47	423120	185	47185	White County, Tennessee	yes	1.3333333333333333	19.19544324213976	764.2129860428362
8055	42	Motor vehicle supplies and new parts merchant wholesalers	47	423120	187	47187	Williamson County, Tennessee	no	4.666666666666667	4.0	933.6666666666666
8056	42	Motor vehicle supplies and new parts merchant wholesalers	47	423120	187	47187	Williamson County, Tennessee	yes	3.3333333333333335	52.6918428699263	2336.9421274979995
8057	42	Motor vehicle supplies and new parts merchant wholesalers	47	423120	189	47189	Wilson County, Tennessee	no	3.6666666666666665	13.333333333333334	564.6666666666666
8058	42	Motor vehicle supplies and new parts merchant wholesalers	47	423120	189	47189	Wilson County, Tennessee	yes	1.0	15.052721088435375	552.2227974523142
8059	42	Office equipment merchant wholesalers	47	423420	9	47009	Blount County, Tennessee	yes	1.4	25.43967965367965	1278.3947272727273
8060	42	Office equipment merchant wholesalers	47	423420	11	47011	Bradley County, Tennessee	yes	2.0	39.83633965133965	1826.9501255801254
8061	42	Office equipment merchant wholesalers	47	423420	21	47021	Cheatham County, Tennessee	yes	1.1666666666666667	26.02928093678094	1153.322285012285
8062	42	Office equipment merchant wholesalers	47	423420	31	47031	Coffee County, Tennessee	yes	1.5	29.695917573417574	1368.7670447720448
8063	42	Office equipment merchant wholesalers	47	423420	37	47037	Davidson County, Tennessee	no	35.666666666666664	852.5	48367.5
8064	42	Office equipment merchant wholesalers	47	423420	47	47047	Fayette County, Tennessee	yes	1.0	26.277717717717717	1067.0450750750751
8065	42	Office equipment merchant wholesalers	47	423420	59	47059	Greene County, Tennessee	yes	1.0	19.335633116883116	929.6996212121212
8066	42	Office equipment merchant wholesalers	47	423420	65	47065	Hamilton County, Tennessee	no	21.166666666666668	175.66666666666666	10216.833333333334
8067	42	Office equipment merchant wholesalers	47	423420	87	47087	Jackson County, Tennessee	yes	1.0	19.918169825669825	913.4750627900627
8068	42	Office equipment merchant wholesalers	47	423420	93	47093	Knox County, Tennessee	no	15.833333333333334	284.5	15394.5
8069	42	Office equipment merchant wholesalers	47	423420	111	47111	Macon County, Tennessee	yes	1.0	19.335633116883116	929.6996212121212
8070	42	Office equipment merchant wholesalers	47	423420	113	47113	Madison County, Tennessee	no	3.0	35.666666666666664	2176.6666666666665
8071	42	Office equipment merchant wholesalers	47	423420	113	47113	Madison County, Tennessee	yes	2.0	52.555435435435434	2134.0901501501503
8072	42	Office equipment merchant wholesalers	47	423420	119	47119	Maury County, Tennessee	yes	2.0	39.83633965133965	1826.9501255801254
8073	42	Office equipment merchant wholesalers	47	423420	123	47123	Monroe County, Tennessee	yes	1.0	20.60180379080379	902.2300753480755
8074	42	Office equipment merchant wholesalers	47	423420	125	47125	Montgomery County, Tennessee	no	3.0	5.5	398.75
8075	42	Office equipment merchant wholesalers	47	423420	125	47125	Montgomery County, Tennessee	yes	2.0	42.16648648648649	1762.051891891892
8076	42	Office equipment merchant wholesalers	47	423420	133	47133	Overton County, Tennessee	yes	1.0	19.918169825669825	913.4750627900627
8077	42	Office equipment merchant wholesalers	47	423420	141	47141	Putnam County, Tennessee	yes	1.0	12.0879329004329	655.0075757575758
8078	42	Office equipment merchant wholesalers	47	423420	147	47147	Robertson County, Tennessee	yes	1.1666666666666667	22.665917573417573	979.9570447720447
8079	42	Office equipment merchant wholesalers	47	423420	149	47149	Rutherford County, Tennessee	yes	2.3333333333333335	40.86721383721383	1969.9465274365277
8080	42	Office equipment merchant wholesalers	47	423420	157	47157	Shelby County, Tennessee	no	35.5	502.0	27212.0
8081	42	Office equipment merchant wholesalers	47	423420	159	47159	Smith County, Tennessee	yes	1.0	19.918169825669825	913.4750627900627
8082	42	Office equipment merchant wholesalers	47	423420	163	47163	Sullivan County, Tennessee	no	5.833333333333333	50.0	2238.3333333333335
8083	42	Office equipment merchant wholesalers	47	423420	179	47179	Washington County, Tennessee	yes	3.6666666666666665	70.81156819156818	3252.4363622713627
8084	42	Office equipment merchant wholesalers	47	423420	183	47183	Weakley County, Tennessee	yes	1.0	21.083243243243246	881.025945945946
8085	42	Office equipment merchant wholesalers	47	423420	187	47187	Williamson County, Tennessee	no	12.6	112.8	7832.4
8086	42	Office equipment merchant wholesalers	47	423420	187	47187	Williamson County, Tennessee	yes	12.0	197.83783783783784	4786.702702702703
8087	42	Office equipment merchant wholesalers	47	423420	189	47189	Wilson County, Tennessee	yes	1.0	23.833288288288287	1042.7088063063063
8088	42	Ophthalmic goods merchant wholesalers	47	423460	37	47037	Davidson County, Tennessee	yes	2.6666666666666665	9.49335511982571	1206.422331154684
8089	42	Ophthalmic goods merchant wholesalers	47	423460	47	47047	Fayette County, Tennessee	yes	1.0	12.198910675381265	384.8167755991285
8090	42	Ophthalmic goods merchant wholesalers	47	423460	65	47065	Hamilton County, Tennessee	yes	1.0	4.525381263616558	445.0935729847494
8091	42	Ophthalmic goods merchant wholesalers	47	423460	91	47091	Johnson County, Tennessee	yes	1.0	4.525381263616558	445.0935729847494
8092	42	Ophthalmic goods merchant wholesalers	47	423460	93	47093	Knox County, Tennessee	no	4.0	27.5	1152.6666666666667
8093	42	Ophthalmic goods merchant wholesalers	47	423460	113	47113	Madison County, Tennessee	yes	1.0	4.525381263616558	445.0935729847494
8094	42	Ophthalmic goods merchant wholesalers	47	423460	119	47119	Maury County, Tennessee	yes	1.0	4.525381263616558	445.0935729847494
8095	42	Ophthalmic goods merchant wholesalers	47	423460	125	47125	Montgomery County, Tennessee	yes	1.0	-2.7777777777777777	517.4444444444445
8096	42	Ophthalmic goods merchant wholesalers	47	423460	157	47157	Shelby County, Tennessee	no	3.1666666666666665	8.0	738.0
8097	42	Ophthalmic goods merchant wholesalers	47	423460	163	47163	Sullivan County, Tennessee	yes	1.0	4.525381263616558	445.0935729847494
8098	42	Ophthalmic goods merchant wholesalers	47	423460	165	47165	Sumner County, Tennessee	yes	1.0	4.105555555555556	431.26111111111106
8099	42	Ophthalmic goods merchant wholesalers	47	423460	187	47187	Williamson County, Tennessee	yes	1.0	12.248366013071895	386.5751633986928
8100	42	Other chemical and allied products merchant wholesalers	47	424690	1	47001	Anderson County, Tennessee	yes	1.6666666666666667	25.795222058540208	2011.8661373964178
8101	42	Other chemical and allied products merchant wholesalers	47	424690	7	47007	Bledsoe County, Tennessee	yes	1.0	16.751632653061222	1179.9385714285713
8102	42	Other chemical and allied products merchant wholesalers	47	424690	9	47009	Blount County, Tennessee	no	4.666666666666667	20.0	1164.3333333333333
8103	42	Other chemical and allied products merchant wholesalers	47	424690	11	47011	Bradley County, Tennessee	no	3.3333333333333335	27.0	1983.0
8104	42	Other chemical and allied products merchant wholesalers	47	424690	11	47011	Bradley County, Tennessee	yes	3.0	51.2401074113856	3437.377142857143
8105	42	Other chemical and allied products merchant wholesalers	47	424690	13	47013	Campbell County, Tennessee	yes	1.6666666666666667	27.43246496712052	1957.6712521480124
8106	42	Other chemical and allied products merchant wholesalers	47	424690	35	47035	Cumberland County, Tennessee	yes	1.0	16.13203039855625	1185.4417283384885
8107	42	Other chemical and allied products merchant wholesalers	47	424690	37	47037	Davidson County, Tennessee	no	28.0	263.0	19649.0
8108	42	Other chemical and allied products merchant wholesalers	47	424690	39	47039	Decatur County, Tennessee	yes	1.0	17.736842105263158	1077.5
8109	42	Other chemical and allied products merchant wholesalers	47	424690	41	47041	DeKalb County, Tennessee	yes	1.0	16.13203039855625	1185.4417283384885
8110	42	Other chemical and allied products merchant wholesalers	47	424690	43	47043	Dickson County, Tennessee	yes	2.0	32.2640607971125	2370.883456676977
8111	42	Other chemical and allied products merchant wholesalers	47	424690	45	47045	Dyer County, Tennessee	yes	1.0	16.13203039855625	1185.4417283384885
8112	42	Other chemical and allied products merchant wholesalers	47	424690	53	47053	Gibson County, Tennessee	yes	1.8333333333333333	29.307920446235304	2191.300123343644
8113	42	Other chemical and allied products merchant wholesalers	47	424690	59	47059	Greene County, Tennessee	yes	1.0	16.13203039855625	1185.4417283384885
8114	42	Other chemical and allied products merchant wholesalers	47	424690	63	47063	Hamblen County, Tennessee	yes	1.0	16.13203039855625	1185.4417283384885
8115	42	Other chemical and allied products merchant wholesalers	47	424690	65	47065	Hamilton County, Tennessee	no	25.333333333333332	366.6666666666667	26692.166666666668
8116	42	Other chemical and allied products merchant wholesalers	47	424690	85	47085	Humphreys County, Tennessee	yes	1.3333333333333333	21.94871496712052	1565.3345854813458
8117	42	Other chemical and allied products merchant wholesalers	47	424690	89	47089	Jefferson County, Tennessee	yes	1.0	16.13203039855625	1185.4417283384885
8118	42	Other chemical and allied products merchant wholesalers	47	424690	93	47093	Knox County, Tennessee	no	24.5	270.3333333333333	17881.166666666668
8119	42	Other chemical and allied products merchant wholesalers	47	424690	101	47101	Lewis County, Tennessee	yes	1.0	14.494787489975941	1239.6366135868943
8120	42	Other chemical and allied products merchant wholesalers	47	424690	103	47103	Lincoln County, Tennessee	yes	1.0	16.13203039855625	1185.4417283384885
8121	42	Other chemical and allied products merchant wholesalers	47	424690	107	47107	McMinn County, Tennessee	yes	1.0	16.13203039855625	1185.4417283384885
8122	42	Other chemical and allied products merchant wholesalers	47	424690	113	47113	Madison County, Tennessee	yes	1.0	14.494787489975941	1239.6366135868943
8123	42	Other chemical and allied products merchant wholesalers	47	424690	115	47115	Marion County, Tennessee	yes	1.0	16.13203039855625	1185.4417283384885
8124	42	Other chemical and allied products merchant wholesalers	47	424690	119	47119	Maury County, Tennessee	no	3.0	3.8333333333333335	582.6666666666666
8125	42	Other chemical and allied products merchant wholesalers	47	424690	123	47123	Monroe County, Tennessee	yes	1.3333333333333333	20.96362622854823	1598.6539328674535
8126	42	Other chemical and allied products merchant wholesalers	47	424690	125	47125	Montgomery County, Tennessee	yes	2.0	32.2640607971125	2370.883456676977
8127	42	Other chemical and allied products merchant wholesalers	47	424690	129	47129	Morgan County, Tennessee	yes	1.0	16.13203039855625	1185.4417283384885
8128	42	Other chemical and allied products merchant wholesalers	47	424690	131	47131	Obion County, Tennessee	yes	2.0	32.2640607971125	2370.883456676977
8129	42	Other chemical and allied products merchant wholesalers	47	424690	143	47143	Rhea County, Tennessee	yes	1.0	16.13203039855625	1185.4417283384885
8130	42	Other chemical and allied products merchant wholesalers	47	424690	147	47147	Robertson County, Tennessee	yes	2.0	31.278972058540205	2404.2028040630844
8131	42	Other chemical and allied products merchant wholesalers	47	424690	149	47149	Rutherford County, Tennessee	yes	2.3333333333333335	37.84793834813291	2764.196313819835
8132	42	Other chemical and allied products merchant wholesalers	47	424690	153	47153	Sequatchie County, Tennessee	yes	1.0	16.13203039855625	1185.4417283384885
8133	42	Other chemical and allied products merchant wholesalers	47	424690	157	47157	Shelby County, Tennessee	no	41.5	659.5	45849.0
8134	42	Other chemical and allied products merchant wholesalers	47	424690	163	47163	Sullivan County, Tennessee	no	7.0	105.75	5588.25
8135	42	Other chemical and allied products merchant wholesalers	47	424690	163	47163	Sullivan County, Tennessee	yes	7.0	117.26142857142858	8259.57
8136	42	Other chemical and allied products merchant wholesalers	47	424690	165	47165	Sumner County, Tennessee	no	5.166666666666667	55.333333333333336	2960.8333333333335
8137	42	Other chemical and allied products merchant wholesalers	47	424690	167	47167	Tipton County, Tennessee	yes	1.0	16.0459364782675	1183.3300740061864
8138	42	Other chemical and allied products merchant wholesalers	47	424690	177	47177	Warren County, Tennessee	yes	1.0	15.92578341704301	1182.1586454347578
8139	42	Other chemical and allied products merchant wholesalers	47	424690	179	47179	Washington County, Tennessee	yes	2.3333333333333335	37.09565662710448	2784.0956612059417
8140	42	Other chemical and allied products merchant wholesalers	47	424690	187	47187	Williamson County, Tennessee	no	5.0	106.0	10829.0
8141	42	Other chemical and allied products merchant wholesalers	47	424690	187	47187	Williamson County, Tennessee	yes	4.5	70.86865661260495	5429.119655745218
8142	42	Other chemical and allied products merchant wholesalers	47	424690	189	47189	Wilson County, Tennessee	no	3.0	4.0	257.4
8143	42	Other chemical and allied products merchant wholesalers	47	424690	189	47189	Wilson County, Tennessee	yes	2.0	35.473684210526315	2155.0
8144	42	Other commercial equipment merchant wholesalers	47	423440	1	47001	Anderson County, Tennessee	yes	1.0	11.5	586.5
8145	42	Other commercial equipment merchant wholesalers	47	423440	3	47003	Bedford County, Tennessee	yes	1.0	14.14223978919631	901.6449209486167
8146	42	Other commercial equipment merchant wholesalers	47	423440	9	47009	Blount County, Tennessee	yes	1.8333333333333333	26.009117259552045	1607.4275230566536
8147	42	Other commercial equipment merchant wholesalers	47	423440	15	47015	Cannon County, Tennessee	yes	1.0	14.294361001317524	871.1712648221343
8148	42	Other commercial equipment merchant wholesalers	47	423440	17	47017	Carroll County, Tennessee	yes	1.0	14.14223978919631	901.6449209486167
8149	42	Other commercial equipment merchant wholesalers	47	423440	37	47037	Davidson County, Tennessee	no	24.666666666666668	213.16666666666666	11218.666666666666
8150	42	Other commercial equipment merchant wholesalers	47	423440	47	47047	Fayette County, Tennessee	yes	1.0	13.9901185770751	932.1185770750989
8151	42	Other commercial equipment merchant wholesalers	47	423440	53	47053	Gibson County, Tennessee	yes	1.0	11.5	586.5
8152	42	Other commercial equipment merchant wholesalers	47	423440	55	47055	Giles County, Tennessee	yes	1.0	12.652173913043478	977.9565217391304
8153	42	Other commercial equipment merchant wholesalers	47	423440	63	47063	Hamblen County, Tennessee	yes	1.0	14.14223978919631	901.6449209486167
8154	42	Other commercial equipment merchant wholesalers	47	423440	65	47065	Hamilton County, Tennessee	no	6.666666666666667	47.0	3013.8333333333335
8155	42	Other commercial equipment merchant wholesalers	47	423440	71	47071	Hardin County, Tennessee	yes	1.0	14.14223978919631	901.6449209486167
8156	42	Other commercial equipment merchant wholesalers	47	423440	75	47075	Haywood County, Tennessee	yes	1.0	12.601449275362318	913.2101449275361
8157	42	Other commercial equipment merchant wholesalers	47	423440	93	47093	Knox County, Tennessee	no	10.666666666666666	195.16666666666666	12192.333333333334
8158	42	Other commercial equipment merchant wholesalers	47	423440	103	47103	Lincoln County, Tennessee	yes	1.0	14.14223978919631	901.6449209486167
8159	42	Other commercial equipment merchant wholesalers	47	423440	105	47105	Loudon County, Tennessee	yes	1.0	14.14223978919631	901.6449209486167
8160	42	Other commercial equipment merchant wholesalers	47	423440	109	47109	McNairy County, Tennessee	yes	1.1666666666666667	16.250935441370224	1064.637674571805
8161	42	Other commercial equipment merchant wholesalers	47	423440	113	47113	Madison County, Tennessee	yes	2.1666666666666665	30.201146245059288	1901.0398418972334
8162	42	Other commercial equipment merchant wholesalers	47	423440	119	47119	Maury County, Tennessee	yes	1.0	14.14223978919631	901.6449209486167
8163	42	Other commercial equipment merchant wholesalers	47	423440	125	47125	Montgomery County, Tennessee	yes	1.1666666666666667	16.058906455862978	999.3949209486165
8164	42	Other commercial equipment merchant wholesalers	47	423440	147	47147	Robertson County, Tennessee	yes	1.0	14.14223978919631	901.6449209486167
8165	42	Other commercial equipment merchant wholesalers	47	423440	149	47149	Rutherford County, Tennessee	no	4.166666666666667	259.5	14395.666666666666
8166	42	Other commercial equipment merchant wholesalers	47	423440	155	47155	Sevier County, Tennessee	yes	1.0	15.115454545454547	817.7786363636365
8167	42	Other commercial equipment merchant wholesalers	47	423440	157	47157	Shelby County, Tennessee	no	27.333333333333332	332.0	17447.0
8168	42	Other commercial equipment merchant wholesalers	47	423440	163	47163	Sullivan County, Tennessee	yes	1.8333333333333333	25.48144927536232	1630.8428722002634
8169	42	Other commercial equipment merchant wholesalers	47	423440	165	47165	Sumner County, Tennessee	yes	1.3333333333333333	19.18072463768116	1174.2377997364954
8170	42	Other commercial equipment merchant wholesalers	47	423440	171	47171	Unicoi County, Tennessee	yes	1.0	14.14223978919631	901.6449209486167
8171	42	Other commercial equipment merchant wholesalers	47	423440	179	47179	Washington County, Tennessee	yes	1.0	14.14223978919631	901.6449209486167
8172	42	Other commercial equipment merchant wholesalers	47	423440	187	47187	Williamson County, Tennessee	no	4.0	44.0	3143.6666666666665
8173	42	Other commercial equipment merchant wholesalers	47	423440	187	47187	Williamson County, Tennessee	yes	3.0	41.97035573122529	2796.355731225296
8174	42	Other construction material merchant wholesalers	47	423390	1	47001	Anderson County, Tennessee	yes	1.0	8.533333333333333	524.6076086956522
8175	42	Other construction material merchant wholesalers	47	423390	37	47037	Davidson County, Tennessee	no	18.75	237.5	14706.25
8176	42	Other construction material merchant wholesalers	47	423390	37	47037	Davidson County, Tennessee	yes	19.0	107.47457627118645	12473.842317310366
8177	42	Other construction material merchant wholesalers	47	423390	45	47045	Dyer County, Tennessee	yes	1.0	7.491658358258558	514.6110162562917
8178	42	Other construction material merchant wholesalers	47	423390	65	47065	Hamilton County, Tennessee	no	9.333333333333334	54.666666666666664	4796.5
8179	42	Other construction material merchant wholesalers	47	423390	77	47077	Henderson County, Tennessee	yes	1.0	8.854154204054502	524.1402948762409
8180	42	Other construction material merchant wholesalers	47	423390	89	47089	Jefferson County, Tennessee	yes	1.0	7.392467043314501	566.4248031860702
8181	42	Other construction material merchant wholesalers	47	423390	91	47091	Johnson County, Tennessee	yes	1.0	11.088700564971752	542.2847457627119
8182	42	Other construction material merchant wholesalers	47	423390	93	47093	Knox County, Tennessee	no	13.333333333333334	167.33333333333334	11312.666666666666
8183	42	Other construction material merchant wholesalers	47	423390	93	47093	Knox County, Tennessee	yes	14.0	103.49453860640301	7929.947244604983
8184	42	Other construction material merchant wholesalers	47	423390	101	47101	Lewis County, Tennessee	yes	1.0	8.533333333333333	524.6076086956522
8185	42	Other construction material merchant wholesalers	47	423390	103	47103	Lincoln County, Tennessee	yes	1.5	10.54998338318378	791.6194962806994
8186	42	Other construction material merchant wholesalers	47	423390	113	47113	Madison County, Tennessee	no	3.0	7.0	492.75
8187	42	Other construction material merchant wholesalers	47	423390	113	47113	Madison County, Tennessee	yes	2.0	17.066666666666666	1049.2152173913043
8188	42	Other construction material merchant wholesalers	47	423390	115	47115	Marion County, Tennessee	yes	1.0	6.9708208707211705	509.6127200366115
8189	42	Other construction material merchant wholesalers	47	423390	117	47117	Marshall County, Tennessee	yes	1.0	5.693137254901961	500.7741515030817
8190	42	Other construction material merchant wholesalers	47	423390	149	47149	Rutherford County, Tennessee	yes	1.0	7.083323363243602	542.25321950755
8191	42	Other construction material merchant wholesalers	47	423390	155	47155	Sevier County, Tennessee	yes	1.0	7.083323363243602	542.25321950755
8192	42	Other construction material merchant wholesalers	47	423390	157	47157	Shelby County, Tennessee	no	9.25	187.0	12336.0
8193	42	Other construction material merchant wholesalers	47	423390	157	47157	Shelby County, Tennessee	yes	9.0	50.57627118644068	5906.202556265629
8194	42	Other construction material merchant wholesalers	47	423390	161	47161	Stewart County, Tennessee	yes	1.0	12.64406779661017	708.1694915254237
8195	42	Other construction material merchant wholesalers	47	423390	163	47163	Sullivan County, Tennessee	no	3.0	0.0	380.0
8196	42	Other construction material merchant wholesalers	47	423390	163	47163	Sullivan County, Tennessee	yes	2.4	22.41546028580924	1206.0983701070702
8197	42	Other construction material merchant wholesalers	47	423390	165	47165	Sumner County, Tennessee	yes	1.1666666666666667	7.491658358258558	617.061835928423
8198	42	Other construction material merchant wholesalers	47	423390	179	47179	Washington County, Tennessee	yes	1.1666666666666667	9.080547247147445	577.344349589625
8199	42	Other construction material merchant wholesalers	47	423390	183	47183	Weakley County, Tennessee	yes	1.0	7.491658358258558	514.6110162562917
8200	42	Other construction material merchant wholesalers	47	423390	187	47187	Williamson County, Tennessee	yes	2.0	14.983316716517116	1029.2220325125834
8201	42	Other construction material merchant wholesalers	47	423390	189	47189	Wilson County, Tennessee	yes	2.3333333333333335	17.82776116096156	1204.0912354111342
8202	42	Other electronic parts and equipment merchant wholesalers	47	423690	1	47001	Anderson County, Tennessee	yes	2.3333333333333335	27.608751379339612	1990.9190136660725
8203	42	Other electronic parts and equipment merchant wholesalers	47	423690	3	47003	Bedford County, Tennessee	yes	1.0	12.873253543841779	796.1796197266785
8204	42	Other electronic parts and equipment merchant wholesalers	47	423690	9	47009	Blount County, Tennessee	yes	2.5	30.90587174263645	1998.33330362448
8205	42	Other electronic parts and equipment merchant wholesalers	47	423690	11	47011	Bradley County, Tennessee	yes	1.5	20.58714243273067	1186.385175282234
8206	42	Other electronic parts and equipment merchant wholesalers	47	423690	19	47019	Carter County, Tennessee	yes	1.0	10.100000000000001	785.45
8207	42	Other electronic parts and equipment merchant wholesalers	47	423690	31	47031	Coffee County, Tennessee	yes	1.0	12.873253543841779	796.1796197266785
8208	42	Other electronic parts and equipment merchant wholesalers	47	423690	33	47033	Crockett County, Tennessee	yes	1.0	12.873253543841779	796.1796197266785
8209	42	Other electronic parts and equipment merchant wholesalers	47	423690	35	47035	Cumberland County, Tennessee	yes	1.0	12.873253543841779	796.1796197266785
8210	42	Other electronic parts and equipment merchant wholesalers	47	423690	37	47037	Davidson County, Tennessee	no	26.5	243.33333333333334	12718.833333333334
8211	42	Other electronic parts and equipment merchant wholesalers	47	423690	45	47045	Dyer County, Tennessee	yes	1.0	12.873253543841779	796.1796197266785
8212	42	Other electronic parts and equipment merchant wholesalers	47	423690	53	47053	Gibson County, Tennessee	no	3.3333333333333335	42.333333333333336	2125.8333333333335
8213	42	Other electronic parts and equipment merchant wholesalers	47	423690	59	47059	Greene County, Tennessee	yes	1.0	10.318729309905782	811.948128342246
8214	42	Other electronic parts and equipment merchant wholesalers	47	423690	63	47063	Hamblen County, Tennessee	yes	2.0	25.746507087683558	1592.359239453357
8215	42	Other electronic parts and equipment merchant wholesalers	47	423690	65	47065	Hamilton County, Tennessee	no	12.333333333333334	86.66666666666667	8144.5
8216	42	Other electronic parts and equipment merchant wholesalers	47	423690	93	47093	Knox County, Tennessee	no	13.5	212.5	22608.166666666668
8217	42	Other electronic parts and equipment merchant wholesalers	47	423690	99	47099	Lawrence County, Tennessee	no	3.0	7.666666666666667	261.6666666666667
8218	42	Other electronic parts and equipment merchant wholesalers	47	423690	101	47101	Lewis County, Tennessee	yes	1.0	12.873253543841779	796.1796197266785
8219	42	Other electronic parts and equipment merchant wholesalers	47	423690	103	47103	Lincoln County, Tennessee	yes	1.0	15.427777777777777	780.4111111111112
8220	42	Other electronic parts and equipment merchant wholesalers	47	423690	105	47105	Loudon County, Tennessee	no	3.0	32.666666666666664	935.0
8221	42	Other electronic parts and equipment merchant wholesalers	47	423690	105	47105	Loudon County, Tennessee	yes	2.0	30.02418300653595	1466.345751633987
8222	42	Other electronic parts and equipment merchant wholesalers	47	423690	107	47107	McMinn County, Tennessee	yes	1.0	12.873253543841779	796.1796197266785
8223	42	Other electronic parts and equipment merchant wholesalers	47	423690	113	47113	Madison County, Tennessee	yes	1.5	20.58714243273067	1186.385175282234
8224	42	Other electronic parts and equipment merchant wholesalers	47	423690	117	47117	Marshall County, Tennessee	yes	1.0	15.427777777777777	780.4111111111112
8225	42	Other electronic parts and equipment merchant wholesalers	47	423690	119	47119	Maury County, Tennessee	yes	1.5	20.58714243273067	1186.385175282234
8226	42	Other electronic parts and equipment merchant wholesalers	47	423690	125	47125	Montgomery County, Tennessee	yes	1.5	19.19879466938291	1217.9394682115271
8227	42	Other electronic parts and equipment merchant wholesalers	47	423690	141	47141	Putnam County, Tennessee	yes	1.0	12.873253543841779	796.1796197266785
8228	42	Other electronic parts and equipment merchant wholesalers	47	423690	147	47147	Robertson County, Tennessee	yes	1.3333333333333333	16.55712800271624	1094.864468211527
8229	42	Other electronic parts and equipment merchant wholesalers	47	423690	149	47149	Rutherford County, Tennessee	yes	1.8333333333333333	24.27101689160513	1485.0700237670826
8230	42	Other electronic parts and equipment merchant wholesalers	47	423690	157	47157	Shelby County, Tennessee	no	26.0	238.16666666666666	26865.333333333332
8231	42	Other electronic parts and equipment merchant wholesalers	47	423690	163	47163	Sullivan County, Tennessee	yes	2.1666666666666665	27.42984042101689	1723.2675727866902
8232	42	Other electronic parts and equipment merchant wholesalers	47	423690	165	47165	Sumner County, Tennessee	yes	5.0	61.2866925558102	3936.1793077837197
8233	42	Other electronic parts and equipment merchant wholesalers	47	423690	179	47179	Washington County, Tennessee	yes	1.5	20.58714243273067	1186.385175282234
8234	42	Other electronic parts and equipment merchant wholesalers	47	423690	183	47183	Weakley County, Tennessee	yes	1.0	12.873253543841779	796.1796197266785
8235	42	Other electronic parts and equipment merchant wholesalers	47	423690	187	47187	Williamson County, Tennessee	no	12.833333333333334	405.0	45568.0
8236	42	Other electronic parts and equipment merchant wholesalers	47	423690	189	47189	Wilson County, Tennessee	no	3.0	58.0	2071.0
8237	42	Other electronic parts and equipment merchant wholesalers	47	423690	189	47189	Wilson County, Tennessee	yes	3.0	41.03194805194805	2480.0054545454545
8238	42	Other farm product raw material merchant wholesalers	47	424590	37	47037	Davidson County, Tennessee	yes	1.0	7.583333333333333	268.91666666666663
8239	42	Other farm product raw material merchant wholesalers	47	424590	53	47053	Gibson County, Tennessee	yes	1.0	9.538398692810457	1121.6429738562092
8240	42	Other farm product raw material merchant wholesalers	47	424590	59	47059	Greene County, Tennessee	yes	1.0	3.7916666666666665	134.45833333333331
8241	42	Other farm product raw material merchant wholesalers	47	424590	61	47061	Grundy County, Tennessee	yes	1.0	0.0	0.0
8242	42	Other farm product raw material merchant wholesalers	47	424590	63	47063	Hamblen County, Tennessee	yes	1.0	7.583333333333333	268.91666666666663
8243	42	Other farm product raw material merchant wholesalers	47	424590	73	47073	Hawkins County, Tennessee	yes	1.0	3.7916666666666665	134.45833333333331
8244	42	Other farm product raw material merchant wholesalers	47	424590	75	47075	Haywood County, Tennessee	yes	1.5	10.802287581699346	1166.4624183006536
8245	42	Other farm product raw material merchant wholesalers	47	424590	93	47093	Knox County, Tennessee	yes	1.0	3.7916666666666665	134.45833333333331
8246	42	Other farm product raw material merchant wholesalers	47	424590	113	47113	Madison County, Tennessee	yes	1.0	12.411764705882351	1615.2352941176468
8247	42	Other farm product raw material merchant wholesalers	47	424590	147	47147	Robertson County, Tennessee	yes	1.3333333333333333	10.802287581699346	1166.4624183006536
8248	42	Other farm product raw material merchant wholesalers	47	424590	149	47149	Rutherford County, Tennessee	yes	1.0	12.411764705882351	1615.2352941176468
8249	42	Other farm product raw material merchant wholesalers	47	424590	157	47157	Shelby County, Tennessee	no	9.0	123.0	6182.0
8250	42	Other farm product raw material merchant wholesalers	47	424590	157	47157	Shelby County, Tennessee	yes	9.0	89.36470588235295	11629.694117647061
8251	42	Other farm product raw material merchant wholesalers	47	424590	169	47169	Trousdale County, Tennessee	yes	1.0	9.538398692810457	1121.6429738562092
8252	42	Other farm product raw material merchant wholesalers	47	424590	177	47177	Warren County, Tennessee	yes	1.0	9.538398692810457	1121.6429738562092
8253	42	Other farm product raw material merchant wholesalers	47	424590	183	47183	Weakley County, Tennessee	yes	1.0	0.0	0.0
8254	42	Other farm product raw material merchant wholesalers	47	424590	187	47187	Williamson County, Tennessee	yes	1.0	9.92941176470588	1292.1882352941175
8255	42	Other grocery and related products merchant wholesalers	47	424490	1	47001	Anderson County, Tennessee	yes	1.0	26.7368956544135	1131.6716829037728
8256	42	Other grocery and related products merchant wholesalers	47	424490	3	47003	Bedford County, Tennessee	yes	1.0	34.914650644596534	1626.9961403788
8257	42	Other grocery and related products merchant wholesalers	47	424490	9	47009	Blount County, Tennessee	yes	2.8333333333333335	85.69368539911642	3770.987446261252
8258	42	Other grocery and related products merchant wholesalers	47	424490	11	47011	Bradley County, Tennessee	yes	2.3333333333333335	66.31621785658946	2910.761730715991
8259	42	Other grocery and related products merchant wholesalers	47	424490	13	47013	Campbell County, Tennessee	yes	2.0	58.925627968949016	2593.559670790897
8260	42	Other grocery and related products merchant wholesalers	47	424490	17	47017	Carroll County, Tennessee	yes	1.0	16.168539325842698	716.1123595505618
8261	42	Other grocery and related products merchant wholesalers	47	424490	27	47027	Clay County, Tennessee	yes	1.0	16.168539325842698	716.1123595505618
8262	42	Other grocery and related products merchant wholesalers	47	424490	29	47029	Cocke County, Tennessee	no	4.0	29.0	1736.0
8263	42	Other grocery and related products merchant wholesalers	47	424490	29	47029	Cocke County, Tennessee	yes	1.5	34.82116531733485	1489.7278626790537
8264	42	Other grocery and related products merchant wholesalers	47	424490	31	47031	Coffee County, Tennessee	no	4.0	49.0	3193.0
8265	42	Other grocery and related products merchant wholesalers	47	424490	31	47031	Coffee County, Tennessee	yes	2.8	79.22774051359977	3531.6280853897165
8266	42	Other grocery and related products merchant wholesalers	47	424490	33	47033	Crockett County, Tennessee	yes	1.0	29.902364733176643	1331.2273687395987
8267	42	Other grocery and related products merchant wholesalers	47	424490	35	47035	Cumberland County, Tennessee	yes	1.0	32.121668916200875	1412.913330564426
8268	42	Other grocery and related products merchant wholesalers	47	424490	37	47037	Davidson County, Tennessee	no	35.833333333333336	720.6666666666666	35288.333333333336
8269	42	Other grocery and related products merchant wholesalers	47	424490	45	47045	Dyer County, Tennessee	yes	1.5	42.59157775408351	1853.3776239979634
8270	42	Other grocery and related products merchant wholesalers	47	424490	47	47047	Fayette County, Tennessee	yes	1.3333333333333333	41.10103086600669	1839.111882188382
8271	42	Other grocery and related products merchant wholesalers	47	424490	49	47049	Fentress County, Tennessee	yes	1.0	29.462813984474508	1296.7798353954486
8272	42	Other grocery and related products merchant wholesalers	47	424490	51	47051	Franklin County, Tennessee	yes	1.0	21.716799783403275	920.3272641126302
8273	42	Other grocery and related products merchant wholesalers	47	424490	53	47053	Gibson County, Tennessee	yes	2.0	58.925627968949016	2593.559670790897
8274	42	Other grocery and related products merchant wholesalers	47	424490	55	47055	Giles County, Tennessee	yes	1.1666666666666667	32.15757053878163	1416.131895320542
8275	42	Other grocery and related products merchant wholesalers	47	424490	59	47059	Greene County, Tennessee	yes	1.3333333333333333	40.048477826282415	1744.4518692937534
8276	42	Other grocery and related products merchant wholesalers	47	424490	61	47061	Grundy County, Tennessee	yes	1.0	23.869533188935517	1009.2515094084201
8277	42	Other grocery and related products merchant wholesalers	47	424490	63	47063	Hamblen County, Tennessee	no	3.5	190.5	6005.5
8278	42	Other grocery and related products merchant wholesalers	47	424490	63	47063	Hamblen County, Tennessee	yes	2.75	71.53198515116212	3186.515126435386
8279	42	Other grocery and related products merchant wholesalers	47	424490	65	47065	Hamilton County, Tennessee	no	15.0	389.1666666666667	21789.5
8280	42	Other grocery and related products merchant wholesalers	47	424490	69	47069	Hardeman County, Tennessee	yes	1.1666666666666667	34.006990691301816	1484.2035301745652
8281	42	Other grocery and related products merchant wholesalers	47	424490	73	47073	Hawkins County, Tennessee	no	3.0	2.0	94.5
8282	42	Other grocery and related products merchant wholesalers	47	424490	73	47073	Hawkins County, Tennessee	yes	2.0	66.67164217002026	2970.0122420737152
8283	42	Other grocery and related products merchant wholesalers	47	424490	77	47077	Henderson County, Tennessee	yes	1.0	29.462813984474508	1296.7798353954486
8284	42	Other grocery and related products merchant wholesalers	47	424490	79	47079	Henry County, Tennessee	yes	2.0	58.925627968949016	2593.559670790897
8285	42	Other grocery and related products merchant wholesalers	47	424490	85	47085	Humphreys County, Tennessee	yes	1.0	23.869533188935517	1009.2515094084201
8286	42	Other grocery and related products merchant wholesalers	47	424490	89	47089	Jefferson County, Tennessee	yes	1.3333333333333333	41.10103086600669	1839.111882188382
8287	42	Other grocery and related products merchant wholesalers	47	424490	93	47093	Knox County, Tennessee	no	21.5	1150.8333333333333	75526.83333333333
8288	42	Other grocery and related products merchant wholesalers	47	424490	99	47099	Lawrence County, Tennessee	no	3.0	12.0	210.0
8289	42	Other grocery and related products merchant wholesalers	47	424490	99	47099	Lawrence County, Tennessee	yes	1.0	26.7368956544135	1131.6716829037728
8290	42	Other grocery and related products merchant wholesalers	47	424490	103	47103	Lincoln County, Tennessee	yes	1.0	34.914650644596534	1626.9961403788
8291	42	Other grocery and related products merchant wholesalers	47	424490	105	47105	Loudon County, Tennessee	yes	2.0	58.925627968949016	2593.559670790897
8292	42	Other grocery and related products merchant wholesalers	47	424490	107	47107	McMinn County, Tennessee	yes	3.0	88.38844195342354	3890.3395061863453
8293	42	Other grocery and related products merchant wholesalers	47	424490	109	47109	McNairy County, Tennessee	yes	1.0	29.462813984474508	1296.7798353954486
8294	42	Other grocery and related products merchant wholesalers	47	424490	113	47113	Madison County, Tennessee	no	4.333333333333333	153.33333333333334	5763.333333333333
8295	42	Other grocery and related products merchant wholesalers	47	424490	113	47113	Madison County, Tennessee	yes	6.0	143.2171991336131	6055.50905645052
8296	42	Other grocery and related products merchant wholesalers	47	424490	115	47115	Marion County, Tennessee	yes	1.0	29.462813984474508	1296.7798353954486
8297	42	Other grocery and related products merchant wholesalers	47	424490	119	47119	Maury County, Tennessee	yes	2.1666666666666665	61.62038452325614	2712.911730715991
8298	42	Other grocery and related products merchant wholesalers	47	424490	123	47123	Monroe County, Tennessee	yes	1.0	21.716799783403275	920.3272641126302
8299	42	Other grocery and related products merchant wholesalers	47	424490	125	47125	Montgomery County, Tennessee	yes	1.5	46.99086137448126	2088.933916086687
8300	42	Other grocery and related products merchant wholesalers	47	424490	131	47131	Obion County, Tennessee	yes	1.6666666666666667	47.28741108741684	2051.2276239979633
8301	42	Other grocery and related products merchant wholesalers	47	424490	141	47141	Putnam County, Tennessee	no	4.0	189.33333333333334	6174.0
8302	42	Other grocery and related products merchant wholesalers	47	424490	141	47141	Putnam County, Tennessee	yes	2.0	47.73906637787103	2018.5030188168403
8303	42	Other grocery and related products merchant wholesalers	47	424490	145	47145	Roane County, Tennessee	yes	2.0	58.925627968949016	2593.559670790897
8304	42	Other grocery and related products merchant wholesalers	47	424490	149	47149	Rutherford County, Tennessee	yes	3.0	92.63606894731527	4115.4694930541855
8305	42	Other grocery and related products merchant wholesalers	47	424490	153	47153	Sequatchie County, Tennessee	yes	1.0	29.462813984474508	1296.7798353954486
8306	42	Other grocery and related products merchant wholesalers	47	424490	155	47155	Sevier County, Tennessee	yes	1.6666666666666667	47.28741108741684	2051.2276239979633
8307	42	Other grocery and related products merchant wholesalers	47	424490	157	47157	Shelby County, Tennessee	no	29.666666666666668	1319.1666666666667	58248.0
8308	42	Other grocery and related products merchant wholesalers	47	424490	163	47163	Sullivan County, Tennessee	no	4.0	24.333333333333332	759.3333333333334
8309	42	Other grocery and related products merchant wholesalers	47	424490	163	47163	Sullivan County, Tennessee	yes	4.0	95.47813275574207	4037.0060376336805
8310	42	Other grocery and related products merchant wholesalers	47	424490	165	47165	Sumner County, Tennessee	yes	3.6666666666666665	106.21303905636587	4644.787294788861
8311	42	Other grocery and related products merchant wholesalers	47	424490	173	47173	Union County, Tennessee	yes	1.5	41.39758057894227	1801.4055900996584
8312	42	Other grocery and related products merchant wholesalers	47	424490	177	47177	Warren County, Tennessee	yes	1.0	29.462813984474508	1296.7798353954486
8313	42	Other grocery and related products merchant wholesalers	47	424490	179	47179	Washington County, Tennessee	no	5.833333333333333	174.33333333333334	7117.166666666667
8314	42	Other grocery and related products merchant wholesalers	47	424490	187	47187	Williamson County, Tennessee	no	5.666666666666667	39.666666666666664	3799.0
8315	42	Other grocery and related products merchant wholesalers	47	424490	187	47187	Williamson County, Tennessee	yes	5.333333333333333	128.73933261134425	5441.9575470421005
8316	42	Other grocery and related products merchant wholesalers	47	424490	189	47189	Wilson County, Tennessee	yes	4.166666666666667	120.54601249220515	5306.4714015068885
8317	42	Other miscellaneous durable goods merchant wholesalers	47	423990	1	47001	Anderson County, Tennessee	yes	2.0	32.34581819982463	1691.5746012992993
8318	42	Other miscellaneous durable goods merchant wholesalers	47	423990	3	47003	Bedford County, Tennessee	yes	1.0	14.385416666666666	962.6614583333333
8319	42	Other miscellaneous durable goods merchant wholesalers	47	423990	7	47007	Bledsoe County, Tennessee	yes	1.0	16.51582425322811	820.5739274462463
8320	42	Other miscellaneous durable goods merchant wholesalers	47	423990	9	47009	Blount County, Tennessee	yes	2.0	32.34581819982463	1691.5746012992993
8321	42	Other miscellaneous durable goods merchant wholesalers	47	423990	11	47011	Bradley County, Tennessee	yes	1.0	16.54499091989478	824.2510107795795
8322	42	Other miscellaneous durable goods merchant wholesalers	47	423990	13	47013	Campbell County, Tennessee	yes	1.0	18.701781970649897	753.6109364081062
8323	42	Other miscellaneous durable goods merchant wholesalers	47	423990	23	47023	Chester County, Tennessee	yes	1.0	16.172909099912314	845.7873006496496
8324	42	Other miscellaneous durable goods merchant wholesalers	47	423990	25	47025	Claiborne County, Tennessee	yes	1.0	16.172909099912314	845.7873006496496
8325	42	Other miscellaneous durable goods merchant wholesalers	47	423990	35	47035	Cumberland County, Tennessee	yes	1.0	16.54359931865828	858.1361973707196
8326	42	Other miscellaneous durable goods merchant wholesalers	47	423990	37	47037	Davidson County, Tennessee	no	32.166666666666664	624.5	32392.166666666668
8327	42	Other miscellaneous durable goods merchant wholesalers	47	423990	43	47043	Dickson County, Tennessee	yes	2.0	32.488425925925924	1848.451774691358
8328	42	Other miscellaneous durable goods merchant wholesalers	47	423990	45	47045	Dyer County, Tennessee	yes	1.0	17.06665531653514	787.3502218078078
8329	42	Other miscellaneous durable goods merchant wholesalers	47	423990	47	47047	Fayette County, Tennessee	no	3.0	41.333333333333336	2222.6666666666665
8330	42	Other miscellaneous durable goods merchant wholesalers	47	423990	47	47047	Fayette County, Tennessee	yes	3.0	54.381944444444436	2666.5636574074074
8331	42	Other miscellaneous durable goods merchant wholesalers	47	423990	53	47053	Gibson County, Tennessee	yes	2.0	31.925810338189407	1660.3266649785444
8332	42	Other miscellaneous durable goods merchant wholesalers	47	423990	59	47059	Greene County, Tennessee	yes	1.0	16.172909099912314	845.7873006496496
8333	42	Other miscellaneous durable goods merchant wholesalers	47	423990	61	47061	Grundy County, Tennessee	yes	1.0	18.701781970649897	753.6109364081062
8334	42	Other miscellaneous durable goods merchant wholesalers	47	423990	65	47065	Hamilton County, Tennessee	no	7.333333333333333	142.66666666666666	5963.333333333333
8335	42	Other miscellaneous durable goods merchant wholesalers	47	423990	69	47069	Hardeman County, Tennessee	yes	1.6666666666666667	27.550679310935738	1370.6874485215212
8336	42	Other miscellaneous durable goods merchant wholesalers	47	423990	71	47071	Hardin County, Tennessee	yes	1.5	24.79225309012894	1255.9024044523514
8337	42	Other miscellaneous durable goods merchant wholesalers	47	423990	73	47073	Hawkins County, Tennessee	yes	1.0	16.172909099912314	845.7873006496496
8338	42	Other miscellaneous durable goods merchant wholesalers	47	423990	77	47077	Henderson County, Tennessee	yes	1.0	16.54499091989478	824.2510107795795
8339	42	Other miscellaneous durable goods merchant wholesalers	47	423990	85	47085	Humphreys County, Tennessee	yes	1.4	22.717602384862932	1152.686813662583
8340	42	Other miscellaneous durable goods merchant wholesalers	47	423990	89	47089	Jefferson County, Tennessee	yes	1.0	16.172909099912314	845.7873006496496
8341	42	Other miscellaneous durable goods merchant wholesalers	47	423990	93	47093	Knox County, Tennessee	no	8.2	49.0	2206.0
8342	42	Other miscellaneous durable goods merchant wholesalers	47	423990	93	47093	Knox County, Tennessee	yes	11.0	157.4375	10488.15625
8343	42	Other miscellaneous durable goods merchant wholesalers	47	423990	95	47095	Lake County, Tennessee	yes	1.0	14.3125	953.46875
8344	42	Other miscellaneous durable goods merchant wholesalers	47	423990	99	47099	Lawrence County, Tennessee	yes	1.6666666666666667	27.550679310935738	1370.6874485215212
8345	42	Other miscellaneous durable goods merchant wholesalers	47	423990	103	47103	Lincoln County, Tennessee	yes	1.0	16.172909099912314	845.7873006496496
8346	42	Other miscellaneous durable goods merchant wholesalers	47	423990	107	47107	McMinn County, Tennessee	yes	1.0	16.172909099912314	845.7873006496496
8347	42	Other miscellaneous durable goods merchant wholesalers	47	423990	113	47113	Madison County, Tennessee	yes	1.0	11.79245283018868	765.9811320754717
8348	42	Other miscellaneous durable goods merchant wholesalers	47	423990	117	47117	Marshall County, Tennessee	yes	1.0	16.172909099912314	845.7873006496496
8349	42	Other miscellaneous durable goods merchant wholesalers	47	423990	119	47119	Maury County, Tennessee	yes	1.5	23.35346465546787	1325.5859117607606
8350	42	Other miscellaneous durable goods merchant wholesalers	47	423990	123	47123	Monroe County, Tennessee	yes	1.0	16.172909099912314	845.7873006496496
8351	42	Other miscellaneous durable goods merchant wholesalers	47	423990	125	47125	Montgomery County, Tennessee	no	4.0	13.0	319.6
8352	42	Other miscellaneous durable goods merchant wholesalers	47	423990	125	47125	Montgomery County, Tennessee	yes	2.0	28.625	1906.9375
8353	42	Other miscellaneous durable goods merchant wholesalers	47	423990	131	47131	Obion County, Tennessee	yes	1.0	14.385416666666666	962.6614583333333
8354	42	Other miscellaneous durable goods merchant wholesalers	47	423990	139	47139	Polk County, Tennessee	yes	1.0	16.172909099912314	845.7873006496496
8355	42	Other miscellaneous durable goods merchant wholesalers	47	423990	141	47141	Putnam County, Tennessee	no	4.0	14.0	409.0
8356	42	Other miscellaneous durable goods merchant wholesalers	47	423990	141	47141	Putnam County, Tennessee	yes	2.0	33.08719863731656	1716.2723947414393
8357	42	Other miscellaneous durable goods merchant wholesalers	47	423990	143	47143	Rhea County, Tennessee	no	3.0	5.0	110.0
8358	42	Other miscellaneous durable goods merchant wholesalers	47	423990	143	47143	Rhea County, Tennessee	yes	1.5	25.89449030398323	1234.9416655747727
8359	42	Other miscellaneous durable goods merchant wholesalers	47	423990	145	47145	Roane County, Tennessee	yes	1.0	17.06665531653514	787.3502218078078
8360	42	Other miscellaneous durable goods merchant wholesalers	47	423990	147	47147	Robertson County, Tennessee	yes	1.0	17.06665531653514	787.3502218078078
8361	42	Other miscellaneous durable goods merchant wholesalers	47	423990	149	47149	Rutherford County, Tennessee	no	5.0	325.0	21904.0
8362	42	Other miscellaneous durable goods merchant wholesalers	47	423990	149	47149	Rutherford County, Tennessee	yes	5.25	86.2961215932914	4529.048174353598
8363	42	Other miscellaneous durable goods merchant wholesalers	47	423990	155	47155	Sevier County, Tennessee	yes	1.0	16.172909099912314	845.7873006496496
8364	42	Other miscellaneous durable goods merchant wholesalers	47	423990	157	47157	Shelby County, Tennessee	no	27.666666666666668	630.8333333333334	51727.333333333336
8365	42	Other miscellaneous durable goods merchant wholesalers	47	423990	163	47163	Sullivan County, Tennessee	yes	2.0	32.34581819982463	1691.5746012992993
8366	42	Other miscellaneous durable goods merchant wholesalers	47	423990	165	47165	Sumner County, Tennessee	no	4.5	133.5	4672.0
8367	42	Other miscellaneous durable goods merchant wholesalers	47	423990	167	47167	Tipton County, Tennessee	yes	1.8333333333333333	29.936095977602406	1529.5989068548545
8368	42	Other miscellaneous durable goods merchant wholesalers	47	423990	177	47177	Warren County, Tennessee	yes	1.0	16.172909099912314	845.7873006496496
8369	42	Other miscellaneous durable goods merchant wholesalers	47	423990	179	47179	Washington County, Tennessee	no	3.3333333333333335	19.5	997.0
8370	42	Other miscellaneous durable goods merchant wholesalers	47	423990	183	47183	Weakley County, Tennessee	yes	1.1666666666666667	18.13831790494376	973.450822662228
8371	42	Other miscellaneous durable goods merchant wholesalers	47	423990	185	47185	White County, Tennessee	yes	1.0	14.385416666666666	962.6614583333333
8372	42	Other miscellaneous durable goods merchant wholesalers	47	423990	187	47187	Williamson County, Tennessee	no	17.166666666666668	320.1666666666667	22893.5
8373	42	Other miscellaneous durable goods merchant wholesalers	47	423990	189	47189	Wilson County, Tennessee	yes	1.0	16.172909099912314	845.7873006496496
8374	42	Other miscellaneous nondurable goods merchant wholesalers	47	424990	1	47001	Anderson County, Tennessee	yes	1.6666666666666667	15.973296373296373	845.7979131229131
8375	42	Other miscellaneous nondurable goods merchant wholesalers	47	424990	9	47009	Blount County, Tennessee	no	3.5	15.0	603.75
8376	42	Other miscellaneous nondurable goods merchant wholesalers	47	424990	9	47009	Blount County, Tennessee	yes	4.0	27.115151515151517	1113.3181818181818
8377	42	Other miscellaneous nondurable goods merchant wholesalers	47	424990	11	47011	Bradley County, Tennessee	yes	1.0	9.116446166446167	469.2872141372142
8378	42	Other miscellaneous nondurable goods merchant wholesalers	47	424990	17	47017	Carroll County, Tennessee	yes	1.0	9.972167832167832	531.7338461538462
8379	42	Other miscellaneous nondurable goods merchant wholesalers	47	424990	19	47019	Carter County, Tennessee	no	3.0	0.0	195.0
8380	42	Other miscellaneous nondurable goods merchant wholesalers	47	424990	19	47019	Carter County, Tennessee	yes	2.0	17.026137466137467	928.3893139293139
8381	42	Other miscellaneous nondurable goods merchant wholesalers	47	424990	25	47025	Claiborne County, Tennessee	yes	2.0	18.232892332892334	938.5744282744284
8382	42	Other miscellaneous nondurable goods merchant wholesalers	47	424990	27	47027	Clay County, Tennessee	yes	1.3333333333333333	13.144767844767847	737.1639041139042
8383	42	Other miscellaneous nondurable goods merchant wholesalers	47	424990	31	47031	Coffee County, Tennessee	yes	1.0	9.116446166446167	469.2872141372142
8384	42	Other miscellaneous nondurable goods merchant wholesalers	47	424990	35	47035	Cumberland County, Tennessee	yes	1.0	9.116446166446167	469.2872141372142
8385	42	Other miscellaneous nondurable goods merchant wholesalers	47	424990	37	47037	Davidson County, Tennessee	no	15.75	50.0	2462.0
8386	42	Other miscellaneous nondurable goods merchant wholesalers	47	424990	37	47037	Davidson County, Tennessee	yes	13.0	157.10454545454547	10447.19090909091
8387	42	Other miscellaneous nondurable goods merchant wholesalers	47	424990	43	47043	Dickson County, Tennessee	yes	2.0	18.232892332892334	938.5744282744284
8388	42	Other miscellaneous nondurable goods merchant wholesalers	47	424990	51	47051	Franklin County, Tennessee	yes	1.0	9.116446166446167	469.2872141372142
8389	42	Other miscellaneous nondurable goods merchant wholesalers	47	424990	53	47053	Gibson County, Tennessee	yes	2.0	18.232892332892334	938.5744282744284
8390	42	Other miscellaneous nondurable goods merchant wholesalers	47	424990	63	47063	Hamblen County, Tennessee	yes	1.0	9.116446166446167	469.2872141372142
8391	42	Other miscellaneous nondurable goods merchant wholesalers	47	424990	65	47065	Hamilton County, Tennessee	no	4.833333333333333	32.666666666666664	927.6666666666666
8392	42	Other miscellaneous nondurable goods merchant wholesalers	47	424990	69	47069	Hardeman County, Tennessee	yes	1.0	4.3	136.91666666666666
8393	42	Other miscellaneous nondurable goods merchant wholesalers	47	424990	71	47071	Hardin County, Tennessee	yes	1.0	8.326941976941978	475.3077151452151
8394	42	Other miscellaneous nondurable goods merchant wholesalers	47	424990	77	47077	Henderson County, Tennessee	yes	2.0	18.232892332892334	938.5744282744284
8395	42	Other miscellaneous nondurable goods merchant wholesalers	47	424990	79	47079	Henry County, Tennessee	yes	1.0	9.116446166446167	469.2872141372142
8396	42	Other miscellaneous nondurable goods merchant wholesalers	47	424990	81	47081	Hickman County, Tennessee	yes	1.0	8.563636363636364	350.469696969697
8397	42	Other miscellaneous nondurable goods merchant wholesalers	47	424990	89	47089	Jefferson County, Tennessee	yes	1.0	9.116446166446167	469.2872141372142
8398	42	Other miscellaneous nondurable goods merchant wholesalers	47	424990	93	47093	Knox County, Tennessee	no	13.0	335.25	29462.0
8399	42	Other miscellaneous nondurable goods merchant wholesalers	47	424990	93	47093	Knox County, Tennessee	yes	12.0	128.34545454545454	5486.954545454546
8400	42	Other miscellaneous nondurable goods merchant wholesalers	47	424990	99	47099	Lawrence County, Tennessee	yes	2.8333333333333335	25.327116277116275	1325.403309078309
8401	42	Other miscellaneous nondurable goods merchant wholesalers	47	424990	103	47103	Lincoln County, Tennessee	yes	1.0	4.3	136.91666666666666
8402	42	Other miscellaneous nondurable goods merchant wholesalers	47	424990	105	47105	Loudon County, Tennessee	yes	1.0	9.431876456876457	540.9798076923076
8403	42	Other miscellaneous nondurable goods merchant wholesalers	47	424990	107	47107	McMinn County, Tennessee	yes	1.0	9.116446166446167	469.2872141372142
8404	42	Other miscellaneous nondurable goods merchant wholesalers	47	424990	109	47109	McNairy County, Tennessee	no	3.0	9.0	417.0
8405	42	Other miscellaneous nondurable goods merchant wholesalers	47	424990	109	47109	McNairy County, Tennessee	yes	2.6	25.08251748251748	1273.7495104895106
8406	42	Other miscellaneous nondurable goods merchant wholesalers	47	424990	117	47117	Marshall County, Tennessee	yes	1.0	10.079735399735402	535.7613236313236
8407	42	Other miscellaneous nondurable goods merchant wholesalers	47	424990	119	47119	Maury County, Tennessee	yes	2.0	18.232892332892334	938.5744282744284
8408	42	Other miscellaneous nondurable goods merchant wholesalers	47	424990	123	47123	Monroe County, Tennessee	yes	1.0	4.3	136.91666666666666
8409	42	Other miscellaneous nondurable goods merchant wholesalers	47	424990	125	47125	Montgomery County, Tennessee	yes	2.1666666666666665	19.775821625821624	1008.5314989814989
8410	42	Other miscellaneous nondurable goods merchant wholesalers	47	424990	131	47131	Obion County, Tennessee	yes	1.0	9.972167832167832	531.7338461538462
8411	42	Other miscellaneous nondurable goods merchant wholesalers	47	424990	141	47141	Putnam County, Tennessee	yes	1.0	4.3	136.91666666666666
8412	42	Other miscellaneous nondurable goods merchant wholesalers	47	424990	143	47143	Rhea County, Tennessee	yes	1.6666666666666667	14.204570654570654	670.6977382977383
8413	42	Other miscellaneous nondurable goods merchant wholesalers	47	424990	149	47149	Rutherford County, Tennessee	yes	1.1666666666666667	9.833112833112834	492.1066585816586
8414	42	Other miscellaneous nondurable goods merchant wholesalers	47	424990	155	47155	Sevier County, Tennessee	no	6.666666666666667	10.0	285.6666666666667
8415	42	Other miscellaneous nondurable goods merchant wholesalers	47	424990	157	47157	Shelby County, Tennessee	no	28.5	244.83333333333334	11298.5
8416	42	Other miscellaneous nondurable goods merchant wholesalers	47	424990	163	47163	Sullivan County, Tennessee	yes	1.5	12.092708792708793	584.8831737331737
8417	42	Other miscellaneous nondurable goods merchant wholesalers	47	424990	165	47165	Sumner County, Tennessee	yes	1.3333333333333333	11.855335055335056	574.564991914992
8418	42	Other miscellaneous nondurable goods merchant wholesalers	47	424990	167	47167	Tipton County, Tennessee	yes	1.0	8.563636363636364	350.469696969697
8419	42	Other miscellaneous nondurable goods merchant wholesalers	47	424990	171	47171	Unicoi County, Tennessee	yes	1.0	12.133333333333333	494.75
8420	42	Other miscellaneous nondurable goods merchant wholesalers	47	424990	177	47177	Warren County, Tennessee	yes	1.1666666666666667	10.659375459375461	539.2442848442848
8421	42	Other miscellaneous nondurable goods merchant wholesalers	47	424990	179	47179	Washington County, Tennessee	yes	1.1666666666666667	11.13866838866839	551.7455474705474
8422	42	Other miscellaneous nondurable goods merchant wholesalers	47	424990	187	47187	Williamson County, Tennessee	no	7.5	39.333333333333336	2333.5
8423	42	Other miscellaneous nondurable goods merchant wholesalers	47	424990	189	47189	Wilson County, Tennessee	no	5.666666666666667	21.0	1252.3333333333333
8424	42	Other miscellaneous nondurable goods merchant wholesalers	47	424990	189	47189	Wilson County, Tennessee	yes	4.666666666666667	39.73232323232323	1612.4343434343434
8425	42	Other professional equipment and supplies merchant wholesalers	47	423490	1	47001	Anderson County, Tennessee	yes	1.1666666666666667	16.195257946483434	792.8009052947779
8426	42	Other professional equipment and supplies merchant wholesalers	47	423490	3	47003	Bedford County, Tennessee	yes	1.0	13.842316770012848	700.7322778437974
8427	42	Other professional equipment and supplies merchant wholesalers	47	423490	37	47037	Davidson County, Tennessee	no	5.5	8.666666666666666	422.8333333333333
8428	42	Other professional equipment and supplies merchant wholesalers	47	423490	45	47045	Dyer County, Tennessee	yes	1.0	13.842316770012848	700.7322778437974
8429	42	Other professional equipment and supplies merchant wholesalers	47	423490	63	47063	Hamblen County, Tennessee	yes	1.0	10.225013616557733	570.666598583878
8430	42	Other professional equipment and supplies merchant wholesalers	47	423490	65	47065	Hamilton County, Tennessee	yes	1.0	13.842316770012848	700.7322778437974
8431	42	Other professional equipment and supplies merchant wholesalers	47	423490	89	47089	Jefferson County, Tennessee	yes	1.0	8.203703703703704	518.8148148148148
8432	42	Other professional equipment and supplies merchant wholesalers	47	423490	93	47093	Knox County, Tennessee	no	5.333333333333333	34.0	3434.5
8433	42	Other professional equipment and supplies merchant wholesalers	47	423490	113	47113	Madison County, Tennessee	yes	1.0	13.842316770012848	700.7322778437974
8434	42	Other professional equipment and supplies merchant wholesalers	47	423490	125	47125	Montgomery County, Tennessee	yes	1.0	18.75716440422323	824.7130124777183
8435	42	Other professional equipment and supplies merchant wholesalers	47	423490	149	47149	Rutherford County, Tennessee	yes	1.1666666666666667	16.195257946483434	792.8009052947779
8436	42	Other professional equipment and supplies merchant wholesalers	47	423490	157	47157	Shelby County, Tennessee	no	6.0	23.333333333333332	1561.6666666666667
8437	42	Other professional equipment and supplies merchant wholesalers	47	423490	157	47157	Shelby County, Tennessee	yes	5.0	90.4917043740573	3898.4598930481284
8438	42	Other professional equipment and supplies merchant wholesalers	47	423490	189	47189	Wilson County, Tennessee	yes	1.0	11.810780124015418	595.3332788671024
8439	42	Packaged frozen food merchant wholesalers	47	424420	1	47001	Anderson County, Tennessee	yes	1.0	35.504513517051	2078.15989118536
8440	42	Packaged frozen food merchant wholesalers	47	424420	5	47005	Benton County, Tennessee	yes	1.0	32.45474137931035	1737.2780172413793
8441	42	Packaged frozen food merchant wholesalers	47	424420	9	47009	Blount County, Tennessee	yes	1.0	29.875	1603.625
8442	42	Packaged frozen food merchant wholesalers	47	424420	37	47037	Davidson County, Tennessee	no	5.166666666666667	212.16666666666666	13977.833333333334
8443	42	Packaged frozen food merchant wholesalers	47	424420	43	47043	Dickson County, Tennessee	yes	1.0	35.504513517051	2078.15989118536
8444	42	Packaged frozen food merchant wholesalers	47	424420	45	47045	Dyer County, Tennessee	yes	1.0	42.49285714285715	2648.035714285714
8445	42	Packaged frozen food merchant wholesalers	47	424420	47	47047	Fayette County, Tennessee	yes	1.0	34.29985007496252	2002.2481259370315
8446	42	Packaged frozen food merchant wholesalers	47	424420	55	47055	Giles County, Tennessee	yes	1.0	35.504513517051	2078.15989118536
8447	42	Packaged frozen food merchant wholesalers	47	424420	65	47065	Hamilton County, Tennessee	yes	2.0	71.92032971609433	4207.3471770067345
8448	42	Packaged frozen food merchant wholesalers	47	424420	85	47085	Humphreys County, Tennessee	yes	1.0	35.504513517051	2078.15989118536
8449	42	Packaged frozen food merchant wholesalers	47	424420	93	47093	Knox County, Tennessee	yes	1.5	44.50416666666666	2366.5791666666664
8450	42	Packaged frozen food merchant wholesalers	47	424420	107	47107	McMinn County, Tennessee	yes	1.8333333333333333	61.772519097594056	3534.4356553865923
8451	42	Packaged frozen food merchant wholesalers	47	424420	113	47113	Madison County, Tennessee	yes	1.6666666666666667	56.84474131981628	3273.6412109421476
8452	42	Packaged frozen food merchant wholesalers	47	424420	115	47115	Marion County, Tennessee	yes	1.0	35.504513517051	2078.15989118536
8453	42	Packaged frozen food merchant wholesalers	47	424420	119	47119	Maury County, Tennessee	yes	1.0	35.504513517051	2078.15989118536
8454	42	Packaged frozen food merchant wholesalers	47	424420	123	47123	Monroe County, Tennessee	yes	1.0	36.69208288712787	2180.8385360890984
8455	42	Packaged frozen food merchant wholesalers	47	424420	141	47141	Putnam County, Tennessee	yes	2.0	71.009027034102	4156.31978237072
8456	42	Packaged frozen food merchant wholesalers	47	424420	147	47147	Robertson County, Tennessee	yes	1.0	29.72083333333333	1584.1958333333332
8457	42	Packaged frozen food merchant wholesalers	47	424420	155	47155	Sevier County, Tennessee	yes	1.0	35.504513517051	2078.15989118536
8458	42	Packaged frozen food merchant wholesalers	47	424420	157	47157	Shelby County, Tennessee	no	3.3333333333333335	257.3333333333333	12947.666666666666
8459	42	Packaged frozen food merchant wholesalers	47	424420	157	47157	Shelby County, Tennessee	yes	6.0	187.12969348659007	9976.590613026821
8460	42	Packaged frozen food merchant wholesalers	47	424420	165	47165	Sumner County, Tennessee	yes	1.0	34.29985007496252	2002.2481259370315
8461	42	Packaged frozen food merchant wholesalers	47	424420	177	47177	Warren County, Tennessee	yes	1.0	35.504513517051	2078.15989118536
8462	42	Packaged frozen food merchant wholesalers	47	424420	179	47179	Washington County, Tennessee	yes	1.3333333333333333	45.411457961495444	2606.2251689631375
8463	42	Packaged frozen food merchant wholesalers	47	424420	187	47187	Williamson County, Tennessee	yes	1.0	29.875	1603.625
8464	42	Packaged frozen food merchant wholesalers	47	424420	189	47189	Wilson County, Tennessee	yes	2.5	90.76751564693843	5394.592556697841
8465	42	Paint, varnish, and supplies merchant wholesalers	47	424950	3	47003	Bedford County, Tennessee	yes	1.0	8.48	551.86
8466	42	Paint, varnish, and supplies merchant wholesalers	47	424950	35	47035	Cumberland County, Tennessee	yes	1.0	10.758333333333333	410.0
8467	42	Paint, varnish, and supplies merchant wholesalers	47	424950	37	47037	Davidson County, Tennessee	no	6.166666666666667	32.0	2342.8333333333335
8468	42	Paint, varnish, and supplies merchant wholesalers	47	424950	43	47043	Dickson County, Tennessee	yes	1.0	9.852171717171716	460.35737373737373
8469	42	Paint, varnish, and supplies merchant wholesalers	47	424950	47	47047	Fayette County, Tennessee	yes	1.0	8.19878787878788	500.93696969696975
8470	42	Paint, varnish, and supplies merchant wholesalers	47	424950	63	47063	Hamblen County, Tennessee	yes	1.0	9.852171717171716	460.35737373737373
8471	42	Paint, varnish, and supplies merchant wholesalers	47	424950	65	47065	Hamilton County, Tennessee	no	5.5	20.333333333333332	1451.3333333333333
8472	42	Paint, varnish, and supplies merchant wholesalers	47	424950	93	47093	Knox County, Tennessee	yes	1.1666666666666667	11.12489898989899	526.8725252525252
8473	42	Paint, varnish, and supplies merchant wholesalers	47	424950	107	47107	McMinn County, Tennessee	yes	1.0	11.916666666666666	398.0
8474	42	Paint, varnish, and supplies merchant wholesalers	47	424950	113	47113	Madison County, Tennessee	yes	1.0	9.852171717171716	460.35737373737373
8475	42	Paint, varnish, and supplies merchant wholesalers	47	424950	125	47125	Montgomery County, Tennessee	yes	1.1666666666666667	11.838282828282829	526.690707070707
8476	42	Paint, varnish, and supplies merchant wholesalers	47	424950	137	47137	Pickett County, Tennessee	yes	1.0	9.852171717171716	460.35737373737373
8477	42	Paint, varnish, and supplies merchant wholesalers	47	424950	149	47149	Rutherford County, Tennessee	yes	1.0	9.852171717171716	460.35737373737373
8478	42	Paint, varnish, and supplies merchant wholesalers	47	424950	157	47157	Shelby County, Tennessee	no	4.333333333333333	84.16666666666667	8398.166666666666
8479	42	Paint, varnish, and supplies merchant wholesalers	47	424950	163	47163	Sullivan County, Tennessee	yes	1.0	9.852171717171716	460.35737373737373
8480	42	Paint, varnish, and supplies merchant wholesalers	47	424950	179	47179	Washington County, Tennessee	yes	1.0	10.538257575757576	414.6060606060606
8481	42	Petroleum and petroleum products merchant wholesalers (except bulk stations and terminals) 	47	424720	1	47001	Anderson County, Tennessee	yes	1.0	1.765926035284565	138.16555941044757
8482	42	Petroleum and petroleum products merchant wholesalers (except bulk stations and terminals) 	47	424720	3	47003	Bedford County, Tennessee	yes	1.0	1.765926035284565	138.16555941044757
8483	42	Petroleum and petroleum products merchant wholesalers (except bulk stations and terminals) 	47	424720	35	47035	Cumberland County, Tennessee	yes	1.0	1.8548387096774195	139.19284712482468
8484	42	Petroleum and petroleum products merchant wholesalers (except bulk stations and terminals) 	47	424720	37	47037	Davidson County, Tennessee	yes	1.8333333333333333	2.821325754779656	219.9100661893162
8485	42	Petroleum and petroleum products merchant wholesalers (except bulk stations and terminals) 	47	424720	39	47039	Decatur County, Tennessee	yes	1.0	4.263157894736842	338.52631578947364
8486	42	Petroleum and petroleum products merchant wholesalers (except bulk stations and terminals) 	47	424720	47	47047	Fayette County, Tennessee	yes	1.0	3.709677419354839	278.38569424964936
8487	42	Petroleum and petroleum products merchant wholesalers (except bulk stations and terminals) 	47	424720	51	47051	Franklin County, Tennessee	yes	1.0	1.765926035284565	138.16555941044757
8488	42	Petroleum and petroleum products merchant wholesalers (except bulk stations and terminals) 	47	424720	55	47055	Giles County, Tennessee	yes	1.5	2.2952929307841834	183.53588740434535
8489	42	Petroleum and petroleum products merchant wholesalers (except bulk stations and terminals) 	47	424720	59	47059	Greene County, Tennessee	yes	1.0	1.765926035284565	138.16555941044757
8490	42	Petroleum and petroleum products merchant wholesalers (except bulk stations and terminals) 	47	424720	65	47065	Hamilton County, Tennessee	yes	1.1666666666666667	1.5847666149947097	127.11483477276641
8491	42	Petroleum and petroleum products merchant wholesalers (except bulk stations and terminals) 	47	424720	81	47081	Hickman County, Tennessee	yes	1.0	0.0	0.0
8492	42	Petroleum and petroleum products merchant wholesalers (except bulk stations and terminals) 	47	424720	93	47093	Knox County, Tennessee	no	3.0	25.0	1525.0
8493	42	Petroleum and petroleum products merchant wholesalers (except bulk stations and terminals) 	47	424720	93	47093	Knox County, Tennessee	yes	2.0	4.673005093378608	358.11908171550897
8494	42	Petroleum and petroleum products merchant wholesalers (except bulk stations and terminals) 	47	424720	99	47099	Lawrence County, Tennessee	yes	1.0	0.0	0.0
8495	42	Petroleum and petroleum products merchant wholesalers (except bulk stations and terminals) 	47	424720	101	47101	Lewis County, Tennessee	yes	1.0	1.765926035284565	138.16555941044757
8496	42	Petroleum and petroleum products merchant wholesalers (except bulk stations and terminals) 	47	424720	111	47111	Macon County, Tennessee	yes	1.0	1.765926035284565	138.16555941044757
8497	42	Petroleum and petroleum products merchant wholesalers (except bulk stations and terminals) 	47	424720	113	47113	Madison County, Tennessee	yes	1.0	1.765926035284565	138.16555941044757
8498	42	Petroleum and petroleum products merchant wholesalers (except bulk stations and terminals) 	47	424720	125	47125	Montgomery County, Tennessee	yes	1.1666666666666667	1.765926035284565	138.16555941044757
8499	42	Petroleum and petroleum products merchant wholesalers (except bulk stations and terminals) 	47	424720	141	47141	Putnam County, Tennessee	yes	1.0	0.0	0.0
8500	42	Petroleum and petroleum products merchant wholesalers (except bulk stations and terminals) 	47	424720	147	47147	Robertson County, Tennessee	yes	1.0	2.1191112423414777	165.79867129253708
8501	42	Petroleum and petroleum products merchant wholesalers (except bulk stations and terminals) 	47	424720	149	47149	Rutherford County, Tennessee	yes	1.0	1.5830995792426368	122.61676016830295
8502	42	Petroleum and petroleum products merchant wholesalers (except bulk stations and terminals) 	47	424720	153	47153	Sequatchie County, Tennessee	yes	2.0	3.53185207056913	276.33111882089514
8503	42	Petroleum and petroleum products merchant wholesalers (except bulk stations and terminals) 	47	424720	157	47157	Shelby County, Tennessee	no	3.0	14.0	1557.3333333333333
8504	42	Petroleum and petroleum products merchant wholesalers (except bulk stations and terminals) 	47	424720	157	47157	Shelby County, Tennessee	yes	4.0	-1.4492753623188406	-88.40579710144927
8505	42	Petroleum and petroleum products merchant wholesalers (except bulk stations and terminals) 	47	424720	159	47159	Smith County, Tennessee	yes	1.0	1.765926035284565	138.16555941044757
8506	42	Petroleum and petroleum products merchant wholesalers (except bulk stations and terminals) 	47	424720	165	47165	Sumner County, Tennessee	yes	1.0	0.0	0.0
8507	42	Petroleum and petroleum products merchant wholesalers (except bulk stations and terminals) 	47	424720	177	47177	Warren County, Tennessee	yes	1.0	3.709677419354839	278.38569424964936
8508	42	Petroleum and petroleum products merchant wholesalers (except bulk stations and terminals) 	47	424720	183	47183	Weakley County, Tennessee	yes	1.0	0.0	0.0
8509	42	Petroleum and petroleum products merchant wholesalers (except bulk stations and terminals) 	47	424720	187	47187	Williamson County, Tennessee	yes	1.0	0.0	0.0
8510	42	Petroleum and petroleum products merchant wholesalers (except bulk stations and terminals) 	47	424720	189	47189	Wilson County, Tennessee	yes	1.0	3.709677419354839	278.38569424964936
8511	42	Petroleum bulk stations and terminals 	47	424710	1	47001	Anderson County, Tennessee	yes	2.0	42.683971496390065	2073.2025690134983
8512	42	Petroleum bulk stations and terminals 	47	424710	5	47005	Benton County, Tennessee	yes	1.6666666666666667	36.638500637934705	1778.8933528205614
8513	42	Petroleum bulk stations and terminals 	47	424710	9	47009	Blount County, Tennessee	no	3.5	69.5	4290.666666666667
8514	42	Petroleum bulk stations and terminals 	47	424710	11	47011	Bradley County, Tennessee	yes	1.0	18.226996138679414	838.7000650389355
8515	42	Petroleum bulk stations and terminals 	47	424710	13	47013	Campbell County, Tennessee	yes	1.0	21.341985748195032	1036.6012845067492
8516	42	Petroleum bulk stations and terminals 	47	424710	17	47017	Carroll County, Tennessee	yes	1.0	21.341985748195032	1036.6012845067492
8517	42	Petroleum bulk stations and terminals 	47	424710	31	47031	Coffee County, Tennessee	yes	2.0	42.683971496390065	2073.2025690134983
8518	42	Petroleum bulk stations and terminals 	47	424710	35	47035	Cumberland County, Tennessee	yes	1.5	33.57047342705035	1653.8525364940306
8519	42	Petroleum bulk stations and terminals 	47	424710	37	47037	Davidson County, Tennessee	no	11.666666666666666	272.3333333333333	20418.666666666668
8520	42	Petroleum bulk stations and terminals 	47	424710	37	47037	Davidson County, Tennessee	yes	9.333333333333334	227.58936142024376	11464.613275039746
8521	42	Petroleum bulk stations and terminals 	47	424710	45	47045	Dyer County, Tennessee	yes	2.0	42.683971496390065	2073.2025690134983
8522	42	Petroleum bulk stations and terminals 	47	424710	47	47047	Fayette County, Tennessee	yes	1.0	19.43587210400956	911.2812987792015
8523	42	Petroleum bulk stations and terminals 	47	424710	49	47049	Fentress County, Tennessee	yes	1.0	24.45697535771065	1234.5025039745628
8524	42	Petroleum bulk stations and terminals 	47	424710	51	47051	Franklin County, Tennessee	yes	1.0	20.99788289783404	1018.116541408099
8525	42	Petroleum bulk stations and terminals 	47	424710	55	47055	Giles County, Tennessee	yes	1.0	21.341985748195032	1036.6012845067492
8526	42	Petroleum bulk stations and terminals 	47	424710	59	47059	Greene County, Tennessee	yes	1.8333333333333333	38.840221496390065	1885.031735680165
8527	42	Petroleum bulk stations and terminals 	47	424710	63	47063	Hamblen County, Tennessee	no	3.0	170.0	8452.0
8528	42	Petroleum bulk stations and terminals 	47	424710	63	47063	Hamblen County, Tennessee	yes	2.0	45.889544669219035	2226.8762049414363
8529	42	Petroleum bulk stations and terminals 	47	424710	65	47065	Hamilton County, Tennessee	no	6.666666666666667	124.5	13128.166666666666
8530	42	Petroleum bulk stations and terminals 	47	424710	69	47069	Hardeman County, Tennessee	yes	2.0	42.683971496390065	2073.2025690134983
8531	42	Petroleum bulk stations and terminals 	47	424710	71	47071	Hardin County, Tennessee	yes	1.0	21.341985748195032	1036.6012845067492
8532	42	Petroleum bulk stations and terminals 	47	424710	81	47081	Hickman County, Tennessee	yes	1.0	21.341985748195032	1036.6012845067492
8533	42	Petroleum bulk stations and terminals 	47	424710	85	47085	Humphreys County, Tennessee	yes	1.0	20.99788289783404	1018.116541408099
8534	42	Petroleum bulk stations and terminals 	47	424710	93	47093	Knox County, Tennessee	no	10.333333333333334	373.0	23047.333333333332
8535	42	Petroleum bulk stations and terminals 	47	424710	93	47093	Knox County, Tennessee	yes	11.666666666666666	282.2045574986751	14162.869157392686
8536	42	Petroleum bulk stations and terminals 	47	424710	97	47097	Lauderdale County, Tennessee	yes	2.0	42.683971496390065	2073.2025690134983
8537	42	Petroleum bulk stations and terminals 	47	424710	99	47099	Lawrence County, Tennessee	no	3.6666666666666665	46.333333333333336	2348.0
8538	42	Petroleum bulk stations and terminals 	47	424710	103	47103	Lincoln County, Tennessee	yes	2.0	42.683971496390065	2073.2025690134983
8539	42	Petroleum bulk stations and terminals 	47	424710	107	47107	McMinn County, Tennessee	yes	1.0	21.341985748195032	1036.6012845067492
8540	42	Petroleum bulk stations and terminals 	47	424710	109	47109	McNairy County, Tennessee	no	3.0	38.0	893.0
8541	42	Petroleum bulk stations and terminals 	47	424710	109	47109	McNairy County, Tennessee	yes	2.0	48.9139507154213	2469.0050079491257
8542	42	Petroleum bulk stations and terminals 	47	424710	113	47113	Madison County, Tennessee	no	3.0	21.333333333333332	1090.3333333333333
8543	42	Petroleum bulk stations and terminals 	47	424710	115	47115	Marion County, Tennessee	yes	1.0	21.341985748195032	1036.6012845067492
8544	42	Petroleum bulk stations and terminals 	47	424710	119	47119	Maury County, Tennessee	no	3.0	10.6	554.6
8545	42	Petroleum bulk stations and terminals 	47	424710	119	47119	Maury County, Tennessee	yes	2.0	46.125	2258.05
8546	42	Petroleum bulk stations and terminals 	47	424710	131	47131	Obion County, Tennessee	yes	2.0	42.683971496390065	2073.2025690134983
8547	42	Petroleum bulk stations and terminals 	47	424710	133	47133	Overton County, Tennessee	yes	2.0	42.683971496390065	2073.2025690134983
8548	42	Petroleum bulk stations and terminals 	47	424710	141	47141	Putnam County, Tennessee	yes	2.1666666666666665	46.527721496390065	2261.373402346832
8549	42	Petroleum bulk stations and terminals 	47	424710	143	47143	Rhea County, Tennessee	yes	1.0	21.341985748195032	1036.6012845067492
8550	42	Petroleum bulk stations and terminals 	47	424710	147	47147	Robertson County, Tennessee	yes	2.0	42.683971496390065	2073.2025690134983
8551	42	Petroleum bulk stations and terminals 	47	424710	149	47149	Rutherford County, Tennessee	no	3.3333333333333335	22.666666666666668	2043.3333333333333
8552	42	Petroleum bulk stations and terminals 	47	424710	149	47149	Rutherford County, Tennessee	yes	2.0	48.9139507154213	2469.0050079491257
8553	42	Petroleum bulk stations and terminals 	47	424710	151	47151	Scott County, Tennessee	yes	1.0	21.341985748195032	1036.6012845067492
8554	42	Petroleum bulk stations and terminals 	47	424710	157	47157	Shelby County, Tennessee	no	11.5	145.83333333333334	10208.5
8555	42	Petroleum bulk stations and terminals 	47	424710	159	47159	Smith County, Tennessee	yes	1.0	23.95016891891892	1191.4449324324326
8556	42	Petroleum bulk stations and terminals 	47	424710	163	47163	Sullivan County, Tennessee	no	3.0	17.0	440.0
8557	42	Petroleum bulk stations and terminals 	47	424710	163	47163	Sullivan County, Tennessee	yes	1.5	32.14885396726258	1488.56055145031
8558	42	Petroleum bulk stations and terminals 	47	424710	165	47165	Sumner County, Tennessee	yes	1.0	21.341985748195032	1036.6012845067492
8559	42	Petroleum bulk stations and terminals 	47	424710	167	47167	Tipton County, Tennessee	yes	1.0	23.95016891891892	1191.4449324324326
8560	42	Petroleum bulk stations and terminals 	47	424710	175	47175	Van Buren County, Tennessee	yes	1.0	20.99788289783404	1018.116541408099
8561	42	Petroleum bulk stations and terminals 	47	424710	179	47179	Washington County, Tennessee	yes	1.0	23.0625	1129.025
8562	42	Petroleum bulk stations and terminals 	47	424710	181	47181	Wayne County, Tennessee	yes	1.0	21.341985748195032	1036.6012845067492
8563	42	Petroleum bulk stations and terminals 	47	424710	183	47183	Weakley County, Tennessee	yes	1.0	21.341985748195032	1036.6012845067492
8564	42	Petroleum bulk stations and terminals 	47	424710	185	47185	White County, Tennessee	yes	1.0	24.45697535771065	1234.5025039745628
8565	42	Petroleum bulk stations and terminals 	47	424710	187	47187	Williamson County, Tennessee	yes	1.1666666666666667	25.48162538783467	1245.5787619842265
8566	42	Petroleum bulk stations and terminals 	47	424710	189	47189	Wilson County, Tennessee	yes	1.0	18.226996138679414	838.7000650389355
8567	42	Photographic equipment and supplies merchant wholesalers	47	423410	11	47011	Bradley County, Tennessee	yes	1.0	13.574963924963924	794.4836940836941
8568	42	Photographic equipment and supplies merchant wholesalers	47	423410	37	47037	Davidson County, Tennessee	yes	1.1666666666666667	17.634487734487735	954.4003607503606
8569	42	Photographic equipment and supplies merchant wholesalers	47	423410	65	47065	Hamilton County, Tennessee	yes	1.3333333333333333	21.694011544011545	1114.3170274170272
8570	42	Photographic equipment and supplies merchant wholesalers	47	423410	93	47093	Knox County, Tennessee	yes	2.3333333333333335	28.44393939393939	1811.9320346320346
8571	42	Photographic equipment and supplies merchant wholesalers	47	423410	149	47149	Rutherford County, Tennessee	yes	1.0	13.574963924963924	794.4836940836941
8572	42	Photographic equipment and supplies merchant wholesalers	47	423410	155	47155	Sevier County, Tennessee	yes	1.0	19.878571428571426	906.45
8573	42	Photographic equipment and supplies merchant wholesalers	47	423410	157	47157	Shelby County, Tennessee	no	3.3333333333333335	72.0	5070.666666666667
8574	42	Photographic equipment and supplies merchant wholesalers	47	423410	157	47157	Shelby County, Tennessee	yes	3.6666666666666665	68.44978354978355	3264.021212121212
8575	42	Photographic equipment and supplies merchant wholesalers	47	423410	187	47187	Williamson County, Tennessee	yes	1.0	10.423160173160174	738.5005411255411
8576	42	Piece goods, notions, and other dry goods merchant wholesalers	47	424310	11	47011	Bradley County, Tennessee	yes	1.3333333333333333	16.478171090797865	788.6351254503892
8577	42	Piece goods, notions, and other dry goods merchant wholesalers	47	424310	35	47035	Cumberland County, Tennessee	yes	1.0	12.715693372437793	639.5918990689275
8578	42	Piece goods, notions, and other dry goods merchant wholesalers	47	424310	37	47037	Davidson County, Tennessee	no	6.0	85.0	4679.0
8579	42	Piece goods, notions, and other dry goods merchant wholesalers	47	424310	37	47037	Davidson County, Tennessee	yes	3.25	46.94564553093965	2433.8190985485103
8580	42	Piece goods, notions, and other dry goods merchant wholesalers	47	424310	63	47063	Hamblen County, Tennessee	yes	1.0	12.715693372437793	639.5918990689275
8581	42	Piece goods, notions, and other dry goods merchant wholesalers	47	424310	65	47065	Hamilton County, Tennessee	no	4.0	16.4	944.0
8582	42	Piece goods, notions, and other dry goods merchant wholesalers	47	424310	65	47065	Hamilton County, Tennessee	yes	5.0	65.22727272727272	2486.590909090909
8583	42	Piece goods, notions, and other dry goods merchant wholesalers	47	424310	93	47093	Knox County, Tennessee	no	4.166666666666667	56.666666666666664	2534.5
8584	42	Piece goods, notions, and other dry goods merchant wholesalers	47	424310	147	47147	Robertson County, Tennessee	yes	1.0	12.715693372437793	639.5918990689275
8585	42	Piece goods, notions, and other dry goods merchant wholesalers	47	424310	153	47153	Sequatchie County, Tennessee	yes	1.0	12.715693372437793	639.5918990689275
8586	42	Piece goods, notions, and other dry goods merchant wholesalers	47	424310	155	47155	Sevier County, Tennessee	yes	1.0	13.2	1041.7333333333333
8587	42	Piece goods, notions, and other dry goods merchant wholesalers	47	424310	157	47157	Shelby County, Tennessee	yes	2.0	25.431386744875585	1279.183798137855
8588	42	Piece goods, notions, and other dry goods merchant wholesalers	47	424310	163	47163	Sullivan County, Tennessee	yes	1.0	12.715693372437793	639.5918990689275
8589	42	Piece goods, notions, and other dry goods merchant wholesalers	47	424310	165	47165	Sumner County, Tennessee	yes	1.3333333333333333	18.856169562913983	1009.345073672102
8590	42	Piece goods, notions, and other dry goods merchant wholesalers	47	424310	187	47187	Williamson County, Tennessee	yes	1.8333333333333333	21.46515297864182	992.3169871710439
8591	42	Piece goods, notions, and other dry goods merchant wholesalers	47	424310	189	47189	Wilson County, Tennessee	yes	1.0	9.862825772942404	404.75808669862926
8592	42	Plastics materials and basic forms and shapes merchant wholesalers	47	424610	1	47001	Anderson County, Tennessee	yes	1.0	11.899867724867724	483.8720238095238
8593	42	Plastics materials and basic forms and shapes merchant wholesalers	47	424610	3	47003	Bedford County, Tennessee	yes	1.0	8.280952380952382	389.4345238095238
8594	42	Plastics materials and basic forms and shapes merchant wholesalers	47	424610	9	47009	Blount County, Tennessee	yes	1.0	11.899867724867724	483.8720238095238
8595	42	Plastics materials and basic forms and shapes merchant wholesalers	47	424610	21	47021	Cheatham County, Tennessee	yes	1.0	10.51388888888889	549.7847222222222
8596	42	Plastics materials and basic forms and shapes merchant wholesalers	47	424610	37	47037	Davidson County, Tennessee	no	10.166666666666666	47.833333333333336	3045.6666666666665
8597	42	Plastics materials and basic forms and shapes merchant wholesalers	47	424610	63	47063	Hamblen County, Tennessee	yes	1.0	11.899867724867724	483.8720238095238
8598	42	Plastics materials and basic forms and shapes merchant wholesalers	47	424610	65	47065	Hamilton County, Tennessee	no	4.0	19.333333333333332	1105.5
8599	42	Plastics materials and basic forms and shapes merchant wholesalers	47	424610	93	47093	Knox County, Tennessee	no	9.5	75.0	4069.8333333333335
8600	42	Plastics materials and basic forms and shapes merchant wholesalers	47	424610	95	47095	Lake County, Tennessee	yes	1.0	11.899867724867724	483.8720238095238
8601	42	Plastics materials and basic forms and shapes merchant wholesalers	47	424610	123	47123	Monroe County, Tennessee	yes	1.0	11.899867724867724	483.8720238095238
8602	42	Plastics materials and basic forms and shapes merchant wholesalers	47	424610	149	47149	Rutherford County, Tennessee	no	3.0	34.0	1717.0
8603	42	Plastics materials and basic forms and shapes merchant wholesalers	47	424610	149	47149	Rutherford County, Tennessee	yes	2.0	28.428571428571427	752.8412698412699
8604	42	Plastics materials and basic forms and shapes merchant wholesalers	47	424610	157	47157	Shelby County, Tennessee	no	10.0	69.25	3714.25
8605	42	Plastics materials and basic forms and shapes merchant wholesalers	47	424610	157	47157	Shelby County, Tennessee	yes	10.5	87.20952380952382	4092.470238095238
8606	42	Plastics materials and basic forms and shapes merchant wholesalers	47	424610	179	47179	Washington County, Tennessee	yes	1.0	12.40952380952381	383.0304232804233
8607	42	Plastics materials and basic forms and shapes merchant wholesalers	47	424610	187	47187	Williamson County, Tennessee	yes	1.8333333333333333	20.355291005291004	906.0403439153439
8608	42	Plumbing and heating equipment and supplies (hydronics) merchant wholesalers	47	423720	9	47009	Blount County, Tennessee	yes	1.0	19.15468279284069	705.9475698927453
8609	42	Plumbing and heating equipment and supplies (hydronics) merchant wholesalers	47	423720	37	47037	Davidson County, Tennessee	no	14.166666666666666	264.8333333333333	21027.666666666668
8610	42	Plumbing and heating equipment and supplies (hydronics) merchant wholesalers	47	423720	45	47045	Dyer County, Tennessee	yes	1.0	19.15468279284069	705.9475698927453
8611	42	Plumbing and heating equipment and supplies (hydronics) merchant wholesalers	47	423720	59	47059	Greene County, Tennessee	yes	1.0	19.15468279284069	705.9475698927453
8612	42	Plumbing and heating equipment and supplies (hydronics) merchant wholesalers	47	423720	63	47063	Hamblen County, Tennessee	yes	1.0	19.15468279284069	705.9475698927453
8613	42	Plumbing and heating equipment and supplies (hydronics) merchant wholesalers	47	423720	65	47065	Hamilton County, Tennessee	no	7.333333333333333	111.5	6942.0
8614	42	Plumbing and heating equipment and supplies (hydronics) merchant wholesalers	47	423720	71	47071	Hardin County, Tennessee	yes	1.0	22.90909090909091	732.3181818181819
8615	42	Plumbing and heating equipment and supplies (hydronics) merchant wholesalers	47	423720	79	47079	Henry County, Tennessee	yes	1.0	15.228557504873294	762.1100668337509
8616	42	Plumbing and heating equipment and supplies (hydronics) merchant wholesalers	47	423720	81	47081	Hickman County, Tennessee	yes	1.0	14.62061403508772	766.1651002506264
8617	42	Plumbing and heating equipment and supplies (hydronics) merchant wholesalers	47	423720	93	47093	Knox County, Tennessee	no	9.333333333333334	65.0	4367.0
8618	42	Plumbing and heating equipment and supplies (hydronics) merchant wholesalers	47	423720	105	47105	Loudon County, Tennessee	yes	1.0	19.15468279284069	705.9475698927453
8619	42	Plumbing and heating equipment and supplies (hydronics) merchant wholesalers	47	423720	119	47119	Maury County, Tennessee	yes	1.0	17.82882553606238	714.4251427179058
8620	42	Plumbing and heating equipment and supplies (hydronics) merchant wholesalers	47	423720	123	47123	Monroe County, Tennessee	yes	1.0	19.15468279284069	705.9475698927453
8621	42	Plumbing and heating equipment and supplies (hydronics) merchant wholesalers	47	423720	125	47125	Montgomery County, Tennessee	no	4.0	33.0	1916.3333333333333
8622	42	Plumbing and heating equipment and supplies (hydronics) merchant wholesalers	47	423720	125	47125	Montgomery County, Tennessee	yes	5.0	115.40404040404042	3248.925364758698
8623	42	Plumbing and heating equipment and supplies (hydronics) merchant wholesalers	47	423720	141	47141	Putnam County, Tennessee	yes	1.0	19.15468279284069	705.9475698927453
8624	42	Plumbing and heating equipment and supplies (hydronics) merchant wholesalers	47	423720	149	47149	Rutherford County, Tennessee	yes	2.3333333333333335	45.5781646878138	1641.559281199632
8625	42	Plumbing and heating equipment and supplies (hydronics) merchant wholesalers	47	423720	155	47155	Sevier County, Tennessee	yes	1.0	19.15468279284069	705.9475698927453
8626	42	Plumbing and heating equipment and supplies (hydronics) merchant wholesalers	47	423720	157	47157	Shelby County, Tennessee	no	16.166666666666668	63.666666666666664	7824.333333333333
8627	42	Plumbing and heating equipment and supplies (hydronics) merchant wholesalers	47	423720	163	47163	Sullivan County, Tennessee	no	3.0	11.75	726.5
8628	42	Plumbing and heating equipment and supplies (hydronics) merchant wholesalers	47	423720	163	47163	Sullivan County, Tennessee	yes	3.0	69.5	1825.5555555555557
8629	42	Plumbing and heating equipment and supplies (hydronics) merchant wholesalers	47	423720	165	47165	Sumner County, Tennessee	yes	1.5	27.846402622718415	1083.3889669459845
8630	42	Plumbing and heating equipment and supplies (hydronics) merchant wholesalers	47	423720	179	47179	Washington County, Tennessee	yes	1.0	19.15468279284069	705.9475698927453
8631	42	Plumbing and heating equipment and supplies (hydronics) merchant wholesalers	47	423720	187	47187	Williamson County, Tennessee	no	4.0	23.0	884.0
8632	42	Plumbing and heating equipment and supplies (hydronics) merchant wholesalers	47	423720	187	47187	Williamson County, Tennessee	yes	3.4	64.47807017543859	2345.4277499303817
8633	42	Plumbing and heating equipment and supplies (hydronics) merchant wholesalers	47	423720	189	47189	Wilson County, Tennessee	yes	1.8333333333333333	35.568624844940636	1286.228473118824
8634	42	Poultry and poultry product merchant wholesalers	47	424440	37	47037	Davidson County, Tennessee	yes	1.0	18.061507936507937	943.2638888888887
8635	42	Poultry and poultry product merchant wholesalers	47	424440	65	47065	Hamilton County, Tennessee	yes	1.0	18.061507936507937	943.2638888888887
8636	42	Poultry and poultry product merchant wholesalers	47	424440	107	47107	McMinn County, Tennessee	yes	1.0	18.061507936507937	943.2638888888887
8637	42	Poultry and poultry product merchant wholesalers	47	424440	113	47113	Madison County, Tennessee	yes	2.0	36.12301587301587	1886.5277777777774
8638	42	Poultry and poultry product merchant wholesalers	47	424440	157	47157	Shelby County, Tennessee	yes	1.6666666666666667	26.567460317460316	1457.6388888888887
8639	42	Poultry and poultry product merchant wholesalers	47	424440	177	47177	Warren County, Tennessee	yes	1.0	10.583333333333334	704.0833333333334
8640	42	Printing and writing paper merchant wholesalers	47	424110	37	47037	Davidson County, Tennessee	no	4.0	128.66666666666666	7715.333333333333
8641	42	Printing and writing paper merchant wholesalers	47	424110	37	47037	Davidson County, Tennessee	yes	4.0	-13.481481481481481	4187.644444444445
8642	42	Printing and writing paper merchant wholesalers	47	424110	53	47053	Gibson County, Tennessee	yes	1.0	3.5833333333333335	810.1740740740739
8643	42	Printing and writing paper merchant wholesalers	47	424110	65	47065	Hamilton County, Tennessee	no	3.0	15.333333333333334	1801.0
8644	42	Printing and writing paper merchant wholesalers	47	424110	93	47093	Knox County, Tennessee	no	3.5	33.833333333333336	3028.1666666666665
8645	42	Printing and writing paper merchant wholesalers	47	424110	157	47157	Shelby County, Tennessee	yes	2.5	4.833333333333333	2114.4981481481477
8646	42	Printing and writing paper merchant wholesalers	47	424110	165	47165	Sumner County, Tennessee	yes	1.0	5.7	781.5088888888889
8647	42	Printing and writing paper merchant wholesalers	47	424110	187	47187	Williamson County, Tennessee	yes	1.3333333333333333	7.185185185185184	1008.8592592592594
8648	42	Recyclable material merchant wholesalers	47	423930	1	47001	Anderson County, Tennessee	no	3.0	26.25	967.0
8649	42	Recyclable material merchant wholesalers	47	423930	1	47001	Anderson County, Tennessee	yes	2.0	35.46262746262747	1369.3370953370954
8650	42	Recyclable material merchant wholesalers	47	423930	3	47003	Bedford County, Tennessee	yes	1.5	25.109614814434092	951.2551668726368
8651	42	Recyclable material merchant wholesalers	47	423930	5	47005	Benton County, Tennessee	no	3.6	19.8	482.8
8652	42	Recyclable material merchant wholesalers	47	423930	5	47005	Benton County, Tennessee	yes	3.0	57.13513513513514	2517.6486486486488
8653	42	Recyclable material merchant wholesalers	47	423930	9	47009	Blount County, Tennessee	no	3.0	3.0	128.0
8654	42	Recyclable material merchant wholesalers	47	423930	9	47009	Blount County, Tennessee	yes	2.0	32.48791589755445	1217.8417860767258
8655	42	Recyclable material merchant wholesalers	47	423930	11	47011	Bradley County, Tennessee	yes	2.0	30.659672894446725	1143.659958960223
8656	42	Recyclable material merchant wholesalers	47	423930	13	47013	Campbell County, Tennessee	yes	1.6666666666666667	26.15914174640818	977.7772415056869
8657	42	Recyclable material merchant wholesalers	47	423930	15	47015	Cannon County, Tennessee	yes	1.5	22.161692896466732	822.0179178181819
8658	42	Recyclable material merchant wholesalers	47	423930	17	47017	Carroll County, Tennessee	yes	2.1666666666666665	33.8338470686209	1283.5293283295925
8659	42	Recyclable material merchant wholesalers	47	423930	19	47019	Carter County, Tennessee	yes	2.1666666666666665	33.39593663071046	1232.0134388137028
8660	42	Recyclable material merchant wholesalers	47	423930	21	47021	Cheatham County, Tennessee	yes	1.0	15.329836447223363	571.8299794801115
8661	42	Recyclable material merchant wholesalers	47	423930	25	47025	Claiborne County, Tennessee	no	3.1666666666666665	6.833333333333333	108.0
8662	42	Recyclable material merchant wholesalers	47	423930	29	47029	Cocke County, Tennessee	yes	1.1666666666666667	17.66116174842818	656.1352003636456
8663	42	Recyclable material merchant wholesalers	47	423930	31	47031	Coffee County, Tennessee	yes	1.0	15.329836447223363	571.8299794801115
8664	42	Recyclable material merchant wholesalers	47	423930	35	47035	Cumberland County, Tennessee	yes	1.0	16.243957948777226	608.9208930383629
8665	42	Recyclable material merchant wholesalers	47	423930	37	47037	Davidson County, Tennessee	no	17.666666666666668	260.6666666666667	10892.666666666666
8666	42	Recyclable material merchant wholesalers	47	423930	41	47041	DeKalb County, Tennessee	yes	1.0	14.12909780517818	515.4106953858935
8667	42	Recyclable material merchant wholesalers	47	423930	43	47043	Dickson County, Tennessee	no	3.0	21.0	456.0
8668	42	Recyclable material merchant wholesalers	47	423930	43	47043	Dickson County, Tennessee	yes	1.2	18.92129626216056	748.0150427952012
8669	42	Recyclable material merchant wholesalers	47	423930	45	47045	Dyer County, Tennessee	yes	1.0	15.393371114632213	598.7569181146463
8670	42	Recyclable material merchant wholesalers	47	423930	53	47053	Gibson County, Tennessee	yes	1.0	15.329836447223363	571.8299794801115
8671	42	Recyclable material merchant wholesalers	47	423930	55	47055	Giles County, Tennessee	yes	3.3333333333333335	51.899947252108	1943.712787663184
8672	42	Recyclable material merchant wholesalers	47	423930	59	47059	Greene County, Tennessee	no	4.75	73.75	3117.0
8673	42	Recyclable material merchant wholesalers	47	423930	59	47059	Greene County, Tennessee	yes	5.5	95.94826644826645	3918.9365274365273
8674	42	Recyclable material merchant wholesalers	47	423930	63	47063	Hamblen County, Tennessee	no	3.0	76.0	2414.0
8675	42	Recyclable material merchant wholesalers	47	423930	63	47063	Hamblen County, Tennessee	yes	2.0	29.17358945531806	1036.705464265781
8676	42	Recyclable material merchant wholesalers	47	423930	65	47065	Hamilton County, Tennessee	no	12.166666666666666	204.83333333333334	9976.666666666666
8677	42	Recyclable material merchant wholesalers	47	423930	67	47067	Hancock County, Tennessee	yes	1.0	15.329836447223363	571.8299794801115
8678	42	Recyclable material merchant wholesalers	47	423930	71	47071	Hardin County, Tennessee	yes	1.0	13.987951807228916	505.83132530120486
8679	42	Recyclable material merchant wholesalers	47	423930	73	47073	Hawkins County, Tennessee	no	3.6666666666666665	7.333333333333333	308.3333333333333
8680	42	Recyclable material merchant wholesalers	47	423930	75	47075	Haywood County, Tennessee	yes	1.0	15.329836447223363	571.8299794801115
8681	42	Recyclable material merchant wholesalers	47	423930	77	47077	Henderson County, Tennessee	yes	1.5	23.827816445203364	893.4720206221527
8682	42	Recyclable material merchant wholesalers	47	423930	79	47079	Henry County, Tennessee	yes	1.8333333333333333	27.485498720272556	1003.7905895908538
8683	42	Recyclable material merchant wholesalers	47	423930	81	47081	Hickman County, Tennessee	yes	1.3333333333333333	21.240274357661274	800.0528287029607
8684	42	Recyclable material merchant wholesalers	47	423930	87	47087	Jackson County, Tennessee	yes	2.0	30.659672894446725	1143.659958960223
8685	42	Recyclable material merchant wholesalers	47	423930	89	47089	Jefferson County, Tennessee	yes	1.1666666666666667	17.91737853476545	665.2491713993035
8686	42	Recyclable material merchant wholesalers	47	423930	91	47091	Johnson County, Tennessee	yes	1.0	16.243957948777226	608.9208930383629
8687	42	Recyclable material merchant wholesalers	47	423930	93	47093	Knox County, Tennessee	no	24.5	435.8333333333333	15444.666666666666
8688	42	Recyclable material merchant wholesalers	47	423930	97	47097	Lauderdale County, Tennessee	no	4.0	73.66666666666667	2692.6666666666665
8689	42	Recyclable material merchant wholesalers	47	423930	97	47097	Lauderdale County, Tennessee	yes	2.6666666666666665	40.755702574979686	1409.6289720988516
8690	42	Recyclable material merchant wholesalers	47	423930	99	47099	Lawrence County, Tennessee	yes	1.0	15.329836447223363	571.8299794801115
8691	42	Recyclable material merchant wholesalers	47	423930	101	47101	Lewis County, Tennessee	yes	1.6	22.785022466751066	818.578258138575
8692	42	Recyclable material merchant wholesalers	47	423930	103	47103	Lincoln County, Tennessee	no	3.0	0.0	270.0
8693	42	Recyclable material merchant wholesalers	47	423930	103	47103	Lincoln County, Tennessee	yes	2.0	29.17358945531806	1036.705464265781
8694	42	Recyclable material merchant wholesalers	47	423930	105	47105	Loudon County, Tennessee	yes	1.0	14.12909780517818	515.4106953858935
8695	42	Recyclable material merchant wholesalers	47	423930	107	47107	McMinn County, Tennessee	no	3.6666666666666665	60.0	1939.0
8696	42	Recyclable material merchant wholesalers	47	423930	107	47107	McMinn County, Tennessee	yes	2.0	30.620524500042574	1064.3115706248236
8697	42	Recyclable material merchant wholesalers	47	423930	109	47109	McNairy County, Tennessee	yes	2.0	30.659672894446725	1143.659958960223
8698	42	Recyclable material merchant wholesalers	47	423930	111	47111	Macon County, Tennessee	yes	1.0	15.329836447223363	571.8299794801115
8699	42	Recyclable material merchant wholesalers	47	423930	113	47113	Madison County, Tennessee	no	6.833333333333333	89.66666666666667	2769.8333333333335
8700	42	Recyclable material merchant wholesalers	47	423930	115	47115	Marion County, Tennessee	yes	1.3333333333333333	21.240274357661274	800.0528287029607
8701	42	Recyclable material merchant wholesalers	47	423930	117	47117	Marshall County, Tennessee	no	3.0	20.4	674.4
8702	42	Recyclable material merchant wholesalers	47	423930	117	47117	Marshall County, Tennessee	yes	4.0	62.101010101010104	2242.0606060606065
8703	42	Recyclable material merchant wholesalers	47	423930	119	47119	Maury County, Tennessee	no	3.0	0.0	757.0
8704	42	Recyclable material merchant wholesalers	47	423930	119	47119	Maury County, Tennessee	yes	2.0	30.224574506303107	1160.343599103916
8705	42	Recyclable material merchant wholesalers	47	423930	123	47123	Monroe County, Tennessee	yes	2.0	30.659672894446725	1143.659958960223
8706	42	Recyclable material merchant wholesalers	47	423930	125	47125	Montgomery County, Tennessee	yes	2.0	30.659672894446725	1143.659958960223
8707	42	Recyclable material merchant wholesalers	47	423930	131	47131	Obion County, Tennessee	yes	1.1666666666666667	17.66116174842818	656.1352003636456
8708	42	Recyclable material merchant wholesalers	47	423930	133	47133	Overton County, Tennessee	yes	2.0	30.659672894446725	1143.659958960223
8709	42	Recyclable material merchant wholesalers	47	423930	141	47141	Putnam County, Tennessee	yes	1.0	15.329836447223363	571.8299794801115
8710	42	Recyclable material merchant wholesalers	47	423930	145	47145	Roane County, Tennessee	yes	3.3333333333333335	50.908376730417	1893.2143512430605
8711	42	Recyclable material merchant wholesalers	47	423930	147	47147	Robertson County, Tennessee	yes	1.0	13.501593444115638	497.6481523636088
8712	42	Recyclable material merchant wholesalers	47	423930	149	47149	Rutherford County, Tennessee	no	6.333333333333333	215.0	8052.666666666667
8713	42	Recyclable material merchant wholesalers	47	423930	149	47149	Rutherford County, Tennessee	yes	7.333333333333333	124.14680414680414	4689.826959826961
8714	42	Recyclable material merchant wholesalers	47	423930	151	47151	Scott County, Tennessee	yes	1.0	15.329836447223363	571.8299794801115
8715	42	Recyclable material merchant wholesalers	47	423930	153	47153	Sequatchie County, Tennessee	yes	1.0	15.329836447223363	571.8299794801115
8716	42	Recyclable material merchant wholesalers	47	423930	157	47157	Shelby County, Tennessee	no	20.6	293.4	10435.4
8717	42	Recyclable material merchant wholesalers	47	423930	157	47157	Shelby County, Tennessee	yes	20.0	380.90090090090087	16784.324324324323
8718	42	Recyclable material merchant wholesalers	47	423930	163	47163	Sullivan County, Tennessee	no	5.333333333333333	67.0	2536.8333333333335
8719	42	Recyclable material merchant wholesalers	47	423930	165	47165	Sumner County, Tennessee	no	7.5	30.5	1833.8333333333333
8720	42	Recyclable material merchant wholesalers	47	423930	167	47167	Tipton County, Tennessee	yes	1.0	19.045045045045043	839.2162162162163
8721	42	Recyclable material merchant wholesalers	47	423930	169	47169	Trousdale County, Tennessee	yes	1.0	15.971417471417473	545.3180153180153
8722	42	Recyclable material merchant wholesalers	47	423930	171	47171	Unicoi County, Tennessee	yes	1.5	25.109614814434092	951.2551668726368
8723	42	Recyclable material merchant wholesalers	47	423930	173	47173	Union County, Tennessee	yes	2.0	30.659672894446725	1143.659958960223
8724	42	Recyclable material merchant wholesalers	47	423930	177	47177	Warren County, Tennessee	no	3.0	15.0	437.0
8725	42	Recyclable material merchant wholesalers	47	423930	177	47177	Warren County, Tennessee	yes	1.4	22.38327872414302	847.9603641405226
8726	42	Recyclable material merchant wholesalers	47	423930	179	47179	Washington County, Tennessee	yes	5.166666666666667	80.90284787239553	3024.0231921237205
8727	42	Recyclable material merchant wholesalers	47	423930	183	47183	Weakley County, Tennessee	yes	1.0	13.66371289848673	500.3758766761409
8728	42	Recyclable material merchant wholesalers	47	423930	185	47185	White County, Tennessee	yes	2.0	30.659672894446725	1143.659958960223
8729	42	Recyclable material merchant wholesalers	47	423930	187	47187	Williamson County, Tennessee	no	3.0	10.0	344.0
8730	42	Recyclable material merchant wholesalers	47	423930	187	47187	Williamson County, Tennessee	yes	1.0	14.58679472765903	518.3527321328905
8731	42	Recyclable material merchant wholesalers	47	423930	189	47189	Wilson County, Tennessee	no	3.0	0.0	520.0
8732	42	Recyclable material merchant wholesalers	47	423930	189	47189	Wilson County, Tennessee	yes	2.0	29.17358945531806	1036.705464265781
8733	42	Refrigeration equipment and supplies merchant wholesalers	47	423740	1	47001	Anderson County, Tennessee	yes	1.0	14.020370370370367	889.2407407407408
8734	42	Refrigeration equipment and supplies merchant wholesalers	47	423740	37	47037	Davidson County, Tennessee	no	4.333333333333333	24.666666666666668	1670.0
8735	42	Refrigeration equipment and supplies merchant wholesalers	47	423740	37	47037	Davidson County, Tennessee	yes	2.6666666666666665	41.39259259259259	2479.137037037037
8736	42	Refrigeration equipment and supplies merchant wholesalers	47	423740	63	47063	Hamblen County, Tennessee	yes	1.0	14.020370370370367	889.2407407407408
8737	42	Refrigeration equipment and supplies merchant wholesalers	47	423740	65	47065	Hamilton County, Tennessee	no	4.25	42.25	1660.0
8738	42	Refrigeration equipment and supplies merchant wholesalers	47	423740	65	47065	Hamilton County, Tennessee	yes	2.0	25.433333333333334	1698.2555555555555
8739	42	Refrigeration equipment and supplies merchant wholesalers	47	423740	79	47079	Henry County, Tennessee	yes	1.0	14.020370370370367	889.2407407407408
8740	42	Refrigeration equipment and supplies merchant wholesalers	47	423740	93	47093	Knox County, Tennessee	no	3.1666666666666665	54.333333333333336	2241.5
8741	42	Refrigeration equipment and supplies merchant wholesalers	47	423740	113	47113	Madison County, Tennessee	yes	1.0	12.0	837.5333333333333
8742	42	Refrigeration equipment and supplies merchant wholesalers	47	423740	157	47157	Shelby County, Tennessee	no	4.0	40.2	2875.0
8743	42	Refrigeration equipment and supplies merchant wholesalers	47	423740	157	47157	Shelby County, Tennessee	yes	6.0	72.0	5025.200000000001
8744	42	Refrigeration equipment and supplies merchant wholesalers	47	423740	163	47163	Sullivan County, Tennessee	yes	1.0	12.0	837.5333333333333
8745	42	Refrigeration equipment and supplies merchant wholesalers	47	423740	165	47165	Sumner County, Tennessee	yes	1.0	14.020370370370367	889.2407407407408
8746	42	Refrigeration equipment and supplies merchant wholesalers	47	423740	187	47187	Williamson County, Tennessee	yes	1.0	14.020370370370367	889.2407407407408
8747	42	Refrigeration equipment and supplies merchant wholesalers	47	423740	189	47189	Wilson County, Tennessee	yes	2.0	28.040740740740734	1778.4814814814815
8748	42	Roofing, siding, and insulation material merchant wholesalers	47	423330	3	47003	Bedford County, Tennessee	yes	1.0	28.14932983682984	724.3528554778554
8749	42	Roofing, siding, and insulation material merchant wholesalers	47	423330	9	47009	Blount County, Tennessee	yes	1.0	24.571685606060605	817.2071022727273
8750	42	Roofing, siding, and insulation material merchant wholesalers	47	423330	35	47035	Cumberland County, Tennessee	yes	1.0	24.812747668997673	747.1498203185703
8751	42	Roofing, siding, and insulation material merchant wholesalers	47	423330	37	47037	Davidson County, Tennessee	no	17.833333333333332	176.33333333333334	9397.333333333334
8752	42	Roofing, siding, and insulation material merchant wholesalers	47	423330	45	47045	Dyer County, Tennessee	yes	1.0	24.571685606060605	817.2071022727273
8753	42	Roofing, siding, and insulation material merchant wholesalers	47	423330	63	47063	Hamblen County, Tennessee	yes	2.0	49.625495337995346	1494.2996406371406
8754	42	Roofing, siding, and insulation material merchant wholesalers	47	423330	65	47065	Hamilton County, Tennessee	no	5.333333333333333	41.666666666666664	2868.6666666666665
8755	42	Roofing, siding, and insulation material merchant wholesalers	47	423330	87	47087	Jackson County, Tennessee	yes	1.0	17.065277777777776	788.5791666666668
8756	42	Roofing, siding, and insulation material merchant wholesalers	47	423330	93	47093	Knox County, Tennessee	no	17.833333333333332	197.83333333333334	15745.333333333334
8757	42	Roofing, siding, and insulation material merchant wholesalers	47	423330	99	47099	Lawrence County, Tennessee	yes	1.0	32.56021756021756	705.7204739704739
8758	42	Roofing, siding, and insulation material merchant wholesalers	47	423330	105	47105	Loudon County, Tennessee	yes	1.0	33.92307692307693	608.1538461538462
8759	42	Roofing, siding, and insulation material merchant wholesalers	47	423330	113	47113	Madison County, Tennessee	yes	1.0	24.812747668997673	747.1498203185703
8760	42	Roofing, siding, and insulation material merchant wholesalers	47	423330	119	47119	Maury County, Tennessee	yes	1.6666666666666667	41.19387140637141	1291.954555167055
8761	42	Roofing, siding, and insulation material merchant wholesalers	47	423330	125	47125	Montgomery County, Tennessee	no	3.6666666666666665	23.833333333333332	1125.0
8762	42	Roofing, siding, and insulation material merchant wholesalers	47	423330	149	47149	Rutherford County, Tennessee	no	3.0	22.5	1800.25
8763	42	Roofing, siding, and insulation material merchant wholesalers	47	423330	149	47149	Rutherford County, Tennessee	yes	2.0	50.58974358974359	1214.0705128205127
8764	42	Roofing, siding, and insulation material merchant wholesalers	47	423330	157	47157	Shelby County, Tennessee	no	11.333333333333334	79.33333333333333	4526.833333333333
8765	42	Roofing, siding, and insulation material merchant wholesalers	47	423330	163	47163	Sullivan County, Tennessee	no	4.333333333333333	29.833333333333332	1619.1666666666667
8766	42	Roofing, siding, and insulation material merchant wholesalers	47	423330	179	47179	Washington County, Tennessee	no	3.0	19.0	1049.25
8767	42	Roofing, siding, and insulation material merchant wholesalers	47	423330	179	47179	Washington County, Tennessee	yes	2.0	50.58974358974359	1214.0705128205127
8768	42	Roofing, siding, and insulation material merchant wholesalers	47	423330	189	47189	Wilson County, Tennessee	yes	1.8333333333333333	39.39191433566434	1405.6873203185703
8769	42	Service establishment equipment and supplies merchant wholesalers	47	423850	1	47001	Anderson County, Tennessee	yes	1.0	9.818885448916408	395.02941176470586
8770	42	Service establishment equipment and supplies merchant wholesalers	47	423850	9	47009	Blount County, Tennessee	yes	2.0	18.86432296203968	793.3710444783974
8771	42	Service establishment equipment and supplies merchant wholesalers	47	423850	11	47011	Bradley County, Tennessee	yes	2.0	18.86432296203968	793.3710444783974
8772	42	Service establishment equipment and supplies merchant wholesalers	47	423850	13	47013	Campbell County, Tennessee	yes	1.0	9.43216148101984	396.6855222391987
8773	42	Service establishment equipment and supplies merchant wholesalers	47	423850	21	47021	Cheatham County, Tennessee	yes	1.0	9.43216148101984	396.6855222391987
8774	42	Service establishment equipment and supplies merchant wholesalers	47	423850	31	47031	Coffee County, Tennessee	yes	1.0	10.558823529411764	426.55882352941177
8775	42	Service establishment equipment and supplies merchant wholesalers	47	423850	35	47035	Cumberland County, Tennessee	yes	1.0	9.43216148101984	396.6855222391987
8776	42	Service establishment equipment and supplies merchant wholesalers	47	423850	37	47037	Davidson County, Tennessee	no	16.5	253.83333333333334	12437.833333333334
8777	42	Service establishment equipment and supplies merchant wholesalers	47	423850	65	47065	Hamilton County, Tennessee	no	6.333333333333333	120.33333333333333	4935.666666666667
8778	42	Service establishment equipment and supplies merchant wholesalers	47	423850	73	47073	Hawkins County, Tennessee	yes	1.0	9.818885448916408	395.02941176470586
8779	42	Service establishment equipment and supplies merchant wholesalers	47	423850	79	47079	Henry County, Tennessee	yes	2.0	18.86432296203968	793.3710444783974
8780	42	Service establishment equipment and supplies merchant wholesalers	47	423850	93	47093	Knox County, Tennessee	no	10.0	148.33333333333334	7909.333333333333
8781	42	Service establishment equipment and supplies merchant wholesalers	47	423850	93	47093	Knox County, Tennessee	yes	9.333333333333334	93.61609907120743	3702.284313725491
8782	42	Service establishment equipment and supplies merchant wholesalers	47	423850	113	47113	Madison County, Tennessee	no	3.0	36.666666666666664	1427.0
8783	42	Service establishment equipment and supplies merchant wholesalers	47	423850	113	47113	Madison County, Tennessee	yes	3.6666666666666665	36.74251805985552	1457.0588235294117
8784	42	Service establishment equipment and supplies merchant wholesalers	47	423850	123	47123	Monroe County, Tennessee	yes	1.0	9.43216148101984	396.6855222391987
8785	42	Service establishment equipment and supplies merchant wholesalers	47	423850	125	47125	Montgomery County, Tennessee	yes	1.0	9.766369047619047	454.31726190476195
8786	42	Service establishment equipment and supplies merchant wholesalers	47	423850	131	47131	Obion County, Tennessee	yes	2.0	18.86432296203968	793.3710444783974
8787	42	Service establishment equipment and supplies merchant wholesalers	47	423850	149	47149	Rutherford County, Tennessee	no	3.8333333333333335	22.166666666666668	707.3333333333334
8788	42	Service establishment equipment and supplies merchant wholesalers	47	423850	155	47155	Sevier County, Tennessee	yes	1.0	9.43216148101984	396.6855222391987
8789	42	Service establishment equipment and supplies merchant wholesalers	47	423850	157	47157	Shelby County, Tennessee	no	15.0	196.16666666666666	9203.0
8790	42	Service establishment equipment and supplies merchant wholesalers	47	423850	159	47159	Smith County, Tennessee	yes	1.0	9.766369047619047	454.31726190476195
8791	42	Service establishment equipment and supplies merchant wholesalers	47	423850	163	47163	Sullivan County, Tennessee	no	3.0	29.0	1015.0
8792	42	Service establishment equipment and supplies merchant wholesalers	47	423850	163	47163	Sullivan County, Tennessee	yes	2.25	21.169821277793414	842.3790106951872
8793	42	Service establishment equipment and supplies merchant wholesalers	47	423850	165	47165	Sumner County, Tennessee	yes	2.3333333333333335	22.13728477834515	921.2288876156523
8794	42	Service establishment equipment and supplies merchant wholesalers	47	423850	179	47179	Washington County, Tennessee	no	3.0	7.0	221.0
8795	42	Service establishment equipment and supplies merchant wholesalers	47	423850	179	47179	Washington County, Tennessee	yes	3.6	32.9207686663182	1381.1165431627196
8796	42	Service establishment equipment and supplies merchant wholesalers	47	423850	189	47189	Wilson County, Tennessee	yes	1.0	8.798791486291487	395.46908369408374
8797	42	Sporting and recreational goods and supplies merchant wholesalers	47	423910	3	47003	Bedford County, Tennessee	yes	1.5	11.341463414634147	331.4878048780488
8798	42	Sporting and recreational goods and supplies merchant wholesalers	47	423910	9	47009	Blount County, Tennessee	yes	3.0	20.782494416152954	803.8527901366925
8799	42	Sporting and recreational goods and supplies merchant wholesalers	47	423910	11	47011	Bradley County, Tennessee	yes	1.5	10.51263825605289	456.1871657881414
8800	42	Sporting and recreational goods and supplies merchant wholesalers	47	423910	33	47033	Crockett County, Tennessee	yes	1.0	8.063516483516484	404.03340659340665
8801	42	Sporting and recreational goods and supplies merchant wholesalers	47	423910	35	47035	Cumberland County, Tennessee	yes	2.0	13.982932189761458	575.9418041037553
8802	42	Sporting and recreational goods and supplies merchant wholesalers	47	423910	37	47037	Davidson County, Tennessee	no	10.0	64.83333333333333	3645.8333333333335
8803	42	Sporting and recreational goods and supplies merchant wholesalers	47	423910	41	47041	DeKalb County, Tennessee	yes	1.0	6.940587867417136	239.50927663122786
8804	42	Sporting and recreational goods and supplies merchant wholesalers	47	423910	43	47043	Dickson County, Tennessee	yes	1.0	6.8482958992227285	302.5114239256678
8805	42	Sporting and recreational goods and supplies merchant wholesalers	47	423910	47	47047	Fayette County, Tennessee	yes	1.0	5.0	201.23076923076925
8806	42	Sporting and recreational goods and supplies merchant wholesalers	47	423910	53	47053	Gibson County, Tennessee	yes	1.0	6.991466094880729	287.97090205187766
8807	42	Sporting and recreational goods and supplies merchant wholesalers	47	423910	55	47055	Giles County, Tennessee	yes	1.0	8.063516483516484	404.03340659340665
8808	42	Sporting and recreational goods and supplies merchant wholesalers	47	423910	65	47065	Hamilton County, Tennessee	no	4.166666666666667	10.333333333333334	594.1666666666666
8809	42	Sporting and recreational goods and supplies merchant wholesalers	47	423910	69	47069	Hardeman County, Tennessee	yes	1.0	6.991466094880729	287.97090205187766
8810	42	Sporting and recreational goods and supplies merchant wholesalers	47	423910	75	47075	Haywood County, Tennessee	yes	1.0	7.2682926829268295	232.4390243902439
8811	42	Sporting and recreational goods and supplies merchant wholesalers	47	423910	77	47077	Henderson County, Tennessee	yes	1.3333333333333333	9.679304922719558	422.6487042496799
8812	42	Sporting and recreational goods and supplies merchant wholesalers	47	423910	89	47089	Jefferson County, Tennessee	yes	1.0	6.455440900562852	229.93964978111322
8813	42	Sporting and recreational goods and supplies merchant wholesalers	47	423910	93	47093	Knox County, Tennessee	no	14.666666666666666	119.16666666666667	4992.333333333333
8814	42	Sporting and recreational goods and supplies merchant wholesalers	47	423910	99	47099	Lawrence County, Tennessee	yes	1.0	7.2682926829268295	232.4390243902439
8815	42	Sporting and recreational goods and supplies merchant wholesalers	47	423910	107	47107	McMinn County, Tennessee	yes	1.0	8.063516483516484	404.03340659340665
8816	42	Sporting and recreational goods and supplies merchant wholesalers	47	423910	113	47113	Madison County, Tennessee	yes	1.0	6.991466094880729	287.97090205187766
8817	42	Sporting and recreational goods and supplies merchant wholesalers	47	423910	115	47115	Marion County, Tennessee	yes	1.1666666666666667	8.276018940409182	323.84895083236546
8818	42	Sporting and recreational goods and supplies merchant wholesalers	47	423910	119	47119	Maury County, Tennessee	yes	2.3333333333333335	16.47886714911105	650.559690282617
8819	42	Sporting and recreational goods and supplies merchant wholesalers	47	423910	125	47125	Montgomery County, Tennessee	yes	1.0	6.940587867417136	239.50927663122786
8820	42	Sporting and recreational goods and supplies merchant wholesalers	47	423910	141	47141	Putnam County, Tennessee	yes	1.0	6.940587867417136	239.50927663122786
8821	42	Sporting and recreational goods and supplies merchant wholesalers	47	423910	147	47147	Robertson County, Tennessee	yes	1.0	6.940587867417136	239.50927663122786
8822	42	Sporting and recreational goods and supplies merchant wholesalers	47	423910	149	47149	Rutherford County, Tennessee	yes	1.6666666666666667	11.486997230411864	501.3239179248936
8823	42	Sporting and recreational goods and supplies merchant wholesalers	47	423910	153	47153	Sequatchie County, Tennessee	yes	1.0	6.455440900562852	229.93964978111322
8824	42	Sporting and recreational goods and supplies merchant wholesalers	47	423910	155	47155	Sevier County, Tennessee	yes	1.6666666666666667	11.29509336192263	441.26400190595314
8825	42	Sporting and recreational goods and supplies merchant wholesalers	47	423910	157	47157	Shelby County, Tennessee	no	21.833333333333332	383.5	15598.0
8826	42	Sporting and recreational goods and supplies merchant wholesalers	47	423910	163	47163	Sullivan County, Tennessee	no	5.0	22.333333333333332	934.0
8827	42	Sporting and recreational goods and supplies merchant wholesalers	47	423910	163	47163	Sullivan County, Tennessee	yes	4.333333333333333	29.71106941838649	1048.3106107984156
8828	42	Sporting and recreational goods and supplies merchant wholesalers	47	423910	165	47165	Sumner County, Tennessee	yes	2.3333333333333335	15.790624497453768	654.6170177789691
8829	42	Sporting and recreational goods and supplies merchant wholesalers	47	423910	179	47179	Washington County, Tennessee	yes	1.0	6.991466094880729	287.97090205187766
8830	42	Sporting and recreational goods and supplies merchant wholesalers	47	423910	183	47183	Weakley County, Tennessee	yes	1.0	8.063516483516484	404.03340659340665
8831	42	Sporting and recreational goods and supplies merchant wholesalers	47	423910	187	47187	Williamson County, Tennessee	no	6.666666666666667	81.66666666666667	6532.666666666667
8832	42	Sporting and recreational goods and supplies merchant wholesalers	47	423910	187	47187	Williamson County, Tennessee	yes	6.333333333333333	44.21263289555973	1508.8117573483426
8833	42	Stationery and office supplies merchant wholesalers	47	424120	1	47001	Anderson County, Tennessee	yes	1.6666666666666667	22.055134339344864	985.3561996483049
8834	42	Stationery and office supplies merchant wholesalers	47	424120	3	47003	Bedford County, Tennessee	no	3.0	171.66666666666666	13493.333333333334
8835	42	Stationery and office supplies merchant wholesalers	47	424120	3	47003	Bedford County, Tennessee	yes	2.6666666666666665	45.29671614934773	1726.2842555105715
8836	42	Stationery and office supplies merchant wholesalers	47	424120	21	47021	Cheatham County, Tennessee	yes	1.0	12.951282051282051	429.26025641025643
8837	42	Stationery and office supplies merchant wholesalers	47	424120	25	47025	Claiborne County, Tennessee	yes	1.0	12.09090909090909	851.5354545454545
8838	42	Stationery and office supplies merchant wholesalers	47	424120	37	47037	Davidson County, Tennessee	no	21.0	230.66666666666666	12584.166666666666
8839	42	Stationery and office supplies merchant wholesalers	47	424120	43	47043	Dickson County, Tennessee	yes	1.0	13.042718684823948	634.6006755817283
8840	42	Stationery and office supplies merchant wholesalers	47	424120	59	47059	Greene County, Tennessee	yes	1.0	13.042718684823948	634.6006755817283
8841	42	Stationery and office supplies merchant wholesalers	47	424120	63	47063	Hamblen County, Tennessee	yes	2.1666666666666665	27.274326258536785	1318.845795607901
8842	42	Stationery and office supplies merchant wholesalers	47	424120	65	47065	Hamilton County, Tennessee	no	9.166666666666666	74.0	4024.8333333333335
8843	42	Stationery and office supplies merchant wholesalers	47	424120	93	47093	Knox County, Tennessee	no	11.0	104.83333333333333	7529.333333333333
8844	42	Stationery and office supplies merchant wholesalers	47	424120	97	47097	Lauderdale County, Tennessee	yes	1.0	13.042718684823948	634.6006755817283
8845	42	Stationery and office supplies merchant wholesalers	47	424120	99	47099	Lawrence County, Tennessee	yes	1.0	13.042718684823948	634.6006755817283
8846	42	Stationery and office supplies merchant wholesalers	47	424120	101	47101	Lewis County, Tennessee	yes	1.0	13.042718684823948	634.6006755817283
8847	42	Stationery and office supplies merchant wholesalers	47	424120	105	47105	Loudon County, Tennessee	yes	1.0	7.133333333333333	297.8666666666667
8848	42	Stationery and office supplies merchant wholesalers	47	424120	113	47113	Madison County, Tennessee	no	3.3333333333333335	9.0	675.0
8849	42	Stationery and office supplies merchant wholesalers	47	424120	113	47113	Madison County, Tennessee	yes	3.0	30.581818181818182	1982.0309090909093
8850	42	Stationery and office supplies merchant wholesalers	47	424120	119	47119	Maury County, Tennessee	yes	2.3333333333333335	30.115740399950926	1553.0465026786078
8851	42	Stationery and office supplies merchant wholesalers	47	424120	125	47125	Montgomery County, Tennessee	yes	1.0	7.133333333333333	297.8666666666667
8852	42	Stationery and office supplies merchant wholesalers	47	424120	141	47141	Putnam County, Tennessee	yes	2.0	26.085437369647895	1269.2013511634566
8853	42	Stationery and office supplies merchant wholesalers	47	424120	149	47149	Rutherford County, Tennessee	yes	3.0	39.128156054471845	1903.8020267451848
8854	42	Stationery and office supplies merchant wholesalers	47	424120	155	47155	Sevier County, Tennessee	yes	2.0	26.085437369647895	1269.2013511634566
8855	42	Stationery and office supplies merchant wholesalers	47	424120	157	47157	Shelby County, Tennessee	no	30.2	596.6	31777.0
8856	42	Stationery and office supplies merchant wholesalers	47	424120	157	47157	Shelby County, Tennessee	yes	32.0	696.7017543859648	30945.684210526313
8857	42	Stationery and office supplies merchant wholesalers	47	424120	163	47163	Sullivan County, Tennessee	no	3.6666666666666665	6.666666666666667	230.83333333333334
8858	42	Stationery and office supplies merchant wholesalers	47	424120	165	47165	Sumner County, Tennessee	yes	1.0	13.042718684823948	634.6006755817283
8859	42	Stationery and office supplies merchant wholesalers	47	424120	179	47179	Washington County, Tennessee	yes	1.6666666666666667	22.055134339344864	985.3561996483049
8860	42	Stationery and office supplies merchant wholesalers	47	424120	185	47185	White County, Tennessee	yes	1.0	7.133333333333333	297.8666666666667
8861	42	Stationery and office supplies merchant wholesalers	47	424120	187	47187	Williamson County, Tennessee	no	10.0	93.16666666666667	8377.0
8862	42	Stationery and office supplies merchant wholesalers	47	424120	189	47189	Wilson County, Tennessee	yes	1.1666666666666667	14.231607573712836	684.2451200261727
8863	42	Tire and tube merchant wholesalers	47	423130	9	47009	Blount County, Tennessee	yes	2.0	28.782894736842106	1129.1862085769978
8864	42	Tire and tube merchant wholesalers	47	423130	37	47037	Davidson County, Tennessee	no	14.5	341.8333333333333	20011.666666666668
8865	42	Tire and tube merchant wholesalers	47	423130	53	47053	Gibson County, Tennessee	yes	1.0	15.375	423.375
8866	42	Tire and tube merchant wholesalers	47	423130	57	47057	Grainger County, Tennessee	yes	1.0	15.627923976608187	780.8048245614034
8867	42	Tire and tube merchant wholesalers	47	423130	65	47065	Hamilton County, Tennessee	no	5.0	41.0	2769.0
8868	42	Tire and tube merchant wholesalers	47	423130	89	47089	Jefferson County, Tennessee	yes	1.0	14.391447368421053	564.5931042884989
8869	42	Tire and tube merchant wholesalers	47	423130	93	47093	Knox County, Tennessee	no	12.833333333333334	167.5	8237.0
8870	42	Tire and tube merchant wholesalers	47	423130	105	47105	Loudon County, Tennessee	yes	1.0	14.194736842105263	592.8367251461988
8871	42	Tire and tube merchant wholesalers	47	423130	113	47113	Madison County, Tennessee	yes	1.0	14.391447368421053	564.5931042884989
8872	42	Tire and tube merchant wholesalers	47	423130	119	47119	Maury County, Tennessee	yes	1.0	14.391447368421053	564.5931042884989
8873	42	Tire and tube merchant wholesalers	47	423130	125	47125	Montgomery County, Tennessee	yes	1.0	14.391447368421053	564.5931042884989
8874	42	Tire and tube merchant wholesalers	47	423130	139	47139	Polk County, Tennessee	no	3.0	20.0	779.0
8875	42	Tire and tube merchant wholesalers	47	423130	139	47139	Polk County, Tennessee	yes	1.75	23.70266812865497	807.1307383040935
8876	42	Tire and tube merchant wholesalers	47	423130	145	47145	Roane County, Tennessee	yes	1.0	14.391447368421053	564.5931042884989
8877	42	Tire and tube merchant wholesalers	47	423130	147	47147	Robertson County, Tennessee	yes	1.0	14.75	441.15000000000003
8878	42	Tire and tube merchant wholesalers	47	423130	149	47149	Rutherford County, Tennessee	yes	2.0	28.782894736842106	1129.1862085769978
8879	42	Tire and tube merchant wholesalers	47	423130	157	47157	Shelby County, Tennessee	no	16.666666666666668	369.5	18320.5
8880	42	Tire and tube merchant wholesalers	47	423130	163	47163	Sullivan County, Tennessee	no	3.0	47.833333333333336	2094.1666666666665
8881	42	Tire and tube merchant wholesalers	47	423130	165	47165	Sumner County, Tennessee	yes	1.0	14.391447368421053	564.5931042884989
8882	42	Tire and tube merchant wholesalers	47	423130	179	47179	Washington County, Tennessee	yes	1.0	14.391447368421053	564.5931042884989
8883	42	Tire and tube merchant wholesalers	47	423130	183	47183	Weakley County, Tennessee	yes	1.0	14.194736842105263	592.8367251461988
8884	42	Tire and tube merchant wholesalers	47	423130	187	47187	Williamson County, Tennessee	yes	1.0	14.646198830409357	622.7820175438596
8885	42	Tire and tube merchant wholesalers	47	423130	189	47189	Wilson County, Tennessee	yes	3.0	43.17434210526315	1693.7793128654969
8886	42	Tobacco and tobacco product merchant wholesalers	47	424940	1	47001	Anderson County, Tennessee	yes	1.0	15.522053872053874	574.8015456421804
8887	42	Tobacco and tobacco product merchant wholesalers	47	424940	19	47019	Carter County, Tennessee	yes	1.0	15.522053872053874	574.8015456421804
8888	42	Tobacco and tobacco product merchant wholesalers	47	424940	29	47029	Cocke County, Tennessee	yes	1.0	45.0	1856.1052631578946
8889	42	Tobacco and tobacco product merchant wholesalers	47	424940	31	47031	Coffee County, Tennessee	yes	1.0	4.486111111111112	62.47239422084624
8890	42	Tobacco and tobacco product merchant wholesalers	47	424940	35	47035	Cumberland County, Tennessee	yes	1.0	15.522053872053874	574.8015456421804
8891	42	Tobacco and tobacco product merchant wholesalers	47	424940	37	47037	Davidson County, Tennessee	no	5.333333333333333	77.5	2097.3333333333335
8892	42	Tobacco and tobacco product merchant wholesalers	47	424940	39	47039	Decatur County, Tennessee	yes	1.0	28.199747474747475	1144.0895733652312
8893	42	Tobacco and tobacco product merchant wholesalers	47	424940	65	47065	Hamilton County, Tennessee	yes	2.0	31.766329966329966	1158.3057056634455
8894	42	Tobacco and tobacco product merchant wholesalers	47	424940	93	47093	Knox County, Tennessee	yes	1.0	21.062626262626264	869.6791146761735
8895	42	Tobacco and tobacco product merchant wholesalers	47	424940	99	47099	Lawrence County, Tennessee	yes	1.0	37.593939393939394	1599.4598484848484
8896	42	Tobacco and tobacco product merchant wholesalers	47	424940	105	47105	Loudon County, Tennessee	yes	1.0	15.522053872053874	574.8015456421804
8897	42	Tobacco and tobacco product merchant wholesalers	47	424940	113	47113	Madison County, Tennessee	yes	1.0	15.522053872053874	574.8015456421804
8898	42	Tobacco and tobacco product merchant wholesalers	47	424940	115	47115	Marion County, Tennessee	yes	1.0	15.522053872053874	574.8015456421804
8899	42	Tobacco and tobacco product merchant wholesalers	47	424940	119	47119	Maury County, Tennessee	yes	1.0	37.593939393939394	1599.4598484848484
8900	42	Tobacco and tobacco product merchant wholesalers	47	424940	141	47141	Putnam County, Tennessee	yes	1.0	15.522053872053874	574.8015456421804
8901	42	Tobacco and tobacco product merchant wholesalers	47	424940	157	47157	Shelby County, Tennessee	no	6.333333333333333	85.66666666666667	6481.833333333333
8902	42	Tobacco and tobacco product merchant wholesalers	47	424940	165	47165	Sumner County, Tennessee	yes	2.0	31.044107744107748	1149.6030912843607
8903	42	Tobacco and tobacco product merchant wholesalers	47	424940	167	47167	Tipton County, Tennessee	yes	1.0	15.522053872053874	574.8015456421804
8904	42	Tobacco and tobacco product merchant wholesalers	47	424940	169	47169	Trousdale County, Tennessee	yes	1.0	15.522053872053874	574.8015456421804
8905	42	Tobacco and tobacco product merchant wholesalers	47	424940	179	47179	Washington County, Tennessee	yes	2.0	31.044107744107748	1149.6030912843607
8906	42	Tobacco and tobacco product merchant wholesalers	47	424940	187	47187	Williamson County, Tennessee	yes	1.0	15.522053872053874	574.8015456421804
8907	42	Toy and hobby goods and supplies merchant wholesalers	47	423920	9	47009	Blount County, Tennessee	yes	1.0	17.466666666666665	483.93333333333334
8908	42	Toy and hobby goods and supplies merchant wholesalers	47	423920	37	47037	Davidson County, Tennessee	no	6.5	69.0	5355.0
8909	42	Toy and hobby goods and supplies merchant wholesalers	47	423920	65	47065	Hamilton County, Tennessee	yes	1.0	24.953995310245308	610.3650613275613
8910	42	Toy and hobby goods and supplies merchant wholesalers	47	423920	71	47071	Hardin County, Tennessee	yes	1.0	24.953995310245308	610.3650613275613
8911	42	Toy and hobby goods and supplies merchant wholesalers	47	423920	103	47103	Lincoln County, Tennessee	yes	1.0	32.666666666666664	336.5833333333333
8912	42	Toy and hobby goods and supplies merchant wholesalers	47	423920	107	47107	McMinn County, Tennessee	yes	1.0	32.666666666666664	336.5833333333333
8913	42	Toy and hobby goods and supplies merchant wholesalers	47	423920	115	47115	Marion County, Tennessee	no	3.0	0.0	475.0
8914	42	Toy and hobby goods and supplies merchant wholesalers	47	423920	115	47115	Marion County, Tennessee	yes	2.0	46.82292207792207	1330.242813852814
8915	42	Toy and hobby goods and supplies merchant wholesalers	47	423920	149	47149	Rutherford County, Tennessee	yes	1.0	26.306349206349207	473.6960317460318
8916	42	Toy and hobby goods and supplies merchant wholesalers	47	423920	157	47157	Shelby County, Tennessee	yes	3.3333333333333335	81.41198593073592	2015.0007395382393
8917	42	Toy and hobby goods and supplies merchant wholesalers	47	423920	163	47163	Sullivan County, Tennessee	yes	1.0	26.306349206349207	473.6960317460318
8918	42	Toy and hobby goods and supplies merchant wholesalers	47	423920	165	47165	Sumner County, Tennessee	yes	1.0	23.411461038961036	665.121406926407
8919	42	Toy and hobby goods and supplies merchant wholesalers	47	423920	173	47173	Union County, Tennessee	yes	1.0	30.726190476190474	468.57738095238096
8920	42	Toy and hobby goods and supplies merchant wholesalers	47	423920	187	47187	Williamson County, Tennessee	yes	2.0	49.907990620490615	1220.7301226551226
8921	42	Toy and hobby goods and supplies merchant wholesalers	47	423920	189	47189	Wilson County, Tennessee	yes	1.0	23.411461038961036	665.121406926407
8922	42	Transportation equipment and supplies (except motor vehicle) merchant wholesalers	47	423860	9	47009	Blount County, Tennessee	yes	1.3333333333333333	14.342618492618493	778.5752331002332
8923	42	Transportation equipment and supplies (except motor vehicle) merchant wholesalers	47	423860	11	47011	Bradley County, Tennessee	yes	1.0	6.538461538461539	322.84615384615387
8924	42	Transportation equipment and supplies (except motor vehicle) merchant wholesalers	47	423860	29	47029	Cocke County, Tennessee	yes	1.0	9.827972027972029	467.35174825174823
8925	42	Transportation equipment and supplies (except motor vehicle) merchant wholesalers	47	423860	37	47037	Davidson County, Tennessee	no	5.166666666666667	25.833333333333332	1446.1666666666667
8926	42	Transportation equipment and supplies (except motor vehicle) merchant wholesalers	47	423860	81	47081	Hickman County, Tennessee	yes	1.1666666666666667	12.775951825951827	701.8585664335665
8927	42	Transportation equipment and supplies (except motor vehicle) merchant wholesalers	47	423860	93	47093	Knox County, Tennessee	yes	2.0	23.37241647241647	1296.101748251748
8928	42	Transportation equipment and supplies (except motor vehicle) merchant wholesalers	47	423860	125	47125	Montgomery County, Tennessee	yes	1.0	13.916666666666664	834.625
8929	42	Transportation equipment and supplies (except motor vehicle) merchant wholesalers	47	423860	157	47157	Shelby County, Tennessee	no	10.666666666666666	314.0	19027.0
8930	42	Transportation equipment and supplies (except motor vehicle) merchant wholesalers	47	423860	163	47163	Sullivan County, Tennessee	yes	1.0	6.538461538461539	322.84615384615387
8931	42	Transportation equipment and supplies (except motor vehicle) merchant wholesalers	47	423860	165	47165	Sumner County, Tennessee	no	3.0	25.0	1831.0
8932	42	Transportation equipment and supplies (except motor vehicle) merchant wholesalers	47	423860	165	47165	Sumner County, Tennessee	yes	2.6666666666666665	28.68624708624709	1347.309557109557
8933	42	Transportation equipment and supplies (except motor vehicle) merchant wholesalers	47	423860	189	47189	Wilson County, Tennessee	yes	1.5	16.60019425019425	881.7267482517483
8934	42	Warm air heating and air-conditioning equipment and supplies merchant wholesalers	47	423730	1	47001	Anderson County, Tennessee	yes	1.0	13.954305006587616	538.421341403162
8935	42	Warm air heating and air-conditioning equipment and supplies merchant wholesalers	47	423730	9	47009	Blount County, Tennessee	yes	1.0	13.954305006587616	538.421341403162
8936	42	Warm air heating and air-conditioning equipment and supplies merchant wholesalers	47	423730	11	47011	Bradley County, Tennessee	yes	2.0	27.90861001317523	1076.842682806324
8937	42	Warm air heating and air-conditioning equipment and supplies merchant wholesalers	47	423730	31	47031	Coffee County, Tennessee	yes	1.5	21.236261528326747	857.0369694224856
8938	42	Warm air heating and air-conditioning equipment and supplies merchant wholesalers	47	423730	35	47035	Cumberland County, Tennessee	yes	1.3333333333333333	18.649305006587618	764.1818969587176
8939	42	Warm air heating and air-conditioning equipment and supplies merchant wholesalers	47	423730	37	47037	Davidson County, Tennessee	no	23.0	516.1666666666666	37242.0
8940	42	Warm air heating and air-conditioning equipment and supplies merchant wholesalers	47	423730	45	47045	Dyer County, Tennessee	yes	1.0	13.954305006587616	538.421341403162
8941	42	Warm air heating and air-conditioning equipment and supplies merchant wholesalers	47	423730	47	47047	Fayette County, Tennessee	yes	1.0	9.125	421.5625
8942	42	Warm air heating and air-conditioning equipment and supplies merchant wholesalers	47	423730	53	47053	Gibson County, Tennessee	yes	1.0	15.454545454545455	448.6358901515151
8943	42	Warm air heating and air-conditioning equipment and supplies merchant wholesalers	47	423730	63	47063	Hamblen County, Tennessee	yes	2.0	27.90861001317523	1076.842682806324
8944	42	Warm air heating and air-conditioning equipment and supplies merchant wholesalers	47	423730	65	47065	Hamilton County, Tennessee	no	15.5	107.83333333333333	9682.333333333334
8945	42	Warm air heating and air-conditioning equipment and supplies merchant wholesalers	47	423730	89	47089	Jefferson County, Tennessee	yes	1.0	14.563913043478264	637.2312560386473
8946	42	Warm air heating and air-conditioning equipment and supplies merchant wholesalers	47	423730	93	47093	Knox County, Tennessee	no	19.5	144.83333333333334	11286.666666666666
8947	42	Warm air heating and air-conditioning equipment and supplies merchant wholesalers	47	423730	113	47113	Madison County, Tennessee	no	8.0	21.5	1799.5
8948	42	Warm air heating and air-conditioning equipment and supplies merchant wholesalers	47	423730	117	47117	Marshall County, Tennessee	yes	1.0	13.954305006587616	538.421341403162
8949	42	Warm air heating and air-conditioning equipment and supplies merchant wholesalers	47	423730	119	47119	Maury County, Tennessee	no	3.0	0.0	244.0
8950	42	Warm air heating and air-conditioning equipment and supplies merchant wholesalers	47	423730	119	47119	Maury County, Tennessee	yes	1.4	19.95198418972332	697.4849657444005
8951	42	Warm air heating and air-conditioning equipment and supplies merchant wholesalers	47	423730	125	47125	Montgomery County, Tennessee	no	5.0	25.0	1768.6666666666667
8952	42	Warm air heating and air-conditioning equipment and supplies merchant wholesalers	47	423730	125	47125	Montgomery County, Tennessee	yes	5.0	66.72348484848486	2198.057133838384
8953	42	Warm air heating and air-conditioning equipment and supplies merchant wholesalers	47	423730	131	47131	Obion County, Tennessee	yes	1.0	13.954305006587616	538.421341403162
8954	42	Warm air heating and air-conditioning equipment and supplies merchant wholesalers	47	423730	141	47141	Putnam County, Tennessee	no	3.5	10.5	1158.6666666666667
8955	42	Warm air heating and air-conditioning equipment and supplies merchant wholesalers	47	423730	145	47145	Roane County, Tennessee	yes	1.0	13.888957509881422	468.99117877140975
8956	42	Warm air heating and air-conditioning equipment and supplies merchant wholesalers	47	423730	149	47149	Rutherford County, Tennessee	no	4.0	44.0	3123.0
8957	42	Warm air heating and air-conditioning equipment and supplies merchant wholesalers	47	423730	149	47149	Rutherford County, Tennessee	yes	6.0	81.02651515151514	2674.1373106060605
8958	42	Warm air heating and air-conditioning equipment and supplies merchant wholesalers	47	423730	155	47155	Sevier County, Tennessee	yes	2.0	27.90861001317523	1076.842682806324
8959	42	Warm air heating and air-conditioning equipment and supplies merchant wholesalers	47	423730	157	47157	Shelby County, Tennessee	no	36.0	341.3333333333333	26682.333333333332
8960	42	Warm air heating and air-conditioning equipment and supplies merchant wholesalers	47	423730	163	47163	Sullivan County, Tennessee	no	8.5	57.666666666666664	7090.0
8961	42	Warm air heating and air-conditioning equipment and supplies merchant wholesalers	47	423730	165	47165	Sumner County, Tennessee	yes	1.0	13.954305006587616	538.421341403162
8962	42	Warm air heating and air-conditioning equipment and supplies merchant wholesalers	47	423730	171	47171	Unicoi County, Tennessee	yes	1.0	13.954305006587616	538.421341403162
8963	42	Warm air heating and air-conditioning equipment and supplies merchant wholesalers	47	423730	177	47177	Warren County, Tennessee	yes	1.0	13.888957509881422	468.99117877140975
8964	42	Warm air heating and air-conditioning equipment and supplies merchant wholesalers	47	423730	179	47179	Washington County, Tennessee	no	6.0	10.166666666666666	610.3333333333334
8965	42	Warm air heating and air-conditioning equipment and supplies merchant wholesalers	47	423730	187	47187	Williamson County, Tennessee	yes	1.8333333333333333	25.800566534914363	943.9371997145366
8966	42	Warm air heating and air-conditioning equipment and supplies merchant wholesalers	47	423730	189	47189	Wilson County, Tennessee	no	3.0	13.5	615.8333333333334
8967	42	Wholesale trade agents and brokers	47	425120	1	47001	Anderson County, Tennessee	no	5.666666666666667	26.333333333333332	1041.0
8968	42	Wholesale trade agents and brokers	47	425120	1	47001	Anderson County, Tennessee	yes	4.0	64.49727295969093	1488.1377865522825
8969	42	Wholesale trade agents and brokers	47	425120	3	47003	Bedford County, Tennessee	yes	1.0	14.727421078776553	389.60789850772636
8970	42	Wholesale trade agents and brokers	47	425120	7	47007	Bledsoe County, Tennessee	yes	1.1666666666666667	17.546735720521102	447.9490200030535
8971	42	Wholesale trade agents and brokers	47	425120	9	47009	Blount County, Tennessee	no	6.25	21.0	1130.5
8972	42	Wholesale trade agents and brokers	47	425120	9	47009	Blount County, Tennessee	yes	7.5	119.56926091825306	3319.553247480403
8973	42	Wholesale trade agents and brokers	47	425120	11	47011	Bradley County, Tennessee	no	7.0	20.0	1426.0
8974	42	Wholesale trade agents and brokers	47	425120	13	47013	Campbell County, Tennessee	yes	1.5	21.292881005916808	573.5357990736906
8975	42	Wholesale trade agents and brokers	47	425120	15	47015	Cannon County, Tennessee	yes	1.3333333333333333	21.96255158676169	528.0422388741789
8976	42	Wholesale trade agents and brokers	47	425120	17	47017	Carroll County, Tennessee	no	3.0	8.666666666666666	155.33333333333334
8977	42	Wholesale trade agents and brokers	47	425120	17	47017	Carroll County, Tennessee	yes	1.6666666666666667	27.60118087025079	644.7244818648331
8978	42	Wholesale trade agents and brokers	47	425120	19	47019	Carter County, Tennessee	yes	1.1666666666666667	17.6121728518262	461.80116091907394
8979	42	Wholesale trade agents and brokers	47	425120	21	47021	Cheatham County, Tennessee	yes	2.1666666666666665	32.33959393060275	851.4090594268004
8980	42	Wholesale trade agents and brokers	47	425120	27	47027	Clay County, Tennessee	yes	1.0	14.077161853327205	363.4035330919368
8981	42	Wholesale trade agents and brokers	47	425120	29	47029	Cocke County, Tennessee	yes	2.0	29.454842157553106	779.2157970154527
8982	42	Wholesale trade agents and brokers	47	425120	31	47031	Coffee County, Tennessee	no	3.0	11.0	334.0
8983	42	Wholesale trade agents and brokers	47	425120	31	47031	Coffee County, Tennessee	yes	2.4	34.755057588048565	921.9792092678072
8984	42	Wholesale trade agents and brokers	47	425120	33	47033	Crockett County, Tennessee	no	4.0	6.75	908.25
8985	42	Wholesale trade agents and brokers	47	425120	33	47033	Crockett County, Tennessee	yes	2.0	26.297521467603435	804.091212919594
8986	42	Wholesale trade agents and brokers	47	425120	35	47035	Cumberland County, Tennessee	no	3.0	2.0	66.0
8987	42	Wholesale trade agents and brokers	47	425120	35	47035	Cumberland County, Tennessee	yes	2.5	34.72870407355527	927.829869413772
8988	42	Wholesale trade agents and brokers	47	425120	37	47037	Davidson County, Tennessee	no	99.83333333333333	629.5	47069.833333333336
8989	42	Wholesale trade agents and brokers	47	425120	39	47039	Decatur County, Tennessee	yes	1.0	14.727421078776553	389.60789850772636
8990	42	Wholesale trade agents and brokers	47	425120	41	47041	DeKalb County, Tennessee	yes	1.1666666666666667	16.90996076131624	439.5205969204248
8991	42	Wholesale trade agents and brokers	47	425120	43	47043	Dickson County, Tennessee	yes	1.6666666666666667	25.412714098560055	684.285651400597
8992	42	Wholesale trade agents and brokers	47	425120	45	47045	Dyer County, Tennessee	yes	1.0	14.74736842105263	450.8736842105263
8993	42	Wholesale trade agents and brokers	47	425120	47	47047	Fayette County, Tennessee	no	7.833333333333333	13.5	1699.1666666666667
8994	42	Wholesale trade agents and brokers	47	425120	49	47049	Fentress County, Tennessee	yes	1.0	14.727421078776553	389.60789850772636
8995	42	Wholesale trade agents and brokers	47	425120	51	47051	Franklin County, Tennessee	no	3.0	2.0	37.0
8996	42	Wholesale trade agents and brokers	47	425120	51	47051	Franklin County, Tennessee	yes	1.4	19.470707460392976	541.7158058995735
8997	42	Wholesale trade agents and brokers	47	425120	53	47053	Gibson County, Tennessee	no	3.2	2.0	148.0
8998	42	Wholesale trade agents and brokers	47	425120	53	47053	Gibson County, Tennessee	yes	2.0	29.49473684210526	901.7473684210526
8999	42	Wholesale trade agents and brokers	47	425120	55	47055	Giles County, Tennessee	yes	1.8333333333333333	27.27230247501343	729.3030986027543
9000	42	Wholesale trade agents and brokers	47	425120	57	47057	Grainger County, Tennessee	yes	1.5	22.18717013990289	573.0073324508396
9001	42	Wholesale trade agents and brokers	47	425120	59	47059	Greene County, Tennessee	no	6.0	41.333333333333336	532.0
9002	42	Wholesale trade agents and brokers	47	425120	59	47059	Greene County, Tennessee	yes	5.0	81.48873725375279	2029.0956975855825
9003	42	Wholesale trade agents and brokers	47	425120	63	47063	Hamblen County, Tennessee	no	6.333333333333333	33.333333333333336	863.3333333333334
9004	42	Wholesale trade agents and brokers	47	425120	65	47065	Hamilton County, Tennessee	no	58.5	390.6666666666667	30715.333333333332
9005	42	Wholesale trade agents and brokers	47	425120	69	47069	Hardeman County, Tennessee	yes	1.0	15.51675125126397	383.38904453169107
9006	42	Wholesale trade agents and brokers	47	425120	71	47071	Hardin County, Tennessee	no	5.25	52.25	1566.5
9007	42	Wholesale trade agents and brokers	47	425120	71	47071	Hardin County, Tennessee	yes	2.5	39.42956326987682	1109.4701007838746
9008	42	Wholesale trade agents and brokers	47	425120	73	47073	Hawkins County, Tennessee	no	3.5	5.0	211.0
9009	42	Wholesale trade agents and brokers	47	425120	73	47073	Hawkins County, Tennessee	yes	1.75	25.489858158213814	731.3438147464711
9010	42	Wholesale trade agents and brokers	47	425120	77	47077	Henderson County, Tennessee	yes	1.5	24.68219484882419	658.5964165733483
9011	42	Wholesale trade agents and brokers	47	425120	79	47079	Henry County, Tennessee	yes	1.3333333333333333	20.00463045736321	523.0946340381412
9012	42	Wholesale trade agents and brokers	47	425120	81	47081	Hickman County, Tennessee	yes	1.4	20.725656799462417	507.259325256797
9013	42	Wholesale trade agents and brokers	47	425120	89	47089	Jefferson County, Tennessee	no	4.0	8.0	560.0
9014	42	Wholesale trade agents and brokers	47	425120	89	47089	Jefferson County, Tennessee	yes	4.5	71.13429290565846	1787.985338794391
9015	42	Wholesale trade agents and brokers	47	425120	93	47093	Knox County, Tennessee	no	83.66666666666667	957.8333333333334	52307.5
9016	42	Wholesale trade agents and brokers	47	425120	97	47097	Lauderdale County, Tennessee	yes	1.0	14.727421078776553	389.60789850772636
9017	42	Wholesale trade agents and brokers	47	425120	99	47099	Lawrence County, Tennessee	no	3.0	12.333333333333334	133.0
9018	42	Wholesale trade agents and brokers	47	425120	99	47099	Lawrence County, Tennessee	yes	2.3333333333333335	39.14018796244937	933.4975315102232
9019	42	Wholesale trade agents and brokers	47	425120	101	47101	Lewis County, Tennessee	yes	1.0	15.005562972852692	324.76145972407653
9020	42	Wholesale trade agents and brokers	47	425120	103	47103	Lincoln County, Tennessee	yes	2.3333333333333335	35.15890857234731	909.7501809221275
9021	42	Wholesale trade agents and brokers	47	425120	105	47105	Loudon County, Tennessee	no	10.0	93.83333333333333	2859.8333333333335
9022	42	Wholesale trade agents and brokers	47	425120	107	47107	McMinn County, Tennessee	yes	1.6	24.951488878167833	604.0053478495686
9023	42	Wholesale trade agents and brokers	47	425120	109	47109	McNairy County, Tennessee	yes	1.0	13.148760733801717	402.045606459797
9024	42	Wholesale trade agents and brokers	47	425120	113	47113	Madison County, Tennessee	no	6.0	173.0	5282.0
9025	42	Wholesale trade agents and brokers	47	425120	113	47113	Madison County, Tennessee	yes	5.6	84.47288875836963	2271.9074509495463
9026	42	Wholesale trade agents and brokers	47	425120	115	47115	Marion County, Tennessee	yes	1.3333333333333333	20.00463045736321	523.0946340381412
9027	42	Wholesale trade agents and brokers	47	425120	117	47117	Marshall County, Tennessee	yes	1.3333333333333333	20.070067588668305	536.9467749541617
9028	42	Wholesale trade agents and brokers	47	425120	119	47119	Maury County, Tennessee	no	5.666666666666667	76.16666666666667	6583.5
9029	42	Wholesale trade agents and brokers	47	425120	123	47123	Monroe County, Tennessee	yes	3.5	52.326383508444756	1340.3138881370726
9030	42	Wholesale trade agents and brokers	47	425120	125	47125	Montgomery County, Tennessee	no	5.4	16.8	500.6
9031	42	Wholesale trade agents and brokers	47	425120	125	47125	Montgomery County, Tennessee	yes	4.0	58.98947368421052	1803.494736842105
9032	42	Wholesale trade agents and brokers	47	425120	129	47129	Morgan County, Tennessee	yes	1.0	14.727421078776553	389.60789850772636
9033	42	Wholesale trade agents and brokers	47	425120	131	47131	Obion County, Tennessee	yes	1.0	14.74736842105263	450.8736842105263
9034	42	Wholesale trade agents and brokers	47	425120	139	47139	Polk County, Tennessee	yes	1.0	13.148760733801717	402.045606459797
9035	42	Wholesale trade agents and brokers	47	425120	141	47141	Putnam County, Tennessee	no	8.166666666666666	62.333333333333336	937.3333333333334
9036	42	Wholesale trade agents and brokers	47	425120	143	47143	Rhea County, Tennessee	no	3.0	1.5	128.0
9037	42	Wholesale trade agents and brokers	47	425120	143	47143	Rhea County, Tennessee	yes	2.25	30.343873515756606	852.089591422203
9038	42	Wholesale trade agents and brokers	47	425120	145	47145	Roane County, Tennessee	no	3.5	0.5	429.0
9039	42	Wholesale trade agents and brokers	47	425120	145	47145	Roane County, Tennessee	yes	2.0	28.98038886956168	802.5058130510414
9040	42	Wholesale trade agents and brokers	47	425120	147	47147	Robertson County, Tennessee	no	4.0	11.166666666666666	398.6666666666667
9041	42	Wholesale trade agents and brokers	47	425120	149	47149	Rutherford County, Tennessee	no	20.166666666666668	54.333333333333336	5478.833333333333
9042	42	Wholesale trade agents and brokers	47	425120	151	47151	Scott County, Tennessee	yes	1.6666666666666667	25.071921912952533	645.2005948621871
9043	42	Wholesale trade agents and brokers	47	425120	153	47153	Sequatchie County, Tennessee	yes	1.6666666666666667	25.498778949160073	642.2482432384469
9044	42	Wholesale trade agents and brokers	47	425120	155	47155	Sevier County, Tennessee	yes	1.8333333333333333	25.9333154252986	698.5941115214765
9045	42	Wholesale trade agents and brokers	47	425120	157	47157	Shelby County, Tennessee	no	133.66666666666666	1013.8333333333334	70255.5
9046	42	Wholesale trade agents and brokers	47	425120	159	47159	Smith County, Tennessee	yes	1.0	14.727421078776553	389.60789850772636
9047	42	Wholesale trade agents and brokers	47	425120	163	47163	Sullivan County, Tennessee	no	12.8	142.4	3762.2
9048	42	Wholesale trade agents and brokers	47	425120	163	47163	Sullivan County, Tennessee	yes	13.0	219.90654205607476	4550.607476635514
9049	42	Wholesale trade agents and brokers	47	425120	165	47165	Sumner County, Tennessee	no	21.166666666666668	77.33333333333333	4270.5
9050	42	Wholesale trade agents and brokers	47	425120	167	47167	Tipton County, Tennessee	yes	1.6	24.187358927121988	593.8912401504141
9051	42	Wholesale trade agents and brokers	47	425120	169	47169	Trousdale County, Tennessee	yes	1.6666666666666667	24.112195647661355	631.8769205690177
9052	42	Wholesale trade agents and brokers	47	425120	173	47173	Union County, Tennessee	yes	1.0	16.323922303272596	411.3599958835246
9053	42	Wholesale trade agents and brokers	47	425120	177	47177	Warren County, Tennessee	yes	2.1666666666666665	31.97817402570031	868.2135519665609
9054	42	Wholesale trade agents and brokers	47	425120	179	47179	Washington County, Tennessee	no	6.333333333333333	107.33333333333333	3651.0
9055	42	Wholesale trade agents and brokers	47	425120	179	47179	Washington County, Tennessee	yes	5.0	84.04987947099804	2011.3815878431415
9056	42	Wholesale trade agents and brokers	47	425120	185	47185	White County, Tennessee	yes	1.0	13.148760733801717	402.045606459797
9057	42	Wholesale trade agents and brokers	47	425120	187	47187	Williamson County, Tennessee	no	68.33333333333333	170.66666666666666	18799.166666666668
9058	42	Wholesale trade agents and brokers	47	425120	189	47189	Wilson County, Tennessee	no	22.333333333333332	237.33333333333334	9496.833333333334
9059	42	Wine and distilled alcoholic beverage merchant wholesalers	47	424820	37	47037	Davidson County, Tennessee	no	10.833333333333334	585.8333333333334	44882.333333333336
9060	42	Wine and distilled alcoholic beverage merchant wholesalers	47	424820	43	47043	Dickson County, Tennessee	yes	1.0	24.200000000000003	157.8
9061	42	Wine and distilled alcoholic beverage merchant wholesalers	47	424820	53	47053	Gibson County, Tennessee	yes	1.0	5.416666666666666	349.75
9062	42	Wine and distilled alcoholic beverage merchant wholesalers	47	424820	65	47065	Hamilton County, Tennessee	no	4.5	96.83333333333333	5973.833333333333
9063	42	Wine and distilled alcoholic beverage merchant wholesalers	47	424820	93	47093	Knox County, Tennessee	no	6.333333333333333	238.0	18760.666666666668
9064	42	Wine and distilled alcoholic beverage merchant wholesalers	47	424820	103	47103	Lincoln County, Tennessee	yes	1.0	17.6046875	877.7364583333333
9065	42	Wine and distilled alcoholic beverage merchant wholesalers	47	424820	125	47125	Montgomery County, Tennessee	yes	1.0	9.258333333333333	244.15833333333333
9066	42	Wine and distilled alcoholic beverage merchant wholesalers	47	424820	149	47149	Rutherford County, Tennessee	yes	1.0	11.677777777777777	285.76666666666665
9067	42	Wine and distilled alcoholic beverage merchant wholesalers	47	424820	157	47157	Shelby County, Tennessee	no	4.0	188.16666666666666	12560.166666666666
9068	42	Wine and distilled alcoholic beverage merchant wholesalers	47	424820	187	47187	Williamson County, Tennessee	yes	1.0	15.383750000000001	754.4891666666666
9069	42	Women's, children's, and infants' clothing and accessories merchant wholesalers	47	424330	1	47001	Anderson County, Tennessee	yes	1.0	15.293654548876816	633.4966358042719
9070	42	Women's, children's, and infants' clothing and accessories merchant wholesalers	47	424330	9	47009	Blount County, Tennessee	yes	2.0	30.587309097753632	1266.9932716085439
9071	42	Women's, children's, and infants' clothing and accessories merchant wholesalers	47	424330	11	47011	Bradley County, Tennessee	yes	1.0	18.657894736842103	758.6578947368421
9072	42	Women's, children's, and infants' clothing and accessories merchant wholesalers	47	424330	37	47037	Davidson County, Tennessee	no	9.666666666666666	51.666666666666664	5491.666666666667
9073	42	Women's, children's, and infants' clothing and accessories merchant wholesalers	47	424330	37	47037	Davidson County, Tennessee	yes	8.333333333333334	176.24383671597295	6691.26344455911
9074	42	Women's, children's, and infants' clothing and accessories merchant wholesalers	47	424330	43	47043	Dickson County, Tennessee	yes	1.0	9.33424178895877	462.1960866526904
9075	42	Women's, children's, and infants' clothing and accessories merchant wholesalers	47	424330	45	47045	Dyer County, Tennessee	yes	1.0	15.293654548876816	633.4966358042719
9076	42	Women's, children's, and infants' clothing and accessories merchant wholesalers	47	424330	53	47053	Gibson County, Tennessee	yes	1.0	15.293654548876816	633.4966358042719
9077	42	Women's, children's, and infants' clothing and accessories merchant wholesalers	47	424330	55	47055	Giles County, Tennessee	yes	1.0	15.293654548876816	633.4966358042719
9078	42	Women's, children's, and infants' clothing and accessories merchant wholesalers	47	424330	59	47059	Greene County, Tennessee	yes	1.0	15.293654548876816	633.4966358042719
9079	42	Women's, children's, and infants' clothing and accessories merchant wholesalers	47	424330	65	47065	Hamilton County, Tennessee	no	3.0	9.5	2078.3333333333335
9080	42	Women's, children's, and infants' clothing and accessories merchant wholesalers	47	424330	89	47089	Jefferson County, Tennessee	yes	1.0	15.293654548876816	633.4966358042719
9081	42	Women's, children's, and infants' clothing and accessories merchant wholesalers	47	424330	93	47093	Knox County, Tennessee	no	4.166666666666667	34.5	1195.1666666666667
9082	42	Women's, children's, and infants' clothing and accessories merchant wholesalers	47	424330	113	47113	Madison County, Tennessee	yes	1.1666666666666667	18.403303671683833	759.9396182604123
9083	42	Women's, children's, and infants' clothing and accessories merchant wholesalers	47	424330	141	47141	Putnam County, Tennessee	yes	1.0	9.33424178895877	462.1960866526904
9084	42	Women's, children's, and infants' clothing and accessories merchant wholesalers	47	424330	145	47145	Roane County, Tennessee	yes	1.0	15.293654548876816	633.4966358042719
9085	42	Women's, children's, and infants' clothing and accessories merchant wholesalers	47	424330	149	47149	Rutherford County, Tennessee	yes	1.8333333333333333	26.874346134790667	1126.0719753122478
9086	42	Women's, children's, and infants' clothing and accessories merchant wholesalers	47	424330	155	47155	Sevier County, Tennessee	no	3.0	2.0	41.0
9087	42	Women's, children's, and infants' clothing and accessories merchant wholesalers	47	424330	155	47155	Sevier County, Tennessee	yes	1.5	28.60427416580667	1114.1165290677675
9088	42	Women's, children's, and infants' clothing and accessories merchant wholesalers	47	424330	157	47157	Shelby County, Tennessee	no	10.0	251.66666666666666	15774.666666666666
9089	42	Women's, children's, and infants' clothing and accessories merchant wholesalers	47	424330	157	47157	Shelby County, Tennessee	yes	10.333333333333334	219.95659901387455	8329.81444215113
9090	42	Women's, children's, and infants' clothing and accessories merchant wholesalers	47	424330	163	47163	Sullivan County, Tennessee	no	3.0	4.5	300.0
9091	42	Women's, children's, and infants' clothing and accessories merchant wholesalers	47	424330	165	47165	Sumner County, Tennessee	yes	1.0	16.407941014207733	672.6181851873487
9092	42	Women's, children's, and infants' clothing and accessories merchant wholesalers	47	424330	179	47179	Washington County, Tennessee	yes	1.0	15.999999999999998	641.7083333333333
9093	42	Women's, children's, and infants' clothing and accessories merchant wholesalers	47	424330	183	47183	Weakley County, Tennessee	yes	1.0	18.3703560371517	713.0701109391124
9094	42	Women's, children's, and infants' clothing and accessories merchant wholesalers	47	424330	187	47187	Williamson County, Tennessee	no	4.5	13.666666666666666	683.5
9095	42	Women's, children's, and infants' clothing and accessories merchant wholesalers	47	424330	189	47189	Wilson County, Tennessee	yes	1.0	18.3703560371517	713.0701109391124
9096	44	All other health and personal care stores	47	446199	1	47001	Anderson County, Tennessee	no	3.0	11.5	342.5
9097	44	All other health and personal care stores	47	446199	1	47001	Anderson County, Tennessee	yes	2.25	20.422019533388067	522.0502899220032
9098	44	All other health and personal care stores	47	446199	3	47003	Bedford County, Tennessee	yes	1.0	8.301997964120808	227.46212876563092
9099	44	All other health and personal care stores	47	446199	5	47005	Benton County, Tennessee	yes	2.0	16.603995928241616	454.92425753126184
9100	44	All other health and personal care stores	47	446199	9	47009	Blount County, Tennessee	no	3.6	6.6	269.0
9101	44	All other health and personal care stores	47	446199	9	47009	Blount County, Tennessee	yes	5.0	59.6031746031746	1063.3333333333333
9102	44	All other health and personal care stores	47	446199	11	47011	Bradley County, Tennessee	no	5.666666666666667	17.166666666666668	614.3333333333334
9103	44	All other health and personal care stores	47	446199	13	47013	Campbell County, Tennessee	yes	1.1666666666666667	9.744526699752992	266.0081057771252
9104	44	All other health and personal care stores	47	446199	15	47015	Cannon County, Tennessee	yes	1.0	6.3539434523809515	257.2729910714286
9105	44	All other health and personal care stores	47	446199	19	47019	Carter County, Tennessee	yes	1.0	8.301997964120808	227.46212876563092
9106	44	All other health and personal care stores	47	446199	25	47025	Claiborne County, Tennessee	yes	1.6666666666666667	14.486014777447965	369.16659384078565
9107	44	All other health and personal care stores	47	446199	29	47029	Cocke County, Tennessee	yes	1.0	10.462050720671408	218.4003831417625
9108	44	All other health and personal care stores	47	446199	31	47031	Coffee County, Tennessee	yes	3.0	24.905993892362428	682.3863862968927
9109	44	All other health and personal care stores	47	446199	35	47035	Cumberland County, Tennessee	yes	2.0	18.274511402151486	439.82080840017267
9110	44	All other health and personal care stores	47	446199	37	47037	Davidson County, Tennessee	no	28.833333333333332	211.33333333333334	8571.333333333334
9111	44	All other health and personal care stores	47	446199	39	47039	Decatur County, Tennessee	yes	1.0	8.301997964120808	227.46212876563092
9112	44	All other health and personal care stores	47	446199	43	47043	Dickson County, Tennessee	no	3.0	0.0	223.0
9113	44	All other health and personal care stores	47	446199	43	47043	Dickson County, Tennessee	yes	2.0	15.60065718285546	461.40566076165214
9114	44	All other health and personal care stores	47	446199	45	47045	Dyer County, Tennessee	yes	1.0	11.92063492063492	212.66666666666666
9115	44	All other health and personal care stores	47	446199	51	47051	Franklin County, Tennessee	yes	1.0	8.655172413793103	231.27586206896552
9116	44	All other health and personal care stores	47	446199	53	47053	Gibson County, Tennessee	no	3.0	6.333333333333333	254.5
9117	44	All other health and personal care stores	47	446199	59	47059	Greene County, Tennessee	no	4.0	20.0	621.0
9118	44	All other health and personal care stores	47	446199	59	47059	Greene County, Tennessee	yes	1.8	17.54581299208454	396.55110624289506
9119	44	All other health and personal care stores	47	446199	63	47063	Hamblen County, Tennessee	no	4.0	0.0	1767.0
9120	44	All other health and personal care stores	47	446199	63	47063	Hamblen County, Tennessee	yes	3.0	26.548153946149643	663.8671097795882
9121	44	All other health and personal care stores	47	446199	65	47065	Hamilton County, Tennessee	no	17.5	126.5	5004.166666666667
9122	44	All other health and personal care stores	47	446199	71	47071	Hardin County, Tennessee	yes	1.6666666666666667	14.486014777447965	369.16659384078565
9123	44	All other health and personal care stores	47	446199	75	47075	Haywood County, Tennessee	yes	1.0	10.810344827586206	211.25862068965517
9124	44	All other health and personal care stores	47	446199	77	47077	Henderson County, Tennessee	yes	1.0	8.301997964120808	227.46212876563092
9125	44	All other health and personal care stores	47	446199	79	47079	Henry County, Tennessee	yes	1.0	8.301997964120808	227.46212876563092
9126	44	All other health and personal care stores	47	446199	81	47081	Hickman County, Tennessee	yes	1.0	6.3539434523809515	257.2729910714286
9127	44	All other health and personal care stores	47	446199	85	47085	Humphreys County, Tennessee	yes	1.0	10.28790366721401	221.9712643678161
9128	44	All other health and personal care stores	47	446199	91	47091	Johnson County, Tennessee	yes	1.0	10.28790366721401	221.9712643678161
9129	44	All other health and personal care stores	47	446199	93	47093	Knox County, Tennessee	no	24.333333333333332	101.66666666666667	6722.5
9130	44	All other health and personal care stores	47	446199	99	47099	Lawrence County, Tennessee	no	4.0	14.5	465.5
9131	44	All other health and personal care stores	47	446199	99	47099	Lawrence County, Tennessee	yes	4.0	45.46195949644225	847.8505747126437
9132	44	All other health and personal care stores	47	446199	101	47101	Lewis County, Tennessee	yes	1.6666666666666667	14.486014777447965	369.16659384078565
9133	44	All other health and personal care stores	47	446199	105	47105	Loudon County, Tennessee	yes	1.6666666666666667	14.486014777447965	369.16659384078565
9134	44	All other health and personal care stores	47	446199	109	47109	McNairy County, Tennessee	yes	1.0	8.301997964120808	227.46212876563092
9135	44	All other health and personal care stores	47	446199	111	47111	Macon County, Tennessee	yes	1.0	11.92063492063492	212.66666666666666
9136	44	All other health and personal care stores	47	446199	113	47113	Madison County, Tennessee	no	8.0	29.333333333333332	3035.3333333333335
9137	44	All other health and personal care stores	47	446199	119	47119	Maury County, Tennessee	no	5.166666666666667	73.83333333333333	2637.3333333333335
9138	44	All other health and personal care stores	47	446199	123	47123	Monroe County, Tennessee	yes	1.3333333333333333	10.419979114914458	313.2197924561071
9139	44	All other health and personal care stores	47	446199	125	47125	Montgomery County, Tennessee	no	4.25	18.25	1028.5
9140	44	All other health and personal care stores	47	446199	125	47125	Montgomery County, Tennessee	yes	4.5	51.42227695675972	954.183908045977
9141	44	All other health and personal care stores	47	446199	141	47141	Putnam County, Tennessee	no	6.666666666666667	34.833333333333336	3505.3333333333335
9142	44	All other health and personal care stores	47	446199	145	47145	Roane County, Tennessee	yes	1.75	15.571891709822744	371.9467285587975
9143	44	All other health and personal care stores	47	446199	147	47147	Robertson County, Tennessee	yes	1.0	6.141945207570207	236.52387438949938
9144	44	All other health and personal care stores	47	446199	149	47149	Rutherford County, Tennessee	no	8.75	45.75	2775.25
9145	44	All other health and personal care stores	47	446199	149	47149	Rutherford County, Tennessee	yes	9.0	88.67241379310346	1981.3965517241381
9146	44	All other health and personal care stores	47	446199	155	47155	Sevier County, Tennessee	no	3.0	4.666666666666667	369.3333333333333
9147	44	All other health and personal care stores	47	446199	155	47155	Sevier County, Tennessee	yes	2.0	16.788977306218687	425.04008252284115
9148	44	All other health and personal care stores	47	446199	157	47157	Shelby County, Tennessee	no	23.166666666666668	222.5	9765.166666666666
9149	44	All other health and personal care stores	47	446199	163	47163	Sullivan County, Tennessee	no	7.5	36.833333333333336	1732.6666666666667
9150	44	All other health and personal care stores	47	446199	165	47165	Sumner County, Tennessee	no	4.6	20.8	1332.6
9151	44	All other health and personal care stores	47	446199	165	47165	Sumner County, Tennessee	yes	3.0	25.96551724137931	693.8275862068965
9152	44	All other health and personal care stores	47	446199	167	47167	Tipton County, Tennessee	no	3.0	1.0	52.0
9153	44	All other health and personal care stores	47	446199	167	47167	Tipton County, Tennessee	yes	1.0	7.578270572817987	230.42122118542375
9154	44	All other health and personal care stores	47	446199	177	47177	Warren County, Tennessee	yes	2.0	16.603995928241616	454.92425753126184
9155	44	All other health and personal care stores	47	446199	179	47179	Washington County, Tennessee	no	6.5	24.333333333333332	1022.3333333333334
9156	44	All other health and personal care stores	47	446199	181	47181	Wayne County, Tennessee	yes	1.0	8.655172413793103	231.27586206896552
9157	44	All other health and personal care stores	47	446199	183	47183	Weakley County, Tennessee	yes	1.0	8.301997964120808	227.46212876563092
9158	44	All other health and personal care stores	47	446199	185	47185	White County, Tennessee	yes	1.0	8.301997964120808	227.46212876563092
9159	44	All other health and personal care stores	47	446199	187	47187	Williamson County, Tennessee	no	8.166666666666666	79.5	3742.6666666666665
9160	44	All other health and personal care stores	47	446199	189	47189	Wilson County, Tennessee	no	3.0	17.5	1027.0
9161	44	All other health and personal care stores	47	446199	189	47189	Wilson County, Tennessee	yes	2.0	16.641847119594964	479.2442554392447
9162	44	All other home furnishings stores	47	442299	3	47003	Bedford County, Tennessee	yes	1.0	7.129599567099568	117.66011072261072
9163	44	All other home furnishings stores	47	442299	9	47009	Blount County, Tennessee	no	4.0	18.0	142.0
9164	44	All other home furnishings stores	47	442299	9	47009	Blount County, Tennessee	yes	2.0	13.146630591630592	218.80546620046616
9165	44	All other home furnishings stores	47	442299	11	47011	Bradley County, Tennessee	no	5.0	44.5	647.8333333333334
9166	44	All other home furnishings stores	47	442299	13	47013	Campbell County, Tennessee	yes	1.0	6.615693780995504	105.69767988237815
9167	44	All other home furnishings stores	47	442299	19	47019	Carter County, Tennessee	yes	1.8	11.809130591630591	200.8929662004662
9168	44	All other home furnishings stores	47	442299	25	47025	Claiborne County, Tennessee	yes	1.0	6.248215996168582	92.69206178160918
9169	44	All other home furnishings stores	47	442299	31	47031	Coffee County, Tennessee	yes	1.0	6.54476911976912	114.36279137529137
9170	44	All other home furnishings stores	47	442299	35	47035	Cumberland County, Tennessee	yes	2.0	13.231387561991008	211.3953597647563
9171	44	All other home furnishings stores	47	442299	37	47037	Davidson County, Tennessee	no	44.166666666666664	537.3333333333334	10796.666666666666
9172	44	All other home furnishings stores	47	442299	47	47047	Fayette County, Tennessee	yes	1.0	6.248215996168582	92.69206178160918
9173	44	All other home furnishings stores	47	442299	51	47051	Franklin County, Tennessee	yes	1.1666666666666667	7.730277114328839	120.62476321571148
9174	44	All other home furnishings stores	47	442299	53	47053	Gibson County, Tennessee	yes	2.0	13.231387561991008	211.3953597647563
9175	44	All other home furnishings stores	47	442299	57	47057	Grainger County, Tennessee	yes	1.0	6.615693780995504	105.69767988237815
9176	44	All other home furnishings stores	47	442299	59	47059	Greene County, Tennessee	yes	1.0	6.573315295815296	109.40273310023308
9177	44	All other home furnishings stores	47	442299	63	47063	Hamblen County, Tennessee	yes	1.1666666666666667	7.753624815478264	120.22641551456206
9178	44	All other home furnishings stores	47	442299	65	47065	Hamilton County, Tennessee	no	22.166666666666668	215.33333333333334	4296.833333333333
9179	44	All other home furnishings stores	47	442299	71	47071	Hardin County, Tennessee	yes	1.1666666666666667	7.753624815478264	120.22641551456206
9180	44	All other home furnishings stores	47	442299	85	47085	Humphreys County, Tennessee	yes	1.0	6.827586206896552	87.17241379310344
9181	44	All other home furnishings stores	47	442299	89	47089	Jefferson County, Tennessee	yes	1.3333333333333333	9.065910231211955	149.60065191035017
9182	44	All other home furnishings stores	47	442299	91	47091	Johnson County, Tennessee	yes	1.0	6.615693780995504	105.69767988237815
9183	44	All other home furnishings stores	47	442299	93	47093	Knox County, Tennessee	no	31.0	395.5	6382.666666666667
9184	44	All other home furnishings stores	47	442299	97	47097	Lauderdale County, Tennessee	yes	1.0	6.615693780995504	105.69767988237815
9185	44	All other home furnishings stores	47	442299	99	47099	Lawrence County, Tennessee	yes	1.0	6.615693780995504	105.69767988237815
9186	44	All other home furnishings stores	47	442299	105	47105	Loudon County, Tennessee	yes	1.0	6.277777777777778	107.33333333333333
9187	44	All other home furnishings stores	47	442299	107	47107	McMinn County, Tennessee	yes	1.0	6.482638888888889	98.44791666666666
9188	44	All other home furnishings stores	47	442299	111	47111	Macon County, Tennessee	yes	1.0	6.573315295815296	109.40273310023308
9189	44	All other home furnishings stores	47	442299	113	47113	Madison County, Tennessee	no	11.0	112.0	1840.3333333333333
9190	44	All other home furnishings stores	47	442299	119	47119	Maury County, Tennessee	no	3.0	21.333333333333332	584.0
9191	44	All other home furnishings stores	47	442299	119	47119	Maury County, Tennessee	yes	2.0	12.203575989782886	187.4704980842912
9192	44	All other home furnishings stores	47	442299	125	47125	Montgomery County, Tennessee	no	7.666666666666667	75.66666666666667	927.5
9193	44	All other home furnishings stores	47	442299	133	47133	Overton County, Tennessee	yes	1.0	6.6337662337662335	116.70594405594404
9194	44	All other home furnishings stores	47	442299	141	47141	Putnam County, Tennessee	no	4.166666666666667	43.0	808.1666666666666
9195	44	All other home furnishings stores	47	442299	147	47147	Robertson County, Tennessee	yes	1.0	6.615693780995504	105.69767988237815
9196	44	All other home furnishings stores	47	442299	149	47149	Rutherford County, Tennessee	no	9.333333333333334	159.83333333333334	3237.6666666666665
9197	44	All other home furnishings stores	47	442299	155	47155	Sevier County, Tennessee	no	27.5	237.66666666666666	4654.166666666667
9198	44	All other home furnishings stores	47	442299	157	47157	Shelby County, Tennessee	no	44.166666666666664	571.5	8993.0
9199	44	All other home furnishings stores	47	442299	163	47163	Sullivan County, Tennessee	no	5.666666666666667	51.833333333333336	550.0
9200	44	All other home furnishings stores	47	442299	165	47165	Sumner County, Tennessee	no	3.0	59.166666666666664	876.6666666666666
9201	44	All other home furnishings stores	47	442299	167	47167	Tipton County, Tennessee	yes	1.0	6.827586206896552	87.17241379310344
9202	44	All other home furnishings stores	47	442299	177	47177	Warren County, Tennessee	yes	1.1666666666666667	7.730277114328839	120.62476321571148
9203	44	All other home furnishings stores	47	442299	179	47179	Washington County, Tennessee	no	8.666666666666666	82.83333333333333	1286.0
9204	44	All other home furnishings stores	47	442299	183	47183	Weakley County, Tennessee	yes	1.0	6.615693780995504	105.69767988237815
9205	44	All other home furnishings stores	47	442299	185	47185	White County, Tennessee	yes	2.0	13.231387561991008	211.3953597647563
9206	44	All other home furnishings stores	47	442299	187	47187	Williamson County, Tennessee	no	24.5	277.1666666666667	4958.0
9207	44	All other home furnishings stores	47	442299	189	47189	Wilson County, Tennessee	no	5.666666666666667	86.0	1402.6666666666667
9208	44	All other home furnishings stores	47	442299	189	47189	Wilson County, Tennessee	yes	3.6666666666666665	23.978049169859514	355.6238026819924
9209	44	All other specialty food stores	47	445299	1	47001	Anderson County, Tennessee	no	3.0	14.0	104.0
9210	44	All other specialty food stores	47	445299	1	47001	Anderson County, Tennessee	yes	2.0	19.16457717065729	166.15010476549273
9211	44	All other specialty food stores	47	445299	9	47009	Blount County, Tennessee	yes	2.0	15.58173076923077	154.19951923076923
9212	44	All other specialty food stores	47	445299	11	47011	Bradley County, Tennessee	yes	1.0	8.985147518424226	81.08328812695912
9213	44	All other specialty food stores	47	445299	29	47029	Cocke County, Tennessee	yes	1.0	7.790865384615385	77.09975961538461
9214	44	All other specialty food stores	47	445299	37	47037	Davidson County, Tennessee	no	11.8	64.2	797.0
9215	44	All other specialty food stores	47	445299	37	47037	Davidson County, Tennessee	yes	7.0	52.208333333333336	431.2291666666667
9216	44	All other specialty food stores	47	445299	45	47045	Dyer County, Tennessee	yes	1.0	7.790865384615385	77.09975961538461
9217	44	All other specialty food stores	47	445299	63	47063	Hamblen County, Tennessee	yes	1.0	7.790865384615385	77.09975961538461
9218	44	All other specialty food stores	47	445299	65	47065	Hamilton County, Tennessee	no	7.0	58.5	1040.0
9219	44	All other specialty food stores	47	445299	65	47065	Hamilton County, Tennessee	yes	5.5	62.99518613607189	501.3318356867779
9220	44	All other specialty food stores	47	445299	89	47089	Jefferson County, Tennessee	yes	1.0	7.790865384615385	77.09975961538461
9221	44	All other specialty food stores	47	445299	93	47093	Knox County, Tennessee	no	8.6	84.8	1232.0
9222	44	All other specialty food stores	47	445299	93	47093	Knox County, Tennessee	yes	5.0	54.868421052631575	549.7368421052631
9223	44	All other specialty food stores	47	445299	105	47105	Loudon County, Tennessee	yes	1.0	7.790865384615385	77.09975961538461
9224	44	All other specialty food stores	47	445299	113	47113	Madison County, Tennessee	yes	1.5	14.032760198498394	122.25651145458714
9225	44	All other specialty food stores	47	445299	119	47119	Maury County, Tennessee	yes	2.0	17.97029503684845	162.16657625391824
9226	44	All other specialty food stores	47	445299	125	47125	Montgomery County, Tennessee	yes	3.8333333333333335	35.319244701589334	311.2145334490497
9227	44	All other specialty food stores	47	445299	131	47131	Obion County, Tennessee	yes	1.0	8.985147518424226	81.08328812695912
9228	44	All other specialty food stores	47	445299	135	47135	Perry County, Tennessee	yes	1.0	7.458333333333333	61.604166666666664
9229	44	All other specialty food stores	47	445299	141	47141	Putnam County, Tennessee	yes	1.6666666666666667	14.751629725195334	139.31791432979898
9230	44	All other specialty food stores	47	445299	147	47147	Robertson County, Tennessee	yes	1.0	8.649723310156663	87.35193930425982
9231	44	All other specialty food stores	47	445299	149	47149	Rutherford County, Tennessee	no	8.0	62.0	586.0
9232	44	All other specialty food stores	47	445299	149	47149	Rutherford County, Tennessee	yes	6.0	55.17390104012376	487.68486821533196
9233	44	All other specialty food stores	47	445299	155	47155	Sevier County, Tennessee	no	7.4	47.0	915.8
9234	44	All other specialty food stores	47	445299	155	47155	Sevier County, Tennessee	yes	2.0	14.916666666666666	123.20833333333333
9235	44	All other specialty food stores	47	445299	157	47157	Shelby County, Tennessee	no	14.75	115.75	1382.5
9236	44	All other specialty food stores	47	445299	157	47157	Shelby County, Tennessee	yes	7.5	73.51880081300813	517.5658028455284
9237	44	All other specialty food stores	47	445299	163	47163	Sullivan County, Tennessee	yes	1.0	8.985147518424226	81.08328812695912
9238	44	All other specialty food stores	47	445299	165	47165	Sumner County, Tennessee	yes	1.6666666666666667	15.373339908643322	136.46665638212338
9239	44	All other specialty food stores	47	445299	167	47167	Tipton County, Tennessee	yes	1.0	7.790865384615385	77.09975961538461
9240	44	All other specialty food stores	47	445299	177	47177	Warren County, Tennessee	yes	1.0	9.582288585328644	83.07505238274636
9241	44	All other specialty food stores	47	445299	179	47179	Washington County, Tennessee	yes	1.8333333333333333	15.994685280750886	149.5852754409101
9242	44	All other specialty food stores	47	445299	183	47183	Weakley County, Tennessee	yes	1.0	11.853658536585366	75.48780487804878
9243	44	All other specialty food stores	47	445299	187	47187	Williamson County, Tennessee	no	8.6	63.6	625.2
9244	44	All other specialty food stores	47	445299	187	47187	Williamson County, Tennessee	yes	7.0	52.208333333333336	431.2291666666667
9245	44	All other specialty food stores	47	445299	189	47189	Wilson County, Tennessee	yes	1.6666666666666667	14.26326206691921	135.20349785382646
9246	44	Automotive parts and accessories stores	47	441310	1	47001	Anderson County, Tennessee	no	9.833333333333334	93.83333333333333	1928.1666666666667
9247	44	Automotive parts and accessories stores	47	441310	3	47003	Bedford County, Tennessee	no	6.833333333333333	48.333333333333336	1103.8333333333333
9248	44	Automotive parts and accessories stores	47	441310	5	47005	Benton County, Tennessee	no	5.666666666666667	35.5	871.0
9249	44	Automotive parts and accessories stores	47	441310	7	47007	Bledsoe County, Tennessee	yes	1.0	11.644227975684005	221.2665710239014
9250	44	Automotive parts and accessories stores	47	441310	9	47009	Blount County, Tennessee	no	11.833333333333334	123.83333333333333	2427.1666666666665
9251	44	Automotive parts and accessories stores	47	441310	11	47011	Bradley County, Tennessee	no	15.833333333333334	139.66666666666666	3224.1666666666665
9252	44	Automotive parts and accessories stores	47	441310	13	47013	Campbell County, Tennessee	no	6.166666666666667	42.5	852.1666666666666
9253	44	Automotive parts and accessories stores	47	441310	15	47015	Cannon County, Tennessee	no	3.5	19.833333333333332	505.5
9254	44	Automotive parts and accessories stores	47	441310	17	47017	Carroll County, Tennessee	no	6.333333333333333	19.5	593.5
9255	44	Automotive parts and accessories stores	47	441310	19	47019	Carter County, Tennessee	no	7.833333333333333	52.5	1246.6666666666667
9256	44	Automotive parts and accessories stores	47	441310	21	47021	Cheatham County, Tennessee	no	4.666666666666667	29.666666666666668	696.8333333333334
9257	44	Automotive parts and accessories stores	47	441310	23	47023	Chester County, Tennessee	no	3.0	16.166666666666668	467.0
9258	44	Automotive parts and accessories stores	47	441310	25	47025	Claiborne County, Tennessee	no	7.166666666666667	34.166666666666664	592.5
9259	44	Automotive parts and accessories stores	47	441310	27	47027	Clay County, Tennessee	yes	2.0	23.28845595136801	442.5331420478028
9260	44	Automotive parts and accessories stores	47	441310	29	47029	Cocke County, Tennessee	no	7.0	59.166666666666664	1199.8333333333333
9261	44	Automotive parts and accessories stores	47	441310	31	47031	Coffee County, Tennessee	no	10.333333333333334	95.33333333333333	1960.5
9262	44	Automotive parts and accessories stores	47	441310	33	47033	Crockett County, Tennessee	yes	1.5	15.321298286338008	302.6079692891194
9263	44	Automotive parts and accessories stores	47	441310	35	47035	Cumberland County, Tennessee	no	8.5	72.66666666666667	1819.5
9264	44	Automotive parts and accessories stores	47	441310	37	47037	Davidson County, Tennessee	no	88.83333333333333	1049.5	29166.5
9265	44	Automotive parts and accessories stores	47	441310	39	47039	Decatur County, Tennessee	yes	1.6666666666666667	18.10334956838929	344.99578980193996
9266	44	Automotive parts and accessories stores	47	441310	41	47041	DeKalb County, Tennessee	no	4.0	24.4	547.0
9267	44	Automotive parts and accessories stores	47	441310	41	47041	DeKalb County, Tennessee	yes	4.0	66.4	1413.0666666666668
9268	44	Automotive parts and accessories stores	47	441310	43	47043	Dickson County, Tennessee	no	8.666666666666666	66.0	1575.6666666666667
9269	44	Automotive parts and accessories stores	47	441310	45	47045	Dyer County, Tennessee	no	7.0	60.0	1279.0
9270	44	Automotive parts and accessories stores	47	441310	45	47045	Dyer County, Tennessee	yes	8.0	127.47452264048009	2238.8027641389344
9271	44	Automotive parts and accessories stores	47	441310	47	47047	Fayette County, Tennessee	no	4.0	35.0	967.8333333333334
9272	44	Automotive parts and accessories stores	47	441310	49	47049	Fentress County, Tennessee	no	5.5	27.166666666666668	602.6666666666666
9273	44	Automotive parts and accessories stores	47	441310	51	47051	Franklin County, Tennessee	no	4.666666666666667	38.5	816.1666666666666
9274	44	Automotive parts and accessories stores	47	441310	53	47053	Gibson County, Tennessee	no	15.333333333333334	91.66666666666667	2063.6666666666665
9275	44	Automotive parts and accessories stores	47	441310	55	47055	Giles County, Tennessee	no	6.333333333333333	57.5	1293.8333333333333
9276	44	Automotive parts and accessories stores	47	441310	57	47057	Grainger County, Tennessee	yes	2.0	23.28845595136801	442.5331420478028
9277	44	Automotive parts and accessories stores	47	441310	59	47059	Greene County, Tennessee	no	8.0	71.0	1602.6666666666667
9278	44	Automotive parts and accessories stores	47	441310	61	47061	Grundy County, Tennessee	no	4.0	15.0	275.0
9279	44	Automotive parts and accessories stores	47	441310	61	47061	Grundy County, Tennessee	yes	1.8	23.134251966892823	389.3802998495218
9280	44	Automotive parts and accessories stores	47	441310	63	47063	Hamblen County, Tennessee	no	13.833333333333334	123.0	2224.0
9281	44	Automotive parts and accessories stores	47	441310	65	47065	Hamilton County, Tennessee	no	48.5	526.3333333333334	12587.0
9282	44	Automotive parts and accessories stores	47	441310	67	47067	Hancock County, Tennessee	yes	1.0	11.644227975684005	221.2665710239014
9283	44	Automotive parts and accessories stores	47	441310	69	47069	Hardeman County, Tennessee	no	3.0	20.833333333333332	581.1666666666666
9284	44	Automotive parts and accessories stores	47	441310	71	47071	Hardin County, Tennessee	no	5.0	35.666666666666664	920.8333333333334
9285	44	Automotive parts and accessories stores	47	441310	73	47073	Hawkins County, Tennessee	no	7.0	34.333333333333336	761.0
9286	44	Automotive parts and accessories stores	47	441310	75	47075	Haywood County, Tennessee	no	3.0	20.666666666666668	496.5
9287	44	Automotive parts and accessories stores	47	441310	77	47077	Henderson County, Tennessee	no	4.833333333333333	38.833333333333336	881.1666666666666
9288	44	Automotive parts and accessories stores	47	441310	79	47079	Henry County, Tennessee	no	5.666666666666667	37.833333333333336	858.5
9289	44	Automotive parts and accessories stores	47	441310	81	47081	Hickman County, Tennessee	no	3.0	0.0	211.0
9290	44	Automotive parts and accessories stores	47	441310	81	47081	Hickman County, Tennessee	yes	2.6	27.4315699848117	508.5504872868767
9291	44	Automotive parts and accessories stores	47	441310	83	47083	Houston County, Tennessee	yes	1.0	11.644227975684005	221.2665710239014
9292	44	Automotive parts and accessories stores	47	441310	85	47085	Humphreys County, Tennessee	no	6.0	28.0	844.6666666666666
9293	44	Automotive parts and accessories stores	47	441310	87	47087	Jackson County, Tennessee	yes	1.0	11.644227975684005	221.2665710239014
9294	44	Automotive parts and accessories stores	47	441310	89	47089	Jefferson County, Tennessee	no	8.5	80.33333333333333	1732.1666666666667
9295	44	Automotive parts and accessories stores	47	441310	91	47091	Johnson County, Tennessee	yes	2.0	23.28845595136801	442.5331420478028
9296	44	Automotive parts and accessories stores	47	441310	93	47093	Knox County, Tennessee	no	72.5	733.8333333333334	18308.5
9297	44	Automotive parts and accessories stores	47	441310	97	47097	Lauderdale County, Tennessee	no	4.5	23.166666666666668	636.3333333333334
9298	44	Automotive parts and accessories stores	47	441310	99	47099	Lawrence County, Tennessee	no	8.5	54.0	1312.6666666666667
9299	44	Automotive parts and accessories stores	47	441310	101	47101	Lewis County, Tennessee	no	3.0	24.833333333333332	724.8333333333334
9300	44	Automotive parts and accessories stores	47	441310	103	47103	Lincoln County, Tennessee	no	5.5	42.0	780.0
9301	44	Automotive parts and accessories stores	47	441310	105	47105	Loudon County, Tennessee	no	9.833333333333334	59.0	1461.5
9302	44	Automotive parts and accessories stores	47	441310	107	47107	McMinn County, Tennessee	no	9.666666666666666	78.0	1618.5
9303	44	Automotive parts and accessories stores	47	441310	109	47109	McNairy County, Tennessee	no	5.0	26.666666666666668	605.5
9304	44	Automotive parts and accessories stores	47	441310	111	47111	Macon County, Tennessee	no	3.4	30.4	572.2
9305	44	Automotive parts and accessories stores	47	441310	111	47111	Macon County, Tennessee	yes	4.0	66.76923076923077	1017.3076923076924
9306	44	Automotive parts and accessories stores	47	441310	113	47113	Madison County, Tennessee	no	15.166666666666666	136.16666666666666	3018.8333333333335
9307	44	Automotive parts and accessories stores	47	441310	115	47115	Marion County, Tennessee	no	5.0	36.5	750.1666666666666
9308	44	Automotive parts and accessories stores	47	441310	117	47117	Marshall County, Tennessee	no	5.166666666666667	41.333333333333336	830.8333333333334
9309	44	Automotive parts and accessories stores	47	441310	119	47119	Maury County, Tennessee	no	10.5	106.0	1902.8333333333333
9310	44	Automotive parts and accessories stores	47	441310	121	47121	Meigs County, Tennessee	yes	2.0	23.28845595136801	442.5331420478028
9311	44	Automotive parts and accessories stores	47	441310	123	47123	Monroe County, Tennessee	no	9.5	64.16666666666667	1274.0
9312	44	Automotive parts and accessories stores	47	441310	125	47125	Montgomery County, Tennessee	no	23.666666666666668	233.33333333333334	4411.5
9313	44	Automotive parts and accessories stores	47	441310	129	47129	Morgan County, Tennessee	no	3.0	28.333333333333332	420.3333333333333
9314	44	Automotive parts and accessories stores	47	441310	129	47129	Morgan County, Tennessee	yes	3.0	47.802945990180035	839.5510365521004
9315	44	Automotive parts and accessories stores	47	441310	131	47131	Obion County, Tennessee	no	4.666666666666667	31.166666666666668	713.8333333333334
9316	44	Automotive parts and accessories stores	47	441310	133	47133	Overton County, Tennessee	no	3.0	15.666666666666666	534.6666666666666
9317	44	Automotive parts and accessories stores	47	441310	133	47133	Overton County, Tennessee	yes	2.0	14.708281242616005	325.365593060872
9318	44	Automotive parts and accessories stores	47	441310	135	47135	Perry County, Tennessee	yes	1.0	11.644227975684005	221.2665710239014
9319	44	Automotive parts and accessories stores	47	441310	137	47137	Pickett County, Tennessee	yes	1.0	11.644227975684005	221.2665710239014
9320	44	Automotive parts and accessories stores	47	441310	139	47139	Polk County, Tennessee	yes	2.1666666666666665	26.055122618034677	501.41091982558055
9321	44	Automotive parts and accessories stores	47	441310	141	47141	Putnam County, Tennessee	no	15.333333333333334	148.33333333333334	3108.8333333333335
9322	44	Automotive parts and accessories stores	47	441310	143	47143	Rhea County, Tennessee	no	6.0	40.0	919.6666666666666
9323	44	Automotive parts and accessories stores	47	441310	145	47145	Roane County, Tennessee	no	5.666666666666667	40.166666666666664	963.5
9324	44	Automotive parts and accessories stores	47	441310	147	47147	Robertson County, Tennessee	no	11.0	98.66666666666667	2101.1666666666665
9325	44	Automotive parts and accessories stores	47	441310	149	47149	Rutherford County, Tennessee	no	35.5	396.1666666666667	9421.333333333334
9326	44	Automotive parts and accessories stores	47	441310	151	47151	Scott County, Tennessee	no	5.0	39.166666666666664	712.3333333333334
9327	44	Automotive parts and accessories stores	47	441310	153	47153	Sequatchie County, Tennessee	yes	2.3333333333333335	28.488946949731353	523.5805370287085
9328	44	Automotive parts and accessories stores	47	441310	155	47155	Sevier County, Tennessee	no	13.166666666666666	140.33333333333334	2832.3333333333335
9329	44	Automotive parts and accessories stores	47	441310	157	47157	Shelby County, Tennessee	no	109.83333333333333	1220.0	28988.0
9330	44	Automotive parts and accessories stores	47	441310	159	47159	Smith County, Tennessee	yes	3.0	34.932683927052025	663.7997130717042
9331	44	Automotive parts and accessories stores	47	441310	161	47161	Stewart County, Tennessee	no	3.0	6.0	126.0
9332	44	Automotive parts and accessories stores	47	441310	161	47161	Stewart County, Tennessee	yes	1.0	10.653073570820808	194.86655189534835
9333	44	Automotive parts and accessories stores	47	441310	163	47163	Sullivan County, Tennessee	no	27.166666666666668	265.3333333333333	5520.5
9334	44	Automotive parts and accessories stores	47	441310	165	47165	Sumner County, Tennessee	no	15.0	127.0	2697.5
9335	44	Automotive parts and accessories stores	47	441310	167	47167	Tipton County, Tennessee	no	6.333333333333333	53.166666666666664	1191.5
9336	44	Automotive parts and accessories stores	47	441310	169	47169	Trousdale County, Tennessee	yes	2.0	23.28845595136801	442.5331420478028
9337	44	Automotive parts and accessories stores	47	441310	171	47171	Unicoi County, Tennessee	no	3.0	22.0	498.0
9338	44	Automotive parts and accessories stores	47	441310	171	47171	Unicoi County, Tennessee	yes	2.0	26.87444596806299	482.7349777355097
9339	44	Automotive parts and accessories stores	47	441310	173	47173	Union County, Tennessee	no	3.6666666666666665	21.0	417.0
9340	44	Automotive parts and accessories stores	47	441310	177	47177	Warren County, Tennessee	no	8.166666666666666	76.83333333333333	1710.3333333333333
9341	44	Automotive parts and accessories stores	47	441310	179	47179	Washington County, Tennessee	no	27.333333333333332	222.0	5255.166666666667
9342	44	Automotive parts and accessories stores	47	441310	181	47181	Wayne County, Tennessee	yes	1.8333333333333333	20.870016235055957	403.8735675797177
9343	44	Automotive parts and accessories stores	47	441310	183	47183	Weakley County, Tennessee	no	7.0	32.0	1297.3333333333333
9344	44	Automotive parts and accessories stores	47	441310	185	47185	White County, Tennessee	no	4.0	36.166666666666664	695.5
9345	44	Automotive parts and accessories stores	47	441310	187	47187	Williamson County, Tennessee	no	14.5	144.83333333333334	5398.166666666667
9346	44	Automotive parts and accessories stores	47	441310	189	47189	Wilson County, Tennessee	no	11.166666666666666	107.66666666666667	2216.8333333333335
9347	44	Baked goods stores	47	445291	1	47001	Anderson County, Tennessee	yes	1.0	4.451612903225806	129.29032258064515
9348	44	Baked goods stores	47	445291	9	47009	Blount County, Tennessee	yes	1.2	6.535777126099705	139.51455802262254
9349	44	Baked goods stores	47	445291	11	47011	Bradley County, Tennessee	yes	1.4	7.5564027370478986	164.29383465996366
9350	44	Baked goods stores	47	445291	13	47013	Campbell County, Tennessee	yes	1.0	4.583333333333333	60.76190476190476
9351	44	Baked goods stores	47	445291	21	47021	Cheatham County, Tennessee	yes	1.0	4.634897360703812	85.78152492668622
9352	44	Baked goods stores	47	445291	29	47029	Cocke County, Tennessee	yes	1.0	5.0	73.85714285714285
9353	44	Baked goods stores	47	445291	31	47031	Coffee County, Tennessee	yes	1.0	6.170739654610622	167.39727924405344
9354	44	Baked goods stores	47	445291	35	47035	Cumberland County, Tennessee	yes	1.0	6.170739654610622	167.39727924405344
9355	44	Baked goods stores	47	445291	37	47037	Davidson County, Tennessee	no	9.166666666666666	84.33333333333333	2059.6666666666665
9356	44	Baked goods stores	47	445291	43	47043	Dickson County, Tennessee	yes	1.0	6.170739654610622	167.39727924405344
9357	44	Baked goods stores	47	445291	45	47045	Dyer County, Tennessee	yes	1.0	7.030303030303029	186.45075757575756
9358	44	Baked goods stores	47	445291	59	47059	Greene County, Tennessee	yes	1.0	6.170739654610622	167.39727924405344
9359	44	Baked goods stores	47	445291	65	47065	Hamilton County, Tennessee	no	3.75	17.25	384.0
9360	44	Baked goods stores	47	445291	65	47065	Hamilton County, Tennessee	yes	2.5	11.951612903225806	240.07603686635943
9361	44	Baked goods stores	47	445291	73	47073	Hawkins County, Tennessee	yes	1.0	5.832600195503421	136.1161412512219
9362	44	Baked goods stores	47	445291	93	47093	Knox County, Tennessee	yes	2.3333333333333335	13.223281199087651	297.7503200204813
9363	44	Baked goods stores	47	445291	113	47113	Madison County, Tennessee	no	3.0	8.0	114.0
9364	44	Baked goods stores	47	445291	113	47113	Madison County, Tennessee	yes	2.75	15.967497556207233	400.47721163245353
9365	44	Baked goods stores	47	445291	115	47115	Marion County, Tennessee	yes	1.0	6.170739654610622	167.39727924405344
9366	44	Baked goods stores	47	445291	119	47119	Maury County, Tennessee	yes	1.0	5.535777126099706	124.74312945119395
9367	44	Baked goods stores	47	445291	123	47123	Monroe County, Tennessee	yes	2.0	10.0	147.7142857142857
9368	44	Baked goods stores	47	445291	125	47125	Montgomery County, Tennessee	yes	1.2	6.389736070381231	144.28431085043988
9369	44	Baked goods stores	47	445291	139	47139	Polk County, Tennessee	yes	1.0	4.818181818181818	42.27272727272727
9370	44	Baked goods stores	47	445291	141	47141	Putnam County, Tennessee	yes	1.0	6.170739654610622	167.39727924405344
9371	44	Baked goods stores	47	445291	145	47145	Roane County, Tennessee	yes	1.0	5.0	73.85714285714285
9372	44	Baked goods stores	47	445291	149	47149	Rutherford County, Tennessee	yes	1.25	5.722018572825024	105.59429548945678
9373	44	Baked goods stores	47	445291	155	47155	Sevier County, Tennessee	yes	1.0	5.0	73.85714285714285
9374	44	Baked goods stores	47	445291	157	47157	Shelby County, Tennessee	no	8.2	85.6	1958.2
9375	44	Baked goods stores	47	445291	157	47157	Shelby County, Tennessee	yes	5.0	20.833333333333336	238.33333333333334
9376	44	Baked goods stores	47	445291	163	47163	Sullivan County, Tennessee	yes	2.5	14.925830889540565	388.5605449657869
9377	44	Baked goods stores	47	445291	165	47165	Sumner County, Tennessee	yes	1.0	4.634897360703812	85.78152492668622
9378	44	Baked goods stores	47	445291	179	47179	Washington County, Tennessee	yes	1.0	5.878054740957967	144.01224514732579
9379	44	Baked goods stores	47	445291	187	47187	Williamson County, Tennessee	no	4.0	19.0	335.0
9380	44	Baked goods stores	47	445291	187	47187	Williamson County, Tennessee	yes	1.6	8.406060606060606	140.09891774891776
9381	44	Baked goods stores	47	445291	189	47189	Wilson County, Tennessee	yes	1.2	6.369110459433039	134.2764627845273
9382	44	Beer, wine, and liquor stores	47	445310	1	47001	Anderson County, Tennessee	no	7.0	13.166666666666666	519.5
9383	44	Beer, wine, and liquor stores	47	445310	3	47003	Bedford County, Tennessee	no	3.0	4.0	85.33333333333333
9384	44	Beer, wine, and liquor stores	47	445310	3	47003	Bedford County, Tennessee	yes	2.3333333333333335	16.569573283858997	131.18777056277057
9385	44	Beer, wine, and liquor stores	47	445310	5	47005	Benton County, Tennessee	no	3.0	10.0	121.0
9386	44	Beer, wine, and liquor stores	47	445310	5	47005	Benton County, Tennessee	yes	2.0	29.95238095238095	113.38095238095238
9387	44	Beer, wine, and liquor stores	47	445310	7	47007	Bledsoe County, Tennessee	yes	1.0	6.215511881735287	70.67967670627246
9388	44	Beer, wine, and liquor stores	47	445310	9	47009	Blount County, Tennessee	no	7.0	42.666666666666664	968.1666666666666
9389	44	Beer, wine, and liquor stores	47	445310	13	47013	Campbell County, Tennessee	yes	1.5	13.7084035096953	92.21087393693777
9390	44	Beer, wine, and liquor stores	47	445310	15	47015	Cannon County, Tennessee	yes	1.8333333333333333	14.459684776554077	121.56496576709344
9391	44	Beer, wine, and liquor stores	47	445310	17	47017	Carroll County, Tennessee	yes	1.8333333333333333	14.459684776554077	121.56496576709344
9392	44	Beer, wine, and liquor stores	47	445310	19	47019	Carter County, Tennessee	yes	2.0	15.935295201252648	135.7636732062264
9393	44	Beer, wine, and liquor stores	47	445310	21	47021	Cheatham County, Tennessee	no	4.5	9.833333333333334	223.33333333333334
9394	44	Beer, wine, and liquor stores	47	445310	25	47025	Claiborne County, Tennessee	yes	1.0	7.819978442698807	64.99676859783243
9395	44	Beer, wine, and liquor stores	47	445310	27	47027	Clay County, Tennessee	no	3.0	4.166666666666667	106.0
9396	44	Beer, wine, and liquor stores	47	445310	29	47029	Cocke County, Tennessee	no	3.0	4.0	68.25
9397	44	Beer, wine, and liquor stores	47	445310	29	47029	Cocke County, Tennessee	yes	2.0	8.589320254213872	166.57097955236253
9398	44	Beer, wine, and liquor stores	47	445310	31	47031	Coffee County, Tennessee	no	9.333333333333334	25.166666666666668	634.6666666666666
9399	44	Beer, wine, and liquor stores	47	445310	35	47035	Cumberland County, Tennessee	no	3.3333333333333335	14.333333333333334	472.6666666666667
9400	44	Beer, wine, and liquor stores	47	445310	37	47037	Davidson County, Tennessee	no	74.66666666666667	433.3333333333333	12374.166666666666
9401	44	Beer, wine, and liquor stores	47	445310	41	47041	DeKalb County, Tennessee	yes	2.0	7.726213502809247	151.13065303490836
9402	44	Beer, wine, and liquor stores	47	445310	43	47043	Dickson County, Tennessee	no	6.166666666666667	16.666666666666668	387.8333333333333
9403	44	Beer, wine, and liquor stores	47	445310	45	47045	Dyer County, Tennessee	no	5.25	19.0	374.0
9404	44	Beer, wine, and liquor stores	47	445310	45	47045	Dyer County, Tennessee	yes	3.0	33.086734693877546	160.89285714285714
9405	44	Beer, wine, and liquor stores	47	445310	47	47047	Fayette County, Tennessee	no	4.0	11.166666666666666	463.6666666666667
9406	44	Beer, wine, and liquor stores	47	445310	49	47049	Fentress County, Tennessee	yes	1.0	7.819978442698807	64.99676859783243
9407	44	Beer, wine, and liquor stores	47	445310	51	47051	Franklin County, Tennessee	no	4.833333333333333	4.833333333333333	78.66666666666667
9408	44	Beer, wine, and liquor stores	47	445310	53	47053	Gibson County, Tennessee	no	4.0	27.0	476.0
9409	44	Beer, wine, and liquor stores	47	445310	53	47053	Gibson County, Tennessee	yes	2.5	24.25386518243661	138.35335497835496
9410	44	Beer, wine, and liquor stores	47	445310	55	47055	Giles County, Tennessee	no	4.833333333333333	11.166666666666666	206.33333333333334
9411	44	Beer, wine, and liquor stores	47	445310	59	47059	Greene County, Tennessee	no	7.166666666666667	30.666666666666668	464.1666666666667
9412	44	Beer, wine, and liquor stores	47	445310	61	47061	Grundy County, Tennessee	no	3.0	3.0	69.0
9413	44	Beer, wine, and liquor stores	47	445310	61	47061	Grundy County, Tennessee	yes	1.8	14.572710167239043	120.60414939670258
9414	44	Beer, wine, and liquor stores	47	445310	63	47063	Hamblen County, Tennessee	no	5.166666666666667	25.166666666666668	447.0
9415	44	Beer, wine, and liquor stores	47	445310	65	47065	Hamilton County, Tennessee	no	37.5	158.66666666666666	3371.3333333333335
9416	44	Beer, wine, and liquor stores	47	445310	69	47069	Hardeman County, Tennessee	yes	1.3333333333333333	9.25153181840112	92.75859852322618
9417	44	Beer, wine, and liquor stores	47	445310	71	47071	Hardin County, Tennessee	no	4.0	6.333333333333333	138.16666666666666
9418	44	Beer, wine, and liquor stores	47	445310	73	47073	Hawkins County, Tennessee	no	3.0	4.0	107.0
9419	44	Beer, wine, and liquor stores	47	445310	73	47073	Hawkins County, Tennessee	yes	1.8	13.714153475703625	111.20640370268032
9420	44	Beer, wine, and liquor stores	47	445310	75	47075	Haywood County, Tennessee	no	3.0	5.0	198.5
9421	44	Beer, wine, and liquor stores	47	445310	75	47075	Haywood County, Tennessee	yes	2.0	15.710340486936232	148.84097049522583
9422	44	Beer, wine, and liquor stores	47	445310	77	47077	Henderson County, Tennessee	yes	1.1666666666666667	10.032099654820021	74.33388980995365
9423	44	Beer, wine, and liquor stores	47	445310	79	47079	Henry County, Tennessee	no	6.833333333333333	34.5	485.1666666666667
9424	44	Beer, wine, and liquor stores	47	445310	81	47081	Hickman County, Tennessee	yes	1.0	6.7294286766931135	66.79157686285346
9425	44	Beer, wine, and liquor stores	47	445310	83	47083	Houston County, Tennessee	yes	1.0	3.8631067514046236	75.56532651745418
9426	44	Beer, wine, and liquor stores	47	445310	85	47085	Humphreys County, Tennessee	no	3.2	5.0	115.6
9427	44	Beer, wine, and liquor stores	47	445310	85	47085	Humphreys County, Tennessee	yes	3.0	21.244897959183675	151.71428571428572
9428	44	Beer, wine, and liquor stores	47	445310	87	47087	Jackson County, Tennessee	yes	1.0	7.819978442698807	64.99676859783243
9429	44	Beer, wine, and liquor stores	47	445310	89	47089	Jefferson County, Tennessee	no	3.0	8.0	109.0
9430	44	Beer, wine, and liquor stores	47	445310	89	47089	Jefferson County, Tennessee	yes	1.5	6.540816326530612	85.41071428571428
9431	44	Beer, wine, and liquor stores	47	445310	93	47093	Knox County, Tennessee	no	53.666666666666664	328.3333333333333	8172.166666666667
9432	44	Beer, wine, and liquor stores	47	445310	95	47095	Lake County, Tennessee	yes	1.0	7.819978442698807	64.99676859783243
9433	44	Beer, wine, and liquor stores	47	445310	97	47097	Lauderdale County, Tennessee	no	3.0	6.333333333333333	97.66666666666667
9434	44	Beer, wine, and liquor stores	47	445310	97	47097	Lauderdale County, Tennessee	yes	2.0	10.447301938183395	144.7616054158607
9435	44	Beer, wine, and liquor stores	47	445310	99	47099	Lawrence County, Tennessee	no	3.3333333333333335	7.666666666666667	162.33333333333334
9436	44	Beer, wine, and liquor stores	47	445310	99	47099	Lawrence County, Tennessee	yes	3.0	35.33055040197897	163.28463203463204
9437	44	Beer, wine, and liquor stores	47	445310	101	47101	Lewis County, Tennessee	yes	1.0	7.967647600626324	67.8818366031132
9438	44	Beer, wine, and liquor stores	47	445310	103	47103	Lincoln County, Tennessee	no	3.5	6.0	99.5
9439	44	Beer, wine, and liquor stores	47	445310	103	47103	Lincoln County, Tennessee	yes	2.0	8.589320254213872	166.57097955236253
9440	44	Beer, wine, and liquor stores	47	445310	105	47105	Loudon County, Tennessee	no	3.0	0.0	232.5
9441	44	Beer, wine, and liquor stores	47	445310	105	47105	Loudon County, Tennessee	yes	2.0	9.335476453637547	138.63370406189554
9442	44	Beer, wine, and liquor stores	47	445310	107	47107	McMinn County, Tennessee	no	3.0	14.333333333333334	188.0
9443	44	Beer, wine, and liquor stores	47	445310	107	47107	McMinn County, Tennessee	yes	2.0	26.545454545454547	112.04545454545455
9444	44	Beer, wine, and liquor stores	47	445310	109	47109	McNairy County, Tennessee	yes	2.0	8.589320254213872	166.57097955236253
9445	44	Beer, wine, and liquor stores	47	445310	113	47113	Madison County, Tennessee	no	12.5	78.16666666666667	1743.1666666666667
9446	44	Beer, wine, and liquor stores	47	445310	115	47115	Marion County, Tennessee	no	4.8	8.6	89.8
9447	44	Beer, wine, and liquor stores	47	445310	115	47115	Marion County, Tennessee	yes	2.0	14.163265306122447	101.14285714285714
9448	44	Beer, wine, and liquor stores	47	445310	117	47117	Marshall County, Tennessee	no	4.75	10.75	115.75
9449	44	Beer, wine, and liquor stores	47	445310	117	47117	Marshall County, Tennessee	yes	2.5	29.545918367346935	135.60714285714283
9450	44	Beer, wine, and liquor stores	47	445310	119	47119	Maury County, Tennessee	no	10.5	30.166666666666668	673.6666666666666
9451	44	Beer, wine, and liquor stores	47	445310	123	47123	Monroe County, Tennessee	no	4.833333333333333	14.166666666666666	373.0
9452	44	Beer, wine, and liquor stores	47	445310	125	47125	Montgomery County, Tennessee	no	13.333333333333334	69.66666666666667	1550.8333333333333
9453	44	Beer, wine, and liquor stores	47	445310	135	47135	Perry County, Tennessee	yes	1.1666666666666667	10.316010188730553	74.44518129624512
9454	44	Beer, wine, and liquor stores	47	445310	137	47137	Pickett County, Tennessee	yes	1.0	7.819978442698807	64.99676859783243
9455	44	Beer, wine, and liquor stores	47	445310	139	47139	Polk County, Tennessee	yes	1.3333333333333333	10.180522660385883	81.85391145497529
9456	44	Beer, wine, and liquor stores	47	445310	141	47141	Putnam County, Tennessee	no	10.0	37.833333333333336	631.3333333333334
9457	44	Beer, wine, and liquor stores	47	445310	145	47145	Roane County, Tennessee	no	5.833333333333333	7.5	245.16666666666666
9458	44	Beer, wine, and liquor stores	47	445310	147	47147	Robertson County, Tennessee	no	5.833333333333333	16.333333333333332	348.3333333333333
9459	44	Beer, wine, and liquor stores	47	445310	149	47149	Rutherford County, Tennessee	no	27.5	126.83333333333333	2823.8333333333335
9460	44	Beer, wine, and liquor stores	47	445310	153	47153	Sequatchie County, Tennessee	yes	1.1666666666666667	10.032099654820021	74.33388980995365
9461	44	Beer, wine, and liquor stores	47	445310	155	47155	Sevier County, Tennessee	no	6.5	27.166666666666668	667.3333333333334
9462	44	Beer, wine, and liquor stores	47	445310	157	47157	Shelby County, Tennessee	no	107.0	563.8333333333334	14950.166666666666
9463	44	Beer, wine, and liquor stores	47	445310	159	47159	Smith County, Tennessee	yes	1.1666666666666667	9.000250551542345	73.42534002640386
9464	44	Beer, wine, and liquor stores	47	445310	163	47163	Sullivan County, Tennessee	no	15.5	75.5	1353.1666666666667
9465	44	Beer, wine, and liquor stores	47	445310	165	47165	Sumner County, Tennessee	no	14.833333333333334	68.16666666666667	2185.3333333333335
9466	44	Beer, wine, and liquor stores	47	445310	167	47167	Tipton County, Tennessee	no	3.3333333333333335	9.333333333333334	177.66666666666666
9467	44	Beer, wine, and liquor stores	47	445310	167	47167	Tipton County, Tennessee	yes	2.0	14.574698351294098	148.39580455005986
9468	44	Beer, wine, and liquor stores	47	445310	169	47169	Trousdale County, Tennessee	yes	2.1666666666666665	16.139956885397613	140.01437052899817
9469	44	Beer, wine, and liquor stores	47	445310	171	47171	Unicoi County, Tennessee	yes	1.0	7.967647600626324	67.8818366031132
9470	44	Beer, wine, and liquor stores	47	445310	175	47175	Van Buren County, Tennessee	yes	1.0	7.819978442698807	64.99676859783243
9471	44	Beer, wine, and liquor stores	47	445310	179	47179	Washington County, Tennessee	no	12.333333333333334	42.5	1566.0
9472	44	Beer, wine, and liquor stores	47	445310	185	47185	White County, Tennessee	yes	1.0	4.294660127106936	83.28548977618127
9473	44	Beer, wine, and liquor stores	47	445310	187	47187	Williamson County, Tennessee	no	25.833333333333332	162.16666666666666	4009.3333333333335
9474	44	Beer, wine, and liquor stores	47	445310	189	47189	Wilson County, Tennessee	no	11.5	38.0	1128.8333333333333
9475	44	Boat dealers	47	441222	1	47001	Anderson County, Tennessee	yes	1.0	6.126027434176841	206.49286309411522
9476	44	Boat dealers	47	441222	9	47009	Blount County, Tennessee	yes	2.0	13.870967741935484	387.2903225806451
9477	44	Boat dealers	47	441222	11	47011	Bradley County, Tennessee	no	3.0	12.5	483.25
9478	44	Boat dealers	47	441222	11	47011	Bradley County, Tennessee	yes	2.0	13.316436251920123	383.5816692268305
9479	44	Boat dealers	47	441222	13	47013	Campbell County, Tennessee	no	5.0	22.0	630.25
9480	44	Boat dealers	47	441222	13	47013	Campbell County, Tennessee	yes	3.0	19.974654377880185	575.3725038402457
9481	44	Boat dealers	47	441222	23	47023	Chester County, Tennessee	yes	1.0	6.126027434176841	206.49286309411522
9482	44	Boat dealers	47	441222	29	47029	Cocke County, Tennessee	yes	1.0	6.193548387096774	215.25551782682513
9483	44	Boat dealers	47	441222	35	47035	Cumberland County, Tennessee	yes	1.0	6.126027434176841	206.49286309411522
9484	44	Boat dealers	47	441222	37	47037	Davidson County, Tennessee	no	10.166666666666666	58.5	2823.3333333333335
9485	44	Boat dealers	47	441222	39	47039	Decatur County, Tennessee	yes	1.0	6.126027434176841	206.49286309411522
9486	44	Boat dealers	47	441222	41	47041	DeKalb County, Tennessee	yes	1.0	6.126027434176841	206.49286309411522
9487	44	Boat dealers	47	441222	43	47043	Dickson County, Tennessee	yes	2.0	12.252054868353682	412.98572618823044
9488	44	Boat dealers	47	441222	45	47045	Dyer County, Tennessee	yes	1.3333333333333333	7.968132697334735	277.3036087081503
9489	44	Boat dealers	47	441222	51	47051	Franklin County, Tennessee	no	5.0	100.0	3557.6666666666665
9490	44	Boat dealers	47	441222	51	47051	Franklin County, Tennessee	yes	6.0	40.42319508448541	1212.168714797747
9491	44	Boat dealers	47	441222	57	47057	Grainger County, Tennessee	yes	1.0	6.126027434176841	206.49286309411522
9492	44	Boat dealers	47	441222	63	47063	Hamblen County, Tennessee	yes	2.8333333333333335	17.222168324035895	587.2043957339586
9493	44	Boat dealers	47	441222	65	47065	Hamilton County, Tennessee	no	5.333333333333333	54.333333333333336	2694.0
9494	44	Boat dealers	47	441222	65	47065	Hamilton County, Tennessee	yes	7.666666666666667	51.580389144905276	1555.5242362177844
9495	44	Boat dealers	47	441222	71	47071	Hardin County, Tennessee	no	4.0	11.0	1055.5
9496	44	Boat dealers	47	441222	73	47073	Hawkins County, Tennessee	yes	1.0	6.935483870967742	193.64516129032256
9497	44	Boat dealers	47	441222	77	47077	Henderson County, Tennessee	yes	1.0	6.126027434176841	206.49286309411522
9498	44	Boat dealers	47	441222	79	47079	Henry County, Tennessee	yes	1.6666666666666667	10.032648826366993	349.0554479837587
9499	44	Boat dealers	47	441222	85	47085	Humphreys County, Tennessee	yes	1.0	6.658218125960062	191.79083461341526
9500	44	Boat dealers	47	441222	89	47089	Jefferson County, Tennessee	yes	1.0	6.126027434176841	206.49286309411522
9501	44	Boat dealers	47	441222	93	47093	Knox County, Tennessee	no	4.0	27.333333333333332	882.8333333333334
9502	44	Boat dealers	47	441222	99	47099	Lawrence County, Tennessee	no	3.0	4.0	477.0
9503	44	Boat dealers	47	441222	99	47099	Lawrence County, Tennessee	yes	2.0	12.851766513056836	407.04635244024036
9504	44	Boat dealers	47	441222	105	47105	Loudon County, Tennessee	yes	1.8333333333333333	11.096140889859058	380.71153263984326
9505	44	Boat dealers	47	441222	113	47113	Madison County, Tennessee	yes	1.0	6.126027434176841	206.49286309411522
9506	44	Boat dealers	47	441222	115	47115	Marion County, Tennessee	yes	1.0	6.126027434176841	206.49286309411522
9507	44	Boat dealers	47	441222	119	47119	Maury County, Tennessee	yes	1.0	6.126027434176841	206.49286309411522
9508	44	Boat dealers	47	441222	123	47123	Monroe County, Tennessee	yes	1.0	6.126027434176841	206.49286309411522
9509	44	Boat dealers	47	441222	125	47125	Montgomery County, Tennessee	yes	1.0	6.126027434176841	206.49286309411522
9510	44	Boat dealers	47	441222	131	47131	Obion County, Tennessee	yes	1.0	6.126027434176841	206.49286309411522
9511	44	Boat dealers	47	441222	133	47133	Overton County, Tennessee	yes	1.0	6.126027434176841	206.49286309411522
9512	44	Boat dealers	47	441222	139	47139	Polk County, Tennessee	yes	1.1666666666666667	7.281941412671464	238.7670566425023
9513	44	Boat dealers	47	441222	141	47141	Putnam County, Tennessee	no	3.0	0.0	424.0
9514	44	Boat dealers	47	441222	141	47141	Putnam County, Tennessee	yes	2.2	13.204462769827796	456.1121084970491
9515	44	Boat dealers	47	441222	143	47143	Rhea County, Tennessee	yes	1.3333333333333333	7.968132697334735	277.3036087081503
9516	44	Boat dealers	47	441222	145	47145	Roane County, Tennessee	no	3.25	28.0	712.75
9517	44	Boat dealers	47	441222	145	47145	Roane County, Tennessee	yes	3.0	19.902073732718893	627.3160522273424
9518	44	Boat dealers	47	441222	147	47147	Robertson County, Tennessee	yes	1.0	6.126027434176841	206.49286309411522
9519	44	Boat dealers	47	441222	155	47155	Sevier County, Tennessee	yes	1.8333333333333333	11.096140889859058	380.71153263984326
9520	44	Boat dealers	47	441222	157	47157	Shelby County, Tennessee	no	5.666666666666667	33.333333333333336	1445.0
9521	44	Boat dealers	47	441222	161	47161	Stewart County, Tennessee	yes	1.0	6.126027434176841	206.49286309411522
9522	44	Boat dealers	47	441222	163	47163	Sullivan County, Tennessee	no	4.0	31.5	1158.3333333333333
9523	44	Boat dealers	47	441222	165	47165	Sumner County, Tennessee	no	4.6	16.2	1060.6
9524	44	Boat dealers	47	441222	165	47165	Sumner County, Tennessee	yes	5.0	34.435483870967744	1141.3709677419354
9525	44	Boat dealers	47	441222	177	47177	Warren County, Tennessee	yes	1.5	10.125960061443932	288.61341525857654
9526	44	Boat dealers	47	441222	179	47179	Washington County, Tennessee	yes	1.0	6.734511008704557	203.95195425840586
9527	44	Boat dealers	47	441222	185	47185	White County, Tennessee	yes	1.0	6.126027434176841	206.49286309411522
9528	44	Boat dealers	47	441222	187	47187	Williamson County, Tennessee	yes	1.1666666666666667	7.189519497668904	238.14894775019988
9529	44	Boat dealers	47	441222	189	47189	Wilson County, Tennessee	no	3.0	10.5	338.0
9530	44	Boat dealers	47	441222	189	47189	Wilson County, Tennessee	yes	3.0	18.656409168081495	635.0878713921901
9531	44	Children's and infants' clothing stores	47	448130	9	47009	Blount County, Tennessee	yes	1.0	6.833333333333333	46.388888888888886
9532	44	Children's and infants' clothing stores	47	448130	11	47011	Bradley County, Tennessee	no	3.0	21.0	163.0
9533	44	Children's and infants' clothing stores	47	448130	11	47011	Bradley County, Tennessee	yes	2.0	16.296153846153846	101.54732905982905
9534	44	Children's and infants' clothing stores	47	448130	31	47031	Coffee County, Tennessee	yes	1.0	8.054495938843765	62.001319743058865
9535	44	Children's and infants' clothing stores	47	448130	35	47035	Cumberland County, Tennessee	yes	1.0	6.240086000955566	80.82680363115145
9536	44	Children's and infants' clothing stores	47	448130	37	47037	Davidson County, Tennessee	no	22.666666666666668	239.16666666666666	3234.1666666666665
9537	44	Children's and infants' clothing stores	47	448130	45	47045	Dyer County, Tennessee	yes	1.0	5.582279556192599	71.46231353187875
9538	44	Children's and infants' clothing stores	47	448130	53	47053	Gibson County, Tennessee	yes	1.0	7.600968837925358	61.12609978588239
9539	44	Children's and infants' clothing stores	47	448130	55	47055	Giles County, Tennessee	yes	1.0	7.600968837925358	61.12609978588239
9540	44	Children's and infants' clothing stores	47	448130	63	47063	Hamblen County, Tennessee	yes	2.0	16.719573180442744	131.80885491320274
9541	44	Children's and infants' clothing stores	47	448130	65	47065	Hamilton County, Tennessee	no	12.833333333333334	141.33333333333334	1743.0
9542	44	Children's and infants' clothing stores	47	448130	69	47069	Hardeman County, Tennessee	yes	1.0	11.762820512820513	47.809829059829056
9543	44	Children's and infants' clothing stores	47	448130	71	47071	Hardin County, Tennessee	yes	1.0	7.600968837925358	61.12609978588239
9544	44	Children's and infants' clothing stores	47	448130	93	47093	Knox County, Tennessee	no	19.5	233.0	2555.5
9545	44	Children's and infants' clothing stores	47	448130	97	47097	Lauderdale County, Tennessee	yes	1.0	6.833333333333333	46.388888888888886
9546	44	Children's and infants' clothing stores	47	448130	99	47099	Lawrence County, Tennessee	yes	1.0	6.240086000955566	80.82680363115145
9547	44	Children's and infants' clothing stores	47	448130	103	47103	Lincoln County, Tennessee	yes	1.0	6.240086000955566	80.82680363115145
9548	44	Children's and infants' clothing stores	47	448130	113	47113	Madison County, Tennessee	no	6.5	49.666666666666664	556.1666666666666
9549	44	Children's and infants' clothing stores	47	448130	125	47125	Montgomery County, Tennessee	no	4.0	27.5	351.0
9550	44	Children's and infants' clothing stores	47	448130	125	47125	Montgomery County, Tennessee	yes	3.0	18.25	154.70833333333331
9551	44	Children's and infants' clothing stores	47	448130	133	47133	Overton County, Tennessee	yes	1.0	5.582279556192599	71.46231353187875
9552	44	Children's and infants' clothing stores	47	448130	135	47135	Perry County, Tennessee	yes	1.0	6.240086000955566	80.82680363115145
9553	44	Children's and infants' clothing stores	47	448130	141	47141	Putnam County, Tennessee	no	3.0	13.0	156.0
9554	44	Children's and infants' clothing stores	47	448130	141	47141	Putnam County, Tennessee	yes	2.0	16.56282051282051	102.55149572649572
9555	44	Children's and infants' clothing stores	47	448130	149	47149	Rutherford County, Tennessee	no	7.333333333333333	70.16666666666667	797.8333333333334
9556	44	Children's and infants' clothing stores	47	448130	155	47155	Sevier County, Tennessee	no	10.333333333333334	111.83333333333333	2560.8333333333335
9557	44	Children's and infants' clothing stores	47	448130	157	47157	Shelby County, Tennessee	no	23.833333333333332	269.8333333333333	3410.0
9558	44	Children's and infants' clothing stores	47	448130	163	47163	Sullivan County, Tennessee	no	4.0	31.25	339.0
9559	44	Children's and infants' clothing stores	47	448130	163	47163	Sullivan County, Tennessee	yes	1.5	9.5	74.76388888888889
9560	44	Children's and infants' clothing stores	47	448130	165	47165	Sumner County, Tennessee	no	6.5	37.333333333333336	555.1666666666666
9561	44	Children's and infants' clothing stores	47	448130	167	47167	Tipton County, Tennessee	yes	1.0	8.281410256410256	51.27574786324786
9562	44	Children's and infants' clothing stores	47	448130	179	47179	Washington County, Tennessee	no	7.833333333333333	104.16666666666667	708.3333333333334
9563	44	Children's and infants' clothing stores	47	448130	183	47183	Weakley County, Tennessee	yes	1.0	7.600968837925358	61.12609978588239
9564	44	Children's and infants' clothing stores	47	448130	187	47187	Williamson County, Tennessee	no	13.5	126.5	1526.0
9565	44	Children's and infants' clothing stores	47	448130	189	47189	Wilson County, Tennessee	no	4.833333333333333	47.5	560.5
9566	44	Clothing accessories stores	47	448150	3	47003	Bedford County, Tennessee	yes	1.0	3.9225000000000003	56.600833333333334
9567	44	Clothing accessories stores	47	448150	9	47009	Blount County, Tennessee	yes	1.0	4.850882021204602	62.085126575933025
9568	44	Clothing accessories stores	47	448150	11	47011	Bradley County, Tennessee	yes	1.0	4.850882021204602	62.085126575933025
9569	44	Clothing accessories stores	47	448150	23	47023	Chester County, Tennessee	yes	1.0	4.675606060606061	54.79449494949495
9570	44	Clothing accessories stores	47	448150	31	47031	Coffee County, Tennessee	yes	1.0	4.850882021204602	62.085126575933025
9571	44	Clothing accessories stores	47	448150	35	47035	Cumberland County, Tennessee	yes	1.6666666666666667	8.02562767877284	107.42467234378523
9572	44	Clothing accessories stores	47	448150	37	47037	Davidson County, Tennessee	no	19.0	167.0	2787.1666666666665
9573	44	Clothing accessories stores	47	448150	43	47043	Dickson County, Tennessee	yes	1.5	7.214518384840965	88.33765182845828
9574	44	Clothing accessories stores	47	448150	45	47045	Dyer County, Tennessee	yes	2.0	9.701764042409204	124.17025315186605
9575	44	Clothing accessories stores	47	448150	53	47053	Gibson County, Tennessee	yes	1.5	8.11594151815926	104.53617518234454
9576	44	Clothing accessories stores	47	448150	63	47063	Hamblen County, Tennessee	yes	2.1666666666666665	10.321764042409205	133.53025315186605
9577	44	Clothing accessories stores	47	448150	65	47065	Hamilton County, Tennessee	no	8.5	77.66666666666667	1000.5
9578	44	Clothing accessories stores	47	448150	83	47083	Houston County, Tennessee	yes	1.0	5.026157981803143	69.3757582023711
9579	44	Clothing accessories stores	47	448150	85	47085	Humphreys County, Tennessee	yes	1.1666666666666667	5.470882021204602	71.44512657593303
9580	44	Clothing accessories stores	47	448150	93	47093	Knox County, Tennessee	no	14.666666666666666	84.33333333333333	1100.3333333333333
9581	44	Clothing accessories stores	47	448150	97	47097	Lauderdale County, Tennessee	yes	1.0	5.315073031806903	64.82727319723287
9582	44	Clothing accessories stores	47	448150	101	47101	Lewis County, Tennessee	yes	1.0	3.72	56.160000000000004
9583	44	Clothing accessories stores	47	448150	103	47103	Lincoln County, Tennessee	yes	1.0	5.315073031806903	64.82727319723287
9584	44	Clothing accessories stores	47	448150	113	47113	Madison County, Tennessee	yes	1.6666666666666667	7.834518384840965	97.69765182845828
9585	44	Clothing accessories stores	47	448150	119	47119	Maury County, Tennessee	yes	1.3333333333333333	6.718127678772841	88.5577278993408
9586	44	Clothing accessories stores	47	448150	125	47125	Montgomery County, Tennessee	no	3.6666666666666665	10.0	132.16666666666666
9587	44	Clothing accessories stores	47	448150	141	47141	Putnam County, Tennessee	yes	1.3333333333333333	6.718127678772841	88.5577278993408
9588	44	Clothing accessories stores	47	448150	143	47143	Rhea County, Tennessee	yes	1.0	5.601736972704715	79.41780397022332
9589	44	Clothing accessories stores	47	448150	147	47147	Robertson County, Tennessee	yes	1.0	4.850882021204602	62.085126575933025
9590	44	Clothing accessories stores	47	448150	149	47149	Rutherford County, Tennessee	no	7.0	67.33333333333333	840.6666666666666
9591	44	Clothing accessories stores	47	448150	155	47155	Sevier County, Tennessee	no	13.0	129.0	2182.6666666666665
9592	44	Clothing accessories stores	47	448150	157	47157	Shelby County, Tennessee	no	19.833333333333332	192.66666666666666	2787.1666666666665
9593	44	Clothing accessories stores	47	448150	163	47163	Sullivan County, Tennessee	yes	1.6666666666666667	7.834518384840965	97.69765182845828
9594	44	Clothing accessories stores	47	448150	165	47165	Sumner County, Tennessee	no	3.0	11.0	126.0
9595	44	Clothing accessories stores	47	448150	165	47165	Sumner County, Tennessee	yes	2.2	9.994389578163773	139.93990984284534
9596	44	Clothing accessories stores	47	448150	179	47179	Washington County, Tennessee	no	3.5	56.333333333333336	709.1666666666666
9597	44	Clothing accessories stores	47	448150	187	47187	Williamson County, Tennessee	no	5.166666666666667	20.0	395.8333333333333
9598	44	Clothing accessories stores	47	448150	189	47189	Wilson County, Tennessee	no	4.333333333333333	38.0	646.8333333333334
9599	44	Confectionery and nut stores	47	445292	3	47003	Bedford County, Tennessee	yes	1.25	7.027355072463768	77.30887681159419
9600	44	Confectionery and nut stores	47	445292	11	47011	Bradley County, Tennessee	yes	1.0	4.079710144927536	83.3677536231884
9601	44	Confectionery and nut stores	47	445292	31	47031	Coffee County, Tennessee	yes	1.0	5.171859903381642	64.93997584541063
9602	44	Confectionery and nut stores	47	445292	37	47037	Davidson County, Tennessee	no	9.0	70.5	978.1666666666666
9603	44	Confectionery and nut stores	47	445292	65	47065	Hamilton County, Tennessee	yes	1.8333333333333333	9.552053140096618	120.46328502415459
9604	44	Confectionery and nut stores	47	445292	93	47093	Knox County, Tennessee	no	3.25	22.25	244.75
9605	44	Confectionery and nut stores	47	445292	93	47093	Knox County, Tennessee	yes	3.0	15.782608695652174	185.10652173913041
9606	44	Confectionery and nut stores	47	445292	107	47107	McMinn County, Tennessee	yes	1.0	5.171859903381642	64.93997584541063
9607	44	Confectionery and nut stores	47	445292	125	47125	Montgomery County, Tennessee	yes	1.0	5.171859903381642	64.93997584541063
9608	44	Confectionery and nut stores	47	445292	131	47131	Obion County, Tennessee	yes	1.0	6.175000000000001	49.75
9609	44	Confectionery and nut stores	47	445292	141	47141	Putnam County, Tennessee	yes	1.0	5.171859903381642	64.93997584541063
9610	44	Confectionery and nut stores	47	445292	149	47149	Rutherford County, Tennessee	yes	1.0	5.171859903381642	64.93997584541063
9611	44	Confectionery and nut stores	47	445292	155	47155	Sevier County, Tennessee	no	7.0	53.8	905.4
9612	44	Confectionery and nut stores	47	445292	155	47155	Sevier County, Tennessee	yes	4.0	22.08695652173913	293.2173913043478
9613	44	Confectionery and nut stores	47	445292	157	47157	Shelby County, Tennessee	no	7.75	15.0	271.5
9614	44	Confectionery and nut stores	47	445292	157	47157	Shelby County, Tennessee	yes	9.0	47.34782608695652	555.3195652173913
9615	44	Confectionery and nut stores	47	445292	159	47159	Smith County, Tennessee	yes	1.0	4.079710144927536	83.3677536231884
9616	44	Confectionery and nut stores	47	445292	165	47165	Sumner County, Tennessee	yes	1.0	4.079710144927536	83.3677536231884
9617	44	Confectionery and nut stores	47	445292	187	47187	Williamson County, Tennessee	no	4.166666666666667	15.833333333333334	279.1666666666667
9618	44	Confectionery and nut stores	47	445292	189	47189	Wilson County, Tennessee	yes	1.0	4.386473429951691	72.27850241545893
9619	44	Convenience stores	47	445120	1	47001	Anderson County, Tennessee	no	5.0	8.2	144.8
9620	44	Convenience stores	47	445120	1	47001	Anderson County, Tennessee	yes	4.0	20.675324675324678	150.9090909090909
9621	44	Convenience stores	47	445120	3	47003	Bedford County, Tennessee	no	3.0	2.6666666666666665	59.666666666666664
9622	44	Convenience stores	47	445120	3	47003	Bedford County, Tennessee	yes	2.0	7.449933687002652	77.71584880636605
9623	44	Convenience stores	47	445120	5	47005	Benton County, Tennessee	yes	1.25	5.820059251093734	46.242627200385826
9624	44	Convenience stores	47	445120	9	47009	Blount County, Tennessee	no	6.5	11.0	349.25
9625	44	Convenience stores	47	445120	9	47009	Blount County, Tennessee	yes	6.0	33.506493506493506	204.2895104895105
9626	44	Convenience stores	47	445120	11	47011	Bradley County, Tennessee	no	5.0	4.333333333333333	132.66666666666666
9627	44	Convenience stores	47	445120	11	47011	Bradley County, Tennessee	yes	2.0	6.860702260702261	82.39151515151515
9628	44	Convenience stores	47	445120	13	47013	Campbell County, Tennessee	no	4.25	6.5	89.25
9629	44	Convenience stores	47	445120	13	47013	Campbell County, Tennessee	yes	1.5	8.584415584415584	49.232867132867135
9630	44	Convenience stores	47	445120	17	47017	Carroll County, Tennessee	yes	1.0	5.168831168831169	37.72727272727273
9631	44	Convenience stores	47	445120	19	47019	Carter County, Tennessee	no	3.0	4.0	53.0
9632	44	Convenience stores	47	445120	19	47019	Carter County, Tennessee	yes	1.2	5.872003781658955	46.69474897516277
9633	44	Convenience stores	47	445120	21	47021	Cheatham County, Tennessee	yes	1.0	4.08903330386089	38.90910875331565
9634	44	Convenience stores	47	445120	23	47023	Chester County, Tennessee	yes	1.6666666666666667	5.137758537758539	69.81575757575757
9635	44	Convenience stores	47	445120	25	47025	Claiborne County, Tennessee	yes	1.0	3.4303511303511307	41.195757575757575
9636	44	Convenience stores	47	445120	27	47027	Clay County, Tennessee	yes	1.0	3.8855683269476375	41.87287356321839
9637	44	Convenience stores	47	445120	29	47029	Cocke County, Tennessee	no	5.6	19.8	310.2
9638	44	Convenience stores	47	445120	29	47029	Cocke County, Tennessee	yes	3.0	15.506493506493506	113.18181818181817
9639	44	Convenience stores	47	445120	31	47031	Coffee County, Tennessee	no	4.666666666666667	1.0	119.5
9640	44	Convenience stores	47	445120	33	47033	Crockett County, Tennessee	no	3.0	3.0	34.0
9641	44	Convenience stores	47	445120	33	47033	Crockett County, Tennessee	yes	2.0	7.771136653895275	83.74574712643678
9642	44	Convenience stores	47	445120	35	47035	Cumberland County, Tennessee	yes	1.0	5.168831168831169	37.72727272727273
9643	44	Convenience stores	47	445120	37	47037	Davidson County, Tennessee	no	52.0	127.33333333333333	2256.3333333333335
9644	44	Convenience stores	47	445120	39	47039	Decatur County, Tennessee	yes	1.5	7.928713527851459	59.03746684350133
9645	44	Convenience stores	47	445120	41	47041	DeKalb County, Tennessee	yes	2.0	9.23811957518854	76.16699099750825
9646	44	Convenience stores	47	445120	43	47043	Dickson County, Tennessee	no	3.0	6.666666666666667	91.0
9647	44	Convenience stores	47	445120	43	47043	Dickson County, Tennessee	yes	1.0	5.901104642483953	35.951708062052894
9648	44	Convenience stores	47	445120	45	47045	Dyer County, Tennessee	no	4.0	20.0	211.0
9649	44	Convenience stores	47	445120	45	47045	Dyer County, Tennessee	yes	2.0	10.2458877329567	73.20640824692549
9650	44	Convenience stores	47	445120	47	47047	Fayette County, Tennessee	yes	1.2	4.646725611553198	46.62064721485411
9651	44	Convenience stores	47	445120	51	47051	Franklin County, Tennessee	no	8.166666666666666	9.666666666666666	243.66666666666666
9652	44	Convenience stores	47	445120	53	47053	Gibson County, Tennessee	yes	2.4	8.656250416250415	94.17767832167833
9653	44	Convenience stores	47	445120	55	47055	Giles County, Tennessee	no	5.0	18.666666666666668	283.8333333333333
9654	44	Convenience stores	47	445120	57	47057	Grainger County, Tennessee	yes	1.0	2.6368945868945874	41.4725641025641
9655	44	Convenience stores	47	445120	59	47059	Greene County, Tennessee	yes	1.3333333333333333	7.008752741511363	51.93406880475845
9656	44	Convenience stores	47	445120	61	47061	Grundy County, Tennessee	yes	1.0	4.661472148541114	39.15815649867374
9657	44	Convenience stores	47	445120	63	47063	Hamblen County, Tennessee	no	4.4	10.0	161.6
9658	44	Convenience stores	47	445120	63	47063	Hamblen County, Tennessee	yes	2.0	12.0	60.73846153846154
9659	44	Convenience stores	47	445120	65	47065	Hamilton County, Tennessee	no	25.166666666666668	41.5	742.1666666666666
9660	44	Convenience stores	47	445120	67	47067	Hancock County, Tennessee	yes	1.0	5.168831168831169	37.72727272727273
9661	44	Convenience stores	47	445120	69	47069	Hardeman County, Tennessee	no	4.0	5.0	114.0
9662	44	Convenience stores	47	445120	69	47069	Hardeman County, Tennessee	yes	2.0	10.2458877329567	73.20640824692549
9663	44	Convenience stores	47	445120	71	47071	Hardin County, Tennessee	no	3.0	2.0	112.0
9664	44	Convenience stores	47	445120	71	47071	Hardin County, Tennessee	yes	1.4	4.947243982071568	57.552717144924046
9665	44	Convenience stores	47	445120	73	47073	Hawkins County, Tennessee	no	3.0	0.0	37.0
9666	44	Convenience stores	47	445120	73	47073	Hawkins County, Tennessee	yes	1.6	6.420374300029474	64.03283289124667
9667	44	Convenience stores	47	445120	75	47075	Haywood County, Tennessee	yes	1.1666666666666667	5.358080074459385	45.33857286391768
9668	44	Convenience stores	47	445120	77	47077	Henderson County, Tennessee	no	3.0	1.0	48.0
9669	44	Convenience stores	47	445120	77	47077	Henderson County, Tennessee	yes	2.0	10.499567243101726	72.49096636122498
9670	44	Convenience stores	47	445120	79	47079	Henry County, Tennessee	no	5.0	9.0	235.0
9671	44	Convenience stores	47	445120	79	47079	Henry County, Tennessee	yes	2.25	11.538095525164492	82.63822642874368
9672	44	Convenience stores	47	445120	81	47081	Hickman County, Tennessee	no	4.0	2.0	91.0
9673	44	Convenience stores	47	445120	81	47081	Hickman County, Tennessee	yes	1.3333333333333333	6.037135278514589	49.08107869142352
9674	44	Convenience stores	47	445120	85	47085	Humphreys County, Tennessee	no	3.5	4.0	179.5
9675	44	Convenience stores	47	445120	85	47085	Humphreys County, Tennessee	yes	2.0	6.539757464757466	81.07248251748251
9676	44	Convenience stores	47	445120	87	47087	Jackson County, Tennessee	yes	1.0	5.584415584415584	34.04825174825175
9677	44	Convenience stores	47	445120	89	47089	Jefferson County, Tennessee	yes	1.1666666666666667	5.358080074459385	45.33857286391768
9678	44	Convenience stores	47	445120	91	47091	Johnson County, Tennessee	yes	1.3333333333333333	6.130471476161131	50.06155333172575
9679	44	Convenience stores	47	445120	93	47093	Knox County, Tennessee	no	32.0	127.33333333333333	1924.3333333333333
9680	44	Convenience stores	47	445120	95	47095	Lake County, Tennessee	yes	1.0	5.584415584415584	34.04825174825175
9681	44	Convenience stores	47	445120	97	47097	Lauderdale County, Tennessee	no	3.5	14.0	288.5
9682	44	Convenience stores	47	445120	97	47097	Lauderdale County, Tennessee	yes	2.0	5.122222222222223	85.86
9683	44	Convenience stores	47	445120	99	47099	Lawrence County, Tennessee	no	5.25	32.0	371.25
9684	44	Convenience stores	47	445120	99	47099	Lawrence County, Tennessee	yes	5.0	29.94111061352441	194.73040752351096
9685	44	Convenience stores	47	445120	103	47103	Lincoln County, Tennessee	no	3.6	7.2	102.8
9686	44	Convenience stores	47	445120	103	47103	Lincoln County, Tennessee	yes	1.0	6.0	30.36923076923077
9687	44	Convenience stores	47	445120	105	47105	Loudon County, Tennessee	yes	1.0	4.08903330386089	38.90910875331565
9688	44	Convenience stores	47	445120	107	47107	McMinn County, Tennessee	no	3.8	4.4	52.8
9689	44	Convenience stores	47	445120	107	47107	McMinn County, Tennessee	yes	2.0	12.0	60.73846153846154
9690	44	Convenience stores	47	445120	109	47109	McNairy County, Tennessee	yes	1.3333333333333333	5.822823664202974	51.76485491519975
9691	44	Convenience stores	47	445120	111	47111	Macon County, Tennessee	no	3.0	10.0	106.0
9692	44	Convenience stores	47	445120	111	47111	Macon County, Tennessee	yes	1.75	6.779147385181869	71.73329153605016
9693	44	Convenience stores	47	445120	113	47113	Madison County, Tennessee	no	6.0	8.2	178.6
9694	44	Convenience stores	47	445120	113	47113	Madison County, Tennessee	yes	2.0	10.337662337662339	75.45454545454545
9695	44	Convenience stores	47	445120	115	47115	Marion County, Tennessee	no	4.2	3.6	150.4
9696	44	Convenience stores	47	445120	115	47115	Marion County, Tennessee	yes	3.0	15.506493506493506	113.18181818181817
9697	44	Convenience stores	47	445120	117	47117	Marshall County, Tennessee	no	5.0	11.0	228.83333333333334
9698	44	Convenience stores	47	445120	119	47119	Maury County, Tennessee	no	8.666666666666666	8.166666666666666	204.83333333333334
9699	44	Convenience stores	47	445120	123	47123	Monroe County, Tennessee	no	4.0	0.0	87.0
9700	44	Convenience stores	47	445120	123	47123	Monroe County, Tennessee	yes	1.0	3.4303511303511307	41.195757575757575
9701	44	Convenience stores	47	445120	125	47125	Montgomery County, Tennessee	no	8.666666666666666	31.666666666666668	323.6666666666667
9702	44	Convenience stores	47	445120	127	47127	Moore County, Tennessee	yes	1.0	2.6368945868945874	41.4725641025641
9703	44	Convenience stores	47	445120	129	47129	Morgan County, Tennessee	yes	1.0	3.47767094017094	38.69673076923077
9704	44	Convenience stores	47	445120	131	47131	Obion County, Tennessee	yes	1.75	6.853318903318904	67.54643356643356
9705	44	Convenience stores	47	445120	133	47133	Overton County, Tennessee	no	3.0	1.5	65.0
9706	44	Convenience stores	47	445120	133	47133	Overton County, Tennessee	yes	1.25	5.9141762452107285	46.589270557029174
9707	44	Convenience stores	47	445120	135	47135	Perry County, Tennessee	no	3.0	3.0	38.0
9708	44	Convenience stores	47	445120	135	47135	Perry County, Tennessee	yes	1.4	5.589551674379261	55.91502483723174
9709	44	Convenience stores	47	445120	139	47139	Polk County, Tennessee	yes	1.0	3.9786463536463543	38.14248251748252
9710	44	Convenience stores	47	445120	141	47141	Putnam County, Tennessee	no	8.0	9.0	249.5
9711	44	Convenience stores	47	445120	143	47143	Rhea County, Tennessee	no	3.0	0.0	44.0
9712	44	Convenience stores	47	445120	143	47143	Rhea County, Tennessee	yes	1.8	8.353622163277336	66.72006366047746
9713	44	Convenience stores	47	445120	145	47145	Roane County, Tennessee	no	4.0	3.0	63.0
9714	44	Convenience stores	47	445120	145	47145	Roane County, Tennessee	yes	1.75	8.612267043301527	63.2667530745117
9715	44	Convenience stores	47	445120	147	47147	Robertson County, Tennessee	no	4.666666666666667	7.5	176.5
9716	44	Convenience stores	47	445120	149	47149	Rutherford County, Tennessee	no	11.333333333333334	11.0	265.0
9717	44	Convenience stores	47	445120	151	47151	Scott County, Tennessee	yes	1.0	6.0	30.36923076923077
9718	44	Convenience stores	47	445120	153	47153	Sequatchie County, Tennessee	yes	1.0	5.168831168831169	37.72727272727273
9719	44	Convenience stores	47	445120	155	47155	Sevier County, Tennessee	no	10.0	41.666666666666664	630.5
9720	44	Convenience stores	47	445120	157	47157	Shelby County, Tennessee	no	74.16666666666667	104.5	2136.5
9721	44	Convenience stores	47	445120	159	47159	Smith County, Tennessee	no	4.0	8.166666666666666	137.5
9722	44	Convenience stores	47	445120	161	47161	Stewart County, Tennessee	yes	1.3333333333333333	3.5663817663817667	54.3251282051282
9723	44	Convenience stores	47	445120	163	47163	Sullivan County, Tennessee	no	5.0	6.166666666666667	208.83333333333334
9724	44	Convenience stores	47	445120	165	47165	Sumner County, Tennessee	no	5.666666666666667	6.0	146.66666666666666
9725	44	Convenience stores	47	445120	167	47167	Tipton County, Tennessee	no	3.5	1.0	123.5
9726	44	Convenience stores	47	445120	167	47167	Tipton County, Tennessee	yes	1.5	7.4141762452107285	54.18157824933687
9727	44	Convenience stores	47	445120	169	47169	Trousdale County, Tennessee	no	3.0	11.0	125.0
9728	44	Convenience stores	47	445120	169	47169	Trousdale County, Tennessee	yes	2.0	7.631805971805972	77.00567832167832
9729	44	Convenience stores	47	445120	173	47173	Union County, Tennessee	yes	1.0	4.26899961468927	38.7121360823085
9730	44	Convenience stores	47	445120	177	47177	Warren County, Tennessee	yes	1.0	2.5611111111111113	42.93
9731	44	Convenience stores	47	445120	179	47179	Washington County, Tennessee	no	5.0	7.0	224.0
9732	44	Convenience stores	47	445120	179	47179	Washington County, Tennessee	yes	1.5	7.915151658686142	53.62732999758862
9733	44	Convenience stores	47	445120	181	47181	Wayne County, Tennessee	no	3.0	13.0	109.0
9734	44	Convenience stores	47	445120	181	47181	Wayne County, Tennessee	yes	1.8	8.0964482261034	69.94059512900893
9735	44	Convenience stores	47	445120	183	47183	Weakley County, Tennessee	yes	1.0	4.661472148541114	39.15815649867374
9736	44	Convenience stores	47	445120	185	47185	White County, Tennessee	yes	2.5	11.48855155062052	95.40012619564341
9737	44	Convenience stores	47	445120	187	47187	Williamson County, Tennessee	no	5.166666666666667	5.666666666666667	264.5
9738	44	Convenience stores	47	445120	189	47189	Wilson County, Tennessee	no	5.333333333333333	5.833333333333333	139.5
9739	44	Cosmetics, beauty supplies, and perfume stores	47	446120	1	47001	Anderson County, Tennessee	yes	4.0	26.02899888845963	359.5140810579206
9740	44	Cosmetics, beauty supplies, and perfume stores	47	446120	3	47003	Bedford County, Tennessee	yes	1.0	6.507249722114907	89.87852026448014
9741	44	Cosmetics, beauty supplies, and perfume stores	47	446120	9	47009	Blount County, Tennessee	no	4.0	31.0	443.6666666666667
9742	44	Cosmetics, beauty supplies, and perfume stores	47	446120	9	47009	Blount County, Tennessee	yes	3.3333333333333335	23.40099626400996	267.02158572021585
9743	44	Cosmetics, beauty supplies, and perfume stores	47	446120	11	47011	Bradley County, Tennessee	no	4.0	19.4	324.6
9744	44	Cosmetics, beauty supplies, and perfume stores	47	446120	11	47011	Bradley County, Tennessee	yes	4.0	24.65753424657534	394.24657534246575
9745	44	Cosmetics, beauty supplies, and perfume stores	47	446120	13	47013	Campbell County, Tennessee	yes	1.0	6.507249722114907	89.87852026448014
9746	44	Cosmetics, beauty supplies, and perfume stores	47	446120	19	47019	Carter County, Tennessee	no	3.0	7.0	158.0
9747	44	Cosmetics, beauty supplies, and perfume stores	47	446120	19	47019	Carter County, Tennessee	yes	1.2	7.511729969568192	100.72089098404285
9748	44	Cosmetics, beauty supplies, and perfume stores	47	446120	21	47021	Cheatham County, Tennessee	yes	1.0	8.333333333333334	85.63636363636364
9749	44	Cosmetics, beauty supplies, and perfume stores	47	446120	23	47023	Chester County, Tennessee	yes	1.0	6.507249722114907	89.87852026448014
9750	44	Cosmetics, beauty supplies, and perfume stores	47	446120	29	47029	Cocke County, Tennessee	yes	1.0	6.507249722114907	89.87852026448014
9751	44	Cosmetics, beauty supplies, and perfume stores	47	446120	31	47031	Coffee County, Tennessee	no	5.0	34.0	406.3333333333333
9752	44	Cosmetics, beauty supplies, and perfume stores	47	446120	31	47031	Coffee County, Tennessee	yes	4.0	28.461602324616024	312.2236059222361
9753	44	Cosmetics, beauty supplies, and perfume stores	47	446120	35	47035	Cumberland County, Tennessee	yes	1.0	5.899098863075808	101.70113904840132
9754	44	Cosmetics, beauty supplies, and perfume stores	47	446120	37	47037	Davidson County, Tennessee	no	47.166666666666664	367.6666666666667	7319.666666666667
9755	44	Cosmetics, beauty supplies, and perfume stores	47	446120	39	47039	Decatur County, Tennessee	yes	1.0	6.591891537856956	114.78143830233168
9756	44	Cosmetics, beauty supplies, and perfume stores	47	446120	43	47043	Dickson County, Tennessee	yes	1.5	9.456799153652812	140.7290897886808
9757	44	Cosmetics, beauty supplies, and perfume stores	47	446120	45	47045	Dyer County, Tennessee	yes	2.0	13.014499444229815	179.7570405289603
9758	44	Cosmetics, beauty supplies, and perfume stores	47	446120	47	47047	Fayette County, Tennessee	yes	1.0	5.899098863075808	101.70113904840132
9759	44	Cosmetics, beauty supplies, and perfume stores	47	446120	51	47051	Franklin County, Tennessee	yes	1.0	6.507249722114907	89.87852026448014
9760	44	Cosmetics, beauty supplies, and perfume stores	47	446120	53	47053	Gibson County, Tennessee	yes	1.6666666666666667	10.484196413926783	157.1560304279502
9761	44	Cosmetics, beauty supplies, and perfume stores	47	446120	59	47059	Greene County, Tennessee	yes	2.0	13.014499444229815	179.7570405289603
9762	44	Cosmetics, beauty supplies, and perfume stores	47	446120	63	47063	Hamblen County, Tennessee	no	3.6666666666666665	27.333333333333332	389.3333333333333
9763	44	Cosmetics, beauty supplies, and perfume stores	47	446120	63	47063	Hamblen County, Tennessee	yes	3.0	21.346201743462018	234.16770444167705
9764	44	Cosmetics, beauty supplies, and perfume stores	47	446120	65	47065	Hamilton County, Tennessee	no	15.833333333333334	177.33333333333334	2885.8333333333335
9765	44	Cosmetics, beauty supplies, and perfume stores	47	446120	69	47069	Hardeman County, Tennessee	yes	2.0	13.014499444229815	179.7570405289603
9766	44	Cosmetics, beauty supplies, and perfume stores	47	446120	71	47071	Hardin County, Tennessee	yes	1.0	7.091400314383024	91.29223430268098
9767	44	Cosmetics, beauty supplies, and perfume stores	47	446120	73	47073	Hawkins County, Tennessee	yes	1.0	6.507249722114907	89.87852026448014
9768	44	Cosmetics, beauty supplies, and perfume stores	47	446120	75	47075	Haywood County, Tennessee	yes	1.1666666666666667	7.648663863529048	98.20680309276298
9769	44	Cosmetics, beauty supplies, and perfume stores	47	446120	77	47077	Henderson County, Tennessee	yes	1.0	6.507249722114907	89.87852026448014
9770	44	Cosmetics, beauty supplies, and perfume stores	47	446120	79	47079	Henry County, Tennessee	yes	1.0	6.507249722114907	89.87852026448014
9771	44	Cosmetics, beauty supplies, and perfume stores	47	446120	93	47093	Knox County, Tennessee	no	26.5	254.0	4672.0
9772	44	Cosmetics, beauty supplies, and perfume stores	47	446120	103	47103	Lincoln County, Tennessee	yes	1.4	9.645390903229126	112.73399499714688
9773	44	Cosmetics, beauty supplies, and perfume stores	47	446120	105	47105	Loudon County, Tennessee	yes	1.0	7.590909090909092	67.80303030303031
9774	44	Cosmetics, beauty supplies, and perfume stores	47	446120	107	47107	McMinn County, Tennessee	yes	2.5	15.964048875767718	230.60761005316098
9775	44	Cosmetics, beauty supplies, and perfume stores	47	446120	109	47109	McNairy County, Tennessee	yes	1.0	6.507249722114907	89.87852026448014
9776	44	Cosmetics, beauty supplies, and perfume stores	47	446120	113	47113	Madison County, Tennessee	no	8.0	76.16666666666667	1138.3333333333333
9777	44	Cosmetics, beauty supplies, and perfume stores	47	446120	115	47115	Marion County, Tennessee	yes	1.0	6.439002696840919	97.86028492343678
9778	44	Cosmetics, beauty supplies, and perfume stores	47	446120	117	47117	Marshall County, Tennessee	yes	1.0	6.507249722114907	89.87852026448014
9779	44	Cosmetics, beauty supplies, and perfume stores	47	446120	119	47119	Maury County, Tennessee	no	3.3333333333333335	5.333333333333333	233.0
9780	44	Cosmetics, beauty supplies, and perfume stores	47	446120	119	47119	Maury County, Tennessee	yes	3.0	20.03226792419876	279.53257357436036
9781	44	Cosmetics, beauty supplies, and perfume stores	47	446120	123	47123	Monroe County, Tennessee	yes	1.0	7.115400581154006	78.05590148055903
9782	44	Cosmetics, beauty supplies, and perfume stores	47	446120	125	47125	Montgomery County, Tennessee	no	9.5	63.666666666666664	1050.8333333333333
9783	44	Cosmetics, beauty supplies, and perfume stores	47	446120	131	47131	Obion County, Tennessee	no	4.2	5.6	159.4
9784	44	Cosmetics, beauty supplies, and perfume stores	47	446120	131	47131	Obion County, Tennessee	yes	3.0	18.493150684931507	295.6849315068493
9785	44	Cosmetics, beauty supplies, and perfume stores	47	446120	141	47141	Putnam County, Tennessee	no	4.333333333333333	42.166666666666664	377.3333333333333
9786	44	Cosmetics, beauty supplies, and perfume stores	47	446120	143	47143	Rhea County, Tennessee	yes	2.3333333333333335	15.211796623515468	218.01751996307087
9787	44	Cosmetics, beauty supplies, and perfume stores	47	446120	145	47145	Roane County, Tennessee	yes	1.0	6.507249722114907	89.87852026448014
9788	44	Cosmetics, beauty supplies, and perfume stores	47	446120	147	47147	Robertson County, Tennessee	yes	1.0	6.507249722114907	89.87852026448014
9789	44	Cosmetics, beauty supplies, and perfume stores	47	446120	149	47149	Rutherford County, Tennessee	no	14.666666666666666	116.66666666666667	2062.3333333333335
9790	44	Cosmetics, beauty supplies, and perfume stores	47	446120	151	47151	Scott County, Tennessee	yes	1.4	9.338546075836353	134.6998864178328
9791	44	Cosmetics, beauty supplies, and perfume stores	47	446120	155	47155	Sevier County, Tennessee	no	11.166666666666666	84.16666666666667	1410.8333333333333
9792	44	Cosmetics, beauty supplies, and perfume stores	47	446120	157	47157	Shelby County, Tennessee	no	90.16666666666667	559.8333333333334	10378.166666666666
9793	44	Cosmetics, beauty supplies, and perfume stores	47	446120	163	47163	Sullivan County, Tennessee	no	5.5	65.83333333333333	840.6666666666666
9794	44	Cosmetics, beauty supplies, and perfume stores	47	446120	165	47165	Sumner County, Tennessee	no	5.833333333333333	64.0	954.3333333333334
9795	44	Cosmetics, beauty supplies, and perfume stores	47	446120	167	47167	Tipton County, Tennessee	no	3.8	12.0	286.0
9796	44	Cosmetics, beauty supplies, and perfume stores	47	446120	167	47167	Tipton County, Tennessee	yes	3.0	20.545454545454547	149.9090909090909
9797	44	Cosmetics, beauty supplies, and perfume stores	47	446120	177	47177	Warren County, Tennessee	no	4.0	23.333333333333332	268.0
9798	44	Cosmetics, beauty supplies, and perfume stores	47	446120	177	47177	Warren County, Tennessee	yes	3.3333333333333335	23.40099626400996	267.02158572021585
9799	44	Cosmetics, beauty supplies, and perfume stores	47	446120	179	47179	Washington County, Tennessee	no	8.0	54.25	908.75
9800	44	Cosmetics, beauty supplies, and perfume stores	47	446120	179	47179	Washington County, Tennessee	yes	8.0	57.99086757990868	736.7920298879203
9801	44	Cosmetics, beauty supplies, and perfume stores	47	446120	183	47183	Weakley County, Tennessee	yes	1.0	8.333333333333334	85.63636363636364
9802	44	Cosmetics, beauty supplies, and perfume stores	47	446120	187	47187	Williamson County, Tennessee	no	12.5	99.0	1910.5
9803	44	Cosmetics, beauty supplies, and perfume stores	47	446120	189	47189	Wilson County, Tennessee	no	6.666666666666667	59.666666666666664	1118.3333333333333
9804	44	Cosmetics, beauty supplies, and perfume stores	47	446120	189	47189	Wilson County, Tennessee	yes	7.666666666666667	54.3734606337346	579.7044416770444
9805	44	Electronics stores	47	443142	1	47001	Anderson County, Tennessee	no	10.2	38.2	1326.0
9806	44	Electronics stores	47	443142	1	47001	Anderson County, Tennessee	yes	11.0	116.81818181818183	1616.8181818181818
9807	44	Electronics stores	47	443142	3	47003	Bedford County, Tennessee	no	4.333333333333333	28.166666666666668	700.0
9808	44	Electronics stores	47	443142	5	47005	Benton County, Tennessee	yes	1.0	9.680194889507527	137.68055245327974
9809	44	Electronics stores	47	443142	9	47009	Blount County, Tennessee	no	9.0	37.333333333333336	840.0
9810	44	Electronics stores	47	443142	9	47009	Blount County, Tennessee	yes	9.666666666666666	113.65182816357982	1374.6861489588762
9811	44	Electronics stores	47	443142	11	47011	Bradley County, Tennessee	no	8.2	13.0	541.4
9812	44	Electronics stores	47	443142	11	47011	Bradley County, Tennessee	yes	10.0	80.82926829268293	1720.0
9813	44	Electronics stores	47	443142	13	47013	Campbell County, Tennessee	no	4.8	18.2	505.8
9814	44	Electronics stores	47	443142	13	47013	Campbell County, Tennessee	yes	4.0	62.77477477477478	455.7117117117117
9815	44	Electronics stores	47	443142	15	47015	Cannon County, Tennessee	yes	1.0	10.00900900900901	115.86936936936937
9816	44	Electronics stores	47	443142	17	47017	Carroll County, Tennessee	yes	1.0	9.680194889507527	137.68055245327974
9817	44	Electronics stores	47	443142	19	47019	Carter County, Tennessee	no	3.5	9.0	304.6666666666667
9818	44	Electronics stores	47	443142	21	47021	Cheatham County, Tennessee	yes	1.0	10.619834710743802	146.98347107438016
9819	44	Electronics stores	47	443142	25	47025	Claiborne County, Tennessee	yes	2.0	17.201669344009467	286.7711941207129
9820	44	Electronics stores	47	443142	29	47029	Cocke County, Tennessee	no	3.0	12.333333333333334	513.3333333333334
9821	44	Electronics stores	47	443142	29	47029	Cocke County, Tennessee	yes	2.0	15.669375456494734	304.3832290822665
9822	44	Electronics stores	47	443142	31	47031	Coffee County, Tennessee	no	8.666666666666666	40.833333333333336	1124.0
9823	44	Electronics stores	47	443142	35	47035	Cumberland County, Tennessee	no	3.6666666666666665	4.0	115.16666666666667
9824	44	Electronics stores	47	443142	37	47037	Davidson County, Tennessee	no	90.0	1280.6666666666667	40901.333333333336
9825	44	Electronics stores	47	443142	39	47039	Decatur County, Tennessee	yes	1.6666666666666667	13.23889925684914	239.11653946605819
9826	44	Electronics stores	47	443142	41	47041	DeKalb County, Tennessee	yes	1.0	8.197034664256922	142.66602225755167
9827	44	Electronics stores	47	443142	43	47043	Dickson County, Tennessee	no	3.3333333333333335	11.666666666666666	383.1666666666667
9828	44	Electronics stores	47	443142	45	47045	Dyer County, Tennessee	no	4.833333333333333	36.333333333333336	968.6666666666666
9829	44	Electronics stores	47	443142	47	47047	Fayette County, Tennessee	no	3.25	9.25	140.75
9830	44	Electronics stores	47	443142	47	47047	Fayette County, Tennessee	yes	2.0	12.884228473998295	309.59137254901964
9831	44	Electronics stores	47	443142	49	47049	Fentress County, Tennessee	yes	1.0	10.00900900900901	115.86936936936937
9832	44	Electronics stores	47	443142	51	47051	Franklin County, Tennessee	yes	1.3333333333333333	11.93717100834107	182.00872018347957
9833	44	Electronics stores	47	443142	53	47053	Gibson County, Tennessee	no	5.0	17.0	649.0
9834	44	Electronics stores	47	443142	53	47053	Gibson County, Tennessee	yes	4.2	45.827624100782586	602.3191191930871
9835	44	Electronics stores	47	443142	55	47055	Giles County, Tennessee	yes	1.5	14.552786623956687	200.9967081714676
9836	44	Electronics stores	47	443142	59	47059	Greene County, Tennessee	no	3.8333333333333335	11.333333333333334	375.1666666666667
9837	44	Electronics stores	47	443142	61	47061	Grundy County, Tennessee	yes	1.0	11.46548507790193	144.30379966743604
9838	44	Electronics stores	47	443142	63	47063	Hamblen County, Tennessee	no	6.5	45.0	824.6666666666666
9839	44	Electronics stores	47	443142	65	47065	Hamilton County, Tennessee	no	43.333333333333336	375.5	9399.333333333334
9840	44	Electronics stores	47	443142	67	47067	Hancock County, Tennessee	yes	1.0	8.600834672004734	143.38559706035645
9841	44	Electronics stores	47	443142	69	47069	Hardeman County, Tennessee	yes	1.1666666666666667	11.216450287620349	162.3735850483444
9842	44	Electronics stores	47	443142	71	47071	Hardin County, Tennessee	no	3.0	5.5	250.5
9843	44	Electronics stores	47	443142	71	47071	Hardin County, Tennessee	yes	2.5	20.46918539200822	394.03328958029493
9844	44	Electronics stores	47	443142	73	47073	Hawkins County, Tennessee	no	3.0	9.0	342.0
9845	44	Electronics stores	47	443142	73	47073	Hawkins County, Tennessee	yes	3.0	29.398317658826844	427.8770786634958
9846	44	Electronics stores	47	443142	75	47075	Haywood County, Tennessee	yes	1.75	16.705431101329104	238.6152371379644
9847	44	Electronics stores	47	443142	77	47077	Henderson County, Tennessee	no	3.0	5.0	176.5
9848	44	Electronics stores	47	443142	77	47077	Henderson County, Tennessee	yes	1.0	7.896747503502597	157.14371090584996
9849	44	Electronics stores	47	443142	79	47079	Henry County, Tennessee	no	3.5	11.5	566.0
9850	44	Electronics stores	47	443142	79	47079	Henry County, Tennessee	yes	3.0	25.14487577701124	473.77915734889
9851	44	Electronics stores	47	443142	81	47081	Hickman County, Tennessee	yes	1.0	8.600834672004734	143.38559706035645
9852	44	Electronics stores	47	443142	85	47085	Humphreys County, Tennessee	yes	1.0	9.680194889507527	137.68055245327974
9853	44	Electronics stores	47	443142	89	47089	Jefferson County, Tennessee	no	6.666666666666667	39.0	660.0
9854	44	Electronics stores	47	443142	91	47091	Johnson County, Tennessee	yes	1.0	8.600834672004734	143.38559706035645
9855	44	Electronics stores	47	443142	93	47093	Knox County, Tennessee	no	69.25	470.0	15491.25
9856	44	Electronics stores	47	443142	93	47093	Knox County, Tennessee	yes	70.5	670.0542027816973	11137.847107438018
9857	44	Electronics stores	47	443142	97	47097	Lauderdale County, Tennessee	yes	1.0	9.680194889507527	137.68055245327974
9858	44	Electronics stores	47	443142	99	47099	Lawrence County, Tennessee	no	4.0	8.0	314.5
9859	44	Electronics stores	47	443142	99	47099	Lawrence County, Tennessee	yes	2.0	15.793495007005195	314.2874218116999
9860	44	Electronics stores	47	443142	103	47103	Lincoln County, Tennessee	no	3.0	7.0	252.5
9861	44	Electronics stores	47	443142	103	47103	Lincoln County, Tennessee	yes	2.0	12.884228473998295	309.59137254901964
9862	44	Electronics stores	47	443142	105	47105	Loudon County, Tennessee	no	3.6666666666666665	12.666666666666666	262.3333333333333
9863	44	Electronics stores	47	443142	105	47105	Loudon County, Tennessee	yes	4.333333333333333	51.093171542838945	615.1911746457201
9864	44	Electronics stores	47	443142	107	47107	McMinn County, Tennessee	no	3.5	15.0	208.5
9865	44	Electronics stores	47	443142	107	47107	McMinn County, Tennessee	yes	3.0	32.755642641436644	415.70708527681785
9866	44	Electronics stores	47	443142	109	47109	McNairy County, Tennessee	yes	1.6666666666666667	14.084542420674119	233.60728227498282
9867	44	Electronics stores	47	443142	111	47111	Macon County, Tennessee	yes	1.0	8.600834672004734	143.38559706035645
9868	44	Electronics stores	47	443142	113	47113	Madison County, Tennessee	no	12.5	93.25	2302.25
9869	44	Electronics stores	47	443142	113	47113	Madison County, Tennessee	yes	13.0	121.56795001007862	2073.392561983471
9870	44	Electronics stores	47	443142	115	47115	Marion County, Tennessee	no	3.6	12.8	174.0
9871	44	Electronics stores	47	443142	115	47115	Marion County, Tennessee	yes	3.0	24.24878048780488	516.0
9872	44	Electronics stores	47	443142	117	47117	Marshall County, Tennessee	no	3.0	11.0	200.0
9873	44	Electronics stores	47	443142	117	47117	Marshall County, Tennessee	yes	2.0	18.91227348308163	297.0011086205311
9874	44	Electronics stores	47	443142	119	47119	Maury County, Tennessee	no	10.0	53.333333333333336	1479.6666666666667
9875	44	Electronics stores	47	443142	119	47119	Maury County, Tennessee	yes	8.0	90.03259429556546	1165.448911721639
9876	44	Electronics stores	47	443142	123	47123	Monroe County, Tennessee	no	3.0	6.0	245.5
9877	44	Electronics stores	47	443142	123	47123	Monroe County, Tennessee	yes	2.25	22.157994055436514	279.68387917329096
9878	44	Electronics stores	47	443142	125	47125	Montgomery County, Tennessee	no	24.0	155.0	3581.5
9879	44	Electronics stores	47	443142	131	47131	Obion County, Tennessee	no	4.0	15.0	771.5
9880	44	Electronics stores	47	443142	131	47131	Obion County, Tennessee	yes	3.5	28.365932895510817	551.1770004861448
9881	44	Electronics stores	47	443142	133	47133	Overton County, Tennessee	no	3.0	5.5	229.0
9882	44	Electronics stores	47	443142	133	47133	Overton County, Tennessee	yes	2.0	15.793495007005195	314.2874218116999
9883	44	Electronics stores	47	443142	141	47141	Putnam County, Tennessee	no	10.0	51.0	1048.75
9884	44	Electronics stores	47	443142	141	47141	Putnam County, Tennessee	yes	11.5	108.17510582543842	1827.900826446281
9885	44	Electronics stores	47	443142	143	47143	Rhea County, Tennessee	no	3.0	13.0	477.0
9886	44	Electronics stores	47	443142	143	47143	Rhea County, Tennessee	yes	2.4	23.66759758767403	354.1866942061166
9887	44	Electronics stores	47	443142	145	47145	Roane County, Tennessee	no	4.0	10.0	355.1666666666667
9888	44	Electronics stores	47	443142	147	47147	Robertson County, Tennessee	no	5.4	11.0	430.4
9889	44	Electronics stores	47	443142	147	47147	Robertson County, Tennessee	yes	6.0	63.719008264462815	881.900826446281
9890	44	Electronics stores	47	443142	149	47149	Rutherford County, Tennessee	no	34.166666666666664	317.6666666666667	6794.0
9891	44	Electronics stores	47	443142	151	47151	Scott County, Tennessee	yes	2.0	17.201669344009467	286.7711941207129
9892	44	Electronics stores	47	443142	153	47153	Sequatchie County, Tennessee	yes	1.0	9.366981615762102	134.5795795795796
9893	44	Electronics stores	47	443142	155	47155	Sevier County, Tennessee	no	10.666666666666666	48.5	1176.6666666666667
9894	44	Electronics stores	47	443142	157	47157	Shelby County, Tennessee	no	112.0	1038.3333333333333	24874.833333333332
9895	44	Electronics stores	47	443142	159	47159	Smith County, Tennessee	yes	1.3333333333333333	11.93717100834107	182.00872018347957
9896	44	Electronics stores	47	443142	161	47161	Stewart County, Tennessee	yes	1.0	8.600834672004734	143.38559706035645
9897	44	Electronics stores	47	443142	163	47163	Sullivan County, Tennessee	no	11.333333333333334	104.33333333333333	1980.6666666666667
9898	44	Electronics stores	47	443142	163	47163	Sullivan County, Tennessee	yes	13.666666666666666	155.2855598593958	1982.2772193681285
9899	44	Electronics stores	47	443142	165	47165	Sumner County, Tennessee	no	8.333333333333334	60.333333333333336	1229.3333333333333
9900	44	Electronics stores	47	443142	165	47165	Sumner County, Tennessee	yes	8.666666666666666	102.18634308567789	1230.3823492914403
9901	44	Electronics stores	47	443142	167	47167	Tipton County, Tennessee	no	3.5	7.0	346.5
9902	44	Electronics stores	47	443142	167	47167	Tipton County, Tennessee	yes	2.0	15.793495007005195	314.2874218116999
9903	44	Electronics stores	47	443142	173	47173	Union County, Tennessee	yes	1.0	8.600834672004734	143.38559706035645
9904	44	Electronics stores	47	443142	177	47177	Warren County, Tennessee	no	5.5	38.333333333333336	901.8333333333334
9905	44	Electronics stores	47	443142	179	47179	Washington County, Tennessee	no	20.333333333333332	146.33333333333334	4195.0
9906	44	Electronics stores	47	443142	183	47183	Weakley County, Tennessee	yes	2.5	27.207236625861903	332.3250688705234
9907	44	Electronics stores	47	443142	185	47185	White County, Tennessee	yes	1.5	14.355885274510552	217.4264202218748
9908	44	Electronics stores	47	443142	187	47187	Williamson County, Tennessee	no	21.833333333333332	250.16666666666666	10117.5
9909	44	Electronics stores	47	443142	189	47189	Wilson County, Tennessee	no	8.5	74.0	2108.0
9910	44	Electronics stores	47	443142	189	47189	Wilson County, Tennessee	yes	9.5	93.27770610763959	1471.392561983471
9911	44	Family clothing stores	47	448140	1	47001	Anderson County, Tennessee	yes	1.3333333333333333	15.68816328787259	204.06869471215404
9912	44	Family clothing stores	47	448140	3	47003	Bedford County, Tennessee	yes	1.1666666666666667	13.565478102687402	176.59878730474665
9913	44	Family clothing stores	47	448140	5	47005	Benton County, Tennessee	yes	1.0	12.476913167320145	164.23759125612324
9914	44	Family clothing stores	47	448140	9	47009	Blount County, Tennessee	no	7.666666666666667	180.16666666666666	1716.6666666666667
9915	44	Family clothing stores	47	448140	11	47011	Bradley County, Tennessee	no	6.2	175.8	1893.6
9916	44	Family clothing stores	47	448140	11	47011	Bradley County, Tennessee	yes	6.0	76.41666666666666	988.9166666666666
9917	44	Family clothing stores	47	448140	13	47013	Campbell County, Tennessee	yes	1.0	12.2272448195704	163.08150157632716
9918	44	Family clothing stores	47	448140	17	47017	Carroll County, Tennessee	yes	2.0	24.80856940827871	317.35098146319075
9919	44	Family clothing stores	47	448140	19	47019	Carter County, Tennessee	no	3.8	31.0	406.4
9920	44	Family clothing stores	47	448140	19	47019	Carter County, Tennessee	yes	2.0	25.07142857142857	266.9285714285714
9921	44	Family clothing stores	47	448140	25	47025	Claiborne County, Tennessee	yes	1.5	18.15	212.69285714285712
9922	44	Family clothing stores	47	448140	29	47029	Cocke County, Tennessee	no	3.0	22.666666666666668	302.0
9923	44	Family clothing stores	47	448140	29	47029	Cocke County, Tennessee	yes	2.3333333333333335	28.578968253968252	359.43373015873016
9924	44	Family clothing stores	47	448140	31	47031	Coffee County, Tennessee	no	6.0	93.25	1245.75
9925	44	Family clothing stores	47	448140	31	47031	Coffee County, Tennessee	yes	2.5	29.378571428571426	371.15
9926	44	Family clothing stores	47	448140	35	47035	Cumberland County, Tennessee	no	4.5	59.166666666666664	743.1666666666666
9927	44	Family clothing stores	47	448140	37	47037	Davidson County, Tennessee	no	95.83333333333333	2358.0	38873.166666666664
9928	44	Family clothing stores	47	448140	41	47041	DeKalb County, Tennessee	yes	1.0	12.278656397261047	158.1452989326536
9929	44	Family clothing stores	47	448140	43	47043	Dickson County, Tennessee	no	4.0	96.0	1245.3333333333333
9930	44	Family clothing stores	47	448140	43	47043	Dickson County, Tennessee	yes	2.3333333333333335	28.076455026455022	357.31296296296296
9931	44	Family clothing stores	47	448140	45	47045	Dyer County, Tennessee	no	4.0	83.5	1057.3333333333333
9932	44	Family clothing stores	47	448140	47	47047	Fayette County, Tennessee	yes	1.0	12.278656397261047	158.1452989326536
9933	44	Family clothing stores	47	448140	51	47051	Franklin County, Tennessee	no	3.0	38.0	493.0
9934	44	Family clothing stores	47	448140	51	47051	Franklin County, Tennessee	yes	2.0	26.60744851994852	336.6657094594595
9935	44	Family clothing stores	47	448140	53	47053	Gibson County, Tennessee	no	3.0	15.25	214.5
9936	44	Family clothing stores	47	448140	53	47053	Gibson County, Tennessee	yes	1.5	17.49642857142857	225.1892857142857
9937	44	Family clothing stores	47	448140	55	47055	Giles County, Tennessee	yes	1.0	12.535714285714285	133.4642857142857
9938	44	Family clothing stores	47	448140	59	47059	Greene County, Tennessee	no	5.0	42.333333333333336	573.3333333333334
9939	44	Family clothing stores	47	448140	59	47059	Greene County, Tennessee	yes	3.3333333333333335	40.74576719576719	511.68068783068776
9940	44	Family clothing stores	47	448140	61	47061	Grundy County, Tennessee	yes	1.0	12.278656397261047	158.1452989326536
9941	44	Family clothing stores	47	448140	63	47063	Hamblen County, Tennessee	no	5.166666666666667	149.83333333333334	1473.1666666666667
9942	44	Family clothing stores	47	448140	65	47065	Hamilton County, Tennessee	no	39.0	873.0	9876.333333333334
9943	44	Family clothing stores	47	448140	71	47071	Hardin County, Tennessee	yes	1.8333333333333333	22.468027080236382	294.0465502462595
9944	44	Family clothing stores	47	448140	73	47073	Hawkins County, Tennessee	yes	1.0	12.2272448195704	163.08150157632716
9945	44	Family clothing stores	47	448140	75	47075	Haywood County, Tennessee	yes	1.0	12.476913167320145	164.23759125612324
9946	44	Family clothing stores	47	448140	77	47077	Henderson County, Tennessee	no	3.5	13.666666666666666	282.1666666666667
9947	44	Family clothing stores	47	448140	79	47079	Henry County, Tennessee	yes	2.0	24.557312794522094	316.2905978653072
9948	44	Family clothing stores	47	448140	85	47085	Humphreys County, Tennessee	yes	1.0	12.476913167320145	164.23759125612324
9949	44	Family clothing stores	47	448140	89	47089	Jefferson County, Tennessee	yes	1.8333333333333333	22.468027080236382	294.0465502462595
9950	44	Family clothing stores	47	448140	93	47093	Knox County, Tennessee	no	50.333333333333336	1224.0	13878.333333333334
9951	44	Family clothing stores	47	448140	97	47097	Lauderdale County, Tennessee	yes	1.0	11.05533176448874	141.86545081210778
9952	44	Family clothing stores	47	448140	99	47099	Lawrence County, Tennessee	no	3.0	43.0	567.1666666666666
9953	44	Family clothing stores	47	448140	101	47101	Lewis County, Tennessee	yes	1.1666666666666667	14.367942111546762	180.3893465517012
9954	44	Family clothing stores	47	448140	103	47103	Lincoln County, Tennessee	no	3.0	23.25	299.5
9955	44	Family clothing stores	47	448140	103	47103	Lincoln County, Tennessee	yes	2.0	23.764285714285712	291.9214285714286
9956	44	Family clothing stores	47	448140	107	47107	McMinn County, Tennessee	no	3.0	24.666666666666668	279.3333333333333
9957	44	Family clothing stores	47	448140	107	47107	McMinn County, Tennessee	yes	2.3333333333333335	28.578968253968252	359.43373015873016
9958	44	Family clothing stores	47	448140	111	47111	Macon County, Tennessee	yes	1.0	12.278656397261047	158.1452989326536
9959	44	Family clothing stores	47	448140	113	47113	Madison County, Tennessee	no	16.0	428.8333333333333	4745.833333333333
9960	44	Family clothing stores	47	448140	115	47115	Marion County, Tennessee	no	3.0	20.0	336.3333333333333
9961	44	Family clothing stores	47	448140	115	47115	Marion County, Tennessee	yes	2.3333333333333335	30.862312312312312	412.73046975546976
9962	44	Family clothing stores	47	448140	117	47117	Marshall County, Tennessee	yes	2.0	24.557312794522094	316.2905978653072
9963	44	Family clothing stores	47	448140	119	47119	Maury County, Tennessee	no	4.75	105.0	1705.25
9964	44	Family clothing stores	47	448140	119	47119	Maury County, Tennessee	yes	4.0	47.92936507936508	646.5531746031745
9965	44	Family clothing stores	47	448140	123	47123	Monroe County, Tennessee	yes	1.8	22.208775353426514	294.47157458122575
9966	44	Family clothing stores	47	448140	125	47125	Montgomery County, Tennessee	no	13.833333333333334	351.3333333333333	3697.6666666666665
9967	44	Family clothing stores	47	448140	131	47131	Obion County, Tennessee	no	3.6666666666666665	61.166666666666664	788.5
9968	44	Family clothing stores	47	448140	133	47133	Overton County, Tennessee	yes	1.6666666666666667	20.596598508807812	267.63702643673577
9969	44	Family clothing stores	47	448140	135	47135	Perry County, Tennessee	yes	1.0	11.882142857142856	145.9607142857143
9970	44	Family clothing stores	47	448140	141	47141	Putnam County, Tennessee	no	6.833333333333333	169.0	2170.5
9971	44	Family clothing stores	47	448140	143	47143	Rhea County, Tennessee	yes	1.6666666666666667	19.648877573586873	252.72226614072542
9972	44	Family clothing stores	47	448140	145	47145	Roane County, Tennessee	yes	1.8333333333333333	22.468027080236382	294.0465502462595
9973	44	Family clothing stores	47	448140	147	47147	Robertson County, Tennessee	no	3.0	23.75	313.5
9974	44	Family clothing stores	47	448140	147	47147	Robertson County, Tennessee	yes	2.0	23.764285714285712	291.9214285714286
9975	44	Family clothing stores	47	448140	149	47149	Rutherford County, Tennessee	no	18.0	531.8333333333334	5630.5
9976	44	Family clothing stores	47	448140	151	47151	Scott County, Tennessee	yes	1.0	12.2272448195704	163.08150157632716
9977	44	Family clothing stores	47	448140	153	47153	Sequatchie County, Tennessee	yes	1.0	12.2272448195704	163.08150157632716
9978	44	Family clothing stores	47	448140	155	47155	Sevier County, Tennessee	no	32.166666666666664	671.6666666666666	8784.666666666666
9979	44	Family clothing stores	47	448140	157	47157	Shelby County, Tennessee	no	115.0	2148.6666666666665	30476.833333333332
9980	44	Family clothing stores	47	448140	159	47159	Smith County, Tennessee	yes	1.0	12.187165454491035	156.8104698302954
9981	44	Family clothing stores	47	448140	163	47163	Sullivan County, Tennessee	no	9.5	275.8333333333333	3081.5
9982	44	Family clothing stores	47	448140	165	47165	Sumner County, Tennessee	no	7.0	162.33333333333334	2544.3333333333335
9983	44	Family clothing stores	47	448140	165	47165	Sumner County, Tennessee	yes	7.333333333333333	89.41296296296298	1120.6685185185186
9984	44	Family clothing stores	47	448140	167	47167	Tipton County, Tennessee	no	4.0	0.0	214.0
9985	44	Family clothing stores	47	448140	167	47167	Tipton County, Tennessee	yes	2.0	24.4544896391408	326.1630031526543
9986	44	Family clothing stores	47	448140	173	47173	Union County, Tennessee	yes	1.0	11.05533176448874	141.86545081210778
9987	44	Family clothing stores	47	448140	177	47177	Warren County, Tennessee	yes	2.0	24.557312794522094	316.2905978653072
9988	44	Family clothing stores	47	448140	179	47179	Washington County, Tennessee	no	12.166666666666666	319.8333333333333	3400.6666666666665
9989	44	Family clothing stores	47	448140	183	47183	Weakley County, Tennessee	yes	1.0	12.476913167320145	164.23759125612324
9990	44	Family clothing stores	47	448140	185	47185	White County, Tennessee	yes	1.0	12.476913167320145	164.23759125612324
9991	44	Family clothing stores	47	448140	187	47187	Williamson County, Tennessee	no	24.833333333333332	703.1666666666666	9445.333333333334
9992	44	Family clothing stores	47	448140	189	47189	Wilson County, Tennessee	no	12.833333333333334	321.1666666666667	3321.0
9993	44	Fish and seafood markets	47	445220	9	47009	Blount County, Tennessee	yes	1.0	0.21527777777777754	123.22222222222221
9994	44	Fish and seafood markets	47	445220	37	47037	Davidson County, Tennessee	yes	1.0	0.21527777777777754	123.22222222222221
9995	44	Fish and seafood markets	47	445220	75	47075	Haywood County, Tennessee	yes	1.0	0.0	114.75
9996	44	Fish and seafood markets	47	445220	119	47119	Maury County, Tennessee	yes	1.0	0.3229166666666663	127.45833333333333
9997	44	Fish and seafood markets	47	445220	125	47125	Montgomery County, Tennessee	yes	1.0	0.0	114.75
9998	44	Fish and seafood markets	47	445220	157	47157	Shelby County, Tennessee	no	4.5	62.0	2103.5
9999	44	Fish and seafood markets	47	445220	157	47157	Shelby County, Tennessee	yes	3.5	0.0	459.0
10000	44	Fish and seafood markets	47	445220	187	47187	Williamson County, Tennessee	yes	1.0	-8.125	27.625
10001	44	Fish and seafood markets	47	445220	189	47189	Wilson County, Tennessee	yes	1.0	0.0	0.0
10002	44	Floor covering stores	47	442210	1	47001	Anderson County, Tennessee	yes	2.0	9.554539014627233	233.57244680284896
10003	44	Floor covering stores	47	442210	3	47003	Bedford County, Tennessee	no	3.6666666666666665	3.5	173.5
10004	44	Floor covering stores	47	442210	5	47005	Benton County, Tennessee	yes	1.0	4.777269507313616	116.78622340142448
10005	44	Floor covering stores	47	442210	9	47009	Blount County, Tennessee	yes	3.0	14.20496960757639	378.84233317163597
10006	44	Floor covering stores	47	442210	11	47011	Bradley County, Tennessee	yes	1.6666666666666667	7.8216841501934224	204.35245743549117
10007	44	Floor covering stores	47	442210	13	47013	Campbell County, Tennessee	yes	1.0	4.777269507313616	116.78622340142448
10008	44	Floor covering stores	47	442210	19	47019	Carter County, Tennessee	yes	2.0	9.554539014627233	233.57244680284896
10009	44	Floor covering stores	47	442210	23	47023	Chester County, Tennessee	yes	1.0	4.669978310737124	122.86503670916036
10010	44	Floor covering stores	47	442210	31	47031	Coffee County, Tennessee	no	4.0	5.333333333333333	413.6666666666667
10011	44	Floor covering stores	47	442210	31	47031	Coffee County, Tennessee	yes	2.3333333333333335	9.74073046694406	323.5979426722145
10012	44	Floor covering stores	47	442210	35	47035	Cumberland County, Tennessee	no	4.0	9.666666666666666	540.0
10013	44	Floor covering stores	47	442210	35	47035	Cumberland County, Tennessee	yes	2.3333333333333335	9.74073046694406	323.5979426722145
10014	44	Floor covering stores	47	442210	37	47037	Davidson County, Tennessee	no	28.833333333333332	234.16666666666666	10223.0
10015	44	Floor covering stores	47	442210	39	47039	Decatur County, Tennessee	yes	2.0	9.554539014627233	233.57244680284896
10016	44	Floor covering stores	47	442210	43	47043	Dickson County, Tennessee	yes	2.0	9.554539014627233	233.57244680284896
10017	44	Floor covering stores	47	442210	45	47045	Dyer County, Tennessee	yes	2.0	9.554539014627233	233.57244680284896
10018	44	Floor covering stores	47	442210	47	47047	Fayette County, Tennessee	yes	1.0	4.777269507313616	116.78622340142448
10019	44	Floor covering stores	47	442210	51	47051	Franklin County, Tennessee	yes	1.0	4.566621964319708	131.34935105110003
10020	44	Floor covering stores	47	442210	53	47053	Gibson County, Tennessee	yes	1.3333333333333333	6.5101243717474295	146.00621276878226
10021	44	Floor covering stores	47	442210	59	47059	Greene County, Tennessee	yes	1.3333333333333333	6.383330113374224	143.65895067415175
10022	44	Floor covering stores	47	442210	65	47065	Hamilton County, Tennessee	no	9.166666666666666	26.666666666666668	969.5
10023	44	Floor covering stores	47	442210	69	47069	Hardeman County, Tennessee	yes	2.0	9.554539014627233	233.57244680284896
10024	44	Floor covering stores	47	442210	71	47071	Hardin County, Tennessee	yes	1.0	4.442736046316144	129.90585728995921
10025	44	Floor covering stores	47	442210	73	47073	Hawkins County, Tennessee	yes	1.8333333333333333	8.878347625961396	191.65242019912284
10026	44	Floor covering stores	47	442210	75	47075	Haywood County, Tennessee	yes	1.0	4.777269507313616	116.78622340142448
10027	44	Floor covering stores	47	442210	77	47077	Henderson County, Tennessee	yes	2.0	9.554539014627233	233.57244680284896
10028	44	Floor covering stores	47	442210	79	47079	Henry County, Tennessee	yes	1.0	4.777269507313616	116.78622340142448
10029	44	Floor covering stores	47	442210	89	47089	Jefferson County, Tennessee	yes	1.0	4.777269507313616	116.78622340142448
10030	44	Floor covering stores	47	442210	91	47091	Johnson County, Tennessee	yes	1.0	4.756880335866404	88.62385660005629
10031	44	Floor covering stores	47	442210	93	47093	Knox County, Tennessee	no	17.5	147.33333333333334	6670.666666666667
10032	44	Floor covering stores	47	442210	97	47097	Lauderdale County, Tennessee	yes	1.0	4.777269507313616	116.78622340142448
10033	44	Floor covering stores	47	442210	103	47103	Lincoln County, Tennessee	yes	1.5	6.936063235160742	189.95376462503364
10034	44	Floor covering stores	47	442210	111	47111	Macon County, Tennessee	yes	1.0	4.777269507313616	116.78622340142448
10035	44	Floor covering stores	47	442210	113	47113	Madison County, Tennessee	no	5.0	26.166666666666668	1133.8333333333333
10036	44	Floor covering stores	47	442210	115	47115	Marion County, Tennessee	yes	1.0	4.777269507313616	116.78622340142448
10037	44	Floor covering stores	47	442210	117	47117	Marshall County, Tennessee	yes	1.0	4.777269507313616	116.78622340142448
10038	44	Floor covering stores	47	442210	119	47119	Maury County, Tennessee	no	3.0	0.0	136.0
10039	44	Floor covering stores	47	442210	119	47119	Maury County, Tennessee	yes	1.3333333333333333	6.59609563123495	122.85966632266941
10040	44	Floor covering stores	47	442210	123	47123	Monroe County, Tennessee	yes	1.8333333333333333	8.668918099594555	219.17375399239143
10041	44	Floor covering stores	47	442210	125	47125	Montgomery County, Tennessee	no	7.0	25.166666666666668	890.5
10042	44	Floor covering stores	47	442210	131	47131	Obion County, Tennessee	yes	2.0	9.554539014627233	233.57244680284896
10043	44	Floor covering stores	47	442210	141	47141	Putnam County, Tennessee	no	5.0	61.166666666666664	1767.0
10044	44	Floor covering stores	47	442210	143	47143	Rhea County, Tennessee	yes	2.0	9.554539014627233	233.57244680284896
10045	44	Floor covering stores	47	442210	145	47145	Roane County, Tennessee	yes	1.3333333333333333	6.5101243717474295	146.00621276878226
10046	44	Floor covering stores	47	442210	147	47147	Robertson County, Tennessee	yes	1.0	4.777269507313616	116.78622340142448
10047	44	Floor covering stores	47	442210	149	47149	Rutherford County, Tennessee	no	5.0	29.2	1426.2
10048	44	Floor covering stores	47	442210	149	47149	Rutherford County, Tennessee	yes	3.0	16.736842105263158	284.10526315789474
10049	44	Floor covering stores	47	442210	153	47153	Sequatchie County, Tennessee	yes	1.0	5.236951558932983	87.23736435563059
10050	44	Floor covering stores	47	442210	155	47155	Sevier County, Tennessee	no	4.666666666666667	5.833333333333333	335.8333333333333
10051	44	Floor covering stores	47	442210	157	47157	Shelby County, Tennessee	no	26.5	182.66666666666666	7913.666666666667
10052	44	Floor covering stores	47	442210	159	47159	Smith County, Tennessee	yes	1.0	4.777269507313616	116.78622340142448
10053	44	Floor covering stores	47	442210	163	47163	Sullivan County, Tennessee	no	6.666666666666667	22.0	607.1666666666666
10054	44	Floor covering stores	47	442210	165	47165	Sumner County, Tennessee	no	5.166666666666667	7.833333333333333	496.0
10055	44	Floor covering stores	47	442210	167	47167	Tipton County, Tennessee	yes	2.1666666666666665	10.357569317657536	247.00881043921257
10056	44	Floor covering stores	47	442210	171	47171	Unicoi County, Tennessee	yes	1.0	4.818047850208044	173.11095700416087
10057	44	Floor covering stores	47	442210	173	47173	Union County, Tennessee	yes	1.0	4.818047850208044	173.11095700416087
10058	44	Floor covering stores	47	442210	177	47177	Warren County, Tennessee	no	3.0	4.0	62.0
10059	44	Floor covering stores	47	442210	177	47177	Warren County, Tennessee	yes	2.0	9.513760671732808	177.24771320011257
10060	44	Floor covering stores	47	442210	179	47179	Washington County, Tennessee	no	4.833333333333333	30.166666666666668	993.8333333333334
10061	44	Floor covering stores	47	442210	183	47183	Weakley County, Tennessee	yes	1.0	4.777269507313616	116.78622340142448
10062	44	Floor covering stores	47	442210	187	47187	Williamson County, Tennessee	no	6.5	50.166666666666664	3409.0
10063	44	Floor covering stores	47	442210	189	47189	Wilson County, Tennessee	no	5.5	12.166666666666666	830.0
10064	44	Food (health) supplement stores	47	446191	1	47001	Anderson County, Tennessee	no	3.0	12.0	117.0
10065	44	Food (health) supplement stores	47	446191	1	47001	Anderson County, Tennessee	yes	2.0	11.76072038753362	111.99661576308176
10066	44	Food (health) supplement stores	47	446191	3	47003	Bedford County, Tennessee	yes	1.0	4.961893416151686	59.43471350750475
10067	44	Food (health) supplement stores	47	446191	9	47009	Blount County, Tennessee	no	3.8333333333333335	7.333333333333333	429.3333333333333
10068	44	Food (health) supplement stores	47	446191	11	47011	Bradley County, Tennessee	no	3.0	9.4	248.4
10069	44	Food (health) supplement stores	47	446191	11	47011	Bradley County, Tennessee	yes	2.0	14.864864864864865	107.72972972972974
10070	44	Food (health) supplement stores	47	446191	25	47025	Claiborne County, Tennessee	yes	1.0	6.255001016173196	55.35756426025842
10071	44	Food (health) supplement stores	47	446191	29	47029	Cocke County, Tennessee	yes	1.5	8.035611364869634	84.98150837929963
10072	44	Food (health) supplement stores	47	446191	31	47031	Coffee County, Tennessee	no	3.0	11.0	126.0
10073	44	Food (health) supplement stores	47	446191	31	47031	Coffee County, Tennessee	yes	2.5	11.81196229973711	152.75734565071937
10074	44	Food (health) supplement stores	47	446191	35	47035	Cumberland County, Tennessee	no	3.0	8.0	105.0
10075	44	Food (health) supplement stores	47	446191	35	47035	Cumberland County, Tennessee	yes	2.0	11.556669715186255	120.78519278077528
10076	44	Food (health) supplement stores	47	446191	37	47037	Davidson County, Tennessee	no	17.0	70.33333333333333	1197.5
10077	44	Food (health) supplement stores	47	446191	41	47041	DeKalb County, Tennessee	yes	1.0	6.255001016173196	55.35756426025842
10078	44	Food (health) supplement stores	47	446191	43	47043	Dickson County, Tennessee	no	3.0	0.0	147.0
10079	44	Food (health) supplement stores	47	446191	43	47043	Dickson County, Tennessee	yes	1.0	5.456001219407836	58.320743778976784
10080	44	Food (health) supplement stores	47	446191	45	47045	Dyer County, Tennessee	yes	1.0	6.255001016173196	55.35756426025842
10081	44	Food (health) supplement stores	47	446191	51	47051	Franklin County, Tennessee	yes	1.0	6.255001016173196	55.35756426025842
10082	44	Food (health) supplement stores	47	446191	59	47059	Greene County, Tennessee	no	3.3333333333333335	12.333333333333334	142.33333333333334
10083	44	Food (health) supplement stores	47	446191	59	47059	Greene County, Tennessee	yes	2.3333333333333335	12.467567012255733	144.23264789342454
10084	44	Food (health) supplement stores	47	446191	63	47063	Hamblen County, Tennessee	no	3.4	6.0	141.2
10085	44	Food (health) supplement stores	47	446191	63	47063	Hamblen County, Tennessee	yes	1.0	10.25	40.541666666666664
10086	44	Food (health) supplement stores	47	446191	65	47065	Hamilton County, Tennessee	no	11.333333333333334	56.666666666666664	1439.0
10087	44	Food (health) supplement stores	47	446191	73	47073	Hawkins County, Tennessee	yes	1.0	6.255001016173196	55.35756426025842
10088	44	Food (health) supplement stores	47	446191	79	47079	Henry County, Tennessee	yes	1.0	6.255001016173196	55.35756426025842
10089	44	Food (health) supplement stores	47	446191	93	47093	Knox County, Tennessee	no	16.666666666666668	33.833333333333336	1557.6666666666667
10090	44	Food (health) supplement stores	47	446191	99	47099	Lawrence County, Tennessee	yes	1.0	6.255001016173196	55.35756426025842
10091	44	Food (health) supplement stores	47	446191	105	47105	Loudon County, Tennessee	yes	1.25	6.003560082818352	71.9430468408381
10092	44	Food (health) supplement stores	47	446191	107	47107	McMinn County, Tennessee	yes	1.6666666666666667	9.56292996027432	94.98070659859492
10093	44	Food (health) supplement stores	47	446191	113	47113	Madison County, Tennessee	no	4.0	12.666666666666666	237.0
10094	44	Food (health) supplement stores	47	446191	113	47113	Madison County, Tennessee	yes	4.0	33.47499422499423	199.85490297990296
10095	44	Food (health) supplement stores	47	446191	115	47115	Marion County, Tennessee	yes	1.0	6.255001016173196	55.35756426025842
10096	44	Food (health) supplement stores	47	446191	119	47119	Maury County, Tennessee	no	3.6	6.6	95.2
10097	44	Food (health) supplement stores	47	446191	119	47119	Maury County, Tennessee	yes	3.0	30.75	121.625
10098	44	Food (health) supplement stores	47	446191	125	47125	Montgomery County, Tennessee	no	5.0	12.333333333333334	340.6666666666667
10099	44	Food (health) supplement stores	47	446191	131	47131	Obion County, Tennessee	yes	1.0	6.255001016173196	55.35756426025842
10100	44	Food (health) supplement stores	47	446191	135	47135	Perry County, Tennessee	yes	1.0	3.906456178800539	61.86166929205763
10101	44	Food (health) supplement stores	47	446191	141	47141	Putnam County, Tennessee	no	3.0	7.333333333333333	218.83333333333334
10102	44	Food (health) supplement stores	47	446191	147	47147	Robertson County, Tennessee	yes	1.0	6.6726678860745015	56.42241044564345
10103	44	Food (health) supplement stores	47	446191	149	47149	Rutherford County, Tennessee	no	10.5	43.333333333333336	768.5
10104	44	Food (health) supplement stores	47	446191	155	47155	Sevier County, Tennessee	no	5.833333333333333	9.833333333333334	384.1666666666667
10105	44	Food (health) supplement stores	47	446191	157	47157	Shelby County, Tennessee	no	13.166666666666666	63.0	1265.6666666666667
10106	44	Food (health) supplement stores	47	446191	163	47163	Sullivan County, Tennessee	yes	2.6666666666666665	16.171563455079994	148.4029076109901
10107	44	Food (health) supplement stores	47	446191	165	47165	Sumner County, Tennessee	no	4.0	14.25	207.5
10108	44	Food (health) supplement stores	47	446191	165	47165	Sumner County, Tennessee	yes	3.0	18.442307692307693	153.28076923076924
10109	44	Food (health) supplement stores	47	446191	167	47167	Tipton County, Tennessee	yes	1.0	4.961893416151686	59.43471350750475
10110	44	Food (health) supplement stores	47	446191	177	47177	Warren County, Tennessee	yes	1.0	6.255001016173196	55.35756426025842
10111	44	Food (health) supplement stores	47	446191	179	47179	Washington County, Tennessee	no	4.0	24.0	705.5
10112	44	Food (health) supplement stores	47	446191	187	47187	Williamson County, Tennessee	no	9.0	29.5	713.25
10113	44	Food (health) supplement stores	47	446191	187	47187	Williamson County, Tennessee	yes	7.5	58.17844767844768	397.997920997921
10114	44	Food (health) supplement stores	47	446191	189	47189	Wilson County, Tennessee	no	4.833333333333333	12.666666666666666	425.0
10115	44	Fruit and vegetable markets	47	445230	1	47001	Anderson County, Tennessee	no	3.0	7.0	59.0
10116	44	Fruit and vegetable markets	47	445230	1	47001	Anderson County, Tennessee	yes	1.6	8.514504508114607	121.99220677218996
10117	44	Fruit and vegetable markets	47	445230	3	47003	Bedford County, Tennessee	yes	1.0	5.585980139250651	77.6951223869632
10118	44	Fruit and vegetable markets	47	445230	7	47007	Bledsoe County, Tennessee	yes	1.0	5.4251305683563755	75.47176651305683
10119	44	Fruit and vegetable markets	47	445230	9	47009	Blount County, Tennessee	yes	2.0	11.171960278501302	155.3902447739264
10120	44	Fruit and vegetable markets	47	445230	19	47019	Carter County, Tennessee	yes	1.0	6.152232142857143	82.2982142857143
10121	44	Fruit and vegetable markets	47	445230	25	47025	Claiborne County, Tennessee	yes	1.5	9.761607142857143	123.6107142857143
10122	44	Fruit and vegetable markets	47	445230	37	47037	Davidson County, Tennessee	no	3.6666666666666665	10.0	448.0
10123	44	Fruit and vegetable markets	47	445230	37	47037	Davidson County, Tennessee	yes	2.3333333333333335	11.76687370600414	186.72505175983437
10124	44	Fruit and vegetable markets	47	445230	41	47041	DeKalb County, Tennessee	yes	1.1666666666666667	6.499313472583985	88.52178905362989
10125	44	Fruit and vegetable markets	47	445230	43	47043	Dickson County, Tennessee	yes	1.0	5.48	64.96000000000001
10126	44	Fruit and vegetable markets	47	445230	57	47057	Grainger County, Tennessee	yes	1.0	5.607176167100781	80.24214686435585
10127	44	Fruit and vegetable markets	47	445230	59	47059	Greene County, Tennessee	yes	1.1666666666666667	6.789105139250651	91.46595572029655
10128	44	Fruit and vegetable markets	47	445230	65	47065	Hamilton County, Tennessee	no	3.6666666666666665	23.833333333333332	600.8333333333334
10129	44	Fruit and vegetable markets	47	445230	73	47073	Hawkins County, Tennessee	yes	1.0	5.585980139250651	77.6951223869632
10130	44	Fruit and vegetable markets	47	445230	93	47093	Knox County, Tennessee	no	3.0	21.0	293.3333333333333
10131	44	Fruit and vegetable markets	47	445230	93	47093	Knox County, Tennessee	yes	2.0	12.009427803379417	162.72019969278037
10132	44	Fruit and vegetable markets	47	445230	99	47099	Lawrence County, Tennessee	yes	1.0	5.585980139250651	77.6951223869632
10133	44	Fruit and vegetable markets	47	445230	107	47107	McMinn County, Tennessee	yes	1.0	7.21875	82.625
10134	44	Fruit and vegetable markets	47	445230	113	47113	Madison County, Tennessee	yes	1.0	6.004713901689708	81.36009984639018
10135	44	Fruit and vegetable markets	47	445230	141	47141	Putnam County, Tennessee	yes	1.0	5.585980139250651	77.6951223869632
10136	44	Fruit and vegetable markets	47	445230	143	47143	Rhea County, Tennessee	yes	1.75	10.377070852534562	138.28014976958528
10137	44	Fruit and vegetable markets	47	445230	155	47155	Sevier County, Tennessee	yes	1.0	7.21875	82.625
10138	44	Fruit and vegetable markets	47	445230	157	47157	Shelby County, Tennessee	yes	7.166666666666667	40.30498597475456	557.6366900420758
10139	44	Fruit and vegetable markets	47	445230	163	47163	Sullivan County, Tennessee	yes	1.8333333333333333	10.349289471047888	142.8637437387297
10140	44	Fruit and vegetable markets	47	445230	165	47165	Sumner County, Tennessee	yes	1.0	5.585980139250651	77.6951223869632
10141	44	Fruit and vegetable markets	47	445230	179	47179	Washington County, Tennessee	yes	1.0	5.259426167100782	76.70914686435584
10142	44	Fruit and vegetable markets	47	445230	185	47185	White County, Tennessee	yes	1.0	5.607176167100781	80.24214686435585
10143	44	Fruit and vegetable markets	47	445230	187	47187	Williamson County, Tennessee	yes	2.0	11.419354838709678	158.96774193548387
10144	44	Furniture stores	47	442110	1	47001	Anderson County, Tennessee	no	4.833333333333333	8.333333333333334	475.3333333333333
10145	44	Furniture stores	47	442110	3	47003	Bedford County, Tennessee	no	4.166666666666667	21.833333333333332	760.1666666666666
10146	44	Furniture stores	47	442110	5	47005	Benton County, Tennessee	no	3.0	5.0	87.0
10147	44	Furniture stores	47	442110	5	47005	Benton County, Tennessee	yes	2.0	16.133099595045316	361.301399448571
10148	44	Furniture stores	47	442110	7	47007	Bledsoe County, Tennessee	yes	2.0	22.457142857142856	283.9428571428571
10149	44	Furniture stores	47	442110	9	47009	Blount County, Tennessee	no	4.833333333333333	18.5	536.3333333333334
10150	44	Furniture stores	47	442110	11	47011	Bradley County, Tennessee	no	5.666666666666667	85.66666666666667	2913.5
10151	44	Furniture stores	47	442110	13	47013	Campbell County, Tennessee	no	4.333333333333333	10.666666666666666	406.1666666666667
10152	44	Furniture stores	47	442110	15	47015	Cannon County, Tennessee	yes	1.0	8.593553402697452	174.20415453214264
10153	44	Furniture stores	47	442110	17	47017	Carroll County, Tennessee	no	3.1666666666666665	24.5	729.1666666666666
10154	44	Furniture stores	47	442110	19	47019	Carter County, Tennessee	no	3.0	5.333333333333333	518.6666666666666
10155	44	Furniture stores	47	442110	19	47019	Carter County, Tennessee	yes	3.0	25.430573481959517	623.8779260780287
10156	44	Furniture stores	47	442110	21	47021	Cheatham County, Tennessee	yes	1.0	11.27536231884058	147.53623188405797
10157	44	Furniture stores	47	442110	23	47023	Chester County, Tennessee	yes	1.0	8.593553402697452	174.20415453214264
10158	44	Furniture stores	47	442110	25	47025	Claiborne County, Tennessee	yes	1.0	8.593553402697452	174.20415453214264
10159	44	Furniture stores	47	442110	29	47029	Cocke County, Tennessee	no	3.0	17.0	453.0
10160	44	Furniture stores	47	442110	29	47029	Cocke County, Tennessee	yes	2.25	21.486802038541168	317.152071985985
10161	44	Furniture stores	47	442110	31	47031	Coffee County, Tennessee	yes	1.1666666666666667	10.464981974126024	197.8660592940474
10162	44	Furniture stores	47	442110	35	47035	Cumberland County, Tennessee	no	6.833333333333333	22.0	821.3333333333334
10163	44	Furniture stores	47	442110	37	47037	Davidson County, Tennessee	no	60.5	530.0	24010.0
10164	44	Furniture stores	47	442110	39	47039	Decatur County, Tennessee	yes	1.0	8.593553402697452	174.20415453214264
10165	44	Furniture stores	47	442110	41	47041	DeKalb County, Tennessee	yes	1.0	8.593553402697452	174.20415453214264
10166	44	Furniture stores	47	442110	43	47043	Dickson County, Tennessee	no	4.0	8.5	435.5
10167	44	Furniture stores	47	442110	45	47045	Dyer County, Tennessee	no	4.0	55.0	1536.3333333333333
10168	44	Furniture stores	47	442110	45	47045	Dyer County, Tennessee	yes	4.0	43.09242448372883	573.5179062483411
10169	44	Furniture stores	47	442110	49	47049	Fentress County, Tennessee	yes	1.0	8.593553402697452	174.20415453214264
10170	44	Furniture stores	47	442110	51	47051	Franklin County, Tennessee	no	4.0	29.0	884.0
10171	44	Furniture stores	47	442110	53	47053	Gibson County, Tennessee	no	3.0	10.0	254.0
10172	44	Furniture stores	47	442110	53	47053	Gibson County, Tennessee	yes	2.0	16.133099595045316	361.301399448571
10173	44	Furniture stores	47	442110	55	47055	Giles County, Tennessee	no	4.333333333333333	26.5	769.5
10174	44	Furniture stores	47	442110	59	47059	Greene County, Tennessee	no	4.0	12.75	426.25
10175	44	Furniture stores	47	442110	59	47059	Greene County, Tennessee	yes	4.0	45.00786749482401	579.0153209109731
10176	44	Furniture stores	47	442110	63	47063	Hamblen County, Tennessee	yes	2.5	21.190004583523688	452.1645201871802
10177	44	Furniture stores	47	442110	65	47065	Hamilton County, Tennessee	no	24.833333333333332	276.8333333333333	10861.166666666666
10178	44	Furniture stores	47	442110	67	47067	Hancock County, Tennessee	yes	1.0	11.251966873706003	144.75383022774326
10179	44	Furniture stores	47	442110	69	47069	Hardeman County, Tennessee	yes	1.0	10.773106120932207	143.37947656208527
10180	44	Furniture stores	47	442110	71	47071	Hardin County, Tennessee	no	3.0	20.0	636.4
10181	44	Furniture stores	47	442110	71	47071	Hardin County, Tennessee	yes	3.0	29.446153846153848	421.8923076923077
10182	44	Furniture stores	47	442110	73	47073	Hawkins County, Tennessee	yes	1.0	7.101001026694045	240.9532487533001
10183	44	Furniture stores	47	442110	75	47075	Haywood County, Tennessee	no	3.3333333333333335	8.0	296.0
10184	44	Furniture stores	47	442110	77	47077	Henderson County, Tennessee	yes	1.8333333333333333	15.307879752254808	323.818937083609
10185	44	Furniture stores	47	442110	79	47079	Henry County, Tennessee	no	3.3333333333333335	18.0	507.6666666666667
10186	44	Furniture stores	47	442110	85	47085	Humphreys County, Tennessee	yes	1.1666666666666667	9.433553402697452	196.40082119880935
10187	44	Furniture stores	47	442110	89	47089	Jefferson County, Tennessee	no	4.8	14.6	685.0
10188	44	Furniture stores	47	442110	89	47089	Jefferson County, Tennessee	yes	4.0	39.261538461538464	562.5230769230769
10189	44	Furniture stores	47	442110	91	47091	Johnson County, Tennessee	yes	1.1666666666666667	10.464981974126024	197.8660592940474
10190	44	Furniture stores	47	442110	93	47093	Knox County, Tennessee	no	54.333333333333336	571.8333333333334	23430.0
10191	44	Furniture stores	47	442110	97	47097	Lauderdale County, Tennessee	no	3.0	18.5	496.0
10192	44	Furniture stores	47	442110	97	47097	Lauderdale County, Tennessee	yes	2.25	21.171808480110194	422.59113695205787
10193	44	Furniture stores	47	442110	99	47099	Lawrence County, Tennessee	no	5.0	91.33333333333333	3388.1666666666665
10194	44	Furniture stores	47	442110	101	47101	Lewis County, Tennessee	yes	1.0	8.593553402697452	174.20415453214264
10195	44	Furniture stores	47	442110	103	47103	Lincoln County, Tennessee	yes	2.0	17.187106805394905	348.4083090642853
10196	44	Furniture stores	47	442110	105	47105	Loudon County, Tennessee	no	4.666666666666667	31.666666666666668	722.1666666666666
10197	44	Furniture stores	47	442110	107	47107	McMinn County, Tennessee	yes	2.6666666666666665	22.265535719054824	474.58463007729006
10198	44	Furniture stores	47	442110	109	47109	McNairy County, Tennessee	yes	1.5	16.866252587991717	215.73954451345753
10199	44	Furniture stores	47	442110	111	47111	Macon County, Tennessee	yes	1.8333333333333333	15.55120936949747	324.9698475258238
10200	44	Furniture stores	47	442110	113	47113	Madison County, Tennessee	no	8.666666666666666	56.833333333333336	2600.6666666666665
10201	44	Furniture stores	47	442110	115	47115	Marion County, Tennessee	yes	1.3333333333333333	12.34420902726612	222.45543127472374
10202	44	Furniture stores	47	442110	117	47117	Marshall County, Tennessee	yes	2.0	17.187106805394905	348.4083090642853
10203	44	Furniture stores	47	442110	119	47119	Maury County, Tennessee	no	4.6	24.6	637.4
10204	44	Furniture stores	47	442110	119	47119	Maury County, Tennessee	yes	5.0	56.3768115942029	737.6811594202899
10205	44	Furniture stores	47	442110	123	47123	Monroe County, Tennessee	yes	1.5	11.8005537449288	276.7185707832427
10206	44	Furniture stores	47	442110	125	47125	Montgomery County, Tennessee	no	14.833333333333334	91.83333333333333	3489.1666666666665
10207	44	Furniture stores	47	442110	129	47129	Morgan County, Tennessee	yes	1.0	8.593553402697452	174.20415453214264
10208	44	Furniture stores	47	442110	131	47131	Obion County, Tennessee	yes	1.1666666666666667	10.464981974126024	197.8660592940474
10209	44	Furniture stores	47	442110	133	47133	Overton County, Tennessee	yes	2.0	17.187106805394905	348.4083090642853
10210	44	Furniture stores	47	442110	141	47141	Putnam County, Tennessee	no	10.0	81.83333333333333	2244.0
10211	44	Furniture stores	47	442110	143	47143	Rhea County, Tennessee	yes	1.5	11.8005537449288	276.7185707832427
10212	44	Furniture stores	47	442110	145	47145	Roane County, Tennessee	no	3.6666666666666665	4.333333333333333	215.0
10213	44	Furniture stores	47	442110	145	47145	Roane County, Tennessee	yes	1.3333333333333333	8.094000684462697	249.4221658355334
10214	44	Furniture stores	47	442110	147	47147	Robertson County, Tennessee	yes	2.5	21.190004583523688	452.1645201871802
10215	44	Furniture stores	47	442110	149	47149	Rutherford County, Tennessee	no	19.666666666666668	115.33333333333333	4720.833333333333
10216	44	Furniture stores	47	442110	151	47151	Scott County, Tennessee	yes	2.1666666666666665	19.058535376823475	372.0702138261901
10217	44	Furniture stores	47	442110	153	47153	Sequatchie County, Tennessee	yes	1.0	11.251966873706003	144.75383022774326
10218	44	Furniture stores	47	442110	155	47155	Sevier County, Tennessee	no	8.666666666666666	23.833333333333332	1375.5
10219	44	Furniture stores	47	442110	157	47157	Shelby County, Tennessee	no	68.66666666666667	782.5	31332.833333333332
10220	44	Furniture stores	47	442110	159	47159	Smith County, Tennessee	yes	1.0	8.593553402697452	174.20415453214264
10221	44	Furniture stores	47	442110	161	47161	Stewart County, Tennessee	yes	1.0	8.593553402697452	174.20415453214264
10222	44	Furniture stores	47	442110	163	47163	Sullivan County, Tennessee	no	4.666666666666667	31.166666666666668	1081.5
10223	44	Furniture stores	47	442110	165	47165	Sumner County, Tennessee	no	8.333333333333334	19.5	1269.6666666666667
10224	44	Furniture stores	47	442110	167	47167	Tipton County, Tennessee	no	3.5	5.833333333333333	424.6666666666667
10225	44	Furniture stores	47	442110	171	47171	Unicoi County, Tennessee	yes	1.3333333333333333	11.304981974126022	220.06272596071412
10226	44	Furniture stores	47	442110	177	47177	Warren County, Tennessee	no	3.0	9.4	481.4
10227	44	Furniture stores	47	442110	177	47177	Warren County, Tennessee	yes	2.0	22.55072463768116	295.07246376811594
10228	44	Furniture stores	47	442110	179	47179	Washington County, Tennessee	no	14.333333333333334	178.33333333333334	5740.833333333333
10229	44	Furniture stores	47	442110	183	47183	Weakley County, Tennessee	no	3.5	11.5	307.0
10230	44	Furniture stores	47	442110	183	47183	Weakley County, Tennessee	yes	3.0	27.529451850600072	578.560618471565
10231	44	Furniture stores	47	442110	185	47185	White County, Tennessee	yes	1.0	8.593553402697452	174.20415453214264
10232	44	Furniture stores	47	442110	187	47187	Williamson County, Tennessee	no	25.833333333333332	233.5	11404.166666666666
10233	44	Furniture stores	47	442110	189	47189	Wilson County, Tennessee	no	7.6	12.4	782.0
10234	44	Furniture stores	47	442110	189	47189	Wilson County, Tennessee	yes	9.0	88.33846153846154	1265.6769230769232
10235	44	Gasoline stations with convenience stores	47	447110	1	47001	Anderson County, Tennessee	no	41.333333333333336	333.8333333333333	4810.666666666667
10236	44	Gasoline stations with convenience stores	47	447110	3	47003	Bedford County, Tennessee	no	25.5	122.5	2419.6666666666665
10237	44	Gasoline stations with convenience stores	47	447110	5	47005	Benton County, Tennessee	no	13.166666666666666	92.66666666666667	1304.0
10238	44	Gasoline stations with convenience stores	47	447110	7	47007	Bledsoe County, Tennessee	no	8.166666666666666	19.5	331.6666666666667
10239	44	Gasoline stations with convenience stores	47	447110	9	47009	Blount County, Tennessee	no	61.666666666666664	376.3333333333333	6868.333333333333
10240	44	Gasoline stations with convenience stores	47	447110	11	47011	Bradley County, Tennessee	no	71.33333333333333	321.3333333333333	6083.5
10241	44	Gasoline stations with convenience stores	47	447110	13	47013	Campbell County, Tennessee	no	25.666666666666668	145.16666666666666	2271.6666666666665
10242	44	Gasoline stations with convenience stores	47	447110	15	47015	Cannon County, Tennessee	no	8.666666666666666	22.166666666666668	646.3333333333334
10243	44	Gasoline stations with convenience stores	47	447110	17	47017	Carroll County, Tennessee	no	22.833333333333332	162.66666666666666	2372.1666666666665
10244	44	Gasoline stations with convenience stores	47	447110	19	47019	Carter County, Tennessee	no	22.666666666666668	127.83333333333333	1885.6666666666667
10245	44	Gasoline stations with convenience stores	47	447110	21	47021	Cheatham County, Tennessee	no	18.166666666666668	89.66666666666667	1864.8333333333333
10246	44	Gasoline stations with convenience stores	47	447110	23	47023	Chester County, Tennessee	no	5.166666666666667	45.833333333333336	677.6666666666666
10247	44	Gasoline stations with convenience stores	47	447110	25	47025	Claiborne County, Tennessee	no	11.166666666666666	69.0	1099.6666666666667
10248	44	Gasoline stations with convenience stores	47	447110	27	47027	Clay County, Tennessee	no	4.833333333333333	23.666666666666668	360.0
10249	44	Gasoline stations with convenience stores	47	447110	29	47029	Cocke County, Tennessee	no	24.833333333333332	133.16666666666666	2125.1666666666665
10250	44	Gasoline stations with convenience stores	47	447110	31	47031	Coffee County, Tennessee	no	43.666666666666664	261.5	4913.5
10251	44	Gasoline stations with convenience stores	47	447110	33	47033	Crockett County, Tennessee	no	9.0	60.166666666666664	692.8333333333334
10252	44	Gasoline stations with convenience stores	47	447110	35	47035	Cumberland County, Tennessee	no	44.166666666666664	225.66666666666666	3317.0
10253	44	Gasoline stations with convenience stores	47	447110	37	47037	Davidson County, Tennessee	no	231.66666666666666	1128.0	26397.5
10254	44	Gasoline stations with convenience stores	47	447110	39	47039	Decatur County, Tennessee	no	8.333333333333334	49.0	713.6666666666666
10255	44	Gasoline stations with convenience stores	47	447110	41	47041	DeKalb County, Tennessee	no	8.8	50.2	772.8
10256	44	Gasoline stations with convenience stores	47	447110	41	47041	DeKalb County, Tennessee	yes	8.0	355.69230769230774	805.8461538461539
10257	44	Gasoline stations with convenience stores	47	447110	43	47043	Dickson County, Tennessee	no	33.5	158.0	2637.5
10258	44	Gasoline stations with convenience stores	47	447110	45	47045	Dyer County, Tennessee	no	26.5	186.66666666666666	2847.8333333333335
10259	44	Gasoline stations with convenience stores	47	447110	47	47047	Fayette County, Tennessee	no	22.833333333333332	140.33333333333334	2038.3333333333333
10260	44	Gasoline stations with convenience stores	47	447110	49	47049	Fentress County, Tennessee	no	9.0	63.666666666666664	1145.6666666666667
10261	44	Gasoline stations with convenience stores	47	447110	51	47051	Franklin County, Tennessee	no	29.333333333333332	113.83333333333333	1795.1666666666667
10262	44	Gasoline stations with convenience stores	47	447110	53	47053	Gibson County, Tennessee	no	28.0	170.16666666666666	2680.1666666666665
10263	44	Gasoline stations with convenience stores	47	447110	55	47055	Giles County, Tennessee	no	23.666666666666668	137.16666666666666	2110.1666666666665
10264	44	Gasoline stations with convenience stores	47	447110	57	47057	Grainger County, Tennessee	no	15.333333333333334	85.66666666666667	1182.1666666666667
10265	44	Gasoline stations with convenience stores	47	447110	59	47059	Greene County, Tennessee	no	46.5	310.6666666666667	4761.5
10266	44	Gasoline stations with convenience stores	47	447110	61	47061	Grundy County, Tennessee	no	12.666666666666666	62.833333333333336	804.8333333333334
10267	44	Gasoline stations with convenience stores	47	447110	63	47063	Hamblen County, Tennessee	no	37.166666666666664	215.5	3692.5
10268	44	Gasoline stations with convenience stores	47	447110	65	47065	Hamilton County, Tennessee	no	176.0	974.3333333333334	17600.833333333332
10269	44	Gasoline stations with convenience stores	47	447110	67	47067	Hancock County, Tennessee	no	4.0	25.333333333333332	292.1666666666667
10270	44	Gasoline stations with convenience stores	47	447110	69	47069	Hardeman County, Tennessee	no	15.5	70.5	1009.0
10271	44	Gasoline stations with convenience stores	47	447110	71	47071	Hardin County, Tennessee	no	17.5	111.33333333333333	2121.5
10272	44	Gasoline stations with convenience stores	47	447110	73	47073	Hawkins County, Tennessee	no	26.0	144.33333333333334	2043.6666666666667
10273	44	Gasoline stations with convenience stores	47	447110	75	47075	Haywood County, Tennessee	no	13.5	68.33333333333333	913.0
10274	44	Gasoline stations with convenience stores	47	447110	77	47077	Henderson County, Tennessee	no	18.0	138.5	2037.8333333333333
10275	44	Gasoline stations with convenience stores	47	447110	79	47079	Henry County, Tennessee	no	16.0	121.5	2078.5
10276	44	Gasoline stations with convenience stores	47	447110	81	47081	Hickman County, Tennessee	no	11.333333333333334	73.16666666666667	1183.3333333333333
10277	44	Gasoline stations with convenience stores	47	447110	83	47083	Houston County, Tennessee	no	5.166666666666667	17.166666666666668	295.5
10278	44	Gasoline stations with convenience stores	47	447110	85	47085	Humphreys County, Tennessee	no	11.666666666666666	83.5	1160.0
10279	44	Gasoline stations with convenience stores	47	447110	87	47087	Jackson County, Tennessee	no	6.166666666666667	15.833333333333334	270.3333333333333
10280	44	Gasoline stations with convenience stores	47	447110	89	47089	Jefferson County, Tennessee	no	27.5	135.5	2034.5
10281	44	Gasoline stations with convenience stores	47	447110	91	47091	Johnson County, Tennessee	no	7.833333333333333	39.333333333333336	533.5
10282	44	Gasoline stations with convenience stores	47	447110	93	47093	Knox County, Tennessee	no	183.16666666666666	1281.6666666666667	23488.5
10283	44	Gasoline stations with convenience stores	47	447110	95	47095	Lake County, Tennessee	yes	2.5	240.63490453964354	320.11117744490275
10284	44	Gasoline stations with convenience stores	47	447110	97	47097	Lauderdale County, Tennessee	no	18.333333333333332	116.66666666666667	1785.1666666666667
10285	44	Gasoline stations with convenience stores	47	447110	99	47099	Lawrence County, Tennessee	no	29.5	193.83333333333334	2711.0
10286	44	Gasoline stations with convenience stores	47	447110	101	47101	Lewis County, Tennessee	no	10.333333333333334	16.666666666666668	320.0
10287	44	Gasoline stations with convenience stores	47	447110	103	47103	Lincoln County, Tennessee	no	21.333333333333332	98.66666666666667	1659.3333333333333
10288	44	Gasoline stations with convenience stores	47	447110	105	47105	Loudon County, Tennessee	no	30.333333333333332	207.16666666666666	3638.6666666666665
10289	44	Gasoline stations with convenience stores	47	447110	107	47107	McMinn County, Tennessee	no	38.833333333333336	182.33333333333334	3156.5
10290	44	Gasoline stations with convenience stores	47	447110	109	47109	McNairy County, Tennessee	no	15.5	80.16666666666667	1234.8333333333333
10291	44	Gasoline stations with convenience stores	47	447110	111	47111	Macon County, Tennessee	no	10.666666666666666	57.333333333333336	823.8333333333334
10292	44	Gasoline stations with convenience stores	47	447110	113	47113	Madison County, Tennessee	no	61.333333333333336	312.5	4901.666666666667
10293	44	Gasoline stations with convenience stores	47	447110	115	47115	Marion County, Tennessee	no	21.5	130.16666666666666	2296.1666666666665
10294	44	Gasoline stations with convenience stores	47	447110	117	47117	Marshall County, Tennessee	no	18.5	106.33333333333333	1560.3333333333333
10295	44	Gasoline stations with convenience stores	47	447110	119	47119	Maury County, Tennessee	no	46.333333333333336	328.8333333333333	5824.333333333333
10296	44	Gasoline stations with convenience stores	47	447110	121	47121	Meigs County, Tennessee	no	10.5	23.833333333333332	616.5
10297	44	Gasoline stations with convenience stores	47	447110	123	47123	Monroe County, Tennessee	no	26.666666666666668	128.66666666666666	2287.6666666666665
10298	44	Gasoline stations with convenience stores	47	447110	125	47125	Montgomery County, Tennessee	no	59.333333333333336	435.1666666666667	8105.5
10299	44	Gasoline stations with convenience stores	47	447110	127	47127	Moore County, Tennessee	yes	2.0	163.30103701827593	260.8782714619968
10300	44	Gasoline stations with convenience stores	47	447110	129	47129	Morgan County, Tennessee	no	9.833333333333334	58.666666666666664	601.5
10301	44	Gasoline stations with convenience stores	47	447110	131	47131	Obion County, Tennessee	no	14.833333333333334	123.83333333333333	2388.3333333333335
10302	44	Gasoline stations with convenience stores	47	447110	133	47133	Overton County, Tennessee	no	13.333333333333334	47.0	885.6666666666666
10303	44	Gasoline stations with convenience stores	47	447110	135	47135	Perry County, Tennessee	no	5.833333333333333	16.333333333333332	247.16666666666666
10304	44	Gasoline stations with convenience stores	47	447110	137	47137	Pickett County, Tennessee	no	4.833333333333333	21.166666666666668	366.5
10305	44	Gasoline stations with convenience stores	47	447110	139	47139	Polk County, Tennessee	no	12.4	38.2	1091.2
10306	44	Gasoline stations with convenience stores	47	447110	139	47139	Polk County, Tennessee	yes	12.0	533.5384615384615	1208.769230769231
10307	44	Gasoline stations with convenience stores	47	447110	141	47141	Putnam County, Tennessee	no	43.333333333333336	255.33333333333334	4206.166666666667
10308	44	Gasoline stations with convenience stores	47	447110	143	47143	Rhea County, Tennessee	no	23.333333333333332	139.66666666666666	2276.0
10309	44	Gasoline stations with convenience stores	47	447110	145	47145	Roane County, Tennessee	no	36.666666666666664	95.16666666666667	2382.1666666666665
10310	44	Gasoline stations with convenience stores	47	447110	147	47147	Robertson County, Tennessee	no	28.0	162.16666666666666	2946.3333333333335
10311	44	Gasoline stations with convenience stores	47	447110	149	47149	Rutherford County, Tennessee	no	92.16666666666667	591.1666666666666	10493.833333333334
10312	44	Gasoline stations with convenience stores	47	447110	151	47151	Scott County, Tennessee	no	9.5	60.5	974.5
10313	44	Gasoline stations with convenience stores	47	447110	153	47153	Sequatchie County, Tennessee	no	7.5	31.166666666666668	552.6666666666666
10314	44	Gasoline stations with convenience stores	47	447110	155	47155	Sevier County, Tennessee	no	68.33333333333333	450.8333333333333	8619.5
10315	44	Gasoline stations with convenience stores	47	447110	157	47157	Shelby County, Tennessee	no	374.6666666666667	1732.0	30946.166666666668
10316	44	Gasoline stations with convenience stores	47	447110	159	47159	Smith County, Tennessee	no	10.166666666666666	73.83333333333333	1333.1666666666667
10317	44	Gasoline stations with convenience stores	47	447110	161	47161	Stewart County, Tennessee	no	7.5	25.0	427.8333333333333
10318	44	Gasoline stations with convenience stores	47	447110	163	47163	Sullivan County, Tennessee	no	70.83333333333333	375.0	6505.833333333333
10319	44	Gasoline stations with convenience stores	47	447110	165	47165	Sumner County, Tennessee	no	65.66666666666667	305.6666666666667	5720.666666666667
10320	44	Gasoline stations with convenience stores	47	447110	167	47167	Tipton County, Tennessee	no	21.833333333333332	169.33333333333334	2299.5
10321	44	Gasoline stations with convenience stores	47	447110	169	47169	Trousdale County, Tennessee	no	4.0	25.666666666666668	616.1666666666666
10322	44	Gasoline stations with convenience stores	47	447110	171	47171	Unicoi County, Tennessee	no	7.166666666666667	51.666666666666664	784.3333333333334
10323	44	Gasoline stations with convenience stores	47	447110	173	47173	Union County, Tennessee	no	9.166666666666666	48.5	906.8333333333334
10324	44	Gasoline stations with convenience stores	47	447110	175	47175	Van Buren County, Tennessee	yes	1.3333333333333333	185.44218517580467	171.93913573099837
10325	44	Gasoline stations with convenience stores	47	447110	177	47177	Warren County, Tennessee	no	25.0	100.33333333333333	1774.0
10326	44	Gasoline stations with convenience stores	47	447110	179	47179	Washington County, Tennessee	no	53.5	312.8333333333333	5534.666666666667
10327	44	Gasoline stations with convenience stores	47	447110	181	47181	Wayne County, Tennessee	no	12.833333333333334	72.66666666666667	885.3333333333334
10328	44	Gasoline stations with convenience stores	47	447110	183	47183	Weakley County, Tennessee	no	15.333333333333334	167.83333333333334	2179.8333333333335
10329	44	Gasoline stations with convenience stores	47	447110	185	47185	White County, Tennessee	no	18.5	64.33333333333333	1025.5
10330	44	Gasoline stations with convenience stores	47	447110	187	47187	Williamson County, Tennessee	no	54.5	201.5	8977.666666666666
10331	44	Gasoline stations with convenience stores	47	447110	189	47189	Wilson County, Tennessee	no	47.833333333333336	275.5	4809.0
10332	44	Hardware stores	47	444130	1	47001	Anderson County, Tennessee	no	7.0	27.666666666666668	1251.5
10333	44	Hardware stores	47	444130	3	47003	Bedford County, Tennessee	yes	1.0	8.674664422665735	161.50105923740495
10334	44	Hardware stores	47	444130	5	47005	Benton County, Tennessee	yes	1.0	8.363502403503498	161.97310492005968
10335	44	Hardware stores	47	444130	9	47009	Blount County, Tennessee	no	4.0	8.5	428.0
10336	44	Hardware stores	47	444130	11	47011	Bradley County, Tennessee	yes	2.0	16.727004807006995	323.94620984011937
10337	44	Hardware stores	47	444130	13	47013	Campbell County, Tennessee	yes	2.5	21.33594906780897	406.6064232841441
10338	44	Hardware stores	47	444130	17	47017	Carroll County, Tennessee	yes	1.0	7.50911628540305	158.62578295206973
10339	44	Hardware stores	47	444130	19	47019	Carter County, Tennessee	no	3.0	5.5	210.5
10340	44	Hardware stores	47	444130	19	47019	Carter County, Tennessee	yes	3.0	22.99749520024118	493.7445725041254
10341	44	Hardware stores	47	444130	21	47021	Cheatham County, Tennessee	yes	1.0	8.363502403503498	161.97310492005968
10342	44	Hardware stores	47	444130	25	47025	Claiborne County, Tennessee	no	3.0	8.5	314.6666666666667
10343	44	Hardware stores	47	444130	27	47027	Clay County, Tennessee	yes	3.0	25.09050721051049	485.919314760179
10344	44	Hardware stores	47	444130	29	47029	Cocke County, Tennessee	no	3.0	0.0	253.0
10345	44	Hardware stores	47	444130	29	47029	Cocke County, Tennessee	yes	2.0	15.528075871501176	318.39318376690613
10346	44	Hardware stores	47	444130	31	47031	Coffee County, Tennessee	no	6.333333333333333	47.666666666666664	1086.3333333333333
10347	44	Hardware stores	47	444130	31	47031	Coffee County, Tennessee	yes	3.3333333333333335	32.16455217383473	521.2089024851545
10348	44	Hardware stores	47	444130	33	47033	Crockett County, Tennessee	yes	1.5	13.197308403873095	240.18723993271195
10349	44	Hardware stores	47	444130	35	47035	Cumberland County, Tennessee	no	3.0	19.25	450.0
10350	44	Hardware stores	47	444130	35	47035	Cumberland County, Tennessee	yes	3.0	29.27653123104912	470.2687992722862
10351	44	Hardware stores	47	444130	37	47037	Davidson County, Tennessee	no	28.0	209.66666666666666	5713.166666666667
10352	44	Hardware stores	47	444130	39	47039	Decatur County, Tennessee	yes	1.6666666666666667	13.47405689244598	271.69412103208754
10353	44	Hardware stores	47	444130	41	47041	DeKalb County, Tennessee	yes	1.0	8.363502403503498	161.97310492005968
10354	44	Hardware stores	47	444130	43	47043	Dickson County, Tennessee	no	3.2	5.6	240.0
10355	44	Hardware stores	47	444130	43	47043	Dickson County, Tennessee	yes	3.0	28.455445544554454	467.3168316831683
10356	44	Hardware stores	47	444130	45	47045	Dyer County, Tennessee	yes	1.0	8.363502403503498	161.97310492005968
10357	44	Hardware stores	47	444130	47	47047	Fayette County, Tennessee	no	3.5	14.666666666666666	324.8333333333333
10358	44	Hardware stores	47	444130	49	47049	Fentress County, Tennessee	yes	2.0	16.727004807006995	323.94620984011937
10359	44	Hardware stores	47	444130	51	47051	Franklin County, Tennessee	yes	1.0	8.363502403503498	161.97310492005968
10360	44	Hardware stores	47	444130	53	47053	Gibson County, Tennessee	no	3.6	6.8	255.8
10361	44	Hardware stores	47	444130	53	47053	Gibson County, Tennessee	yes	3.0	28.455445544554454	467.3168316831683
10362	44	Hardware stores	47	444130	55	47055	Giles County, Tennessee	no	4.0	17.666666666666668	478.5
10363	44	Hardware stores	47	444130	57	47057	Grainger County, Tennessee	no	3.0	5.833333333333333	134.16666666666666
10364	44	Hardware stores	47	444130	59	47059	Greene County, Tennessee	no	3.0	27.0	614.0
10365	44	Hardware stores	47	444130	59	47059	Greene County, Tennessee	yes	2.25	20.745470340521948	360.77298923039666
10366	44	Hardware stores	47	444130	63	47063	Hamblen County, Tennessee	no	4.75	25.75	690.75
10367	44	Hardware stores	47	444130	63	47063	Hamblen County, Tennessee	yes	4.0	39.035374974732164	627.0250656963817
10368	44	Hardware stores	47	444130	65	47065	Hamilton County, Tennessee	no	15.666666666666666	247.33333333333334	4812.5
10369	44	Hardware stores	47	444130	67	47067	Hancock County, Tennessee	yes	1.0	8.363502403503498	161.97310492005968
10370	44	Hardware stores	47	444130	69	47069	Hardeman County, Tennessee	no	3.0	3.5	96.0
10371	44	Hardware stores	47	444130	69	47069	Hardeman County, Tennessee	yes	2.25	16.70673626822524	354.5195567810457
10372	44	Hardware stores	47	444130	71	47071	Hardin County, Tennessee	no	3.0	14.0	447.0
10373	44	Hardware stores	47	444130	71	47071	Hardin County, Tennessee	yes	2.25	19.607187231878015	357.8924050379568
10374	44	Hardware stores	47	444130	73	47073	Hawkins County, Tennessee	yes	1.5	15.439256114817061	244.6841014756418
10375	44	Hardware stores	47	444130	75	47075	Haywood County, Tennessee	yes	1.0	8.363502403503498	161.97310492005968
10376	44	Hardware stores	47	444130	77	47077	Henderson County, Tennessee	yes	1.1666666666666667	10.256973193881503	191.2823832705751
10377	44	Hardware stores	47	444130	79	47079	Henry County, Tennessee	yes	1.0	8.363502403503498	161.97310492005968
10378	44	Hardware stores	47	444130	81	47081	Hickman County, Tennessee	yes	1.6666666666666667	14.011531336583031	270.59527474660996
10379	44	Hardware stores	47	444130	85	47085	Humphreys County, Tennessee	no	3.0	7.0	186.0
10380	44	Hardware stores	47	444130	85	47085	Humphreys County, Tennessee	yes	2.4	20.223426067553696	390.6462156970321
10381	44	Hardware stores	47	444130	89	47089	Jefferson County, Tennessee	yes	1.5	13.197308403873095	240.18723993271195
10382	44	Hardware stores	47	444130	91	47091	Johnson County, Tennessee	yes	1.0	8.363502403503498	161.97310492005968
10383	44	Hardware stores	47	444130	93	47093	Knox County, Tennessee	no	19.5	159.83333333333334	3251.5
10384	44	Hardware stores	47	444130	95	47095	Lake County, Tennessee	yes	1.0	8.363502403503498	161.97310492005968
10385	44	Hardware stores	47	444130	97	47097	Lauderdale County, Tennessee	yes	2.0	16.505623845381418	320.9269740930152
10386	44	Hardware stores	47	444130	99	47099	Lawrence County, Tennessee	yes	2.0	16.727004807006995	323.94620984011937
10387	44	Hardware stores	47	444130	101	47101	Lewis County, Tennessee	yes	2.0	18.031114404242686	318.4013749453641
10388	44	Hardware stores	47	444130	103	47103	Lincoln County, Tennessee	yes	3.0	25.09050721051049	485.919314760179
10389	44	Hardware stores	47	444130	105	47105	Loudon County, Tennessee	yes	3.3333333333333335	27.805980680934454	539.2702498536884
10390	44	Hardware stores	47	444130	107	47107	McMinn County, Tennessee	no	5.666666666666667	43.333333333333336	1175.8333333333333
10391	44	Hardware stores	47	444130	109	47109	McNairy County, Tennessee	no	4.0	10.333333333333334	264.0
10392	44	Hardware stores	47	444130	111	47111	Macon County, Tennessee	yes	1.6666666666666667	13.47405689244598	271.69412103208754
10393	44	Hardware stores	47	444130	113	47113	Madison County, Tennessee	no	6.5	91.33333333333333	3711.0
10394	44	Hardware stores	47	444130	117	47117	Marshall County, Tennessee	yes	1.0	8.156862745098039	137.65686274509804
10395	44	Hardware stores	47	444130	119	47119	Maury County, Tennessee	no	4.833333333333333	46.5	904.8333333333334
10396	44	Hardware stores	47	444130	121	47121	Meigs County, Tennessee	yes	1.0	8.363502403503498	161.97310492005968
10397	44	Hardware stores	47	444130	123	47123	Monroe County, Tennessee	no	3.5	11.833333333333334	287.8333333333333
10398	44	Hardware stores	47	444130	125	47125	Montgomery County, Tennessee	no	6.333333333333333	48.0	1138.6666666666667
10399	44	Hardware stores	47	444130	129	47129	Morgan County, Tennessee	yes	1.0	8.363502403503498	161.97310492005968
10400	44	Hardware stores	47	444130	131	47131	Obion County, Tennessee	no	3.0	0.0	560.0
10401	44	Hardware stores	47	444130	131	47131	Obion County, Tennessee	yes	1.4	11.292440187740493	217.8824198780172
10402	44	Hardware stores	47	444130	133	47133	Overton County, Tennessee	yes	1.0	8.363502403503498	161.97310492005968
10403	44	Hardware stores	47	444130	135	47135	Perry County, Tennessee	yes	2.0	16.727004807006995	323.94620984011937
10404	44	Hardware stores	47	444130	139	47139	Polk County, Tennessee	yes	1.8333333333333333	15.367527682823988	301.003399382603
10405	44	Hardware stores	47	444130	141	47141	Putnam County, Tennessee	no	3.6666666666666665	11.666666666666666	687.1666666666666
10406	44	Hardware stores	47	444130	143	47143	Rhea County, Tennessee	yes	2.0	16.727004807006995	323.94620984011937
10407	44	Hardware stores	47	444130	145	47145	Roane County, Tennessee	yes	1.1666666666666667	9.944360489312078	187.93515112468015
10408	44	Hardware stores	47	444130	147	47147	Robertson County, Tennessee	no	4.0	45.0	1311.0
10409	44	Hardware stores	47	444130	147	47147	Robertson County, Tennessee	yes	2.0	17.90526415495494	316.8090717046235
10410	44	Hardware stores	47	444130	149	47149	Rutherford County, Tennessee	no	12.166666666666666	121.16666666666667	3654.8333333333335
10411	44	Hardware stores	47	444130	151	47151	Scott County, Tennessee	yes	1.0	8.363502403503498	161.97310492005968
10412	44	Hardware stores	47	444130	153	47153	Sequatchie County, Tennessee	yes	1.0	8.363502403503498	161.97310492005968
10413	44	Hardware stores	47	444130	155	47155	Sevier County, Tennessee	no	6.333333333333333	76.16666666666667	2292.8333333333335
10414	44	Hardware stores	47	444130	157	47157	Shelby County, Tennessee	no	29.0	237.5	5605.5
10415	44	Hardware stores	47	444130	159	47159	Smith County, Tennessee	no	3.0	15.5	354.8333333333333
10416	44	Hardware stores	47	444130	161	47161	Stewart County, Tennessee	yes	1.0	8.363502403503498	161.97310492005968
10417	44	Hardware stores	47	444130	163	47163	Sullivan County, Tennessee	no	5.0	29.166666666666668	458.3333333333333
10418	44	Hardware stores	47	444130	165	47165	Sumner County, Tennessee	no	8.666666666666666	59.666666666666664	1770.0
10419	44	Hardware stores	47	444130	165	47165	Sumner County, Tennessee	yes	7.0	67.04805859603546	1088.3034258853418
10420	44	Hardware stores	47	444130	167	47167	Tipton County, Tennessee	yes	1.0	8.363502403503498	161.97310492005968
10421	44	Hardware stores	47	444130	171	47171	Unicoi County, Tennessee	yes	2.0	16.727004807006995	323.94620984011937
10422	44	Hardware stores	47	444130	173	47173	Union County, Tennessee	yes	2.1666666666666665	18.307862892815574	349.9082560447398
10423	44	Hardware stores	47	444130	175	47175	Van Buren County, Tennessee	yes	1.3333333333333333	11.616450318064514	214.22519372809145
10424	44	Hardware stores	47	444130	177	47177	Warren County, Tennessee	no	3.0	4.0	181.0
10425	44	Hardware stores	47	444130	177	47177	Warren County, Tennessee	yes	2.0	17.90526415495494	316.8090717046235
10426	44	Hardware stores	47	444130	179	47179	Washington County, Tennessee	no	5.0	46.5	1139.1666666666667
10427	44	Hardware stores	47	444130	181	47181	Wayne County, Tennessee	no	3.0	11.833333333333334	384.1666666666667
10428	44	Hardware stores	47	444130	183	47183	Weakley County, Tennessee	no	4.0	15.0	353.3333333333333
10429	44	Hardware stores	47	444130	185	47185	White County, Tennessee	yes	1.1666666666666667	9.498117788118881	189.36199380894857
10430	44	Hardware stores	47	444130	187	47187	Williamson County, Tennessee	no	7.666666666666667	31.333333333333332	875.3333333333334
10431	44	Hardware stores	47	444130	189	47189	Wilson County, Tennessee	no	3.5	19.0	373.25
10432	44	Hardware stores	47	444130	189	47189	Wilson County, Tennessee	yes	2.5	25.1980998585001	401.4403678997372
10433	44	Home centers	47	444110	1	47001	Anderson County, Tennessee	yes	4.0	168.60836528646564	3877.290780474852
10434	44	Home centers	47	444110	3	47003	Bedford County, Tennessee	yes	2.0	84.30418264323282	1938.645390237426
10435	44	Home centers	47	444110	9	47009	Blount County, Tennessee	yes	5.166666666666667	210.03531040925165	4818.048173449316
10436	44	Home centers	47	444110	11	47011	Bradley County, Tennessee	yes	2.0	84.30418264323282	1938.645390237426
10437	44	Home centers	47	444110	13	47013	Campbell County, Tennessee	yes	4.166666666666667	167.88321908763524	3848.725478330603
10438	44	Home centers	47	444110	15	47015	Cannon County, Tennessee	yes	2.0	84.30418264323282	1938.645390237426
10439	44	Home centers	47	444110	17	47017	Carroll County, Tennessee	yes	1.6666666666666667	85.38561626721292	1998.784544677085
10440	44	Home centers	47	444110	19	47019	Carter County, Tennessee	yes	2.0	84.30418264323282	1938.645390237426
10441	44	Home centers	47	444110	21	47021	Cheatham County, Tennessee	yes	1.0	42.15209132161641	969.322695118713
10442	44	Home centers	47	444110	25	47025	Claiborne County, Tennessee	yes	1.0	42.15209132161641	969.322695118713
10443	44	Home centers	47	444110	27	47027	Clay County, Tennessee	yes	1.0	42.15209132161641	969.322695118713
10444	44	Home centers	47	444110	29	47029	Cocke County, Tennessee	yes	1.0	42.15209132161641	969.322695118713
10445	44	Home centers	47	444110	31	47031	Coffee County, Tennessee	yes	4.0	168.60836528646564	3877.290780474852
10446	44	Home centers	47	444110	35	47035	Cumberland County, Tennessee	no	5.0	225.83333333333334	5431.166666666667
10447	44	Home centers	47	444110	37	47037	Davidson County, Tennessee	no	14.0	1941.3333333333333	49279.333333333336
10448	44	Home centers	47	444110	37	47037	Davidson County, Tennessee	yes	14.0	-51.72458591588752	-2535.396324310443
10449	44	Home centers	47	444110	39	47039	Decatur County, Tennessee	yes	2.0	84.30418264323282	1938.645390237426
10450	44	Home centers	47	444110	43	47043	Dickson County, Tennessee	yes	1.0	42.15209132161641	969.322695118713
10451	44	Home centers	47	444110	45	47045	Dyer County, Tennessee	yes	2.0	84.30418264323282	1938.645390237426
10452	44	Home centers	47	444110	49	47049	Fentress County, Tennessee	yes	2.0	84.30418264323282	1938.645390237426
10453	44	Home centers	47	444110	51	47051	Franklin County, Tennessee	yes	1.0	42.15209132161641	969.322695118713
10454	44	Home centers	47	444110	53	47053	Gibson County, Tennessee	yes	2.0	84.30418264323282	1938.645390237426
10455	44	Home centers	47	444110	55	47055	Giles County, Tennessee	yes	1.3333333333333333	41.029930880593696	907.3381285375896
10456	44	Home centers	47	444110	59	47059	Greene County, Tennessee	no	3.0	199.66666666666666	4871.666666666667
10457	44	Home centers	47	444110	59	47059	Greene County, Tennessee	yes	1.6666666666666667	-5.938934161751685	-305.0688706129929
10458	44	Home centers	47	444110	61	47061	Grundy County, Tennessee	yes	1.0	42.15209132161641	969.322695118713
10459	44	Home centers	47	444110	63	47063	Hamblen County, Tennessee	no	5.0	302.3333333333333	6873.0
10460	44	Home centers	47	444110	63	47063	Hamblen County, Tennessee	yes	5.0	-18.473066398531255	-905.4986872537297
10461	44	Home centers	47	444110	65	47065	Hamilton County, Tennessee	no	5.0	784.0	21253.666666666668
10462	44	Home centers	47	444110	65	47065	Hamilton County, Tennessee	yes	5.0	-18.473066398531255	-905.4986872537297
10463	44	Home centers	47	444110	71	47071	Hardin County, Tennessee	yes	1.0	42.15209132161641	969.322695118713
10464	44	Home centers	47	444110	77	47077	Henderson County, Tennessee	yes	1.0	42.15209132161641	969.322695118713
10465	44	Home centers	47	444110	79	47079	Henry County, Tennessee	yes	1.0	42.15209132161641	969.322695118713
10466	44	Home centers	47	444110	85	47085	Humphreys County, Tennessee	yes	1.0	42.15209132161641	969.322695118713
10467	44	Home centers	47	444110	87	47087	Jackson County, Tennessee	yes	1.0	42.15209132161641	969.322695118713
10468	44	Home centers	47	444110	89	47089	Jefferson County, Tennessee	yes	1.0	42.15209132161641	969.322695118713
10469	44	Home centers	47	444110	91	47091	Johnson County, Tennessee	yes	1.0	42.15209132161641	969.322695118713
10470	44	Home centers	47	444110	93	47093	Knox County, Tennessee	yes	9.0	379.36882189454764	8723.904256068417
10471	44	Home centers	47	444110	99	47099	Lawrence County, Tennessee	yes	1.0	64.91137764395869	1546.9608925497548
10472	44	Home centers	47	444110	103	47103	Lincoln County, Tennessee	yes	1.8333333333333333	85.02932884206324	1967.2106923816755
10473	44	Home centers	47	444110	105	47105	Loudon County, Tennessee	no	3.0	201.33333333333334	4708.333333333333
10474	44	Home centers	47	444110	105	47105	Loudon County, Tennessee	yes	2.3333333333333335	-8.920972591158534	-423.0209034729205
10475	44	Home centers	47	444110	107	47107	McMinn County, Tennessee	yes	1.0	42.15209132161641	969.322695118713
10476	44	Home centers	47	444110	111	47111	Macon County, Tennessee	yes	1.0	42.15209132161641	969.322695118713
10477	44	Home centers	47	444110	113	47113	Madison County, Tennessee	yes	5.0	210.76045660808202	4846.613475593566
10478	44	Home centers	47	444110	115	47115	Marion County, Tennessee	yes	1.1666666666666667	41.426945122786	940.7573929744635
10479	44	Home centers	47	444110	117	47117	Marshall County, Tennessee	yes	1.0	51.45268502453619	1197.4655967155552
10480	44	Home centers	47	444110	119	47119	Maury County, Tennessee	yes	2.0	84.30418264323282	1938.645390237426
10481	44	Home centers	47	444110	123	47123	Monroe County, Tennessee	yes	1.3333333333333333	40.701798923955586	912.192090830214
10482	44	Home centers	47	444110	125	47125	Montgomery County, Tennessee	no	4.0	453.6666666666667	13962.833333333334
10483	44	Home centers	47	444110	131	47131	Obion County, Tennessee	yes	2.0	84.30418264323282	1938.645390237426
10484	44	Home centers	47	444110	133	47133	Overton County, Tennessee	yes	1.0	42.15209132161641	969.322695118713
10485	44	Home centers	47	444110	141	47141	Putnam County, Tennessee	yes	3.0	126.45627396484922	2907.968085356139
10486	44	Home centers	47	444110	143	47143	Rhea County, Tennessee	yes	2.0	84.30418264323282	1938.645390237426
10487	44	Home centers	47	444110	145	47145	Roane County, Tennessee	yes	2.0	84.30418264323282	1938.645390237426
10488	44	Home centers	47	444110	147	47147	Robertson County, Tennessee	yes	1.0	42.15209132161641	969.322695118713
10489	44	Home centers	47	444110	149	47149	Rutherford County, Tennessee	yes	4.666666666666667	211.88261704910474	4908.598042174689
10490	44	Home centers	47	444110	151	47151	Scott County, Tennessee	no	4.0	23.333333333333332	832.3333333333334
10491	44	Home centers	47	444110	153	47153	Sequatchie County, Tennessee	yes	1.3333333333333333	41.0706576976363	909.1835406790543
10492	44	Home centers	47	444110	155	47155	Sevier County, Tennessee	no	6.0	356.3333333333333	8824.666666666666
10493	44	Home centers	47	444110	155	47155	Sevier County, Tennessee	yes	6.0	-22.16767967823751	-1086.5984247044757
10494	44	Home centers	47	444110	157	47157	Shelby County, Tennessee	yes	15.333333333333334	631.199936200266	14479.701272341037
10495	44	Home centers	47	444110	163	47163	Sullivan County, Tennessee	yes	5.833333333333333	239.44770417969843	5494.101535295612
10496	44	Home centers	47	444110	165	47165	Sumner County, Tennessee	yes	4.0	168.60836528646564	3877.290780474852
10497	44	Home centers	47	444110	167	47167	Tipton County, Tennessee	yes	2.0	84.30418264323282	1938.645390237426
10498	44	Home centers	47	444110	169	47169	Trousdale County, Tennessee	yes	2.0	84.30418264323282	1938.645390237426
10499	44	Home centers	47	444110	177	47177	Warren County, Tennessee	no	3.0	133.0	2871.0
10500	44	Home centers	47	444110	177	47177	Warren County, Tennessee	yes	3.0	153.030163488358	3603.2275706908404
10501	44	Home centers	47	444110	179	47179	Washington County, Tennessee	yes	3.0	126.45627396484922	2907.968085356139
10502	44	Home centers	47	444110	183	47183	Weakley County, Tennessee	yes	1.6666666666666667	53.76962843176329	1200.6074618100067
10503	44	Home centers	47	444110	185	47185	White County, Tennessee	yes	1.1666666666666667	41.79580389646671	937.7488428233038
10504	44	Home centers	47	444110	187	47187	Williamson County, Tennessee	no	5.0	754.0	18248.666666666668
10505	44	Home centers	47	444110	187	47187	Williamson County, Tennessee	yes	5.333333333333333	-19.18564124883066	-968.646391844548
10506	44	Home centers	47	444110	189	47189	Wilson County, Tennessee	no	4.0	236.66666666666666	11503.833333333334
10507	44	Household appliance stores	47	443141	1	47001	Anderson County, Tennessee	yes	1.6666666666666667	12.860129374075155	279.4310042781244
10508	44	Household appliance stores	47	443141	3	47003	Bedford County, Tennessee	yes	1.0	7.710121667094557	166.39957146479819
10509	44	Household appliance stores	47	443141	5	47005	Benton County, Tennessee	yes	1.1666666666666667	8.787899444872336	192.9884603536871
10510	44	Household appliance stores	47	443141	9	47009	Blount County, Tennessee	yes	1.5	12.041477457273878	243.36248135810024
10511	44	Household appliance stores	47	443141	11	47011	Bradley County, Tennessee	yes	1.5	11.748884864681285	236.80630851859408
10512	44	Household appliance stores	47	443141	13	47013	Campbell County, Tennessee	yes	1.1666666666666667	8.899865256838147	186.6226483878751
10513	44	Household appliance stores	47	443141	17	47017	Carroll County, Tennessee	yes	1.0	7.725011560470897	169.54714921998934
10514	44	Household appliance stores	47	443141	23	47023	Chester County, Tennessee	yes	1.0	7.68034188034188	160.10441595441594
10515	44	Household appliance stores	47	443141	31	47031	Coffee County, Tennessee	no	3.75	5.25	159.25
10516	44	Household appliance stores	47	443141	31	47031	Coffee County, Tennessee	yes	2.5	22.4078431372549	371.8862745098039
10517	44	Household appliance stores	47	443141	35	47035	Cumberland County, Tennessee	no	3.0	30.0	492.0
10518	44	Household appliance stores	47	443141	35	47035	Cumberland County, Tennessee	yes	2.0	15.450023120941793	339.0942984399787
10519	44	Household appliance stores	47	443141	37	47037	Davidson County, Tennessee	no	8.2	101.2	5341.8
10520	44	Household appliance stores	47	443141	37	47037	Davidson County, Tennessee	yes	13.0	106.88888888888889	2585.314814814815
10521	44	Household appliance stores	47	443141	43	47043	Dickson County, Tennessee	yes	2.0	15.420243334189115	332.79914292959637
10522	44	Household appliance stores	47	443141	51	47051	Franklin County, Tennessee	yes	1.0	7.710121667094557	166.39957146479819
10523	44	Household appliance stores	47	443141	53	47053	Gibson County, Tennessee	yes	2.0	15.420243334189115	332.79914292959637
10524	44	Household appliance stores	47	443141	59	47059	Greene County, Tennessee	yes	1.0	6.757531753830476	178.8733231429923
10525	44	Household appliance stores	47	443141	63	47063	Hamblen County, Tennessee	yes	1.0	7.710121667094557	166.39957146479819
10526	44	Household appliance stores	47	443141	65	47065	Hamilton County, Tennessee	no	11.5	65.16666666666667	1892.1666666666667
10527	44	Household appliance stores	47	443141	69	47069	Hardeman County, Tennessee	yes	1.0	7.68034188034188	160.10441595441594
10528	44	Household appliance stores	47	443141	75	47075	Haywood County, Tennessee	yes	1.0	6.902964297412382	188.5433180478218
10529	44	Household appliance stores	47	443141	77	47077	Henderson County, Tennessee	yes	1.0	7.710121667094557	166.39957146479819
10530	44	Household appliance stores	47	443141	79	47079	Henry County, Tennessee	no	3.0	11.833333333333334	263.5
10531	44	Household appliance stores	47	443141	83	47083	Houston County, Tennessee	yes	1.0	7.710121667094557	166.39957146479819
10532	44	Household appliance stores	47	443141	89	47089	Jefferson County, Tennessee	yes	1.0	7.68034188034188	160.10441595441594
10533	44	Household appliance stores	47	443141	93	47093	Knox County, Tennessee	no	17.5	179.33333333333334	5267.166666666667
10534	44	Household appliance stores	47	443141	99	47099	Lawrence County, Tennessee	yes	1.3333333333333333	11.40345232109938	220.2159432433942
10535	44	Household appliance stores	47	443141	103	47103	Lincoln County, Tennessee	no	3.5	4.5	141.0
10536	44	Household appliance stores	47	443141	103	47103	Lincoln County, Tennessee	yes	1.75	14.655403717333641	280.21479627881286
10537	44	Household appliance stores	47	443141	105	47105	Loudon County, Tennessee	yes	1.0	8.222222222222221	198.87037037037035
10538	44	Household appliance stores	47	443141	107	47107	McMinn County, Tennessee	yes	2.1666666666666665	16.609986923932706	353.0222198526733
10539	44	Household appliance stores	47	443141	109	47109	McNairy County, Tennessee	yes	1.0	7.710121667094557	166.39957146479819
10540	44	Household appliance stores	47	443141	111	47111	Macon County, Tennessee	yes	1.0	7.710121667094557	166.39957146479819
10541	44	Household appliance stores	47	443141	113	47113	Madison County, Tennessee	no	8.166666666666666	55.833333333333336	2262.8333333333335
10542	44	Household appliance stores	47	443141	117	47117	Marshall County, Tennessee	yes	2.0	14.276923076923078	242.6769230769231
10543	44	Household appliance stores	47	443141	119	47119	Maury County, Tennessee	no	3.0	5.333333333333333	161.33333333333334
10544	44	Household appliance stores	47	443141	119	47119	Maury County, Tennessee	yes	2.0	13.962926755524201	332.2833984227368
10545	44	Household appliance stores	47	443141	123	47123	Monroe County, Tennessee	yes	1.0	7.138461538461539	121.33846153846154
10546	44	Household appliance stores	47	443141	125	47125	Montgomery County, Tennessee	no	5.8	25.8	420.2
10547	44	Household appliance stores	47	443141	125	47125	Montgomery County, Tennessee	yes	6.0	42.830769230769235	728.0307692307692
10548	44	Household appliance stores	47	443141	131	47131	Obion County, Tennessee	no	3.0	5.25	157.5
10549	44	Household appliance stores	47	443141	131	47131	Obion County, Tennessee	yes	2.0	13.805928594824763	377.0866360956436
10550	44	Household appliance stores	47	443141	141	47141	Putnam County, Tennessee	yes	2.3333333333333335	17.980357294303076	386.1672815810684
10551	44	Household appliance stores	47	443141	143	47143	Rhea County, Tennessee	yes	1.0	7.138461538461539	121.33846153846154
10552	44	Household appliance stores	47	443141	145	47145	Roane County, Tennessee	no	4.0	26.0	595.0
10553	44	Household appliance stores	47	443141	145	47145	Roane County, Tennessee	yes	2.8	19.601163994501697	481.9621810875856
10554	44	Household appliance stores	47	443141	147	47147	Robertson County, Tennessee	yes	1.0	6.8527641999882425	164.48960774185963
10555	44	Household appliance stores	47	443141	149	47149	Rutherford County, Tennessee	no	4.8	28.6	722.2
10556	44	Household appliance stores	47	443141	149	47149	Rutherford County, Tennessee	yes	5.0	53.13725490196078	707.843137254902
10557	44	Household appliance stores	47	443141	155	47155	Sevier County, Tennessee	no	3.0	0.0	344.0
10558	44	Household appliance stores	47	443141	155	47155	Sevier County, Tennessee	yes	2.0	15.648907385642323	350.8235869001311
10559	44	Household appliance stores	47	443141	157	47157	Shelby County, Tennessee	no	13.333333333333334	89.83333333333333	4003.1666666666665
10560	44	Household appliance stores	47	443141	159	47159	Smith County, Tennessee	yes	1.0	7.710121667094557	166.39957146479819
10561	44	Household appliance stores	47	443141	163	47163	Sullivan County, Tennessee	no	3.75	7.75	223.25
10562	44	Household appliance stores	47	443141	163	47163	Sullivan County, Tennessee	yes	3.5	31.96259426847662	465.1449472096531
10563	44	Household appliance stores	47	443141	165	47165	Sumner County, Tennessee	yes	2.3333333333333335	17.980357294303076	386.1672815810684
10564	44	Household appliance stores	47	443141	167	47167	Tipton County, Tennessee	yes	1.5	11.348013404986295	246.35659900515907
10565	44	Household appliance stores	47	443141	177	47177	Warren County, Tennessee	yes	1.0	7.710121667094557	166.39957146479819
10566	44	Household appliance stores	47	443141	179	47179	Washington County, Tennessee	no	7.2	36.2	805.2
10567	44	Household appliance stores	47	443141	179	47179	Washington County, Tennessee	yes	5.0	35.69230769230769	606.6923076923077
10568	44	Household appliance stores	47	443141	183	47183	Weakley County, Tennessee	yes	1.0	7.138461538461539	121.33846153846154
10569	44	Household appliance stores	47	443141	185	47185	White County, Tennessee	yes	1.5	12.041477457273878	243.36248135810024
10570	44	Household appliance stores	47	443141	187	47187	Williamson County, Tennessee	no	8.5	57.666666666666664	1600.6666666666667
10571	44	Household appliance stores	47	443141	189	47189	Wilson County, Tennessee	no	4.0	28.4	568.6
10572	44	Household appliance stores	47	443141	189	47189	Wilson County, Tennessee	yes	3.0	21.415384615384617	364.0153846153846
10573	44	Jewelry stores	47	448310	1	47001	Anderson County, Tennessee	no	3.6666666666666665	16.5	565.8333333333334
10574	44	Jewelry stores	47	448310	3	47003	Bedford County, Tennessee	no	3.0	8.0	135.0
10575	44	Jewelry stores	47	448310	3	47003	Bedford County, Tennessee	yes	2.4	11.836116241689377	200.60036678224296
10576	44	Jewelry stores	47	448310	5	47005	Benton County, Tennessee	yes	1.0	4.71033236264116	85.68959675486194
10577	44	Jewelry stores	47	448310	9	47009	Blount County, Tennessee	no	4.333333333333333	34.333333333333336	930.1666666666666
10578	44	Jewelry stores	47	448310	11	47011	Bradley County, Tennessee	no	4.666666666666667	19.333333333333332	530.3333333333334
10579	44	Jewelry stores	47	448310	13	47013	Campbell County, Tennessee	yes	1.0	4.71033236264116	85.68959675486194
10580	44	Jewelry stores	47	448310	15	47015	Cannon County, Tennessee	yes	1.0	4.71033236264116	85.68959675486194
10581	44	Jewelry stores	47	448310	17	47017	Carroll County, Tennessee	yes	1.0	4.71033236264116	85.68959675486194
10582	44	Jewelry stores	47	448310	19	47019	Carter County, Tennessee	yes	1.0	4.71033236264116	85.68959675486194
10583	44	Jewelry stores	47	448310	25	47025	Claiborne County, Tennessee	yes	2.0	9.42066472528232	171.37919350972388
10584	44	Jewelry stores	47	448310	29	47029	Cocke County, Tennessee	yes	1.0	4.71033236264116	85.68959675486194
10585	44	Jewelry stores	47	448310	31	47031	Coffee County, Tennessee	no	4.666666666666667	26.833333333333332	487.5
10586	44	Jewelry stores	47	448310	35	47035	Cumberland County, Tennessee	yes	1.0	5.049465378480499	64.14932810942709
10587	44	Jewelry stores	47	448310	37	47037	Davidson County, Tennessee	no	50.0	295.0	12339.666666666666
10588	44	Jewelry stores	47	448310	39	47039	Decatur County, Tennessee	yes	1.0	4.682447871069677	66.41432166346566
10589	44	Jewelry stores	47	448310	41	47041	DeKalb County, Tennessee	yes	1.0	4.682447871069677	66.41432166346566
10590	44	Jewelry stores	47	448310	43	47043	Dickson County, Tennessee	no	3.0	12.0	427.0
10591	44	Jewelry stores	47	448310	43	47043	Dickson County, Tennessee	yes	2.0	9.364895742139353	132.8286433269313
10592	44	Jewelry stores	47	448310	47	47047	Fayette County, Tennessee	yes	1.1666666666666667	5.404321433679411	97.7852251701625
10593	44	Jewelry stores	47	448310	51	47051	Franklin County, Tennessee	yes	1.0	4.71033236264116	85.68959675486194
10594	44	Jewelry stores	47	448310	53	47053	Gibson County, Tennessee	yes	1.6666666666666667	7.967769454397133	127.63218533787739
10595	44	Jewelry stores	47	448310	55	47055	Giles County, Tennessee	no	3.0	0.0	208.5
10596	44	Jewelry stores	47	448310	55	47055	Giles County, Tennessee	yes	2.25	9.67974983987486	215.27512596929768
10597	44	Jewelry stores	47	448310	59	47059	Greene County, Tennessee	yes	1.0	4.71033236264116	85.68959675486194
10598	44	Jewelry stores	47	448310	63	47063	Hamblen County, Tennessee	no	4.333333333333333	19.833333333333332	850.6666666666666
10599	44	Jewelry stores	47	448310	65	47065	Hamilton County, Tennessee	no	20.0	135.5	3147.1666666666665
10600	44	Jewelry stores	47	448310	71	47071	Hardin County, Tennessee	yes	1.0	4.280080420661925	65.8906588308073
10601	44	Jewelry stores	47	448310	77	47077	Henderson County, Tennessee	yes	1.0	4.819611949923489	88.31276200747368
10602	44	Jewelry stores	47	448310	79	47079	Henry County, Tennessee	no	3.0	11.0	83.0
10603	44	Jewelry stores	47	448310	79	47079	Henry County, Tennessee	yes	2.8	13.7347056431381	229.37566224545304
10604	44	Jewelry stores	47	448310	85	47085	Humphreys County, Tennessee	yes	2.0	9.42066472528232	171.37919350972388
10605	44	Jewelry stores	47	448310	89	47089	Jefferson County, Tennessee	yes	1.5	7.454143775870914	157.55025622727197
10606	44	Jewelry stores	47	448310	93	47093	Knox County, Tennessee	no	30.0	223.83333333333334	6830.333333333333
10607	44	Jewelry stores	47	448310	97	47097	Lauderdale County, Tennessee	yes	1.0	4.71033236264116	85.68959675486194
10608	44	Jewelry stores	47	448310	99	47099	Lawrence County, Tennessee	no	3.0	0.0	137.5
10609	44	Jewelry stores	47	448310	99	47099	Lawrence County, Tennessee	yes	2.0	9.850916667261554	191.1781314337785
10610	44	Jewelry stores	47	448310	103	47103	Lincoln County, Tennessee	yes	1.6666666666666667	7.725726284789842	149.06653201101588
10611	44	Jewelry stores	47	448310	105	47105	Loudon County, Tennessee	yes	1.0	4.71033236264116	85.68959675486194
10612	44	Jewelry stores	47	448310	107	47107	McMinn County, Tennessee	yes	1.0	4.71033236264116	85.68959675486194
10613	44	Jewelry stores	47	448310	109	47109	McNairy County, Tennessee	yes	1.0	4.71033236264116	85.68959675486194
10614	44	Jewelry stores	47	448310	111	47111	Macon County, Tennessee	yes	1.0	4.71033236264116	85.68959675486194
10615	44	Jewelry stores	47	448310	113	47113	Madison County, Tennessee	no	5.833333333333333	52.5	1425.1666666666667
10616	44	Jewelry stores	47	448310	117	47117	Marshall County, Tennessee	yes	1.3333333333333333	6.299032811235868	127.10297906741341
10617	44	Jewelry stores	47	448310	119	47119	Maury County, Tennessee	no	4.0	25.0	588.0
10618	44	Jewelry stores	47	448310	119	47119	Maury County, Tennessee	yes	2.4	11.836116241689377	200.60036678224296
10619	44	Jewelry stores	47	448310	125	47125	Montgomery County, Tennessee	no	13.5	83.0	2196.3333333333335
10620	44	Jewelry stores	47	448310	131	47131	Obion County, Tennessee	no	3.0	0.0	164.0
10621	44	Jewelry stores	47	448310	131	47131	Obion County, Tennessee	yes	2.0	8.669503552691724	181.388365545002
10622	44	Jewelry stores	47	448310	133	47133	Overton County, Tennessee	yes	1.0	4.71033236264116	85.68959675486194
10623	44	Jewelry stores	47	448310	141	47141	Putnam County, Tennessee	no	8.5	20.666666666666668	422.3333333333333
10624	44	Jewelry stores	47	448310	147	47147	Robertson County, Tennessee	yes	2.0	9.42066472528232	171.37919350972388
10625	44	Jewelry stores	47	448310	149	47149	Rutherford County, Tennessee	no	12.333333333333334	80.0	3689.3333333333335
10626	44	Jewelry stores	47	448310	151	47151	Scott County, Tennessee	yes	1.0	4.682447871069677	66.41432166346566
10627	44	Jewelry stores	47	448310	155	47155	Sevier County, Tennessee	no	16.0	123.66666666666667	3452.8333333333335
10628	44	Jewelry stores	47	448310	157	47157	Shelby County, Tennessee	no	62.166666666666664	349.3333333333333	10770.333333333334
10629	44	Jewelry stores	47	448310	163	47163	Sullivan County, Tennessee	no	10.6	55.2	1555.6
10630	44	Jewelry stores	47	448310	163	47163	Sullivan County, Tennessee	yes	10.0	41.639344262295076	725.7377049180327
10631	44	Jewelry stores	47	448310	165	47165	Sumner County, Tennessee	no	5.333333333333333	26.333333333333332	866.0
10632	44	Jewelry stores	47	448310	167	47167	Tipton County, Tennessee	yes	1.0	4.71033236264116	85.68959675486194
10633	44	Jewelry stores	47	448310	173	47173	Union County, Tennessee	yes	1.0	4.71033236264116	85.68959675486194
10634	44	Jewelry stores	47	448310	177	47177	Warren County, Tennessee	no	4.0	9.333333333333334	132.66666666666666
10635	44	Jewelry stores	47	448310	177	47177	Warren County, Tennessee	yes	4.0	20.197861513921996	256.59731243770835
10636	44	Jewelry stores	47	448310	179	47179	Washington County, Tennessee	no	10.166666666666666	70.5	1741.1666666666667
10637	44	Jewelry stores	47	448310	185	47185	White County, Tennessee	yes	1.0	4.71033236264116	85.68959675486194
10638	44	Jewelry stores	47	448310	187	47187	Williamson County, Tennessee	no	14.0	118.5	3569.8333333333335
10639	44	Jewelry stores	47	448310	189	47189	Wilson County, Tennessee	no	8.0	38.5	843.1666666666666
10640	44	Luggage and leather goods stores	47	448320	37	47037	Davidson County, Tennessee	no	4.333333333333333	22.333333333333332	1006.6666666666666
10641	44	Luggage and leather goods stores	47	448320	37	47037	Davidson County, Tennessee	yes	4.333333333333333	4.554778554778555	476.0455231043466
10642	44	Luggage and leather goods stores	47	448320	65	47065	Hamilton County, Tennessee	yes	1.0	2.8007881007881004	110.56026914262209
10643	44	Luggage and leather goods stores	47	448320	93	47093	Knox County, Tennessee	yes	1.8333333333333333	6.0258186258186255	203.52962919433506
10644	44	Luggage and leather goods stores	47	448320	141	47141	Putnam County, Tennessee	yes	1.0	0.0	128.41176470588235
10645	44	Luggage and leather goods stores	47	448320	149	47149	Rutherford County, Tennessee	yes	1.2	3.87003663003663	137.24558500323207
10646	44	Luggage and leather goods stores	47	448320	155	47155	Sevier County, Tennessee	no	4.2	23.6	678.8
10647	44	Luggage and leather goods stores	47	448320	155	47155	Sevier County, Tennessee	yes	3.0	0.0	385.2352941176471
10648	44	Luggage and leather goods stores	47	448320	157	47157	Shelby County, Tennessee	yes	1.0	0.7412587412587412	110.80625257095846
10649	44	Luggage and leather goods stores	47	448320	187	47187	Williamson County, Tennessee	yes	1.0	2.8007881007881004	110.56026914262209
10650	44	Luggage and leather goods stores	47	448320	189	47189	Wilson County, Tennessee	yes	2.1666666666666665	5.177333777333778	238.71144737615327
10651	44	Meat markets	47	445210	1	47001	Anderson County, Tennessee	yes	1.5	11.178959692736575	178.57645733771403
10652	44	Meat markets	47	445210	5	47005	Benton County, Tennessee	yes	1.0	7.500005025962687	123.46576314217444
10653	44	Meat markets	47	445210	9	47009	Blount County, Tennessee	no	4.0	19.5	326.25
10654	44	Meat markets	47	445210	9	47009	Blount County, Tennessee	yes	3.5	25.623397435897438	354.3489583333333
10655	44	Meat markets	47	445210	29	47029	Cocke County, Tennessee	yes	1.1666666666666667	8.243058906197346	127.8863189466348
10656	44	Meat markets	47	445210	37	47037	Davidson County, Tennessee	no	6.333333333333333	45.5	925.1666666666666
10657	44	Meat markets	47	445210	41	47041	DeKalb County, Tennessee	yes	1.0	7.298614461752902	113.37705968737554
10658	44	Meat markets	47	445210	47	47047	Fayette County, Tennessee	yes	1.1666666666666667	8.65278112841957	129.9343513540422
10659	44	Meat markets	47	445210	55	47055	Giles County, Tennessee	yes	1.6666666666666667	11.437313800049017	176.65149591796094
10660	44	Meat markets	47	445210	63	47063	Hamblen County, Tennessee	yes	1.0	7.298614461752902	113.37705968737554
10661	44	Meat markets	47	445210	65	47065	Hamilton County, Tennessee	no	3.3333333333333335	11.666666666666666	386.6666666666667
10662	44	Meat markets	47	445210	65	47065	Hamilton County, Tennessee	yes	2.0	17.11829297245964	268.8549382716049
10663	44	Meat markets	47	445210	71	47071	Hardin County, Tennessee	yes	1.0	7.1333373541034835	116.18372162485066
10664	44	Meat markets	47	445210	79	47079	Henry County, Tennessee	yes	1.0	7.298614461752902	113.37705968737554
10665	44	Meat markets	47	445210	93	47093	Knox County, Tennessee	yes	2.1666666666666665	15.541673367950251	241.26337863401034
10666	44	Meat markets	47	445210	99	47099	Lawrence County, Tennessee	yes	2.0	14.597228923505805	226.75411937475107
10667	44	Meat markets	47	445210	103	47103	Lincoln County, Tennessee	yes	1.0	7.298614461752902	113.37705968737554
10668	44	Meat markets	47	445210	109	47109	McNairy County, Tennessee	yes	1.1666666666666667	8.65278112841957	129.9343513540422
10669	44	Meat markets	47	445210	113	47113	Madison County, Tennessee	yes	1.0	7.298614461752902	113.37705968737554
10670	44	Meat markets	47	445210	117	47117	Marshall County, Tennessee	yes	1.0	5.666666666666666	87.05555555555556
10671	44	Meat markets	47	445210	125	47125	Montgomery County, Tennessee	yes	1.5	11.178959692736575	178.57645733771403
10672	44	Meat markets	47	445210	131	47131	Obion County, Tennessee	yes	1.0	7.1333373541034835	116.18372162485066
10673	44	Meat markets	47	445210	133	47133	Overton County, Tennessee	yes	1.0	9.47974537037037	150.30787037037038
10674	44	Meat markets	47	445210	139	47139	Polk County, Tennessee	yes	1.0	5.666666666666666	87.05555555555556
10675	44	Meat markets	47	445210	149	47149	Rutherford County, Tennessee	no	3.0	0.0	239.0
10676	44	Meat markets	47	445210	149	47149	Rutherford County, Tennessee	yes	1.2	9.25000402077015	138.51011051373956
10677	44	Meat markets	47	445210	155	47155	Sevier County, Tennessee	yes	1.0	4.994623655913978	88.81810035842294
10678	44	Meat markets	47	445210	157	47157	Shelby County, Tennessee	no	10.666666666666666	67.83333333333333	1486.5
10679	44	Meat markets	47	445210	163	47163	Sullivan County, Tennessee	yes	1.0	7.298614461752902	113.37705968737554
10680	44	Meat markets	47	445210	165	47165	Sumner County, Tennessee	yes	1.2	8.266670687436816	133.59483273596177
10681	44	Meat markets	47	445210	177	47177	Warren County, Tennessee	yes	1.0	7.500005025962687	123.46576314217444
10682	44	Meat markets	47	445210	179	47179	Washington County, Tennessee	no	3.0	20.0	430.0
10683	44	Meat markets	47	445210	179	47179	Washington County, Tennessee	yes	2.0	15.787642450142448	235.87268518518516
10684	44	Meat markets	47	445210	183	47183	Weakley County, Tennessee	yes	1.3333333333333333	9.138702688937903	145.58494499203505
10685	44	Meat markets	47	445210	185	47185	White County, Tennessee	yes	1.0	6.208049007444169	94.91165434587812
10686	44	Meat markets	47	445210	187	47187	Williamson County, Tennessee	no	4.0	42.0	700.6666666666666
10687	44	Meat markets	47	445210	187	47187	Williamson County, Tennessee	yes	3.0	19.69017094017094	284.9699074074074
10688	44	Meat markets	47	445210	189	47189	Wilson County, Tennessee	yes	2.0	14.597228923505805	226.75411937475107
10689	44	Men's clothing stores	47	448110	9	47009	Blount County, Tennessee	yes	1.0	6.694444444444444	128.19444444444443
10690	44	Men's clothing stores	47	448110	11	47011	Bradley County, Tennessee	no	3.0	0.0	202.0
10691	44	Men's clothing stores	47	448110	11	47011	Bradley County, Tennessee	yes	2.2	22.069126857547907	399.0066960330118
10692	44	Men's clothing stores	47	448110	37	47037	Davidson County, Tennessee	no	29.5	264.0	7110.833333333333
10693	44	Men's clothing stores	47	448110	43	47043	Dickson County, Tennessee	yes	1.0	9.194982194543597	170.29177636853075
10694	44	Men's clothing stores	47	448110	45	47045	Dyer County, Tennessee	yes	1.0	9.194982194543597	170.29177636853075
10695	44	Men's clothing stores	47	448110	49	47049	Fentress County, Tennessee	yes	1.0	9.194982194543597	170.29177636853075
10696	44	Men's clothing stores	47	448110	63	47063	Hamblen County, Tennessee	yes	1.0	9.194982194543597	170.29177636853075
10697	44	Men's clothing stores	47	448110	65	47065	Hamilton County, Tennessee	no	11.5	69.66666666666667	2409.5
10698	44	Men's clothing stores	47	448110	69	47069	Hardeman County, Tennessee	yes	1.0	9.328703703703702	141.50462962962962
10699	44	Men's clothing stores	47	448110	79	47079	Henry County, Tennessee	yes	1.0	9.194982194543597	170.29177636853075
10700	44	Men's clothing stores	47	448110	93	47093	Knox County, Tennessee	no	9.5	74.83333333333333	1894.1666666666667
10701	44	Men's clothing stores	47	448110	99	47099	Lawrence County, Tennessee	yes	1.6666666666666667	15.625895125017928	273.335717239226
10702	44	Men's clothing stores	47	448110	105	47105	Loudon County, Tennessee	yes	1.0	10.684048083170888	163.64343729694608
10703	44	Men's clothing stores	47	448110	113	47113	Madison County, Tennessee	no	7.0	20.0	611.5
10704	44	Men's clothing stores	47	448110	113	47113	Madison County, Tennessee	yes	6.0	60.26754385964912	1008.3464912280701
10705	44	Men's clothing stores	47	448110	119	47119	Maury County, Tennessee	no	3.0	12.0	328.0
10706	44	Men's clothing stores	47	448110	119	47119	Maury County, Tennessee	yes	2.25	20.92607212475633	340.9651559454191
10707	44	Men's clothing stores	47	448110	125	47125	Montgomery County, Tennessee	no	6.666666666666667	23.833333333333332	522.6666666666666
10708	44	Men's clothing stores	47	448110	131	47131	Obion County, Tennessee	yes	1.0	9.194982194543597	170.29177636853075
10709	44	Men's clothing stores	47	448110	141	47141	Putnam County, Tennessee	yes	1.0	10.684048083170888	163.64343729694608
10710	44	Men's clothing stores	47	448110	149	47149	Rutherford County, Tennessee	no	4.0	38.0	874.0
10711	44	Men's clothing stores	47	448110	149	47149	Rutherford County, Tennessee	yes	4.2	40.248136756031485	741.1727487911697
10712	44	Men's clothing stores	47	448110	155	47155	Sevier County, Tennessee	no	5.833333333333333	58.0	778.0
10713	44	Men's clothing stores	47	448110	157	47157	Shelby County, Tennessee	no	27.333333333333332	341.3333333333333	11698.666666666666
10714	44	Men's clothing stores	47	448110	163	47163	Sullivan County, Tennessee	no	3.0	10.333333333333334	208.16666666666666
10715	44	Men's clothing stores	47	448110	165	47165	Sumner County, Tennessee	yes	1.0	9.194982194543597	170.29177636853075
10716	44	Men's clothing stores	47	448110	171	47171	Unicoi County, Tennessee	yes	1.0	9.646369395711499	154.5659113060429
10717	44	Men's clothing stores	47	448110	179	47179	Washington County, Tennessee	no	4.0	28.0	526.0
10718	44	Men's clothing stores	47	448110	179	47179	Washington County, Tennessee	yes	4.333333333333333	41.0354294827979	880.399407609934
10719	44	Men's clothing stores	47	448110	187	47187	Williamson County, Tennessee	no	4.0	34.0	1051.0
10720	44	Men's clothing stores	47	448110	187	47187	Williamson County, Tennessee	yes	4.8	45.19026353763195	858.1302878408139
10721	44	Men's clothing stores	47	448110	189	47189	Wilson County, Tennessee	no	4.0	27.0	906.0
10722	44	Men's clothing stores	47	448110	189	47189	Wilson County, Tennessee	yes	3.4	32.498819017240066	617.3477975241133
10723	44	Motorcycle, ATV, and all other motor vehicle dealers	47	441228	1	47001	Anderson County, Tennessee	yes	1.0	8.302764454661693	291.74299672915663
10724	44	Motorcycle, ATV, and all other motor vehicle dealers	47	441228	3	47003	Bedford County, Tennessee	yes	2.0	16.605528909323386	583.4859934583133
10725	44	Motorcycle, ATV, and all other motor vehicle dealers	47	441228	9	47009	Blount County, Tennessee	no	3.4	107.4	5974.6
10726	44	Motorcycle, ATV, and all other motor vehicle dealers	47	441228	9	47009	Blount County, Tennessee	yes	2.0	17.9375	525.09375
10727	44	Motorcycle, ATV, and all other motor vehicle dealers	47	441228	11	47011	Bradley County, Tennessee	yes	1.1666666666666667	9.523421731656997	329.44956949910966
10728	44	Motorcycle, ATV, and all other motor vehicle dealers	47	441228	13	47013	Campbell County, Tennessee	yes	1.0	8.302764454661693	291.74299672915663
10729	44	Motorcycle, ATV, and all other motor vehicle dealers	47	441228	19	47019	Carter County, Tennessee	yes	1.0	8.34331734559403	288.43659607498796
10730	44	Motorcycle, ATV, and all other motor vehicle dealers	47	441228	25	47025	Claiborne County, Tennessee	yes	2.0	16.605528909323386	583.4859934583133
10731	44	Motorcycle, ATV, and all other motor vehicle dealers	47	441228	31	47031	Coffee County, Tennessee	yes	1.0	8.96875	262.546875
10732	44	Motorcycle, ATV, and all other motor vehicle dealers	47	441228	35	47035	Cumberland County, Tennessee	yes	1.8333333333333333	15.11073724265672	539.7281809583133
10733	44	Motorcycle, ATV, and all other motor vehicle dealers	47	441228	37	47037	Davidson County, Tennessee	no	12.333333333333334	179.83333333333334	6852.5
10734	44	Motorcycle, ATV, and all other motor vehicle dealers	47	441228	41	47041	DeKalb County, Tennessee	yes	1.0	8.146346830985916	244.39315580985914
10735	44	Motorcycle, ATV, and all other motor vehicle dealers	47	441228	43	47043	Dickson County, Tennessee	yes	1.6666666666666667	13.639641969752239	466.5389296181573
10736	44	Motorcycle, ATV, and all other motor vehicle dealers	47	441228	45	47045	Dyer County, Tennessee	yes	1.1666666666666667	9.79755612132836	335.50080922915663
10737	44	Motorcycle, ATV, and all other motor vehicle dealers	47	441228	51	47051	Franklin County, Tennessee	yes	1.1666666666666667	9.574193026090263	333.6953776815376
10738	44	Motorcycle, ATV, and all other motor vehicle dealers	47	441228	53	47053	Gibson County, Tennessee	yes	1.0	7.476257545271629	238.976861167002
10739	44	Motorcycle, ATV, and all other motor vehicle dealers	47	441228	59	47059	Greene County, Tennessee	no	3.0	13.0	340.0
10740	44	Motorcycle, ATV, and all other motor vehicle dealers	47	441228	59	47059	Greene County, Tennessee	yes	2.0	16.68663469118806	576.8731921499759
10741	44	Motorcycle, ATV, and all other motor vehicle dealers	47	441228	63	47063	Hamblen County, Tennessee	no	3.0	31.333333333333332	913.6666666666666
10742	44	Motorcycle, ATV, and all other motor vehicle dealers	47	441228	63	47063	Hamblen County, Tennessee	yes	2.6666666666666665	21.03322434607646	661.4765886988598
10743	44	Motorcycle, ATV, and all other motor vehicle dealers	47	441228	65	47065	Hamilton County, Tennessee	no	9.166666666666666	100.66666666666667	3691.5
10744	44	Motorcycle, ATV, and all other motor vehicle dealers	47	441228	69	47069	Hardeman County, Tennessee	yes	1.0	8.302764454661693	291.74299672915663
10745	44	Motorcycle, ATV, and all other motor vehicle dealers	47	441228	79	47079	Henry County, Tennessee	yes	1.0	8.534375	285.41093750000005
10746	44	Motorcycle, ATV, and all other motor vehicle dealers	47	441228	89	47089	Jefferson County, Tennessee	yes	1.0	8.302764454661693	291.74299672915663
10747	44	Motorcycle, ATV, and all other motor vehicle dealers	47	441228	91	47091	Johnson County, Tennessee	yes	1.0	8.302764454661693	291.74299672915663
10748	44	Motorcycle, ATV, and all other motor vehicle dealers	47	441228	93	47093	Knox County, Tennessee	no	6.5	79.0	2510.5
10749	44	Motorcycle, ATV, and all other motor vehicle dealers	47	441228	99	47099	Lawrence County, Tennessee	yes	1.0	8.302764454661693	291.74299672915663
10750	44	Motorcycle, ATV, and all other motor vehicle dealers	47	441228	101	47101	Lewis County, Tennessee	yes	1.0	8.302764454661693	291.74299672915663
10751	44	Motorcycle, ATV, and all other motor vehicle dealers	47	441228	103	47103	Lincoln County, Tennessee	no	3.5	7.5	412.0
10752	44	Motorcycle, ATV, and all other motor vehicle dealers	47	441228	103	47103	Lincoln County, Tennessee	yes	2.75	21.943033052113854	765.8663424259005
10753	44	Motorcycle, ATV, and all other motor vehicle dealers	47	441228	105	47105	Loudon County, Tennessee	yes	1.5	12.289641969752237	415.1597629514906
10754	44	Motorcycle, ATV, and all other motor vehicle dealers	47	441228	113	47113	Madison County, Tennessee	no	3.0	50.0	1797.0
10755	44	Motorcycle, ATV, and all other motor vehicle dealers	47	441228	113	47113	Madison County, Tennessee	yes	2.0	16.01063254527163	524.387798667002
10756	44	Motorcycle, ATV, and all other motor vehicle dealers	47	441228	115	47115	Marion County, Tennessee	yes	1.5	12.289641969752237	415.1597629514906
10757	44	Motorcycle, ATV, and all other motor vehicle dealers	47	441228	117	47117	Marshall County, Tennessee	yes	1.0	8.96875	262.546875
10758	44	Motorcycle, ATV, and all other motor vehicle dealers	47	441228	119	47119	Maury County, Tennessee	yes	1.3333333333333333	11.268651394232842	408.6900605693126
10759	44	Motorcycle, ATV, and all other motor vehicle dealers	47	441228	123	47123	Monroe County, Tennessee	yes	1.8333333333333333	15.11073724265672	539.7281809583133
10760	44	Motorcycle, ATV, and all other motor vehicle dealers	47	441228	125	47125	Montgomery County, Tennessee	no	5.166666666666667	72.66666666666667	2874.3333333333335
10761	44	Motorcycle, ATV, and all other motor vehicle dealers	47	441228	127	47127	Moore County, Tennessee	yes	1.0	8.302764454661693	291.74299672915663
10762	44	Motorcycle, ATV, and all other motor vehicle dealers	47	441228	131	47131	Obion County, Tennessee	yes	2.0	16.605528909323386	583.4859934583133
10763	44	Motorcycle, ATV, and all other motor vehicle dealers	47	441228	133	47133	Overton County, Tennessee	yes	1.8333333333333333	15.11073724265672	539.7281809583133
10764	44	Motorcycle, ATV, and all other motor vehicle dealers	47	441228	137	47137	Pickett County, Tennessee	yes	1.0	8.302764454661693	291.74299672915663
10765	44	Motorcycle, ATV, and all other motor vehicle dealers	47	441228	141	47141	Putnam County, Tennessee	no	4.333333333333333	29.0	1273.0
10766	44	Motorcycle, ATV, and all other motor vehicle dealers	47	441228	141	47141	Putnam County, Tennessee	yes	3.0	23.052515090543256	786.228722334004
10767	44	Motorcycle, ATV, and all other motor vehicle dealers	47	441228	143	47143	Rhea County, Tennessee	yes	1.0	8.34331734559403	288.43659607498796
10768	44	Motorcycle, ATV, and all other motor vehicle dealers	47	441228	145	47145	Roane County, Tennessee	yes	1.0	8.302764454661693	291.74299672915663
10769	44	Motorcycle, ATV, and all other motor vehicle dealers	47	441228	149	47149	Rutherford County, Tennessee	no	7.333333333333333	103.5	4177.666666666667
10770	44	Motorcycle, ATV, and all other motor vehicle dealers	47	441228	151	47151	Scott County, Tennessee	no	3.0	2.0	50.0
10771	44	Motorcycle, ATV, and all other motor vehicle dealers	47	441228	151	47151	Scott County, Tennessee	yes	2.0	16.01063254527163	524.387798667002
10772	44	Motorcycle, ATV, and all other motor vehicle dealers	47	441228	155	47155	Sevier County, Tennessee	no	6.5	92.66666666666667	3555.0
10773	44	Motorcycle, ATV, and all other motor vehicle dealers	47	441228	157	47157	Shelby County, Tennessee	no	18.333333333333332	144.66666666666666	5103.0
10774	44	Motorcycle, ATV, and all other motor vehicle dealers	47	441228	157	47157	Shelby County, Tennessee	yes	14.666666666666666	116.61674211938298	3614.98736167002
10775	44	Motorcycle, ATV, and all other motor vehicle dealers	47	441228	163	47163	Sullivan County, Tennessee	no	4.5	10.333333333333334	421.8333333333333
10776	44	Motorcycle, ATV, and all other motor vehicle dealers	47	441228	165	47165	Sumner County, Tennessee	no	4.333333333333333	0.0	72.33333333333333
10777	44	Motorcycle, ATV, and all other motor vehicle dealers	47	441228	165	47165	Sumner County, Tennessee	yes	2.0	17.2635477582846	673.3049220272904
10778	44	Motorcycle, ATV, and all other motor vehicle dealers	47	441228	177	47177	Warren County, Tennessee	yes	1.0	8.146346830985916	244.39315580985914
10779	44	Motorcycle, ATV, and all other motor vehicle dealers	47	441228	179	47179	Washington County, Tennessee	no	4.166666666666667	61.166666666666664	1837.3333333333333
10780	44	Motorcycle, ATV, and all other motor vehicle dealers	47	441228	187	47187	Williamson County, Tennessee	no	4.833333333333333	95.83333333333333	2834.8333333333335
10781	44	Motorcycle, ATV, and all other motor vehicle dealers	47	441228	189	47189	Wilson County, Tennessee	no	3.6666666666666665	12.666666666666666	426.3333333333333
10782	44	Motorcycle, ATV, and all other motor vehicle dealers	47	441228	189	47189	Wilson County, Tennessee	yes	3.0	23.92126509054326	740.5005973340039
10783	44	New car dealers	47	441110	1	47001	Anderson County, Tennessee	no	5.333333333333333	262.1666666666667	13363.833333333334
10784	44	New car dealers	47	441110	3	47003	Bedford County, Tennessee	no	5.0	92.8	5010.4
10785	44	New car dealers	47	441110	3	47003	Bedford County, Tennessee	yes	6.0	136.33846153846156	4988.123076923077
10786	44	New car dealers	47	441110	5	47005	Benton County, Tennessee	yes	1.0	29.464689400421985	1291.2295545017369
10787	44	New car dealers	47	441110	9	47009	Blount County, Tennessee	no	9.0	577.1666666666666	32122.333333333332
10788	44	New car dealers	47	441110	11	47011	Bradley County, Tennessee	no	10.333333333333334	392.6666666666667	20454.333333333332
10789	44	New car dealers	47	441110	13	47013	Campbell County, Tennessee	no	4.166666666666667	43.833333333333336	1781.1666666666667
10790	44	New car dealers	47	441110	17	47017	Carroll County, Tennessee	yes	2.0	58.92937880084397	2582.4591090034737
10791	44	New car dealers	47	441110	19	47019	Carter County, Tennessee	yes	2.3333333333333335	71.97686977469252	3235.725112126034
10792	44	New car dealers	47	441110	21	47021	Cheatham County, Tennessee	yes	1.0	39.14247292154567	1959.7980093676815
10793	44	New car dealers	47	441110	23	47023	Chester County, Tennessee	yes	2.0	58.92937880084397	2582.4591090034737
10794	44	New car dealers	47	441110	25	47025	Claiborne County, Tennessee	yes	1.0	29.464689400421985	1291.2295545017369
10795	44	New car dealers	47	441110	29	47029	Cocke County, Tennessee	yes	2.0	58.92937880084397	2582.4591090034737
10796	44	New car dealers	47	441110	31	47031	Coffee County, Tennessee	no	7.166666666666667	289.3333333333333	12982.833333333334
10797	44	New car dealers	47	441110	35	47035	Cumberland County, Tennessee	yes	4.833333333333333	138.42595602826137	5980.859547163902
10798	44	New car dealers	47	441110	37	47037	Davidson County, Tennessee	no	45.166666666666664	2242.6666666666665	124936.0
10799	44	New car dealers	47	441110	39	47039	Decatur County, Tennessee	yes	2.0	58.92937880084397	2582.4591090034737
10800	44	New car dealers	47	441110	43	47043	Dickson County, Tennessee	no	3.0	93.0	5752.0
10801	44	New car dealers	47	441110	43	47043	Dickson County, Tennessee	yes	2.25	55.51068618881119	2129.0542905011657
10802	44	New car dealers	47	441110	45	47045	Dyer County, Tennessee	no	5.666666666666667	130.5	7286.666666666667
10803	44	New car dealers	47	441110	51	47051	Franklin County, Tennessee	yes	2.6666666666666665	75.3465772274174	3220.42266038265
10804	44	New car dealers	47	441110	53	47053	Gibson County, Tennessee	no	5.0	125.16666666666667	5540.5
10805	44	New car dealers	47	441110	55	47055	Giles County, Tennessee	yes	2.0	58.92937880084397	2582.4591090034737
10806	44	New car dealers	47	441110	57	47057	Grainger County, Tennessee	yes	2.0	58.92937880084397	2582.4591090034737
10807	44	New car dealers	47	441110	59	47059	Greene County, Tennessee	no	3.3333333333333335	157.66666666666666	6366.5
10808	44	New car dealers	47	441110	61	47061	Grundy County, Tennessee	yes	1.0	23.87972027972028	846.0041958041959
10809	44	New car dealers	47	441110	63	47063	Hamblen County, Tennessee	no	9.0	397.5	19348.333333333332
10810	44	New car dealers	47	441110	65	47065	Hamilton County, Tennessee	no	23.5	1370.8333333333333	85261.0
10811	44	New car dealers	47	441110	69	47069	Hardeman County, Tennessee	yes	1.0	23.87972027972028	846.0041958041959
10812	44	New car dealers	47	441110	71	47071	Hardin County, Tennessee	yes	1.5	46.81947204093721	2122.4799326242974
10813	44	New car dealers	47	441110	73	47073	Hawkins County, Tennessee	yes	2.0	58.92937880084397	2582.4591090034737
10814	44	New car dealers	47	441110	75	47075	Haywood County, Tennessee	yes	1.0	29.464689400421985	1291.2295545017369
10815	44	New car dealers	47	441110	77	47077	Henderson County, Tennessee	no	4.0	49.666666666666664	1867.3333333333333
10816	44	New car dealers	47	441110	77	47077	Henderson County, Tennessee	yes	3.0	104.12869584309134	4987.502268735363
10817	44	New car dealers	47	441110	79	47079	Henry County, Tennessee	no	5.0	113.5	5167.166666666667
10818	44	New car dealers	47	441110	81	47081	Hickman County, Tennessee	yes	1.8333333333333333	54.75665152811669	2439.0166847610494
10819	44	New car dealers	47	441110	89	47089	Jefferson County, Tennessee	no	3.6	118.6	8499.8
10820	44	New car dealers	47	441110	89	47089	Jefferson County, Tennessee	yes	3.0	74.7	3203.6000000000004
10821	44	New car dealers	47	441110	93	47093	Knox County, Tennessee	no	33.166666666666664	1954.8333333333333	114318.0
10822	44	New car dealers	47	441110	99	47099	Lawrence County, Tennessee	no	5.0	51.5	1760.5
10823	44	New car dealers	47	441110	103	47103	Lincoln County, Tennessee	no	4.0	103.5	4758.5
10824	44	New car dealers	47	441110	105	47105	Loudon County, Tennessee	no	3.0	103.0	4205.0
10825	44	New car dealers	47	441110	105	47105	Loudon County, Tennessee	yes	2.0	60.7007091064673	2754.6891126223504
10826	44	New car dealers	47	441110	107	47107	McMinn County, Tennessee	yes	2.0	64.01696301478576	2953.723713524636
10827	44	New car dealers	47	441110	113	47113	Madison County, Tennessee	no	8.5	490.1666666666667	22552.0
10828	44	New car dealers	47	441110	115	47115	Marion County, Tennessee	yes	2.0	58.92937880084397	2582.4591090034737
10829	44	New car dealers	47	441110	117	47117	Marshall County, Tennessee	yes	2.3333333333333335	71.97686977469252	3235.725112126034
10830	44	New car dealers	47	441110	119	47119	Maury County, Tennessee	no	6.333333333333333	270.8333333333333	16169.5
10831	44	New car dealers	47	441110	121	47121	Meigs County, Tennessee	yes	1.0	29.464689400421985	1291.2295545017369
10832	44	New car dealers	47	441110	123	47123	Monroe County, Tennessee	yes	2.0	58.92937880084397	2582.4591090034737
10833	44	New car dealers	47	441110	125	47125	Montgomery County, Tennessee	no	11.833333333333334	764.8333333333334	48113.333333333336
10834	44	New car dealers	47	441110	129	47129	Morgan County, Tennessee	yes	1.0	29.464689400421985	1291.2295545017369
10835	44	New car dealers	47	441110	131	47131	Obion County, Tennessee	no	3.25	78.25	3764.25
10836	44	New car dealers	47	441110	131	47131	Obion County, Tennessee	yes	2.0	78.28494584309134	3919.596018735363
10837	44	New car dealers	47	441110	133	47133	Overton County, Tennessee	yes	1.8333333333333333	54.75665152811669	2439.0166847610494
10838	44	New car dealers	47	441110	141	47141	Putnam County, Tennessee	no	7.0	435.0	21796.166666666668
10839	44	New car dealers	47	441110	143	47143	Rhea County, Tennessee	yes	2.0	58.92937880084397	2582.4591090034737
10840	44	New car dealers	47	441110	145	47145	Roane County, Tennessee	no	5.333333333333333	112.83333333333333	4616.166666666667
10841	44	New car dealers	47	441110	147	47147	Robertson County, Tennessee	no	5.0	153.16666666666666	8257.333333333334
10842	44	New car dealers	47	441110	149	47149	Rutherford County, Tennessee	no	16.333333333333332	698.5	36192.0
10843	44	New car dealers	47	441110	155	47155	Sevier County, Tennessee	no	3.3333333333333335	114.83333333333333	5330.5
10844	44	New car dealers	47	441110	157	47157	Shelby County, Tennessee	no	52.0	3387.1666666666665	207830.0
10845	44	New car dealers	47	441110	159	47159	Smith County, Tennessee	yes	1.6666666666666667	45.88188782699541	1929.1931058809132
10846	44	New car dealers	47	441110	163	47163	Sullivan County, Tennessee	no	18.5	893.1666666666666	38392.666666666664
10847	44	New car dealers	47	441110	165	47165	Sumner County, Tennessee	no	7.333333333333333	334.3333333333333	16265.166666666666
10848	44	New car dealers	47	441110	167	47167	Tipton County, Tennessee	no	3.6666666666666665	91.83333333333333	2766.8333333333335
10849	44	New car dealers	47	441110	171	47171	Unicoi County, Tennessee	yes	1.5	41.70916055426813	1785.7506816384891
10850	44	New car dealers	47	441110	177	47177	Warren County, Tennessee	no	3.0	40.0	1234.0
10851	44	New car dealers	47	441110	177	47177	Warren County, Tennessee	yes	2.0	60.75525456101276	2671.804264137502
10852	44	New car dealers	47	441110	179	47179	Washington County, Tennessee	no	10.5	647.6666666666666	29495.833333333332
10853	44	New car dealers	47	441110	183	47183	Weakley County, Tennessee	yes	4.0	117.85875760168794	5164.918218006947
10854	44	New car dealers	47	441110	185	47185	White County, Tennessee	no	3.3333333333333335	81.33333333333333	2902.6666666666665
10855	44	New car dealers	47	441110	185	47185	White County, Tennessee	yes	2.0	69.41913056206089	3325.001512490242
10856	44	New car dealers	47	441110	187	47187	Williamson County, Tennessee	no	19.166666666666668	1604.8333333333333	88139.33333333333
10857	44	New car dealers	47	441110	189	47189	Wilson County, Tennessee	no	6.0	329.0	16273.0
10858	44	Nursery, garden center, and farm supply stores	47	444220	1	47001	Anderson County, Tennessee	no	4.0	36.0	692.0
10859	44	Nursery, garden center, and farm supply stores	47	444220	3	47003	Bedford County, Tennessee	yes	2.0	28.203295154091638	734.994105439354
10860	44	Nursery, garden center, and farm supply stores	47	444220	5	47005	Benton County, Tennessee	yes	1.0	14.101647577045819	367.497052719677
10861	44	Nursery, garden center, and farm supply stores	47	444220	7	47007	Bledsoe County, Tennessee	yes	2.0	28.203295154091638	734.994105439354
10862	44	Nursery, garden center, and farm supply stores	47	444220	9	47009	Blount County, Tennessee	no	6.0	38.25	1144.5
10863	44	Nursery, garden center, and farm supply stores	47	444220	9	47009	Blount County, Tennessee	yes	4.5	70.87658402203857	1478.418870523416
10864	44	Nursery, garden center, and farm supply stores	47	444220	11	47011	Bradley County, Tennessee	no	4.833333333333333	28.0	1437.1666666666667
10865	44	Nursery, garden center, and farm supply stores	47	444220	13	47013	Campbell County, Tennessee	no	3.0	33.0	812.0
10866	44	Nursery, garden center, and farm supply stores	47	444220	13	47013	Campbell County, Tennessee	yes	1.5	21.051474535565447	554.5861362753408
10867	44	Nursery, garden center, and farm supply stores	47	444220	15	47015	Cannon County, Tennessee	yes	1.0	14.101647577045819	367.497052719677
10868	44	Nursery, garden center, and farm supply stores	47	444220	17	47017	Carroll County, Tennessee	yes	3.0	42.30494273113746	1102.491158159031
10869	44	Nursery, garden center, and farm supply stores	47	444220	19	47019	Carter County, Tennessee	yes	2.5	35.41112224186242	921.9282243335971
10870	44	Nursery, garden center, and farm supply stores	47	444220	21	47021	Cheatham County, Tennessee	yes	2.0	28.203295154091638	734.994105439354
10871	44	Nursery, garden center, and farm supply stores	47	444220	23	47023	Chester County, Tennessee	yes	1.0	14.101647577045819	367.497052719677
10872	44	Nursery, garden center, and farm supply stores	47	444220	25	47025	Claiborne County, Tennessee	yes	3.0	42.30494273113746	1102.491158159031
10873	44	Nursery, garden center, and farm supply stores	47	444220	29	47029	Cocke County, Tennessee	yes	1.8333333333333333	25.86440626520275	682.9788276615762
10874	44	Nursery, garden center, and farm supply stores	47	444220	31	47031	Coffee County, Tennessee	no	5.166666666666667	63.5	2133.0
10875	44	Nursery, garden center, and farm supply stores	47	444220	33	47033	Crockett County, Tennessee	yes	1.0	14.115310425788318	378.5781299302791
10876	44	Nursery, garden center, and farm supply stores	47	444220	35	47035	Cumberland County, Tennessee	no	4.833333333333333	48.833333333333336	1373.5
10877	44	Nursery, garden center, and farm supply stores	47	444220	37	47037	Davidson County, Tennessee	no	15.5	161.5	4790.5
10878	44	Nursery, garden center, and farm supply stores	47	444220	39	47039	Decatur County, Tennessee	yes	1.3333333333333333	18.656579177431965	496.0447087673331
10879	44	Nursery, garden center, and farm supply stores	47	444220	41	47041	DeKalb County, Tennessee	yes	1.0	14.115310425788318	378.5781299302791
10880	44	Nursery, garden center, and farm supply stores	47	444220	43	47043	Dickson County, Tennessee	no	3.0	60.666666666666664	1426.3333333333333
10881	44	Nursery, garden center, and farm supply stores	47	444220	43	47043	Dickson County, Tennessee	yes	2.0	25.988333144471568	784.3645747505265
10882	44	Nursery, garden center, and farm supply stores	47	444220	45	47045	Dyer County, Tennessee	no	3.0	42.0	1365.0
10883	44	Nursery, garden center, and farm supply stores	47	444220	45	47045	Dyer County, Tennessee	yes	2.25	32.75177827223282	790.5588255809848
10884	44	Nursery, garden center, and farm supply stores	47	444220	47	47047	Fayette County, Tennessee	yes	2.0	28.71840075556088	739.9278634742485
10885	44	Nursery, garden center, and farm supply stores	47	444220	49	47049	Fentress County, Tennessee	yes	2.0	28.203295154091638	734.994105439354
10886	44	Nursery, garden center, and farm supply stores	47	444220	51	47051	Franklin County, Tennessee	yes	3.0	42.30494273113746	1102.491158159031
10887	44	Nursery, garden center, and farm supply stores	47	444220	53	47053	Gibson County, Tennessee	no	6.833333333333333	54.333333333333336	3152.1666666666665
10888	44	Nursery, garden center, and farm supply stores	47	444220	55	47055	Giles County, Tennessee	yes	3.8333333333333335	54.06770141929439	1417.9729331009303
10889	44	Nursery, garden center, and farm supply stores	47	444220	57	47057	Grainger County, Tennessee	yes	2.5	34.700378440209526	931.0852491269857
10890	44	Nursery, garden center, and farm supply stores	47	444220	59	47059	Greene County, Tennessee	no	4.333333333333333	51.666666666666664	1364.0
10891	44	Nursery, garden center, and farm supply stores	47	444220	63	47063	Hamblen County, Tennessee	yes	2.0	28.203295154091638	734.994105439354
10892	44	Nursery, garden center, and farm supply stores	47	444220	65	47065	Hamilton County, Tennessee	no	15.666666666666666	121.66666666666667	3379.0
10893	44	Nursery, garden center, and farm supply stores	47	444220	67	47067	Hancock County, Tennessee	yes	1.0	14.101647577045819	367.497052719677
10894	44	Nursery, garden center, and farm supply stores	47	444220	69	47069	Hardeman County, Tennessee	yes	3.0	42.34593127736495	1135.7343897908372
10895	44	Nursery, garden center, and farm supply stores	47	444220	71	47071	Hardin County, Tennessee	yes	1.3333333333333333	19.294530956292835	476.461366310127
10896	44	Nursery, garden center, and farm supply stores	47	444220	73	47073	Hawkins County, Tennessee	yes	1.8333333333333333	25.349300663733516	678.0450696266818
10897	44	Nursery, garden center, and farm supply stores	47	444220	75	47075	Haywood County, Tennessee	yes	2.0	28.134980910379152	679.5887193863438
10898	44	Nursery, garden center, and farm supply stores	47	444220	77	47077	Henderson County, Tennessee	no	3.0	28.333333333333332	584.6666666666666
10899	44	Nursery, garden center, and farm supply stores	47	444220	79	47079	Henry County, Tennessee	yes	3.0	42.30494273113746	1102.491158159031
10900	44	Nursery, garden center, and farm supply stores	47	444220	81	47081	Hickman County, Tennessee	yes	1.1666666666666667	16.44053646593471	419.5123304974548
10901	44	Nursery, garden center, and farm supply stores	47	444220	83	47083	Houston County, Tennessee	yes	2.0	28.203295154091638	734.994105439354
10902	44	Nursery, garden center, and farm supply stores	47	444220	85	47085	Humphreys County, Tennessee	yes	3.0	42.30494273113746	1102.491158159031
10903	44	Nursery, garden center, and farm supply stores	47	444220	87	47087	Jackson County, Tennessee	yes	1.0	14.033333333333333	312.09166666666664
10904	44	Nursery, garden center, and farm supply stores	47	444220	89	47089	Jefferson County, Tennessee	no	3.0	35.0	943.0
10905	44	Nursery, garden center, and farm supply stores	47	444220	89	47089	Jefferson County, Tennessee	yes	2.4	33.45521996847182	913.1383595584433
10906	44	Nursery, garden center, and farm supply stores	47	444220	91	47091	Johnson County, Tennessee	yes	2.1666666666666665	30.542184042980526	787.0093832171319
10907	44	Nursery, garden center, and farm supply stores	47	444220	93	47093	Knox County, Tennessee	no	11.833333333333334	124.33333333333333	3219.0
10908	44	Nursery, garden center, and farm supply stores	47	444220	95	47095	Lake County, Tennessee	yes	1.0	14.101647577045819	367.497052719677
10909	44	Nursery, garden center, and farm supply stores	47	444220	97	47097	Lauderdale County, Tennessee	yes	3.0	42.30494273113746	1102.491158159031
10910	44	Nursery, garden center, and farm supply stores	47	444220	99	47099	Lawrence County, Tennessee	yes	4.333333333333333	61.59947368743028	1578.9525244691579
10911	44	Nursery, garden center, and farm supply stores	47	444220	101	47101	Lewis County, Tennessee	yes	1.1666666666666667	16.244898265751054	433.60311332573764
10912	44	Nursery, garden center, and farm supply stores	47	444220	103	47103	Lincoln County, Tennessee	no	3.0	40.666666666666664	602.0
10913	44	Nursery, garden center, and farm supply stores	47	444220	103	47103	Lincoln County, Tennessee	yes	3.0	45.62738574556757	1028.4354541922723
10914	44	Nursery, garden center, and farm supply stores	47	444220	105	47105	Loudon County, Tennessee	no	3.0	67.0	2059.0
10915	44	Nursery, garden center, and farm supply stores	47	444220	105	47105	Loudon County, Tennessee	yes	2.0	29.243444938899486	712.535908914318
10916	44	Nursery, garden center, and farm supply stores	47	444220	107	47107	McMinn County, Tennessee	yes	2.6666666666666665	37.951110133724804	972.5060750774601
10917	44	Nursery, garden center, and farm supply stores	47	444220	109	47109	McNairy County, Tennessee	no	3.0	2.0	103.0
10918	44	Nursery, garden center, and farm supply stores	47	444220	109	47109	McNairy County, Tennessee	yes	2.4	34.28738005197219	862.8902737759357
10919	44	Nursery, garden center, and farm supply stores	47	444220	111	47111	Macon County, Tennessee	no	3.0	41.0	1072.0
10920	44	Nursery, garden center, and farm supply stores	47	444220	111	47111	Macon County, Tennessee	yes	2.2	29.80103407471713	807.7335739101451
10921	44	Nursery, garden center, and farm supply stores	47	444220	113	47113	Madison County, Tennessee	no	5.0	50.8	1374.2
10922	44	Nursery, garden center, and farm supply stores	47	444220	113	47113	Madison County, Tennessee	yes	3.0	42.1	936.2750000000001
10923	44	Nursery, garden center, and farm supply stores	47	444220	115	47115	Marion County, Tennessee	yes	2.0	28.203295154091638	734.994105439354
10924	44	Nursery, garden center, and farm supply stores	47	444220	117	47117	Marshall County, Tennessee	no	7.0	72.66666666666667	2117.3333333333335
10925	44	Nursery, garden center, and farm supply stores	47	444220	119	47119	Maury County, Tennessee	no	9.333333333333334	78.5	2156.0
10926	44	Nursery, garden center, and farm supply stores	47	444220	121	47121	Meigs County, Tennessee	yes	1.0	14.101647577045819	367.497052719677
10927	44	Nursery, garden center, and farm supply stores	47	444220	123	47123	Monroe County, Tennessee	yes	1.5	24.140633608815428	497.74004820936636
10928	44	Nursery, garden center, and farm supply stores	47	444220	125	47125	Montgomery County, Tennessee	no	8.166666666666666	114.0	6072.666666666667
10929	44	Nursery, garden center, and farm supply stores	47	444220	129	47129	Morgan County, Tennessee	yes	1.0	14.101647577045819	367.497052719677
10930	44	Nursery, garden center, and farm supply stores	47	444220	131	47131	Obion County, Tennessee	no	7.166666666666667	62.166666666666664	2087.1666666666665
10931	44	Nursery, garden center, and farm supply stores	47	444220	133	47133	Overton County, Tennessee	yes	1.6666666666666667	23.010411774844624	626.0297918489041
10932	44	Nursery, garden center, and farm supply stores	47	444220	135	47135	Perry County, Tennessee	yes	1.0	14.101647577045819	367.497052719677
10933	44	Nursery, garden center, and farm supply stores	47	444220	137	47137	Pickett County, Tennessee	yes	1.3333333333333333	19.367322979084857	486.8876839739446
10934	44	Nursery, garden center, and farm supply stores	47	444220	141	47141	Putnam County, Tennessee	no	3.5	42.25	1015.0
10935	44	Nursery, garden center, and farm supply stores	47	444220	141	47141	Putnam County, Tennessee	yes	3.0	40.99438440347531	1156.9289044289044
10936	44	Nursery, garden center, and farm supply stores	47	444220	143	47143	Rhea County, Tennessee	no	3.2	25.0	409.4
10937	44	Nursery, garden center, and farm supply stores	47	444220	143	47143	Rhea County, Tennessee	yes	3.0	43.41025641025641	1123.948717948718
10938	44	Nursery, garden center, and farm supply stores	47	444220	145	47145	Roane County, Tennessee	yes	2.3333333333333335	33.396178533338656	843.9584190298041
10939	44	Nursery, garden center, and farm supply stores	47	444220	147	47147	Robertson County, Tennessee	no	5.0	32.666666666666664	1098.6666666666667
10940	44	Nursery, garden center, and farm supply stores	47	444220	147	47147	Robertson County, Tennessee	yes	4.0	51.976666288943136	1568.729149501053
10941	44	Nursery, garden center, and farm supply stores	47	444220	149	47149	Rutherford County, Tennessee	no	8.0	109.66666666666667	4483.5
10942	44	Nursery, garden center, and farm supply stores	47	444220	151	47151	Scott County, Tennessee	no	3.0	10.0	265.0
10943	44	Nursery, garden center, and farm supply stores	47	444220	151	47151	Scott County, Tennessee	yes	2.0	29.243444938899486	712.535908914318
10944	44	Nursery, garden center, and farm supply stores	47	444220	153	47153	Sequatchie County, Tennessee	yes	1.8333333333333333	25.86440626520275	682.9788276615762
10945	44	Nursery, garden center, and farm supply stores	47	444220	155	47155	Sevier County, Tennessee	no	5.833333333333333	72.0	1824.6666666666667
10946	44	Nursery, garden center, and farm supply stores	47	444220	157	47157	Shelby County, Tennessee	no	23.166666666666668	215.5	5561.166666666667
10947	44	Nursery, garden center, and farm supply stores	47	444220	159	47159	Smith County, Tennessee	no	3.1666666666666665	36.666666666666664	1089.3333333333333
10948	44	Nursery, garden center, and farm supply stores	47	444220	161	47161	Stewart County, Tennessee	yes	1.0	15.578650137741047	326.89294077134986
10949	44	Nursery, garden center, and farm supply stores	47	444220	163	47163	Sullivan County, Tennessee	no	5.833333333333333	55.333333333333336	1222.0
10950	44	Nursery, garden center, and farm supply stores	47	444220	165	47165	Sumner County, Tennessee	no	9.833333333333334	73.33333333333333	1913.6666666666667
10951	44	Nursery, garden center, and farm supply stores	47	444220	167	47167	Tipton County, Tennessee	yes	1.8333333333333333	25.86440626520275	682.9788276615762
10952	44	Nursery, garden center, and farm supply stores	47	444220	169	47169	Trousdale County, Tennessee	yes	1.0	14.101647577045819	367.497052719677
10953	44	Nursery, garden center, and farm supply stores	47	444220	171	47171	Unicoi County, Tennessee	yes	1.0	13.363146296698208	387.7991086938406
10954	44	Nursery, garden center, and farm supply stores	47	444220	173	47173	Union County, Tennessee	yes	1.0	14.101647577045819	367.497052719677
10955	44	Nursery, garden center, and farm supply stores	47	444220	177	47177	Warren County, Tennessee	no	6.0	75.33333333333333	1912.0
10956	44	Nursery, garden center, and farm supply stores	47	444220	179	47179	Washington County, Tennessee	no	6.833333333333333	115.16666666666667	3239.8333333333335
10957	44	Nursery, garden center, and farm supply stores	47	444220	183	47183	Weakley County, Tennessee	yes	6.166666666666667	87.86061715579018	2246.403142268536
10958	44	Nursery, garden center, and farm supply stores	47	444220	185	47185	White County, Tennessee	no	3.0	33.0	961.0
10959	44	Nursery, garden center, and farm supply stores	47	444220	185	47185	White County, Tennessee	yes	2.75	40.3568340750159	990.7809467048103
10960	44	Nursery, garden center, and farm supply stores	47	444220	187	47187	Williamson County, Tennessee	no	13.333333333333334	102.0	3747.0
10961	44	Nursery, garden center, and farm supply stores	47	444220	189	47189	Wilson County, Tennessee	no	6.0	84.5	2000.6666666666667
10962	44	Optical goods stores	47	446130	1	47001	Anderson County, Tennessee	no	3.0	0.0	243.0
10963	44	Optical goods stores	47	446130	1	47001	Anderson County, Tennessee	yes	1.2	-3.7508260906602664	217.9856525072501
10964	44	Optical goods stores	47	446130	9	47009	Blount County, Tennessee	yes	2.0	-4.212915279305573	358.3312157172117
10965	44	Optical goods stores	47	446130	11	47011	Bradley County, Tennessee	no	3.1666666666666665	8.833333333333334	425.0
10966	44	Optical goods stores	47	446130	31	47031	Coffee County, Tennessee	no	3.0	6.25	509.5
10967	44	Optical goods stores	47	446130	31	47031	Coffee County, Tennessee	yes	2.0	12.70095238095238	365.51428571428573
10968	44	Optical goods stores	47	446130	35	47035	Cumberland County, Tennessee	yes	1.0	-10.475551580202742	172.78297555158022
10969	44	Optical goods stores	47	446130	37	47037	Davidson County, Tennessee	no	29.666666666666668	178.33333333333334	6720.5
10970	44	Optical goods stores	47	446130	51	47051	Franklin County, Tennessee	yes	1.0	-5.923076923076923	156.27692307692308
10971	44	Optical goods stores	47	446130	59	47059	Greene County, Tennessee	yes	2.0	-4.212915279305573	358.3312157172117
10972	44	Optical goods stores	47	446130	63	47063	Hamblen County, Tennessee	no	3.0	0.0	140.0
10973	44	Optical goods stores	47	446130	63	47063	Hamblen County, Tennessee	yes	2.0	-2.6862675659359185	367.4866896298848
10974	44	Optical goods stores	47	446130	65	47065	Hamilton County, Tennessee	no	16.833333333333332	125.33333333333333	3510.5
10975	44	Optical goods stores	47	446130	89	47089	Jefferson County, Tennessee	yes	1.0	6.08695652173913	191.1304347826087
10976	44	Optical goods stores	47	446130	93	47093	Knox County, Tennessee	no	21.0	106.8	5573.8
10977	44	Optical goods stores	47	446130	93	47093	Knox County, Tennessee	yes	20.0	-118.46153846153847	3125.538461538462
10978	44	Optical goods stores	47	446130	105	47105	Loudon County, Tennessee	yes	1.0	-1.31514652014652	173.25068681318683
10979	44	Optical goods stores	47	446130	107	47107	McMinn County, Tennessee	yes	1.1666666666666667	-3.093637126832274	205.2117617047597
10980	44	Optical goods stores	47	446130	113	47113	Madison County, Tennessee	yes	4.333333333333333	-6.309005161785749	777.581479053471
10981	44	Optical goods stores	47	446130	119	47119	Maury County, Tennessee	no	4.166666666666667	4.166666666666667	385.0
10982	44	Optical goods stores	47	446130	125	47125	Montgomery County, Tennessee	no	5.0	41.0	1455.0
10983	44	Optical goods stores	47	446130	125	47125	Montgomery County, Tennessee	yes	4.0	-25.3396982188691	709.4793614373493
10984	44	Optical goods stores	47	446130	141	47141	Putnam County, Tennessee	no	3.0	25.666666666666668	920.3333333333334
10985	44	Optical goods stores	47	446130	143	47143	Rhea County, Tennessee	yes	1.8333333333333333	-3.2257357921260863	332.28506187105785
10986	44	Optical goods stores	47	446130	147	47147	Robertson County, Tennessee	yes	1.0	-5.923076923076923	156.27692307692308
10987	44	Optical goods stores	47	446130	149	47149	Rutherford County, Tennessee	no	9.333333333333334	96.33333333333333	2612.0
10988	44	Optical goods stores	47	446130	149	47149	Rutherford County, Tennessee	yes	8.0	-83.80441264162194	1382.2638044126418
10989	44	Optical goods stores	47	446130	155	47155	Sevier County, Tennessee	no	7.0	54.0	638.6666666666666
10990	44	Optical goods stores	47	446130	155	47155	Sevier County, Tennessee	yes	7.333333333333333	-74.82766845557542	1255.0234943351225
10991	44	Optical goods stores	47	446130	157	47157	Shelby County, Tennessee	no	27.0	196.66666666666666	5087.833333333333
10992	44	Optical goods stores	47	446130	163	47163	Sullivan County, Tennessee	no	6.0	45.0	1873.0
10993	44	Optical goods stores	47	446130	163	47163	Sullivan County, Tennessee	yes	5.25	-37.686746519405766	920.9387084856498
10994	44	Optical goods stores	47	446130	165	47165	Sumner County, Tennessee	no	4.0	20.833333333333332	694.6666666666666
10995	44	Optical goods stores	47	446130	179	47179	Washington County, Tennessee	no	5.0	23.75	1189.5
10996	44	Optical goods stores	47	446130	179	47179	Washington County, Tennessee	yes	5.0	-63.758944543828264	905.1800089445438
10997	44	Optical goods stores	47	446130	187	47187	Williamson County, Tennessee	no	10.0	48.166666666666664	2074.3333333333335
10998	44	Optical goods stores	47	446130	189	47189	Wilson County, Tennessee	no	4.0	20.5	1177.5
10999	44	Optical goods stores	47	446130	189	47189	Wilson County, Tennessee	yes	3.5	-8.435824175824175	601.6241758241758
11000	44	Other building material dealers	47	444190	1	47001	Anderson County, Tennessee	no	5.0	11.0	479.0
11001	44	Other building material dealers	47	444190	1	47001	Anderson County, Tennessee	yes	6.0	62.07187134921202	1268.9711513244165
11002	44	Other building material dealers	47	444190	3	47003	Bedford County, Tennessee	no	3.0	12.0	336.0
11003	44	Other building material dealers	47	444190	3	47003	Bedford County, Tennessee	yes	2.5	22.61937802546908	715.2318211175811
11004	44	Other building material dealers	47	444190	5	47005	Benton County, Tennessee	no	3.3333333333333335	13.666666666666666	302.8333333333333
11005	44	Other building material dealers	47	444190	9	47009	Blount County, Tennessee	no	10.166666666666666	78.16666666666667	3260.3333333333335
11006	44	Other building material dealers	47	444190	11	47011	Bradley County, Tennessee	no	13.833333333333334	108.5	4140.166666666667
11007	44	Other building material dealers	47	444190	13	47013	Campbell County, Tennessee	no	4.166666666666667	28.833333333333332	1143.1666666666667
11008	44	Other building material dealers	47	444190	15	47015	Cannon County, Tennessee	no	3.0	5.5	275.5
11009	44	Other building material dealers	47	444190	15	47015	Cannon County, Tennessee	yes	3.0	27.235418875927888	701.3931601272534
11010	44	Other building material dealers	47	444190	17	47017	Carroll County, Tennessee	no	3.0	25.0	876.6666666666666
11011	44	Other building material dealers	47	444190	17	47017	Carroll County, Tennessee	yes	3.6666666666666665	37.633280086466556	775.1880846227817
11012	44	Other building material dealers	47	444190	19	47019	Carter County, Tennessee	no	3.0	11.0	256.0
11013	44	Other building material dealers	47	444190	19	47019	Carter County, Tennessee	yes	2.0	17.47761862570154	588.2506549008838
11014	44	Other building material dealers	47	444190	21	47021	Cheatham County, Tennessee	yes	1.8333333333333333	16.696117509036064	518.9113880446433
11015	44	Other building material dealers	47	444190	23	47023	Chester County, Tennessee	no	3.1666666666666665	36.0	1047.1666666666667
11016	44	Other building material dealers	47	444190	25	47025	Claiborne County, Tennessee	yes	2.0	18.90656369946635	549.1048309573333
11017	44	Other building material dealers	47	444190	27	47027	Clay County, Tennessee	yes	1.0	9.092376936336214	278.1223606889883
11018	44	Other building material dealers	47	444190	29	47029	Cocke County, Tennessee	no	4.0	2.25	505.0
11019	44	Other building material dealers	47	444190	29	47029	Cocke County, Tennessee	yes	3.0	24.907923697725604	1168.5467957510605
11020	44	Other building material dealers	47	444190	31	47031	Coffee County, Tennessee	no	8.0	81.66666666666667	2728.5
11021	44	Other building material dealers	47	444190	33	47033	Crockett County, Tennessee	yes	1.0	9.092376936336214	278.1223606889883
11022	44	Other building material dealers	47	444190	35	47035	Cumberland County, Tennessee	no	9.333333333333334	37.5	1494.6666666666667
11023	44	Other building material dealers	47	444190	37	47037	Davidson County, Tennessee	no	71.16666666666667	798.6666666666666	53610.333333333336
11024	44	Other building material dealers	47	444190	41	47041	DeKalb County, Tennessee	no	3.3333333333333335	8.166666666666666	399.6666666666667
11025	44	Other building material dealers	47	444190	43	47043	Dickson County, Tennessee	no	6.833333333333333	56.5	1655.5
11026	44	Other building material dealers	47	444190	45	47045	Dyer County, Tennessee	yes	2.3333333333333335	21.483426078602694	626.5959758582634
11027	44	Other building material dealers	47	444190	47	47047	Fayette County, Tennessee	yes	2.0	18.184753872672427	556.2447213779766
11028	44	Other building material dealers	47	444190	49	47049	Fentress County, Tennessee	yes	1.0	8.302641232575201	389.5155985836869
11029	44	Other building material dealers	47	444190	51	47051	Franklin County, Tennessee	no	7.833333333333333	125.16666666666667	4835.5
11030	44	Other building material dealers	47	444190	53	47053	Gibson County, Tennessee	no	7.166666666666667	19.333333333333332	1831.6666666666667
11031	44	Other building material dealers	47	444190	55	47055	Giles County, Tennessee	no	4.333333333333333	23.833333333333332	529.1666666666666
11032	44	Other building material dealers	47	444190	59	47059	Greene County, Tennessee	yes	2.3333333333333335	21.54737397614619	628.9743961747246
11033	44	Other building material dealers	47	444190	61	47061	Grundy County, Tennessee	yes	1.0	9.092376936336214	278.1223606889883
11034	44	Other building material dealers	47	444190	63	47063	Hamblen County, Tennessee	no	7.25	53.5	1891.25
11035	44	Other building material dealers	47	444190	63	47063	Hamblen County, Tennessee	yes	7.5	75.0809312638581	1639.3231707317073
11036	44	Other building material dealers	47	444190	65	47065	Hamilton County, Tennessee	no	59.5	540.6666666666666	29819.333333333332
11037	44	Other building material dealers	47	444190	69	47069	Hardeman County, Tennessee	yes	2.1666666666666665	20.058737612509827	591.6410628413913
11038	44	Other building material dealers	47	444190	71	47071	Hardin County, Tennessee	no	3.4	18.6	913.4
11039	44	Other building material dealers	47	444190	71	47071	Hardin County, Tennessee	yes	4.0	43.44086021505377	792.4301075268818
11040	44	Other building material dealers	47	444190	73	47073	Hawkins County, Tennessee	no	4.0	32.666666666666664	814.6666666666666
11041	44	Other building material dealers	47	444190	73	47073	Hawkins County, Tennessee	yes	4.0	41.381247566141354	845.980767549611
11042	44	Other building material dealers	47	444190	75	47075	Haywood County, Tennessee	yes	2.0	18.184753872672427	556.2447213779766
11043	44	Other building material dealers	47	444190	77	47077	Henderson County, Tennessee	no	3.3333333333333335	18.666666666666668	766.5
11044	44	Other building material dealers	47	444190	79	47079	Henry County, Tennessee	no	7.666666666666667	121.16666666666667	7563.0
11045	44	Other building material dealers	47	444190	81	47081	Hickman County, Tennessee	yes	1.0	8.302641232575201	389.5155985836869
11046	44	Other building material dealers	47	444190	85	47085	Humphreys County, Tennessee	no	4.0	12.333333333333334	403.6666666666667
11047	44	Other building material dealers	47	444190	85	47085	Humphreys County, Tennessee	yes	4.666666666666667	48.10648777308887	991.4401171431069
11048	44	Other building material dealers	47	444190	87	47087	Jackson County, Tennessee	yes	1.0	9.48724478821672	222.425741741639
11049	44	Other building material dealers	47	444190	89	47089	Jefferson County, Tennessee	no	5.4	17.8	1078.4
11050	44	Other building material dealers	47	444190	89	47089	Jefferson County, Tennessee	yes	5.0	54.30107526881721	990.5376344086021
11051	44	Other building material dealers	47	444190	91	47091	Johnson County, Tennessee	no	3.0	9.0	470.0
11052	44	Other building material dealers	47	444190	91	47091	Johnson County, Tennessee	yes	2.5	24.641629711751662	548.3780487804878
11053	44	Other building material dealers	47	444190	93	47093	Knox County, Tennessee	no	53.5	770.0	36307.0
11054	44	Other building material dealers	47	444190	95	47095	Lake County, Tennessee	yes	1.0	9.092376936336214	278.1223606889883
11055	44	Other building material dealers	47	444190	97	47097	Lauderdale County, Tennessee	yes	1.8333333333333333	16.310770132835028	520.848379914562
11056	44	Other building material dealers	47	444190	99	47099	Lawrence County, Tennessee	no	6.666666666666667	37.333333333333336	1327.3333333333333
11057	44	Other building material dealers	47	444190	99	47099	Lawrence County, Tennessee	yes	6.666666666666667	68.66921576107256	1409.6736602849899
11058	44	Other building material dealers	47	444190	101	47101	Lewis County, Tennessee	no	3.25	37.75	2840.5
11059	44	Other building material dealers	47	444190	101	47101	Lewis County, Tennessee	yes	2.0	19.792033235581624	422.10752688172045
11060	44	Other building material dealers	47	444190	103	47103	Lincoln County, Tennessee	no	4.833333333333333	36.666666666666664	1178.0
11061	44	Other building material dealers	47	444190	105	47105	Loudon County, Tennessee	yes	2.0	18.184753872672427	556.2447213779766
11062	44	Other building material dealers	47	444190	107	47107	McMinn County, Tennessee	no	6.0	75.0	2797.8333333333335
11063	44	Other building material dealers	47	444190	109	47109	McNairy County, Tennessee	yes	1.5	14.265032882103883	383.8699566326897
11064	44	Other building material dealers	47	444190	111	47111	Macon County, Tennessee	yes	2.0	18.184753872672427	556.2447213779766
11065	44	Other building material dealers	47	444190	113	47113	Madison County, Tennessee	no	16.5	161.16666666666666	7795.166666666667
11066	44	Other building material dealers	47	444190	115	47115	Marion County, Tennessee	yes	1.3333333333333333	12.11853458921709	356.0549340364609
11067	44	Other building material dealers	47	444190	117	47117	Marshall County, Tennessee	no	6.666666666666667	21.333333333333332	614.1666666666666
11068	44	Other building material dealers	47	444190	119	47119	Maury County, Tennessee	no	11.166666666666666	64.0	3163.8333333333335
11069	44	Other building material dealers	47	444190	121	47121	Meigs County, Tennessee	yes	1.0	9.092376936336214	278.1223606889883
11070	44	Other building material dealers	47	444190	123	47123	Monroe County, Tennessee	no	4.833333333333333	61.333333333333336	2100.8333333333335
11071	44	Other building material dealers	47	444190	125	47125	Montgomery County, Tennessee	no	16.0	141.16666666666666	6358.166666666667
11072	44	Other building material dealers	47	444190	131	47131	Obion County, Tennessee	no	6.5	33.666666666666664	1118.3333333333333
11073	44	Other building material dealers	47	444190	133	47133	Overton County, Tennessee	no	3.0	12.0	490.0
11074	44	Other building material dealers	47	444190	133	47133	Overton County, Tennessee	yes	3.0	28.584730883853847	848.1100636977492
11075	44	Other building material dealers	47	444190	135	47135	Perry County, Tennessee	yes	1.0	9.092376936336214	278.1223606889883
11076	44	Other building material dealers	47	444190	137	47137	Pickett County, Tennessee	no	4.0	3.0	219.0
11077	44	Other building material dealers	47	444190	137	47137	Pickett County, Tennessee	yes	2.5	23.146666159261418	706.0962437449772
11078	44	Other building material dealers	47	444190	141	47141	Putnam County, Tennessee	no	14.166666666666666	128.66666666666666	4467.5
11079	44	Other building material dealers	47	444190	143	47143	Rhea County, Tennessee	no	3.0	10.0	582.0
11080	44	Other building material dealers	47	444190	143	47143	Rhea County, Tennessee	yes	3.0	32.58064516129032	594.3225806451612
11081	44	Other building material dealers	47	444190	145	47145	Roane County, Tennessee	no	7.0	48.5	1816.6666666666667
11082	44	Other building material dealers	47	444190	147	47147	Robertson County, Tennessee	no	3.0	23.75	1094.5
11083	44	Other building material dealers	47	444190	147	47147	Robertson County, Tennessee	yes	2.0	19.792033235581624	422.10752688172045
11084	44	Other building material dealers	47	444190	149	47149	Rutherford County, Tennessee	no	23.0	213.16666666666666	9515.166666666666
11085	44	Other building material dealers	47	444190	151	47151	Scott County, Tennessee	no	4.0	11.0	492.4
11086	44	Other building material dealers	47	444190	151	47151	Scott County, Tennessee	yes	2.0	13.826086956521738	510.4347826086956
11087	44	Other building material dealers	47	444190	153	47153	Sequatchie County, Tennessee	yes	2.0	18.184753872672427	556.2447213779766
11088	44	Other building material dealers	47	444190	155	47155	Sevier County, Tennessee	no	13.833333333333334	50.0	2263.6666666666665
11089	44	Other building material dealers	47	444190	157	47157	Shelby County, Tennessee	no	60.5	555.0	25954.166666666668
11090	44	Other building material dealers	47	444190	159	47159	Smith County, Tennessee	yes	1.6666666666666667	15.41720679514736	426.4061885167477
11091	44	Other building material dealers	47	444190	161	47161	Stewart County, Tennessee	yes	1.0	9.092376936336214	278.1223606889883
11092	44	Other building material dealers	47	444190	163	47163	Sullivan County, Tennessee	no	24.0	128.0	5452.833333333333
11093	44	Other building material dealers	47	444190	165	47165	Sumner County, Tennessee	no	15.5	119.16666666666667	4490.666666666667
11094	44	Other building material dealers	47	444190	167	47167	Tipton County, Tennessee	no	4.0	19.0	648.0
11095	44	Other building material dealers	47	444190	167	47167	Tipton County, Tennessee	yes	2.0	18.97448957643344	444.851483483278
11096	44	Other building material dealers	47	444190	171	47171	Unicoi County, Tennessee	yes	1.0	9.092376936336214	278.1223606889883
11097	44	Other building material dealers	47	444190	177	47177	Warren County, Tennessee	no	8.833333333333334	31.166666666666668	1302.0
11098	44	Other building material dealers	47	444190	179	47179	Washington County, Tennessee	no	15.0	74.0	5222.0
11099	44	Other building material dealers	47	444190	183	47183	Weakley County, Tennessee	no	6.0	24.5	1053.0
11100	44	Other building material dealers	47	444190	185	47185	White County, Tennessee	no	5.0	18.6	915.4
11101	44	Other building material dealers	47	444190	185	47185	White County, Tennessee	yes	3.0	32.58064516129032	594.3225806451612
11102	44	Other building material dealers	47	444190	187	47187	Williamson County, Tennessee	no	18.666666666666668	260.5	18830.166666666668
11103	44	Other building material dealers	47	444190	189	47189	Wilson County, Tennessee	no	10.833333333333334	65.16666666666667	3772.5
11104	44	Other clothing stores	47	448190	1	47001	Anderson County, Tennessee	yes	1.0	12.813953488372093	66.83720930232558
11105	44	Other clothing stores	47	448190	3	47003	Bedford County, Tennessee	yes	1.6666666666666667	18.89640321957884	112.88764145059253
11106	44	Other clothing stores	47	448190	9	47009	Blount County, Tennessee	yes	2.0	17.0745048535732	151.65502492524908
11107	44	Other clothing stores	47	448190	11	47011	Bradley County, Tennessee	no	3.0	0.0	68.0
11108	44	Other clothing stores	47	448190	11	47011	Bradley County, Tennessee	yes	2.4	21.237209441858898	179.4542469645625
11109	44	Other clothing stores	47	448190	15	47015	Cannon County, Tennessee	yes	1.0	6.09756761159987	85.4353421309873
11110	44	Other clothing stores	47	448190	21	47021	Cheatham County, Tennessee	yes	1.0	6.866279156975764	78.74029970168874
11111	44	Other clothing stores	47	448190	31	47031	Coffee County, Tennessee	yes	1.0	8.10052513128282	55.28957239309827
11112	44	Other clothing stores	47	448190	33	47033	Crockett County, Tennessee	yes	1.0	7.6819122144695005	77.62557309468433
11113	44	Other clothing stores	47	448190	35	47035	Cumberland County, Tennessee	no	4.0	19.0	147.5
11114	44	Other clothing stores	47	448190	35	47035	Cumberland County, Tennessee	yes	3.0	28.530625734085035	266.0083394996476
11115	44	Other clothing stores	47	448190	37	47037	Davidson County, Tennessee	no	31.333333333333332	407.8333333333333	6846.0
11116	44	Other clothing stores	47	448190	43	47043	Dickson County, Tennessee	yes	1.0	8.5372524267866	75.82751246262454
11117	44	Other clothing stores	47	448190	45	47045	Dyer County, Tennessee	yes	1.1666666666666667	10.672911341515281	86.96704734634547
11118	44	Other clothing stores	47	448190	47	47047	Fayette County, Tennessee	yes	1.0	9.079477125028383	60.60024596666408
11119	44	Other clothing stores	47	448190	51	47051	Franklin County, Tennessee	yes	1.8	13.174935540050111	140.61781285603533
11120	44	Other clothing stores	47	448190	53	47053	Gibson County, Tennessee	no	5.0	7.0	51.0
11121	44	Other clothing stores	47	448190	53	47053	Gibson County, Tennessee	yes	1.75	11.882462528510917	146.4446798631476
11122	44	Other clothing stores	47	448190	59	47059	Greene County, Tennessee	yes	2.0	17.0745048535732	151.65502492524908
11123	44	Other clothing stores	47	448190	65	47065	Hamilton County, Tennessee	no	14.333333333333334	151.0	1841.0
11124	44	Other clothing stores	47	448190	71	47071	Hardin County, Tennessee	yes	1.4	10.548220458197099	101.00729352479186
11125	44	Other clothing stores	47	448190	79	47079	Henry County, Tennessee	yes	1.5	11.03568833496253	135.50919599217985
11126	44	Other clothing stores	47	448190	87	47087	Jackson County, Tennessee	yes	1.0	8.5372524267866	75.82751246262454
11127	44	Other clothing stores	47	448190	93	47093	Knox County, Tennessee	no	23.0	265.6666666666667	3755.5
11128	44	Other clothing stores	47	448190	97	47097	Lauderdale County, Tennessee	yes	1.0	8.5372524267866	75.82751246262454
11129	44	Other clothing stores	47	448190	99	47099	Lawrence County, Tennessee	no	3.0	2.75	56.75
11130	44	Other clothing stores	47	448190	99	47099	Lawrence County, Tennessee	yes	2.0	14.905606060606061	212.5640909090909
11131	44	Other clothing stores	47	448190	103	47103	Lincoln County, Tennessee	yes	1.0	8.5372524267866	75.82751246262454
11132	44	Other clothing stores	47	448190	105	47105	Loudon County, Tennessee	yes	1.0	6.09756761159987	85.4353421309873
11133	44	Other clothing stores	47	448190	107	47107	McMinn County, Tennessee	yes	1.0	9.079477125028383	60.60024596666408
11134	44	Other clothing stores	47	448190	113	47113	Madison County, Tennessee	no	3.3333333333333335	45.666666666666664	552.0
11135	44	Other clothing stores	47	448190	113	47113	Madison County, Tennessee	yes	4.0	43.907748967893305	264.87873117704714
11136	44	Other clothing stores	47	448190	119	47119	Maury County, Tennessee	yes	1.5	11.586036232586531	118.54518352811817
11137	44	Other clothing stores	47	448190	125	47125	Montgomery County, Tennessee	no	6.4	27.0	587.0
11138	44	Other clothing stores	47	448190	125	47125	Montgomery County, Tennessee	yes	6.0	76.88372093023256	401.0232558139535
11139	44	Other clothing stores	47	448190	131	47131	Obion County, Tennessee	yes	1.3333333333333333	11.021520103554275	111.25486094747303
11140	44	Other clothing stores	47	448190	141	47141	Putnam County, Tennessee	yes	1.4	10.1938143279289	98.10499467421714
11141	44	Other clothing stores	47	448190	149	47149	Rutherford County, Tennessee	no	10.5	91.0	1514.8333333333333
11142	44	Other clothing stores	47	448190	155	47155	Sevier County, Tennessee	no	13.666666666666666	162.0	2533.8333333333335
11143	44	Other clothing stores	47	448190	157	47157	Shelby County, Tennessee	no	37.666666666666664	277.5	5744.833333333333
11144	44	Other clothing stores	47	448190	163	47163	Sullivan County, Tennessee	no	3.0	28.4	509.0
11145	44	Other clothing stores	47	448190	163	47163	Sullivan County, Tennessee	yes	3.0	38.44186046511628	200.51162790697674
11146	44	Other clothing stores	47	448190	165	47165	Sumner County, Tennessee	yes	1.4	11.70528386197908	103.9899409107763
11147	44	Other clothing stores	47	448190	179	47179	Washington County, Tennessee	no	11.166666666666666	129.33333333333334	1546.5
11148	44	Other clothing stores	47	448190	183	47183	Weakley County, Tennessee	yes	1.0	12.813953488372093	66.83720930232558
11149	44	Other clothing stores	47	448190	187	47187	Williamson County, Tennessee	no	9.666666666666666	121.5	2309.6666666666665
11150	44	Other clothing stores	47	448190	189	47189	Wilson County, Tennessee	no	4.25	37.75	701.75
11151	44	Other clothing stores	47	448190	189	47189	Wilson County, Tennessee	yes	4.5	53.923772609819125	313.4263565891473
11152	44	Other gasoline stations	47	447190	1	47001	Anderson County, Tennessee	no	3.0	23.5	412.75
11153	44	Other gasoline stations	47	447190	1	47001	Anderson County, Tennessee	yes	2.5	35.21029281277728	675.9738243123336
11154	44	Other gasoline stations	47	447190	5	47005	Benton County, Tennessee	yes	1.1666666666666667	15.679170642107472	338.8019429618307
11155	44	Other gasoline stations	47	447190	11	47011	Bradley County, Tennessee	no	3.1666666666666665	64.66666666666667	1416.0
11156	44	Other gasoline stations	47	447190	13	47013	Campbell County, Tennessee	yes	2.1666666666666665	31.051355322460875	676.5630120994368
11157	44	Other gasoline stations	47	447190	15	47015	Cannon County, Tennessee	yes	1.1666666666666667	15.679170642107472	338.8019429618307
11158	44	Other gasoline stations	47	447190	19	47019	Carter County, Tennessee	yes	1.0	13.854088133856648	298.99171193872843
11159	44	Other gasoline stations	47	447190	21	47021	Cheatham County, Tennessee	yes	1.0	13.854088133856648	298.99171193872843
11160	44	Other gasoline stations	47	447190	23	47023	Chester County, Tennessee	yes	1.0	13.854088133856648	298.99171193872843
11161	44	Other gasoline stations	47	447190	25	47025	Claiborne County, Tennessee	yes	1.3333333333333333	18.58558049578379	396.82759129634695
11162	44	Other gasoline stations	47	447190	29	47029	Cocke County, Tennessee	no	3.0	3.0	219.0
11163	44	Other gasoline stations	47	447190	29	47029	Cocke County, Tennessee	yes	2.0	27.69624842996391	628.6947453991487
11164	44	Other gasoline stations	47	447190	31	47031	Coffee County, Tennessee	yes	1.0	13.854088133856648	298.99171193872843
11165	44	Other gasoline stations	47	447190	33	47033	Crockett County, Tennessee	yes	1.3333333333333333	16.544340680740657	338.0945177037668
11166	44	Other gasoline stations	47	447190	35	47035	Cumberland County, Tennessee	no	5.0	66.0	1102.0
11167	44	Other gasoline stations	47	447190	35	47035	Cumberland County, Tennessee	yes	1.8	24.786599359662453	527.2964312631198
11168	44	Other gasoline stations	47	447190	37	47037	Davidson County, Tennessee	no	17.833333333333332	334.8333333333333	9106.333333333334
11169	44	Other gasoline stations	47	447190	43	47043	Dickson County, Tennessee	yes	2.1666666666666665	29.533258775964118	637.7936549005591
11170	44	Other gasoline stations	47	447190	45	47045	Dyer County, Tennessee	no	3.0	10.0	442.0
11171	44	Other gasoline stations	47	447190	45	47045	Dyer County, Tennessee	yes	2.0	26.226299480711877	550.5844415228831
11172	44	Other gasoline stations	47	447190	47	47047	Fayette County, Tennessee	no	3.0	0.0	292.5
11173	44	Other gasoline stations	47	447190	47	47047	Fayette County, Tennessee	yes	1.0	10.950495049504951	238.86138613861385
11174	44	Other gasoline stations	47	447190	49	47049	Fentress County, Tennessee	yes	1.0	13.854088133856648	298.99171193872843
11175	44	Other gasoline stations	47	447190	51	47051	Franklin County, Tennessee	yes	1.5	19.63350485103857	421.5679562978582
11176	44	Other gasoline stations	47	447190	53	47053	Gibson County, Tennessee	yes	1.0	13.854088133856648	298.99171193872843
11177	44	Other gasoline stations	47	447190	55	47055	Giles County, Tennessee	no	4.0	44.5	588.6666666666666
11178	44	Other gasoline stations	47	447190	57	47057	Grainger County, Tennessee	yes	1.0	13.854088133856648	298.99171193872843
11179	44	Other gasoline stations	47	447190	59	47059	Greene County, Tennessee	no	5.333333333333333	121.33333333333333	2982.6666666666665
11180	44	Other gasoline stations	47	447190	59	47059	Greene County, Tennessee	yes	5.0	64.47087832119503	1292.370278287811
11181	44	Other gasoline stations	47	447190	61	47061	Grundy County, Tennessee	yes	2.0	27.708176267713295	597.9834238774569
11182	44	Other gasoline stations	47	447190	63	47063	Hamblen County, Tennessee	yes	1.2	16.259902729712643	355.0153927786866
11183	44	Other gasoline stations	47	447190	65	47065	Hamilton County, Tennessee	no	14.166666666666666	78.83333333333333	2152.6666666666665
11184	44	Other gasoline stations	47	447190	71	47071	Hardin County, Tennessee	no	3.0	10.5	372.3333333333333
11185	44	Other gasoline stations	47	447190	75	47075	Haywood County, Tennessee	no	4.5	48.5	923.1666666666666
11186	44	Other gasoline stations	47	447190	77	47077	Henderson County, Tennessee	yes	1.5	20.30117596597615	428.2287397675095
11187	44	Other gasoline stations	47	447190	79	47079	Henry County, Tennessee	yes	1.0	13.93841927414149	297.15221648863627
11188	44	Other gasoline stations	47	447190	85	47085	Humphreys County, Tennessee	yes	2.0	27.708176267713295	597.9834238774569
11189	44	Other gasoline stations	47	447190	89	47089	Jefferson County, Tennessee	no	5.0	115.66666666666667	2781.8333333333335
11190	44	Other gasoline stations	47	447190	91	47091	Johnson County, Tennessee	yes	1.0	13.854088133856648	298.99171193872843
11191	44	Other gasoline stations	47	447190	93	47093	Knox County, Tennessee	no	14.333333333333334	395.5	9072.0
11192	44	Other gasoline stations	47	447190	95	47095	Lake County, Tennessee	yes	1.0	13.854088133856648	298.99171193872843
11193	44	Other gasoline stations	47	447190	97	47097	Lauderdale County, Tennessee	yes	1.0	13.93841927414149	297.15221648863627
11194	44	Other gasoline stations	47	447190	99	47099	Lawrence County, Tennessee	yes	1.0	13.854088133856648	298.99171193872843
11195	44	Other gasoline stations	47	447190	101	47101	Lewis County, Tennessee	yes	1.0	13.854088133856648	298.99171193872843
11196	44	Other gasoline stations	47	447190	103	47103	Lincoln County, Tennessee	yes	2.1666666666666665	31.16084236051934	684.9720946513766
11197	44	Other gasoline stations	47	447190	105	47105	Loudon County, Tennessee	yes	1.8333333333333333	25.88309375946247	558.1731928543545
11198	44	Other gasoline stations	47	447190	107	47107	McMinn County, Tennessee	no	3.3333333333333335	27.333333333333332	576.5
11199	44	Other gasoline stations	47	447190	111	47111	Macon County, Tennessee	yes	2.0	27.708176267713295	597.9834238774569
11200	44	Other gasoline stations	47	447190	113	47113	Madison County, Tennessee	no	5.833333333333333	146.0	3623.6666666666665
11201	44	Other gasoline stations	47	447190	115	47115	Marion County, Tennessee	no	3.0	109.0	2300.0
11202	44	Other gasoline stations	47	447190	115	47115	Marion County, Tennessee	yes	1.75	23.319855950198487	482.09033154628446
11203	44	Other gasoline stations	47	447190	117	47117	Marshall County, Tennessee	yes	2.0	27.708176267713295	597.9834238774569
11204	44	Other gasoline stations	47	447190	119	47119	Maury County, Tennessee	yes	2.5	34.1552640998328	727.2204517062379
11205	44	Other gasoline stations	47	447190	121	47121	Meigs County, Tennessee	yes	1.0	14.956521739130434	278.82608695652175
11206	44	Other gasoline stations	47	447190	123	47123	Monroe County, Tennessee	no	3.6	12.0	321.8
11207	44	Other gasoline stations	47	447190	123	47123	Monroe County, Tennessee	yes	3.0	38.326530612244895	773.204081632653
11208	44	Other gasoline stations	47	447190	125	47125	Montgomery County, Tennessee	yes	1.5	19.63350485103857	421.5679562978582
11209	44	Other gasoline stations	47	447190	127	47127	Moore County, Tennessee	yes	1.0	13.854088133856648	298.99171193872843
11210	44	Other gasoline stations	47	447190	129	47129	Morgan County, Tennessee	yes	1.0	14.849630887388322	324.3385479040513
11211	44	Other gasoline stations	47	447190	131	47131	Obion County, Tennessee	yes	1.1666666666666667	15.679170642107472	338.8019429618307
11212	44	Other gasoline stations	47	447190	133	47133	Overton County, Tennessee	yes	2.0	27.708176267713295	597.9834238774569
11213	44	Other gasoline stations	47	447190	135	47135	Perry County, Tennessee	yes	1.0	12.775510204081632	257.734693877551
11214	44	Other gasoline stations	47	447190	141	47141	Putnam County, Tennessee	no	5.166666666666667	60.666666666666664	1292.3333333333333
11215	44	Other gasoline stations	47	447190	143	47143	Rhea County, Tennessee	yes	1.0	13.854088133856648	298.99171193872843
11216	44	Other gasoline stations	47	447190	145	47145	Roane County, Tennessee	yes	1.3333333333333333	17.808422342787747	381.75772527475584
11217	44	Other gasoline stations	47	447190	147	47147	Robertson County, Tennessee	no	4.0	43.0	1145.0
11218	44	Other gasoline stations	47	447190	147	47147	Robertson County, Tennessee	yes	3.0	39.086219568862084	812.7085171214069
11219	44	Other gasoline stations	47	447190	149	47149	Rutherford County, Tennessee	no	6.0	102.33333333333333	2030.5
11220	44	Other gasoline stations	47	447190	151	47151	Scott County, Tennessee	yes	2.1666666666666665	28.987002536834392	608.8306324611555
11221	44	Other gasoline stations	47	447190	153	47153	Sequatchie County, Tennessee	yes	1.5	20.30117596597615	428.2287397675095
11222	44	Other gasoline stations	47	447190	157	47157	Shelby County, Tennessee	no	22.166666666666668	204.66666666666666	4361.666666666667
11223	44	Other gasoline stations	47	447190	159	47159	Smith County, Tennessee	yes	1.0	15.504784688995215	355.1694577352472
11224	44	Other gasoline stations	47	447190	161	47161	Stewart County, Tennessee	yes	2.0	27.708176267713295	597.9834238774569
11225	44	Other gasoline stations	47	447190	163	47163	Sullivan County, Tennessee	no	3.8333333333333335	12.833333333333334	219.66666666666666
11226	44	Other gasoline stations	47	447190	165	47165	Sumner County, Tennessee	yes	1.8333333333333333	24.364997212965715	519.4038356554767
11227	44	Other gasoline stations	47	447190	167	47167	Tipton County, Tennessee	no	3.0	6.4	113.6
11228	44	Other gasoline stations	47	447190	167	47167	Tipton County, Tennessee	yes	1.0	10.950495049504951	238.86138613861385
11229	44	Other gasoline stations	47	447190	169	47169	Trousdale County, Tennessee	yes	2.0	27.708176267713295	597.9834238774569
11230	44	Other gasoline stations	47	447190	173	47173	Union County, Tennessee	yes	3.0	41.56226440156994	896.9751358161851
11231	44	Other gasoline stations	47	447190	177	47177	Warren County, Tennessee	no	3.0	0.0	191.0
11232	44	Other gasoline stations	47	447190	177	47177	Warren County, Tennessee	yes	2.0	28.869613501453973	622.0355541975026
11233	44	Other gasoline stations	47	447190	179	47179	Washington County, Tennessee	no	3.0	16.0	500.6666666666667
11234	44	Other gasoline stations	47	447190	179	47179	Washington County, Tennessee	yes	3.3333333333333335	42.94103039407756	861.3337315985369
11235	44	Other gasoline stations	47	447190	181	47181	Wayne County, Tennessee	yes	1.0	12.386145895339673	268.2617564017847
11236	44	Other gasoline stations	47	447190	183	47183	Weakley County, Tennessee	no	4.0	36.666666666666664	691.6666666666666
11237	44	Other gasoline stations	47	447190	183	47183	Weakley County, Tennessee	yes	3.0	38.682526992717015	775.4221669726867
11238	44	Other gasoline stations	47	447190	185	47185	White County, Tennessee	yes	1.0	13.854088133856648	298.99171193872843
11239	44	Other gasoline stations	47	447190	187	47187	Williamson County, Tennessee	no	4.5	58.25	1924.5
11240	44	Other gasoline stations	47	447190	187	47187	Williamson County, Tennessee	yes	5.0	59.31501313396646	1241.4902000404122
11241	44	Other gasoline stations	47	447190	189	47189	Wilson County, Tennessee	no	3.0	0.0	1546.0
11242	44	Other gasoline stations	47	447190	189	47189	Wilson County, Tennessee	yes	2.4	33.321010797350375	718.0237257209549
11243	44	Outdoor power equipment stores	47	444210	1	47001	Anderson County, Tennessee	yes	1.0	6.8968660950071135	220.40613219245265
11244	44	Outdoor power equipment stores	47	444210	3	47003	Bedford County, Tennessee	yes	1.5	10.55901629086827	323.24381140784163
11245	44	Outdoor power equipment stores	47	444210	9	47009	Blount County, Tennessee	no	4.0	0.0	553.6666666666666
11246	44	Outdoor power equipment stores	47	444210	9	47009	Blount County, Tennessee	yes	2.0	12.938863596583824	470.2738119082548
11247	44	Outdoor power equipment stores	47	444210	11	47011	Bradley County, Tennessee	yes	2.0	13.793732190014227	440.8122643849053
11248	44	Outdoor power equipment stores	47	444210	13	47013	Campbell County, Tennessee	yes	1.0	6.8968660950071135	220.40613219245265
11249	44	Outdoor power equipment stores	47	444210	17	47017	Carroll County, Tennessee	yes	1.0	6.8968660950071135	220.40613219245265
11250	44	Outdoor power equipment stores	47	444210	21	47021	Cheatham County, Tennessee	yes	1.0	6.8968660950071135	220.40613219245265
11251	44	Outdoor power equipment stores	47	444210	23	47023	Chester County, Tennessee	yes	1.0	6.407537527946343	229.27315554136058
11252	44	Outdoor power equipment stores	47	444210	31	47031	Coffee County, Tennessee	no	5.0	22.0	912.8333333333334
11253	44	Outdoor power equipment stores	47	444210	35	47035	Cumberland County, Tennessee	yes	1.3333333333333333	9.032711937655895	296.8305173729062
11254	44	Outdoor power equipment stores	47	444210	37	47037	Davidson County, Tennessee	no	4.333333333333333	15.5	520.3333333333334
11255	44	Outdoor power equipment stores	47	444210	39	47039	Decatur County, Tennessee	yes	1.4	9.520610257390462	306.8237394915552
11256	44	Outdoor power equipment stores	47	444210	43	47043	Dickson County, Tennessee	yes	2.0	13.793732190014227	440.8122643849053
11257	44	Outdoor power equipment stores	47	444210	45	47045	Dyer County, Tennessee	yes	1.0	6.8968660950071135	220.40613219245265
11258	44	Outdoor power equipment stores	47	444210	47	47047	Fayette County, Tennessee	yes	1.0	7.056338028169014	199.9718309859155
11259	44	Outdoor power equipment stores	47	444210	51	47051	Franklin County, Tennessee	no	4.0	23.0	767.0
11260	44	Outdoor power equipment stores	47	444210	51	47051	Franklin County, Tennessee	yes	3.0	21.424591135612495	647.9178615539961
11261	44	Outdoor power equipment stores	47	444210	53	47053	Gibson County, Tennessee	yes	1.0	6.8968660950071135	220.40613219245265
11262	44	Outdoor power equipment stores	47	444210	55	47055	Giles County, Tennessee	yes	2.0	13.793732190014227	440.8122643849053
11263	44	Outdoor power equipment stores	47	444210	59	47059	Greene County, Tennessee	yes	1.3333333333333333	9.032711937655895	296.8305173729062
11264	44	Outdoor power equipment stores	47	444210	63	47063	Hamblen County, Tennessee	no	4.666666666666667	28.666666666666668	928.3333333333334
11265	44	Outdoor power equipment stores	47	444210	63	47063	Hamblen County, Tennessee	yes	3.6666666666666665	26.94508889083292	756.0441567278064
11266	44	Outdoor power equipment stores	47	444210	65	47065	Hamilton County, Tennessee	no	4.333333333333333	7.833333333333333	502.5
11267	44	Outdoor power equipment stores	47	444210	69	47069	Hardeman County, Tennessee	yes	1.0	6.8968660950071135	220.40613219245265
11268	44	Outdoor power equipment stores	47	444210	71	47071	Hardin County, Tennessee	yes	2.0	13.793732190014227	440.8122643849053
11269	44	Outdoor power equipment stores	47	444210	77	47077	Henderson County, Tennessee	yes	1.6666666666666667	11.657886347365446	364.3878792044518
11270	44	Outdoor power equipment stores	47	444210	79	47079	Henry County, Tennessee	yes	1.0	6.8968660950071135	220.40613219245265
11271	44	Outdoor power equipment stores	47	444210	89	47089	Jefferson County, Tennessee	yes	2.0	13.793732190014227	440.8122643849053
11272	44	Outdoor power equipment stores	47	444210	93	47093	Knox County, Tennessee	no	4.666666666666667	54.666666666666664	1191.0
11273	44	Outdoor power equipment stores	47	444210	93	47093	Knox County, Tennessee	yes	4.333333333333333	31.649314242945596	889.3587107184168
11274	44	Outdoor power equipment stores	47	444210	97	47097	Lauderdale County, Tennessee	yes	1.0	6.864971708374734	224.4929924337601
11275	44	Outdoor power equipment stores	47	444210	99	47099	Lawrence County, Tennessee	yes	1.0	6.8968660950071135	220.40613219245265
11276	44	Outdoor power equipment stores	47	444210	101	47101	Lewis County, Tennessee	yes	1.0	6.8968660950071135	220.40613219245265
11277	44	Outdoor power equipment stores	47	444210	103	47103	Lincoln County, Tennessee	yes	1.0	6.8968660950071135	220.40613219245265
11278	44	Outdoor power equipment stores	47	444210	105	47105	Loudon County, Tennessee	yes	1.6666666666666667	11.424439137010213	373.1841089790402
11279	44	Outdoor power equipment stores	47	444210	107	47107	McMinn County, Tennessee	yes	1.1666666666666667	8.189723237864255	255.6156560019765
11280	44	Outdoor power equipment stores	47	444210	113	47113	Madison County, Tennessee	yes	1.0	6.8968660950071135	220.40613219245265
11281	44	Outdoor power equipment stores	47	444210	115	47115	Marion County, Tennessee	yes	1.0	6.8968660950071135	220.40613219245265
11282	44	Outdoor power equipment stores	47	444210	117	47117	Marshall County, Tennessee	yes	1.1666666666666667	8.090102809982957	254.70564910066523
11283	44	Outdoor power equipment stores	47	444210	119	47119	Maury County, Tennessee	yes	2.0	13.793732190014227	440.8122643849053
11284	44	Outdoor power equipment stores	47	444210	125	47125	Montgomery County, Tennessee	yes	2.0	13.793732190014227	440.8122643849053
11285	44	Outdoor power equipment stores	47	444210	131	47131	Obion County, Tennessee	yes	1.6666666666666667	12.062886497730345	340.93166924250824
11286	44	Outdoor power equipment stores	47	444210	141	47141	Putnam County, Tennessee	no	4.0	31.25	1054.5
11287	44	Outdoor power equipment stores	47	444210	141	47141	Putnam County, Tennessee	yes	3.0	21.32363747703613	608.6533986527863
11288	44	Outdoor power equipment stores	47	444210	143	47143	Rhea County, Tennessee	yes	1.0	6.8968660950071135	220.40613219245265
11289	44	Outdoor power equipment stores	47	444210	145	47145	Roane County, Tennessee	yes	2.0	13.793732190014227	440.8122643849053
11290	44	Outdoor power equipment stores	47	444210	147	47147	Robertson County, Tennessee	yes	1.3333333333333333	9.032711937655895	296.8305173729062
11291	44	Outdoor power equipment stores	47	444210	149	47149	Rutherford County, Tennessee	yes	2.0	13.793732190014227	440.8122643849053
11292	44	Outdoor power equipment stores	47	444210	155	47155	Sevier County, Tennessee	yes	1.0	6.8968660950071135	220.40613219245265
11293	44	Outdoor power equipment stores	47	444210	157	47157	Shelby County, Tennessee	no	3.8333333333333335	37.833333333333336	1645.5
11294	44	Outdoor power equipment stores	47	444210	161	47161	Stewart County, Tennessee	yes	1.0	7.056338028169014	199.9718309859155
11295	44	Outdoor power equipment stores	47	444210	163	47163	Sullivan County, Tennessee	yes	1.1666666666666667	8.072922433035282	253.7347706901052
11296	44	Outdoor power equipment stores	47	444210	165	47165	Sumner County, Tennessee	no	3.8333333333333335	34.0	1481.3333333333333
11297	44	Outdoor power equipment stores	47	444210	167	47167	Tipton County, Tennessee	yes	1.0	6.8968660950071135	220.40613219245265
11298	44	Outdoor power equipment stores	47	444210	177	47177	Warren County, Tennessee	yes	1.1666666666666667	8.072922433035282	253.7347706901052
11299	44	Outdoor power equipment stores	47	444210	179	47179	Washington County, Tennessee	no	4.0	24.5	905.5
11300	44	Outdoor power equipment stores	47	444210	179	47179	Washington County, Tennessee	yes	3.25	22.31336440329966	740.3151812539295
11301	44	Outdoor power equipment stores	47	444210	187	47187	Williamson County, Tennessee	yes	2.0	13.793732190014227	440.8122643849053
11302	44	Outdoor power equipment stores	47	444210	189	47189	Wilson County, Tennessee	yes	2.3333333333333335	15.929578032663008	517.2366495653588
11303	44	Paint and wallpaper stores	47	444120	1	47001	Anderson County, Tennessee	no	4.0	6.0	363.6666666666667
11304	44	Paint and wallpaper stores	47	444120	1	47001	Anderson County, Tennessee	yes	2.6666666666666665	11.515504158762583	336.63557322826983
11305	44	Paint and wallpaper stores	47	444120	3	47003	Bedford County, Tennessee	no	3.0	4.166666666666667	233.83333333333334
11306	44	Paint and wallpaper stores	47	444120	9	47009	Blount County, Tennessee	no	3.0	7.833333333333333	377.8333333333333
11307	44	Paint and wallpaper stores	47	444120	11	47011	Bradley County, Tennessee	no	3.8333333333333335	10.0	538.0
11308	44	Paint and wallpaper stores	47	444120	19	47019	Carter County, Tennessee	yes	1.0	5.375500693127098	112.81723839518781
11309	44	Paint and wallpaper stores	47	444120	31	47031	Coffee County, Tennessee	no	4.166666666666667	6.333333333333333	236.5
11310	44	Paint and wallpaper stores	47	444120	35	47035	Cumberland County, Tennessee	yes	2.0	10.751001386254195	225.63447679037563
11311	44	Paint and wallpaper stores	47	444120	37	47037	Davidson County, Tennessee	no	20.166666666666668	132.83333333333334	5510.666666666667
11312	44	Paint and wallpaper stores	47	444120	43	47043	Dickson County, Tennessee	yes	2.0	10.751001386254195	225.63447679037563
11313	44	Paint and wallpaper stores	47	444120	45	47045	Dyer County, Tennessee	yes	1.0	5.375500693127098	112.81723839518781
11314	44	Paint and wallpaper stores	47	444120	47	47047	Fayette County, Tennessee	yes	1.0	5.375500693127098	112.81723839518781
11315	44	Paint and wallpaper stores	47	444120	49	47049	Fentress County, Tennessee	yes	1.0	5.375500693127098	112.81723839518781
11316	44	Paint and wallpaper stores	47	444120	51	47051	Franklin County, Tennessee	yes	1.8333333333333333	10.201001386254195	207.69697679037566
11317	44	Paint and wallpaper stores	47	444120	53	47053	Gibson County, Tennessee	yes	1.0	5.375500693127098	112.81723839518781
11318	44	Paint and wallpaper stores	47	444120	55	47055	Giles County, Tennessee	yes	1.0	3.847037793667007	135.59754851889684
11319	44	Paint and wallpaper stores	47	444120	59	47059	Greene County, Tennessee	no	3.4	6.8	190.8
11320	44	Paint and wallpaper stores	47	444120	59	47059	Greene County, Tennessee	yes	3.0	17.19642857142857	294.48214285714283
11321	44	Paint and wallpaper stores	47	444120	63	47063	Hamblen County, Tennessee	yes	1.0	5.375500693127098	112.81723839518781
11322	44	Paint and wallpaper stores	47	444120	65	47065	Hamilton County, Tennessee	no	13.0	36.0	1876.0
11323	44	Paint and wallpaper stores	47	444120	71	47071	Hardin County, Tennessee	yes	1.3333333333333333	7.544548312174716	146.70711934756878
11324	44	Paint and wallpaper stores	47	444120	75	47075	Haywood County, Tennessee	yes	1.0	5.375500693127098	112.81723839518781
11325	44	Paint and wallpaper stores	47	444120	79	47079	Henry County, Tennessee	yes	2.0	10.751001386254195	225.63447679037563
11326	44	Paint and wallpaper stores	47	444120	93	47093	Knox County, Tennessee	no	11.833333333333334	67.83333333333333	2476.6666666666665
11327	44	Paint and wallpaper stores	47	444120	99	47099	Lawrence County, Tennessee	yes	1.5	8.918655455031859	162.4977939507434
11328	44	Paint and wallpaper stores	47	444120	103	47103	Lincoln County, Tennessee	yes	1.1666666666666667	6.33085783598424	129.17735744280688
11329	44	Paint and wallpaper stores	47	444120	105	47105	Loudon County, Tennessee	yes	1.0	5.375500693127098	112.81723839518781
11330	44	Paint and wallpaper stores	47	444120	107	47107	McMinn County, Tennessee	yes	2.0	10.751001386254195	225.63447679037563
11331	44	Paint and wallpaper stores	47	444120	113	47113	Madison County, Tennessee	no	4.0	15.0	583.6666666666666
11332	44	Paint and wallpaper stores	47	444120	117	47117	Marshall County, Tennessee	yes	1.0	5.375500693127098	112.81723839518781
11333	44	Paint and wallpaper stores	47	444120	119	47119	Maury County, Tennessee	no	4.0	12.666666666666666	674.5
11334	44	Paint and wallpaper stores	47	444120	123	47123	Monroe County, Tennessee	yes	1.0	5.375500693127098	112.81723839518781
11335	44	Paint and wallpaper stores	47	444120	125	47125	Montgomery County, Tennessee	no	5.0	14.166666666666666	734.6666666666666
11336	44	Paint and wallpaper stores	47	444120	131	47131	Obion County, Tennessee	yes	1.0	5.375500693127098	112.81723839518781
11337	44	Paint and wallpaper stores	47	444120	141	47141	Putnam County, Tennessee	yes	1.6666666666666667	9.46865545503186	180.4352939507434
11338	44	Paint and wallpaper stores	47	444120	143	47143	Rhea County, Tennessee	yes	2.0	10.751001386254195	225.63447679037563
11339	44	Paint and wallpaper stores	47	444120	145	47145	Roane County, Tennessee	yes	1.0	5.375500693127098	112.81723839518781
11340	44	Paint and wallpaper stores	47	444120	147	47147	Robertson County, Tennessee	yes	1.3333333333333333	7.29960783598424	146.54541299836242
11341	44	Paint and wallpaper stores	47	444120	149	47149	Rutherford County, Tennessee	no	7.5	43.25	1593.25
11342	44	Paint and wallpaper stores	47	444120	149	47149	Rutherford County, Tennessee	yes	6.5	37.54017857142857	659.2113095238095
11343	44	Paint and wallpaper stores	47	444120	151	47151	Scott County, Tennessee	yes	1.0	5.375500693127098	112.81723839518781
11344	44	Paint and wallpaper stores	47	444120	155	47155	Sevier County, Tennessee	yes	2.3333333333333335	12.033347317476531	270.83365963000796
11345	44	Paint and wallpaper stores	47	444120	157	47157	Shelby County, Tennessee	no	26.333333333333332	97.0	4232.666666666667
11346	44	Paint and wallpaper stores	47	444120	163	47163	Sullivan County, Tennessee	no	5.0	12.833333333333334	592.1666666666666
11347	44	Paint and wallpaper stores	47	444120	165	47165	Sumner County, Tennessee	no	5.333333333333333	14.0	666.6666666666666
11348	44	Paint and wallpaper stores	47	444120	167	47167	Tipton County, Tennessee	yes	1.0	5.177090325404932	118.63359568801985
11349	44	Paint and wallpaper stores	47	444120	177	47177	Warren County, Tennessee	yes	2.0	10.751001386254195	225.63447679037563
11350	44	Paint and wallpaper stores	47	444120	179	47179	Washington County, Tennessee	no	4.0	11.0	572.4
11351	44	Paint and wallpaper stores	47	444120	179	47179	Washington County, Tennessee	yes	3.0	17.19642857142857	294.48214285714283
11352	44	Paint and wallpaper stores	47	444120	183	47183	Weakley County, Tennessee	yes	1.0	5.375500693127098	112.81723839518781
11353	44	Paint and wallpaper stores	47	444120	187	47187	Williamson County, Tennessee	no	8.0	23.5	1291.3333333333333
11354	44	Paint and wallpaper stores	47	444120	189	47189	Wilson County, Tennessee	yes	3.0	16.126502079381293	338.4517151855635
11355	44	Pharmacies and drug stores	47	446110	1	47001	Anderson County, Tennessee	no	18.0	263.3333333333333	9946.833333333334
11356	44	Pharmacies and drug stores	47	446110	3	47003	Bedford County, Tennessee	no	6.0	86.0	2926.3333333333335
11357	44	Pharmacies and drug stores	47	446110	5	47005	Benton County, Tennessee	no	3.0	27.0	1086.0
11358	44	Pharmacies and drug stores	47	446110	5	47005	Benton County, Tennessee	yes	2.0	45.0554834054834	755.5489857928882
11359	44	Pharmacies and drug stores	47	446110	7	47007	Bledsoe County, Tennessee	yes	1.0	22.646133958633957	378.7406488422748
11360	44	Pharmacies and drug stores	47	446110	9	47009	Blount County, Tennessee	no	15.5	311.8333333333333	13282.166666666666
11361	44	Pharmacies and drug stores	47	446110	11	47011	Bradley County, Tennessee	no	22.166666666666668	331.1666666666667	12165.333333333334
11362	44	Pharmacies and drug stores	47	446110	13	47013	Campbell County, Tennessee	no	10.833333333333334	128.66666666666666	5637.333333333333
11363	44	Pharmacies and drug stores	47	446110	15	47015	Cannon County, Tennessee	no	3.1666666666666665	17.666666666666668	1260.0
11364	44	Pharmacies and drug stores	47	446110	17	47017	Carroll County, Tennessee	no	6.833333333333333	54.833333333333336	1947.3333333333333
11365	44	Pharmacies and drug stores	47	446110	19	47019	Carter County, Tennessee	no	9.833333333333334	135.0	4611.833333333333
11366	44	Pharmacies and drug stores	47	446110	21	47021	Cheatham County, Tennessee	no	5.0	73.33333333333333	2781.5
11367	44	Pharmacies and drug stores	47	446110	23	47023	Chester County, Tennessee	no	3.0	30.166666666666668	1476.5
11368	44	Pharmacies and drug stores	47	446110	25	47025	Claiborne County, Tennessee	no	9.333333333333334	101.16666666666667	3347.1666666666665
11369	44	Pharmacies and drug stores	47	446110	27	47027	Clay County, Tennessee	no	3.6	29.2	898.2
11370	44	Pharmacies and drug stores	47	446110	27	47027	Clay County, Tennessee	yes	2.0	100.38095238095238	739.3333333333333
11371	44	Pharmacies and drug stores	47	446110	29	47029	Cocke County, Tennessee	no	6.666666666666667	97.66666666666667	3923.1666666666665
11372	44	Pharmacies and drug stores	47	446110	31	47031	Coffee County, Tennessee	no	7.833333333333333	148.16666666666666	5428.666666666667
11373	44	Pharmacies and drug stores	47	446110	33	47033	Crockett County, Tennessee	no	4.5	30.166666666666668	1080.8333333333333
11374	44	Pharmacies and drug stores	47	446110	35	47035	Cumberland County, Tennessee	no	11.333333333333334	114.0	4618.333333333333
11375	44	Pharmacies and drug stores	47	446110	37	47037	Davidson County, Tennessee	no	89.33333333333333	1734.6666666666667	61998.5
11376	44	Pharmacies and drug stores	47	446110	39	47039	Decatur County, Tennessee	no	4.0	36.666666666666664	1045.0
11377	44	Pharmacies and drug stores	47	446110	39	47039	Decatur County, Tennessee	yes	3.0	104.88690476190476	1078.0714285714284
11378	44	Pharmacies and drug stores	47	446110	41	47041	DeKalb County, Tennessee	no	6.166666666666667	62.0	2073.5
11379	44	Pharmacies and drug stores	47	446110	43	47043	Dickson County, Tennessee	no	8.666666666666666	105.83333333333333	3859.6666666666665
11380	44	Pharmacies and drug stores	47	446110	45	47045	Dyer County, Tennessee	no	8.666666666666666	117.16666666666667	3435.6666666666665
11381	44	Pharmacies and drug stores	47	446110	47	47047	Fayette County, Tennessee	no	6.666666666666667	79.33333333333333	2993.3333333333335
11382	44	Pharmacies and drug stores	47	446110	49	47049	Fentress County, Tennessee	no	5.5	72.83333333333333	2400.8333333333335
11383	44	Pharmacies and drug stores	47	446110	51	47051	Franklin County, Tennessee	no	6.166666666666667	77.33333333333333	2636.0
11384	44	Pharmacies and drug stores	47	446110	53	47053	Gibson County, Tennessee	no	14.666666666666666	131.5	4303.333333333333
11385	44	Pharmacies and drug stores	47	446110	55	47055	Giles County, Tennessee	no	4.0	72.0	3227.6666666666665
11386	44	Pharmacies and drug stores	47	446110	57	47057	Grainger County, Tennessee	no	4.0	29.8	2394.4
11387	44	Pharmacies and drug stores	47	446110	57	47057	Grainger County, Tennessee	yes	2.0	46.476190476190474	767.1428571428571
11388	44	Pharmacies and drug stores	47	446110	59	47059	Greene County, Tennessee	no	12.0	194.0	7676.0
11389	44	Pharmacies and drug stores	47	446110	61	47061	Grundy County, Tennessee	no	4.166666666666667	23.0	952.0
11390	44	Pharmacies and drug stores	47	446110	63	47063	Hamblen County, Tennessee	no	19.5	283.6666666666667	11429.333333333334
11391	44	Pharmacies and drug stores	47	446110	65	47065	Hamilton County, Tennessee	no	65.16666666666667	1001.5	36833.333333333336
11392	44	Pharmacies and drug stores	47	446110	67	47067	Hancock County, Tennessee	yes	1.0	22.646133958633957	378.7406488422748
11393	44	Pharmacies and drug stores	47	446110	69	47069	Hardeman County, Tennessee	no	7.0	18.0	1579.0
11394	44	Pharmacies and drug stores	47	446110	69	47069	Hardeman County, Tennessee	yes	5.25	80.0261994949495	1978.6777018148969
11395	44	Pharmacies and drug stores	47	446110	71	47071	Hardin County, Tennessee	no	8.833333333333334	71.83333333333333	2866.1666666666665
11396	44	Pharmacies and drug stores	47	446110	73	47073	Hawkins County, Tennessee	no	12.0	146.33333333333334	4773.666666666667
11397	44	Pharmacies and drug stores	47	446110	75	47075	Haywood County, Tennessee	no	5.166666666666667	28.833333333333332	1433.6666666666667
11398	44	Pharmacies and drug stores	47	446110	77	47077	Henderson County, Tennessee	no	5.333333333333333	63.833333333333336	2644.6666666666665
11399	44	Pharmacies and drug stores	47	446110	79	47079	Henry County, Tennessee	no	6.0	80.5	3327.1666666666665
11400	44	Pharmacies and drug stores	47	446110	81	47081	Hickman County, Tennessee	no	4.0	31.0	1276.3333333333333
11401	44	Pharmacies and drug stores	47	446110	83	47083	Houston County, Tennessee	yes	1.8333333333333333	41.41925204425204	693.5527262559782
11402	44	Pharmacies and drug stores	47	446110	85	47085	Humphreys County, Tennessee	no	4.666666666666667	24.333333333333332	1100.3333333333333
11403	44	Pharmacies and drug stores	47	446110	87	47087	Jackson County, Tennessee	yes	2.0	45.292267917267914	757.4812976845496
11404	44	Pharmacies and drug stores	47	446110	89	47089	Jefferson County, Tennessee	no	5.0	83.16666666666667	3089.8333333333335
11405	44	Pharmacies and drug stores	47	446110	91	47091	Johnson County, Tennessee	no	4.0	41.0	1723.8333333333333
11406	44	Pharmacies and drug stores	47	446110	93	47093	Knox County, Tennessee	no	66.0	1242.8333333333333	46079.0
11407	44	Pharmacies and drug stores	47	446110	95	47095	Lake County, Tennessee	no	3.0	22.5	867.0
11408	44	Pharmacies and drug stores	47	446110	97	47097	Lauderdale County, Tennessee	no	5.333333333333333	36.666666666666664	2142.1666666666665
11409	44	Pharmacies and drug stores	47	446110	99	47099	Lawrence County, Tennessee	no	9.333333333333334	101.83333333333333	3586.3333333333335
11410	44	Pharmacies and drug stores	47	446110	101	47101	Lewis County, Tennessee	yes	1.0	22.646133958633957	378.7406488422748
11411	44	Pharmacies and drug stores	47	446110	103	47103	Lincoln County, Tennessee	no	5.166666666666667	87.0	3450.6666666666665
11412	44	Pharmacies and drug stores	47	446110	105	47105	Loudon County, Tennessee	no	9.333333333333334	147.5	5264.833333333333
11413	44	Pharmacies and drug stores	47	446110	107	47107	McMinn County, Tennessee	no	10.333333333333334	146.0	4537.333333333333
11414	44	Pharmacies and drug stores	47	446110	109	47109	McNairy County, Tennessee	no	7.666666666666667	60.333333333333336	2495.8333333333335
11415	44	Pharmacies and drug stores	47	446110	111	47111	Macon County, Tennessee	no	4.0	55.333333333333336	1874.8333333333333
11416	44	Pharmacies and drug stores	47	446110	113	47113	Madison County, Tennessee	no	13.166666666666666	148.66666666666666	7848.333333333333
11417	44	Pharmacies and drug stores	47	446110	115	47115	Marion County, Tennessee	no	5.0	47.833333333333336	4012.0
11418	44	Pharmacies and drug stores	47	446110	117	47117	Marshall County, Tennessee	no	5.333333333333333	59.5	2334.3333333333335
11419	44	Pharmacies and drug stores	47	446110	119	47119	Maury County, Tennessee	no	13.833333333333334	228.0	8943.166666666666
11420	44	Pharmacies and drug stores	47	446110	121	47121	Meigs County, Tennessee	yes	2.0	45.292267917267914	757.4812976845496
11421	44	Pharmacies and drug stores	47	446110	123	47123	Monroe County, Tennessee	no	9.833333333333334	151.83333333333334	5486.333333333333
11422	44	Pharmacies and drug stores	47	446110	125	47125	Montgomery County, Tennessee	no	17.0	277.8333333333333	10209.666666666666
11423	44	Pharmacies and drug stores	47	446110	127	47127	Moore County, Tennessee	yes	1.0	11.563131313131313	437.8453231502012
11424	44	Pharmacies and drug stores	47	446110	129	47129	Morgan County, Tennessee	no	4.0	29.166666666666668	1245.6666666666667
11425	44	Pharmacies and drug stores	47	446110	131	47131	Obion County, Tennessee	no	4.5	61.5	2515.6666666666665
11426	44	Pharmacies and drug stores	47	446110	133	47133	Overton County, Tennessee	no	4.0	45.5	1949.0
11427	44	Pharmacies and drug stores	47	446110	135	47135	Perry County, Tennessee	yes	2.0	45.292267917267914	757.4812976845496
11428	44	Pharmacies and drug stores	47	446110	137	47137	Pickett County, Tennessee	yes	2.0	45.292267917267914	757.4812976845496
11429	44	Pharmacies and drug stores	47	446110	139	47139	Polk County, Tennessee	no	4.333333333333333	27.166666666666668	1696.1666666666667
11430	44	Pharmacies and drug stores	47	446110	141	47141	Putnam County, Tennessee	no	15.0	214.16666666666666	8222.333333333334
11431	44	Pharmacies and drug stores	47	446110	143	47143	Rhea County, Tennessee	no	5.0	70.33333333333333	2579.8333333333335
11432	44	Pharmacies and drug stores	47	446110	145	47145	Roane County, Tennessee	no	10.666666666666666	133.33333333333334	4547.833333333333
11433	44	Pharmacies and drug stores	47	446110	147	47147	Robertson County, Tennessee	no	13.333333333333334	190.5	6054.833333333333
11434	44	Pharmacies and drug stores	47	446110	149	47149	Rutherford County, Tennessee	no	39.833333333333336	628.5	22114.666666666668
11435	44	Pharmacies and drug stores	47	446110	151	47151	Scott County, Tennessee	no	6.0	75.16666666666667	2784.0
11436	44	Pharmacies and drug stores	47	446110	153	47153	Sequatchie County, Tennessee	no	3.0	43.166666666666664	1545.3333333333333
11437	44	Pharmacies and drug stores	47	446110	155	47155	Sevier County, Tennessee	no	17.0	271.3333333333333	9708.833333333334
11438	44	Pharmacies and drug stores	47	446110	157	47157	Shelby County, Tennessee	no	108.0	2435.0	95231.0
11439	44	Pharmacies and drug stores	47	446110	159	47159	Smith County, Tennessee	no	3.6666666666666665	49.5	2518.6666666666665
11440	44	Pharmacies and drug stores	47	446110	161	47161	Stewart County, Tennessee	no	3.4	30.8	928.2
11441	44	Pharmacies and drug stores	47	446110	161	47161	Stewart County, Tennessee	yes	3.0	69.71428571428571	1150.7142857142856
11442	44	Pharmacies and drug stores	47	446110	163	47163	Sullivan County, Tennessee	no	34.666666666666664	603.3333333333334	25937.166666666668
11443	44	Pharmacies and drug stores	47	446110	165	47165	Sumner County, Tennessee	no	21.333333333333332	343.8333333333333	12258.0
11444	44	Pharmacies and drug stores	47	446110	167	47167	Tipton County, Tennessee	no	8.666666666666666	98.33333333333333	3197.6666666666665
11445	44	Pharmacies and drug stores	47	446110	169	47169	Trousdale County, Tennessee	no	3.0	30.5	875.5
11446	44	Pharmacies and drug stores	47	446110	171	47171	Unicoi County, Tennessee	no	5.333333333333333	72.33333333333333	2381.5
11447	44	Pharmacies and drug stores	47	446110	173	47173	Union County, Tennessee	no	3.0	27.0	1429.0
11448	44	Pharmacies and drug stores	47	446110	175	47175	Van Buren County, Tennessee	yes	1.0	22.646133958633957	378.7406488422748
11449	44	Pharmacies and drug stores	47	446110	177	47177	Warren County, Tennessee	no	8.666666666666666	115.5	3846.6666666666665
11450	44	Pharmacies and drug stores	47	446110	179	47179	Washington County, Tennessee	no	27.666666666666668	537.0	20600.5
11451	44	Pharmacies and drug stores	47	446110	181	47181	Wayne County, Tennessee	no	4.333333333333333	54.0	1692.3333333333333
11452	44	Pharmacies and drug stores	47	446110	183	47183	Weakley County, Tennessee	no	8.166666666666666	53.666666666666664	2970.8333333333335
11453	44	Pharmacies and drug stores	47	446110	185	47185	White County, Tennessee	no	4.333333333333333	60.5	2146.3333333333335
11454	44	Pharmacies and drug stores	47	446110	187	47187	Williamson County, Tennessee	no	29.5	416.1666666666667	15745.0
11455	44	Pharmacies and drug stores	47	446110	189	47189	Wilson County, Tennessee	no	12.0	223.16666666666666	8064.0
11456	44	Recreational vehicle dealers	47	441210	1	47001	Anderson County, Tennessee	yes	1.0	11.809282574647439	602.0470317159121
11457	44	Recreational vehicle dealers	47	441210	9	47009	Blount County, Tennessee	no	4.666666666666667	121.66666666666667	6594.666666666667
11458	44	Recreational vehicle dealers	47	441210	9	47009	Blount County, Tennessee	yes	4.333333333333333	52.125670913526704	2337.604210716545
11459	44	Recreational vehicle dealers	47	441210	11	47011	Bradley County, Tennessee	yes	1.0	11.809282574647439	602.0470317159121
11460	44	Recreational vehicle dealers	47	441210	35	47035	Cumberland County, Tennessee	yes	1.5	17.92442396313364	761.8990783410138
11461	44	Recreational vehicle dealers	47	441210	37	47037	Davidson County, Tennessee	no	4.2	72.6	5635.0
11462	44	Recreational vehicle dealers	47	441210	37	47037	Davidson County, Tennessee	yes	4.0	49.64705882352941	2547.7647058823527
11463	44	Recreational vehicle dealers	47	441210	57	47057	Grainger County, Tennessee	yes	1.0	11.773140451832907	653.535294117647
11464	44	Recreational vehicle dealers	47	441210	59	47059	Greene County, Tennessee	yes	1.0	11.809282574647439	602.0470317159121
11465	44	Recreational vehicle dealers	47	441210	63	47063	Hamblen County, Tennessee	yes	1.0	11.809282574647439	602.0470317159121
11466	44	Recreational vehicle dealers	47	441210	65	47065	Hamilton County, Tennessee	yes	3.1666666666666665	37.44213343822802	1893.7506189572605
11467	44	Recreational vehicle dealers	47	441210	85	47085	Humphreys County, Tennessee	yes	1.0	12.970833333333333	735.6
11468	44	Recreational vehicle dealers	47	441210	93	47093	Knox County, Tennessee	no	5.0	126.0	5394.333333333333
11469	44	Recreational vehicle dealers	47	441210	105	47105	Loudon County, Tennessee	yes	1.0	12.970833333333333	735.6
11470	44	Recreational vehicle dealers	47	441210	107	47107	McMinn County, Tennessee	yes	2.3333333333333335	27.579087422720377	1370.450899069305
11471	44	Recreational vehicle dealers	47	441210	109	47109	McNairy County, Tennessee	yes	1.0	11.809282574647439	602.0470317159121
11472	44	Recreational vehicle dealers	47	441210	113	47113	Madison County, Tennessee	yes	1.5	17.83843229905333	874.560730098491
11473	44	Recreational vehicle dealers	47	441210	119	47119	Maury County, Tennessee	yes	1.0	12.058299448811782	545.0273967651577
11474	44	Recreational vehicle dealers	47	441210	125	47125	Montgomery County, Tennessee	yes	1.0	12.085714285714285	525.6571428571428
11475	44	Recreational vehicle dealers	47	441210	141	47141	Putnam County, Tennessee	yes	1.0	12.970833333333333	735.6
11476	44	Recreational vehicle dealers	47	441210	145	47145	Roane County, Tennessee	yes	1.0	12.044592030360532	554.7125237191651
11477	44	Recreational vehicle dealers	47	441210	149	47149	Rutherford County, Tennessee	yes	1.3333333333333333	15.769804848072939	768.4038673533929
11478	44	Recreational vehicle dealers	47	441210	153	47153	Sequatchie County, Tennessee	yes	1.0	11.809282574647439	602.0470317159121
11479	44	Recreational vehicle dealers	47	441210	155	47155	Sevier County, Tennessee	yes	2.0	23.618565149294877	1204.0940634318242
11480	44	Recreational vehicle dealers	47	441210	157	47157	Shelby County, Tennessee	yes	1.0	12.085714285714285	525.6571428571428
11481	44	Recreational vehicle dealers	47	441210	161	47161	Stewart County, Tennessee	yes	1.0	11.773140451832907	653.535294117647
11482	44	Recreational vehicle dealers	47	441210	163	47163	Sullivan County, Tennessee	yes	1.5	17.22632658720337	852.7372006867263
11483	44	Recreational vehicle dealers	47	441210	165	47165	Sumner County, Tennessee	yes	1.0	11.753996232434067	617.3250094876661
11484	44	Recreational vehicle dealers	47	441210	167	47167	Tipton County, Tennessee	yes	1.0	11.560265700483091	659.0666666666667
11485	44	Recreational vehicle dealers	47	441210	177	47177	Warren County, Tennessee	yes	1.0	11.809282574647439	602.0470317159121
11486	44	Recreational vehicle dealers	47	441210	179	47179	Washington County, Tennessee	no	3.0	46.25	2359.75
11487	44	Recreational vehicle dealers	47	441210	179	47179	Washington County, Tennessee	yes	2.0	24.497478991596637	1162.5983193277311
11488	44	Recreational vehicle dealers	47	441210	189	47189	Wilson County, Tennessee	yes	1.25	14.249935766733062	666.684833288154
11489	44	Shoe stores	47	448210	1	47001	Anderson County, Tennessee	no	3.5	6.5	171.16666666666666
11490	44	Shoe stores	47	448210	3	47003	Bedford County, Tennessee	no	3.6666666666666665	14.5	269.0
11491	44	Shoe stores	47	448210	5	47005	Benton County, Tennessee	yes	1.0	7.059475443757287	83.46280332008654
11492	44	Shoe stores	47	448210	9	47009	Blount County, Tennessee	no	6.333333333333333	59.333333333333336	988.8333333333334
11493	44	Shoe stores	47	448210	11	47011	Bradley County, Tennessee	no	8.666666666666666	58.833333333333336	1082.6666666666667
11494	44	Shoe stores	47	448210	13	47013	Campbell County, Tennessee	no	3.0	7.666666666666667	175.66666666666666
11495	44	Shoe stores	47	448210	17	47017	Carroll County, Tennessee	yes	1.1666666666666667	7.913384908777863	95.02247410197953
11496	44	Shoe stores	47	448210	19	47019	Carter County, Tennessee	no	3.0	20.333333333333332	212.33333333333334
11497	44	Shoe stores	47	448210	19	47019	Carter County, Tennessee	yes	2.0	14.343842988287435	143.67751096639986
11498	44	Shoe stores	47	448210	23	47023	Chester County, Tennessee	yes	1.0	6.6117283950617285	69.85044091710759
11499	44	Shoe stores	47	448210	25	47025	Claiborne County, Tennessee	yes	1.0	7.059475443757287	83.46280332008654
11500	44	Shoe stores	47	448210	29	47029	Cocke County, Tennessee	yes	1.0	7.059475443757287	83.46280332008654
11501	44	Shoe stores	47	448210	31	47031	Coffee County, Tennessee	no	4.833333333333333	14.0	383.0
11502	44	Shoe stores	47	448210	35	47035	Cumberland County, Tennessee	no	4.0	24.0	416.3333333333333
11503	44	Shoe stores	47	448210	35	47035	Cumberland County, Tennessee	yes	5.333333333333333	38.623710034821144	384.4655722877945
11504	44	Shoe stores	47	448210	37	47037	Davidson County, Tennessee	no	78.16666666666667	722.6666666666666	12175.833333333334
11505	44	Shoe stores	47	448210	39	47039	Decatur County, Tennessee	yes	1.0	7.059475443757287	83.46280332008654
11506	44	Shoe stores	47	448210	43	47043	Dickson County, Tennessee	no	6.0	41.0	639.0
11507	44	Shoe stores	47	448210	43	47043	Dickson County, Tennessee	yes	5.0	35.85960747071858	359.19377741599965
11508	44	Shoe stores	47	448210	45	47045	Dyer County, Tennessee	no	6.0	28.4	453.8
11509	44	Shoe stores	47	448210	45	47045	Dyer County, Tennessee	yes	5.0	25.61728395061728	346.7901234567901
11510	44	Shoe stores	47	448210	47	47047	Fayette County, Tennessee	yes	1.0	7.059475443757287	83.46280332008654
11511	44	Shoe stores	47	448210	49	47049	Fentress County, Tennessee	yes	1.1666666666666667	7.913384908777863	95.02247410197953
11512	44	Shoe stores	47	448210	51	47051	Franklin County, Tennessee	yes	2.0	14.118950887514574	166.92560664017307
11513	44	Shoe stores	47	448210	53	47053	Gibson County, Tennessee	no	5.333333333333333	23.333333333333332	363.0
11514	44	Shoe stores	47	448210	55	47055	Giles County, Tennessee	yes	1.0	7.059475443757287	83.46280332008654
11515	44	Shoe stores	47	448210	59	47059	Greene County, Tennessee	yes	2.0	14.118950887514574	166.92560664017307
11516	44	Shoe stores	47	448210	63	47063	Hamblen County, Tennessee	no	6.0	44.166666666666664	934.3333333333334
11517	44	Shoe stores	47	448210	65	47065	Hamilton County, Tennessee	no	34.5	292.1666666666667	4171.666666666667
11518	44	Shoe stores	47	448210	69	47069	Hardeman County, Tennessee	yes	1.0	7.059475443757287	83.46280332008654
11519	44	Shoe stores	47	448210	71	47071	Hardin County, Tennessee	no	3.8333333333333335	11.833333333333334	352.5
11520	44	Shoe stores	47	448210	73	47073	Hawkins County, Tennessee	yes	2.0	14.118950887514574	166.92560664017307
11521	44	Shoe stores	47	448210	75	47075	Haywood County, Tennessee	yes	1.3333333333333333	9.263384908777864	106.74628362578905
11522	44	Shoe stores	47	448210	77	47077	Henderson County, Tennessee	yes	2.0	14.118950887514574	166.92560664017307
11523	44	Shoe stores	47	448210	79	47079	Henry County, Tennessee	no	4.333333333333333	28.833333333333332	525.3333333333334
11524	44	Shoe stores	47	448210	89	47089	Jefferson County, Tennessee	yes	1.0	7.059475443757287	83.46280332008654
11525	44	Shoe stores	47	448210	93	47093	Knox County, Tennessee	no	44.833333333333336	364.1666666666667	6076.0
11526	44	Shoe stores	47	448210	97	47097	Lauderdale County, Tennessee	yes	2.0	14.118950887514574	166.92560664017307
11527	44	Shoe stores	47	448210	99	47099	Lawrence County, Tennessee	yes	2.0	14.118950887514574	166.92560664017307
11528	44	Shoe stores	47	448210	101	47101	Lewis County, Tennessee	yes	1.0	6.6117283950617285	69.85044091710759
11529	44	Shoe stores	47	448210	103	47103	Lincoln County, Tennessee	no	3.0	19.666666666666668	181.0
11530	44	Shoe stores	47	448210	103	47103	Lincoln County, Tennessee	yes	2.0	14.343842988287435	143.67751096639986
11531	44	Shoe stores	47	448210	105	47105	Loudon County, Tennessee	no	3.0	11.5	175.16666666666666
11532	44	Shoe stores	47	448210	107	47107	McMinn County, Tennessee	yes	2.0	14.118950887514574	166.92560664017307
11533	44	Shoe stores	47	448210	111	47111	Macon County, Tennessee	yes	1.3333333333333333	9.263384908777864	106.74628362578905
11534	44	Shoe stores	47	448210	113	47113	Madison County, Tennessee	no	16.166666666666668	117.33333333333333	1678.6666666666667
11535	44	Shoe stores	47	448210	115	47115	Marion County, Tennessee	yes	2.0	14.118950887514574	166.92560664017307
11536	44	Shoe stores	47	448210	117	47117	Marshall County, Tennessee	yes	2.0	14.118950887514574	166.92560664017307
11537	44	Shoe stores	47	448210	119	47119	Maury County, Tennessee	no	6.2	22.4	601.6
11538	44	Shoe stores	47	448210	119	47119	Maury County, Tennessee	yes	6.0	30.74074074074074	416.14814814814815
11539	44	Shoe stores	47	448210	123	47123	Monroe County, Tennessee	no	3.0	7.5	155.0
11540	44	Shoe stores	47	448210	123	47123	Monroe County, Tennessee	yes	1.5	12.03142589118199	126.23800924685071
11541	44	Shoe stores	47	448210	125	47125	Montgomery County, Tennessee	no	15.0	134.5	1900.1666666666667
11542	44	Shoe stores	47	448210	131	47131	Obion County, Tennessee	no	3.3333333333333335	15.0	252.33333333333334
11543	44	Shoe stores	47	448210	131	47131	Obion County, Tennessee	yes	2.0	13.894058786741715	190.17370231394625
11544	44	Shoe stores	47	448210	141	47141	Putnam County, Tennessee	no	9.0	56.333333333333336	699.3333333333334
11545	44	Shoe stores	47	448210	141	47141	Putnam County, Tennessee	yes	9.0	64.54729344729344	646.5487993487993
11546	44	Shoe stores	47	448210	143	47143	Rhea County, Tennessee	no	4.0	0.0	204.0
11547	44	Shoe stores	47	448210	143	47143	Rhea County, Tennessee	yes	2.6	17.794035624116923	227.03668481623768
11548	44	Shoe stores	47	448210	145	47145	Roane County, Tennessee	yes	1.0	7.059475443757287	83.46280332008654
11549	44	Shoe stores	47	448210	147	47147	Robertson County, Tennessee	yes	2.0	14.118950887514574	166.92560664017307
11550	44	Shoe stores	47	448210	149	47149	Rutherford County, Tennessee	no	20.833333333333332	178.33333333333334	2717.8333333333335
11551	44	Shoe stores	47	448210	151	47151	Scott County, Tennessee	yes	1.0	7.059475443757287	83.46280332008654
11552	44	Shoe stores	47	448210	155	47155	Sevier County, Tennessee	no	34.0	455.3333333333333	9319.833333333334
11553	44	Shoe stores	47	448210	157	47157	Shelby County, Tennessee	no	87.16666666666667	777.8333333333334	12089.0
11554	44	Shoe stores	47	448210	163	47163	Sullivan County, Tennessee	no	9.833333333333334	79.0	1299.3333333333333
11555	44	Shoe stores	47	448210	165	47165	Sumner County, Tennessee	no	6.666666666666667	42.333333333333336	655.5
11556	44	Shoe stores	47	448210	167	47167	Tipton County, Tennessee	no	3.3333333333333335	15.666666666666666	221.16666666666666
11557	44	Shoe stores	47	448210	177	47177	Warren County, Tennessee	no	4.0	20.833333333333332	292.1666666666667
11558	44	Shoe stores	47	448210	179	47179	Washington County, Tennessee	no	8.833333333333334	67.66666666666667	996.1666666666666
11559	44	Shoe stores	47	448210	181	47181	Wayne County, Tennessee	yes	1.0	7.059475443757287	83.46280332008654
11560	44	Shoe stores	47	448210	183	47183	Weakley County, Tennessee	no	4.666666666666667	36.0	432.3333333333333
11561	44	Shoe stores	47	448210	183	47183	Weakley County, Tennessee	yes	4.0	28.68768597657487	287.35502193279973
11562	44	Shoe stores	47	448210	187	47187	Williamson County, Tennessee	no	23.833333333333332	244.83333333333334	4284.5
11563	44	Shoe stores	47	448210	189	47189	Wilson County, Tennessee	no	9.0	118.83333333333333	1539.3333333333333
11564	44	Supermarkets and other grocery (except convenience) stores	47	445110	1	47001	Anderson County, Tennessee	no	12.666666666666666	648.8333333333334	11595.5
11565	44	Supermarkets and other grocery (except convenience) stores	47	445110	3	47003	Bedford County, Tennessee	no	7.166666666666667	172.33333333333334	3880.8333333333335
11566	44	Supermarkets and other grocery (except convenience) stores	47	445110	5	47005	Benton County, Tennessee	no	5.0	48.5	920.1666666666666
11567	44	Supermarkets and other grocery (except convenience) stores	47	445110	7	47007	Bledsoe County, Tennessee	yes	1.3333333333333333	53.564148862978044	969.4267094594767
11568	44	Supermarkets and other grocery (except convenience) stores	47	445110	9	47009	Blount County, Tennessee	no	15.166666666666666	735.6666666666666	14146.166666666666
11569	44	Supermarkets and other grocery (except convenience) stores	47	445110	11	47011	Bradley County, Tennessee	no	15.6	543.0	11523.6
11570	44	Supermarkets and other grocery (except convenience) stores	47	445110	11	47011	Bradley County, Tennessee	yes	16.0	671.5328467153284	12885.313868613139
11571	44	Supermarkets and other grocery (except convenience) stores	47	445110	13	47013	Campbell County, Tennessee	no	8.833333333333334	251.83333333333334	3919.0
11572	44	Supermarkets and other grocery (except convenience) stores	47	445110	15	47015	Cannon County, Tennessee	yes	1.0	39.49162011173185	714.5418994413408
11573	44	Supermarkets and other grocery (except convenience) stores	47	445110	17	47017	Carroll County, Tennessee	no	6.166666666666667	51.5	1555.6666666666667
11574	44	Supermarkets and other grocery (except convenience) stores	47	445110	19	47019	Carter County, Tennessee	no	9.4	348.8	5604.6
11575	44	Supermarkets and other grocery (except convenience) stores	47	445110	19	47019	Carter County, Tennessee	yes	9.0	377.73722627737226	7247.989051094891
11576	44	Supermarkets and other grocery (except convenience) stores	47	445110	21	47021	Cheatham County, Tennessee	no	5.833333333333333	119.5	2143.0
11577	44	Supermarkets and other grocery (except convenience) stores	47	445110	23	47023	Chester County, Tennessee	no	5.0	104.83333333333333	1488.0
11578	44	Supermarkets and other grocery (except convenience) stores	47	445110	25	47025	Claiborne County, Tennessee	no	5.0	233.66666666666666	3485.6666666666665
11579	44	Supermarkets and other grocery (except convenience) stores	47	445110	25	47025	Claiborne County, Tennessee	yes	4.666666666666667	191.11377074583046	3492.8602738342815
11580	44	Supermarkets and other grocery (except convenience) stores	47	445110	27	47027	Clay County, Tennessee	no	4.0	33.666666666666664	551.6666666666666
11581	44	Supermarkets and other grocery (except convenience) stores	47	445110	27	47027	Clay County, Tennessee	yes	3.3333333333333335	136.22629640201717	2494.9632208053467
11582	44	Supermarkets and other grocery (except convenience) stores	47	445110	29	47029	Cocke County, Tennessee	yes	5.5	219.78286922756305	3988.9793546105757
11583	44	Supermarkets and other grocery (except convenience) stores	47	445110	31	47031	Coffee County, Tennessee	no	10.833333333333334	296.0	5281.5
11584	44	Supermarkets and other grocery (except convenience) stores	47	445110	33	47033	Crockett County, Tennessee	yes	4.5	180.27839324118247	3269.0204636041667
11585	44	Supermarkets and other grocery (except convenience) stores	47	445110	35	47035	Cumberland County, Tennessee	no	9.333333333333334	442.3333333333333	8665.166666666666
11586	44	Supermarkets and other grocery (except convenience) stores	47	445110	37	47037	Davidson County, Tennessee	no	130.33333333333334	5338.833333333333	126858.5
11587	44	Supermarkets and other grocery (except convenience) stores	47	445110	39	47039	Decatur County, Tennessee	no	4.0	92.0	1321.1666666666667
11588	44	Supermarkets and other grocery (except convenience) stores	47	445110	41	47041	DeKalb County, Tennessee	no	4.166666666666667	67.66666666666667	1106.1666666666667
11589	44	Supermarkets and other grocery (except convenience) stores	47	445110	43	47043	Dickson County, Tennessee	no	8.5	394.3333333333333	7629.666666666667
11590	44	Supermarkets and other grocery (except convenience) stores	47	445110	45	47045	Dyer County, Tennessee	no	7.333333333333333	249.66666666666666	4423.833333333333
11591	44	Supermarkets and other grocery (except convenience) stores	47	445110	47	47047	Fayette County, Tennessee	no	4.0	181.16666666666666	3540.6666666666665
11592	44	Supermarkets and other grocery (except convenience) stores	47	445110	49	47049	Fentress County, Tennessee	no	4.0	61.166666666666664	1169.0
11593	44	Supermarkets and other grocery (except convenience) stores	47	445110	51	47051	Franklin County, Tennessee	no	6.666666666666667	178.5	3195.8333333333335
11594	44	Supermarkets and other grocery (except convenience) stores	47	445110	53	47053	Gibson County, Tennessee	no	14.666666666666666	337.3333333333333	4661.0
11595	44	Supermarkets and other grocery (except convenience) stores	47	445110	55	47055	Giles County, Tennessee	no	6.333333333333333	100.0	1887.0
11596	44	Supermarkets and other grocery (except convenience) stores	47	445110	57	47057	Grainger County, Tennessee	no	4.5	137.83333333333334	2312.6666666666665
11597	44	Supermarkets and other grocery (except convenience) stores	47	445110	59	47059	Greene County, Tennessee	no	13.333333333333334	654.1666666666666	10199.5
11598	44	Supermarkets and other grocery (except convenience) stores	47	445110	61	47061	Grundy County, Tennessee	no	5.166666666666667	93.16666666666667	1949.0
11599	44	Supermarkets and other grocery (except convenience) stores	47	445110	63	47063	Hamblen County, Tennessee	no	13.333333333333334	903.0	14659.333333333334
11600	44	Supermarkets and other grocery (except convenience) stores	47	445110	63	47063	Hamblen County, Tennessee	yes	12.666666666666666	519.9830254590928	9518.402731585315
11601	44	Supermarkets and other grocery (except convenience) stores	47	445110	65	47065	Hamilton County, Tennessee	no	61.4	2855.6	60267.6
11602	44	Supermarkets and other grocery (except convenience) stores	47	445110	65	47065	Hamilton County, Tennessee	yes	55.0	2308.394160583942	44293.266423357665
11603	44	Supermarkets and other grocery (except convenience) stores	47	445110	67	47067	Hancock County, Tennessee	yes	1.0	40.04887884435607	727.5182976478246
11604	44	Supermarkets and other grocery (except convenience) stores	47	445110	69	47069	Hardeman County, Tennessee	no	6.833333333333333	121.5	1813.5
11605	44	Supermarkets and other grocery (except convenience) stores	47	445110	71	47071	Hardin County, Tennessee	no	7.333333333333333	173.66666666666666	3168.1666666666665
11606	44	Supermarkets and other grocery (except convenience) stores	47	445110	73	47073	Hawkins County, Tennessee	no	8.666666666666666	417.0	6867.666666666667
11607	44	Supermarkets and other grocery (except convenience) stores	47	445110	73	47073	Hawkins County, Tennessee	yes	8.0	328.166461417173	6018.086900421957
11608	44	Supermarkets and other grocery (except convenience) stores	47	445110	75	47075	Haywood County, Tennessee	no	3.0	92.0	1129.0
11609	44	Supermarkets and other grocery (except convenience) stores	47	445110	75	47075	Haywood County, Tennessee	yes	3.0	118.95675933854992	2148.111304492899
11610	44	Supermarkets and other grocery (except convenience) stores	47	445110	77	47077	Henderson County, Tennessee	no	4.0	121.83333333333333	1988.5
11611	44	Supermarkets and other grocery (except convenience) stores	47	445110	79	47079	Henry County, Tennessee	no	4.333333333333333	129.33333333333334	2169.6666666666665
11612	44	Supermarkets and other grocery (except convenience) stores	47	445110	81	47081	Hickman County, Tennessee	yes	2.1666666666666665	86.67969437400076	1574.126911869206
11613	44	Supermarkets and other grocery (except convenience) stores	47	445110	83	47083	Houston County, Tennessee	yes	2.0	80.09775768871214	1455.0365952956492
11614	44	Supermarkets and other grocery (except convenience) stores	47	445110	85	47085	Humphreys County, Tennessee	no	3.6666666666666665	53.5	883.8333333333334
11615	44	Supermarkets and other grocery (except convenience) stores	47	445110	87	47087	Jackson County, Tennessee	no	3.0	36.0	517.0
11616	44	Supermarkets and other grocery (except convenience) stores	47	445110	87	47087	Jackson County, Tennessee	yes	2.2	87.2273120809177	1566.819447527719
11617	44	Supermarkets and other grocery (except convenience) stores	47	445110	89	47089	Jefferson County, Tennessee	yes	4.0	160.19551537742427	2910.0731905912985
11618	44	Supermarkets and other grocery (except convenience) stores	47	445110	91	47091	Johnson County, Tennessee	no	4.166666666666667	109.33333333333333	1676.6666666666667
11619	44	Supermarkets and other grocery (except convenience) stores	47	445110	93	47093	Knox County, Tennessee	no	73.33333333333333	4572.5	92025.66666666667
11620	44	Supermarkets and other grocery (except convenience) stores	47	445110	95	47095	Lake County, Tennessee	yes	2.1666666666666665	86.67969437400076	1574.126911869206
11621	44	Supermarkets and other grocery (except convenience) stores	47	445110	97	47097	Lauderdale County, Tennessee	no	7.0	101.0	1456.0
11622	44	Supermarkets and other grocery (except convenience) stores	47	445110	97	47097	Lauderdale County, Tennessee	yes	4.4	177.35548294746522	3228.9024467998643
11623	44	Supermarkets and other grocery (except convenience) stores	47	445110	99	47099	Lawrence County, Tennessee	no	8.0	205.66666666666666	4014.3333333333335
11624	44	Supermarkets and other grocery (except convenience) stores	47	445110	99	47099	Lawrence County, Tennessee	yes	8.0	328.166461417173	6018.086900421957
11625	44	Supermarkets and other grocery (except convenience) stores	47	445110	101	47101	Lewis County, Tennessee	no	3.4	34.6	653.8
11626	44	Supermarkets and other grocery (except convenience) stores	47	445110	101	47101	Lewis County, Tennessee	yes	3.0	124.80000000000001	2210.7257142857143
11627	44	Supermarkets and other grocery (except convenience) stores	47	445110	103	47103	Lincoln County, Tennessee	no	4.75	87.25	1065.5
11628	44	Supermarkets and other grocery (except convenience) stores	47	445110	103	47103	Lincoln County, Tennessee	yes	5.0	208.92700729927006	3855.6017205422313
11629	44	Supermarkets and other grocery (except convenience) stores	47	445110	105	47105	Loudon County, Tennessee	no	8.333333333333334	392.6666666666667	6552.333333333333
11630	44	Supermarkets and other grocery (except convenience) stores	47	445110	105	47105	Loudon County, Tennessee	yes	9.666666666666666	396.21780913156357	7254.164586598004
11631	44	Supermarkets and other grocery (except convenience) stores	47	445110	107	47107	McMinn County, Tennessee	no	6.0	248.4	5285.4
11632	44	Supermarkets and other grocery (except convenience) stores	47	445110	107	47107	McMinn County, Tennessee	yes	5.0	197.4581005586592	3572.709497206704
11633	44	Supermarkets and other grocery (except convenience) stores	47	445110	109	47109	McNairy County, Tennessee	no	4.8	48.4	778.0
11634	44	Supermarkets and other grocery (except convenience) stores	47	445110	109	47109	McNairy County, Tennessee	yes	4.0	167.8832116788321	3221.3284671532847
11635	44	Supermarkets and other grocery (except convenience) stores	47	445110	111	47111	Macon County, Tennessee	no	4.833333333333333	97.0	1576.3333333333333
11636	44	Supermarkets and other grocery (except convenience) stores	47	445110	113	47113	Madison County, Tennessee	no	14.333333333333334	643.3333333333334	12876.0
11637	44	Supermarkets and other grocery (except convenience) stores	47	445110	113	47113	Madison County, Tennessee	yes	15.0	615.4357161304353	11306.720786744418
11638	44	Supermarkets and other grocery (except convenience) stores	47	445110	115	47115	Marion County, Tennessee	no	4.0	139.66666666666666	2168.1666666666665
11639	44	Supermarkets and other grocery (except convenience) stores	47	445110	117	47117	Marshall County, Tennessee	no	4.666666666666667	138.33333333333334	2740.3333333333335
11640	44	Supermarkets and other grocery (except convenience) stores	47	445110	119	47119	Maury County, Tennessee	no	15.166666666666666	690.6666666666666	15295.166666666666
11641	44	Supermarkets and other grocery (except convenience) stores	47	445110	121	47121	Meigs County, Tennessee	yes	3.8333333333333335	152.27592437114797	2760.4610750759425
11642	44	Supermarkets and other grocery (except convenience) stores	47	445110	123	47123	Monroe County, Tennessee	no	10.5	405.6666666666667	7522.5
11643	44	Supermarkets and other grocery (except convenience) stores	47	445110	125	47125	Montgomery County, Tennessee	no	19.833333333333332	874.1666666666666	20051.166666666668
11644	44	Supermarkets and other grocery (except convenience) stores	47	445110	127	47127	Moore County, Tennessee	yes	1.0	41.828387980311206	777.2747102254684
11645	44	Supermarkets and other grocery (except convenience) stores	47	445110	129	47129	Morgan County, Tennessee	no	4.666666666666667	69.66666666666667	1061.5
11646	44	Supermarkets and other grocery (except convenience) stores	47	445110	131	47131	Obion County, Tennessee	yes	3.0	120.14663653306816	2182.554892943474
11647	44	Supermarkets and other grocery (except convenience) stores	47	445110	133	47133	Overton County, Tennessee	no	6.0	114.16666666666667	2011.0
11648	44	Supermarkets and other grocery (except convenience) stores	47	445110	135	47135	Perry County, Tennessee	yes	2.5	100.19496439262275	1816.0353236808585
11649	44	Supermarkets and other grocery (except convenience) stores	47	445110	137	47137	Pickett County, Tennessee	yes	1.8333333333333333	73.1644243553788	1332.2185000575541
11650	44	Supermarkets and other grocery (except convenience) stores	47	445110	139	47139	Polk County, Tennessee	no	3.5	91.75	1457.5
11651	44	Supermarkets and other grocery (except convenience) stores	47	445110	139	47139	Polk County, Tennessee	yes	2.0	83.65677596062241	1554.5494204509369
11652	44	Supermarkets and other grocery (except convenience) stores	47	445110	141	47141	Putnam County, Tennessee	no	16.666666666666668	437.5	8457.833333333334
11653	44	Supermarkets and other grocery (except convenience) stores	47	445110	143	47143	Rhea County, Tennessee	no	7.0	215.2	3809.6
11654	44	Supermarkets and other grocery (except convenience) stores	47	445110	143	47143	Rhea County, Tennessee	yes	7.0	293.7956204379562	5637.324817518248
11655	44	Supermarkets and other grocery (except convenience) stores	47	445110	145	47145	Roane County, Tennessee	no	6.166666666666667	370.8333333333333	7183.0
11656	44	Supermarkets and other grocery (except convenience) stores	47	445110	147	47147	Robertson County, Tennessee	no	8.666666666666666	311.0	7534.333333333333
11657	44	Supermarkets and other grocery (except convenience) stores	47	445110	147	47147	Robertson County, Tennessee	yes	7.666666666666667	314.1761937772703	5749.642861492516
11658	44	Supermarkets and other grocery (except convenience) stores	47	445110	149	47149	Rutherford County, Tennessee	no	32.666666666666664	2234.6666666666665	49956.666666666664
11659	44	Supermarkets and other grocery (except convenience) stores	47	445110	149	47149	Rutherford County, Tennessee	yes	34.333333333333336	1407.8713343935626	25815.049959940425
11660	44	Supermarkets and other grocery (except convenience) stores	47	445110	151	47151	Scott County, Tennessee	no	3.3333333333333335	56.833333333333336	820.3333333333334
11661	44	Supermarkets and other grocery (except convenience) stores	47	445110	155	47155	Sevier County, Tennessee	no	23.666666666666668	1241.6666666666667	24425.833333333332
11662	44	Supermarkets and other grocery (except convenience) stores	47	445110	157	47157	Shelby County, Tennessee	no	169.33333333333334	6870.0	148439.66666666666
11663	44	Supermarkets and other grocery (except convenience) stores	47	445110	159	47159	Smith County, Tennessee	yes	2.0	80.09775768871214	1455.0365952956492
11664	44	Supermarkets and other grocery (except convenience) stores	47	445110	161	47161	Stewart County, Tennessee	yes	1.6666666666666667	66.15496169527506	1195.9450252204933
11665	44	Supermarkets and other grocery (except convenience) stores	47	445110	163	47163	Sullivan County, Tennessee	no	20.0	1429.0	23662.833333333332
11666	44	Supermarkets and other grocery (except convenience) stores	47	445110	165	47165	Sumner County, Tennessee	no	21.166666666666668	1214.1666666666667	26620.0
11667	44	Supermarkets and other grocery (except convenience) stores	47	445110	167	47167	Tipton County, Tennessee	no	9.0	375.8333333333333	7236.666666666667
11668	44	Supermarkets and other grocery (except convenience) stores	47	445110	169	47169	Trousdale County, Tennessee	no	3.0	62.166666666666664	1226.5
11669	44	Supermarkets and other grocery (except convenience) stores	47	445110	171	47171	Unicoi County, Tennessee	yes	2.3333333333333335	93.6130277073341	1696.9450071073015
11670	44	Supermarkets and other grocery (except convenience) stores	47	445110	173	47173	Union County, Tennessee	yes	1.3333333333333333	53.212752214933346	965.6989307949383
11671	44	Supermarkets and other grocery (except convenience) stores	47	445110	177	47177	Warren County, Tennessee	no	6.5	199.16666666666666	3977.1666666666665
11672	44	Supermarkets and other grocery (except convenience) stores	47	445110	179	47179	Washington County, Tennessee	no	19.5	1389.6666666666667	23450.833333333332
11673	44	Supermarkets and other grocery (except convenience) stores	47	445110	181	47181	Wayne County, Tennessee	no	5.0	79.33333333333333	1156.6666666666667
11674	44	Supermarkets and other grocery (except convenience) stores	47	445110	181	47181	Wayne County, Tennessee	yes	5.0	205.1040383857331	3761.3043127637225
11675	44	Supermarkets and other grocery (except convenience) stores	47	445110	183	47183	Weakley County, Tennessee	no	6.0	98.0	1426.0
11676	44	Supermarkets and other grocery (except convenience) stores	47	445110	183	47183	Weakley County, Tennessee	yes	6.0	235.8143364656913	4233.334024233162
11677	44	Supermarkets and other grocery (except convenience) stores	47	445110	185	47185	White County, Tennessee	no	5.0	94.16666666666667	1829.8333333333333
11678	44	Supermarkets and other grocery (except convenience) stores	47	445110	187	47187	Williamson County, Tennessee	no	30.166666666666668	2038.5	48115.333333333336
11679	44	Supermarkets and other grocery (except convenience) stores	47	445110	189	47189	Wilson County, Tennessee	no	18.6	866.0	20399.2
11680	44	Supermarkets and other grocery (except convenience) stores	47	445110	189	47189	Wilson County, Tennessee	yes	19.0	797.4452554744526	15301.310218978102
11681	44	Tire dealers	47	441320	1	47001	Anderson County, Tennessee	no	7.833333333333333	42.5	1473.1666666666667
11682	44	Tire dealers	47	441320	3	47003	Bedford County, Tennessee	no	4.333333333333333	19.833333333333332	624.5
11683	44	Tire dealers	47	441320	5	47005	Benton County, Tennessee	no	4.666666666666667	12.0	220.66666666666666
11684	44	Tire dealers	47	441320	5	47005	Benton County, Tennessee	yes	3.0	22.07089224232657	422.1694564500769
11685	44	Tire dealers	47	441320	9	47009	Blount County, Tennessee	no	9.5	95.16666666666667	3192.6666666666665
11686	44	Tire dealers	47	441320	11	47011	Bradley County, Tennessee	no	8.333333333333334	121.83333333333333	3756.5
11687	44	Tire dealers	47	441320	13	47013	Campbell County, Tennessee	no	4.833333333333333	12.666666666666666	409.3333333333333
11688	44	Tire dealers	47	441320	17	47017	Carroll County, Tennessee	no	3.4	7.4	313.0
11689	44	Tire dealers	47	441320	17	47017	Carroll County, Tennessee	yes	2.0	13.780821917808218	283.972602739726
11690	44	Tire dealers	47	441320	19	47019	Carter County, Tennessee	no	3.0	9.0	157.5
11691	44	Tire dealers	47	441320	19	47019	Carter County, Tennessee	yes	1.5	9.953504090563165	276.21912290715375
11692	44	Tire dealers	47	441320	21	47021	Cheatham County, Tennessee	yes	1.3333333333333333	9.16574960761252	230.8432744514715
11693	44	Tire dealers	47	441320	23	47023	Chester County, Tennessee	yes	2.0	14.206570562257005	360.7536151129886
11694	44	Tire dealers	47	441320	25	47025	Claiborne County, Tennessee	yes	1.3333333333333333	10.03833662979513	185.20844626767268
11695	44	Tire dealers	47	441320	29	47029	Cocke County, Tennessee	no	3.0	18.0	343.5
11696	44	Tire dealers	47	441320	29	47029	Cocke County, Tennessee	yes	2.0	13.719615201674277	401.03884512937594
11697	44	Tire dealers	47	441320	31	47031	Coffee County, Tennessee	no	7.666666666666667	36.333333333333336	1241.3333333333333
11698	44	Tire dealers	47	441320	33	47033	Crockett County, Tennessee	yes	1.8333333333333333	13.292508062257005	333.9515317796553
11699	44	Tire dealers	47	441320	35	47035	Cumberland County, Tennessee	no	5.0	52.0	2336.0
11700	44	Tire dealers	47	441320	37	47037	Davidson County, Tennessee	no	58.166666666666664	490.5	18177.5
11701	44	Tire dealers	47	441320	39	47039	Decatur County, Tennessee	no	3.0	5.0	116.0
11702	44	Tire dealers	47	441320	39	47039	Decatur County, Tennessee	yes	1.0	6.806301201987644	145.4182279076014
11703	44	Tire dealers	47	441320	41	47041	DeKalb County, Tennessee	yes	1.3333333333333333	9.592373382122325	226.28383817696167
11704	44	Tire dealers	47	441320	43	47043	Dickson County, Tennessee	yes	2.1666666666666665	15.354972388741023	384.41799867463243
11705	44	Tire dealers	47	441320	45	47045	Dyer County, Tennessee	yes	3.3333333333333335	23.991228392405116	585.61571678713
11706	44	Tire dealers	47	441320	47	47047	Fayette County, Tennessee	yes	1.0	7.5902406417112305	140.09157754010695
11707	44	Tire dealers	47	441320	49	47049	Fentress County, Tennessee	yes	1.5	10.822759434426187	251.5285455244087
11708	44	Tire dealers	47	441320	51	47051	Franklin County, Tennessee	yes	1.3333333333333333	9.206741720522443	231.63343634437305
11709	44	Tire dealers	47	441320	53	47053	Gibson County, Tennessee	no	6.833333333333333	47.5	1483.6666666666667
11710	44	Tire dealers	47	441320	55	47055	Giles County, Tennessee	yes	1.5	10.781767321516265	250.73838363150716
11711	44	Tire dealers	47	441320	59	47059	Greene County, Tennessee	no	4.0	28.666666666666668	663.3333333333334
11712	44	Tire dealers	47	441320	59	47059	Greene County, Tennessee	yes	2.6666666666666665	19.389519693306962	377.6841623324299
11713	44	Tire dealers	47	441320	63	47063	Hamblen County, Tennessee	no	5.333333333333333	52.833333333333336	2220.5
11714	44	Tire dealers	47	441320	65	47065	Hamilton County, Tennessee	no	18.5	172.0	5942.0
11715	44	Tire dealers	47	441320	69	47069	Hardeman County, Tennessee	yes	1.0	7.103285281128502	180.3768075564943
11716	44	Tire dealers	47	441320	71	47071	Hardin County, Tennessee	yes	1.0	7.103285281128502	180.3768075564943
11717	44	Tire dealers	47	441320	73	47073	Hawkins County, Tennessee	yes	1.1666666666666667	8.292679220522443	204.83135301103974
11718	44	Tire dealers	47	441320	75	47075	Haywood County, Tennessee	yes	1.0	7.103285281128502	180.3768075564943
11719	44	Tire dealers	47	441320	77	47077	Henderson County, Tennessee	yes	1.5	10.781767321516265	250.73838363150716
11720	44	Tire dealers	47	441320	79	47079	Henry County, Tennessee	no	3.0	28.0	787.0
11721	44	Tire dealers	47	441320	79	47079	Henry County, Tennessee	yes	2.0	13.777633621163286	291.4909782250385
11722	44	Tire dealers	47	441320	81	47081	Hickman County, Tennessee	yes	2.0	14.206570562257005	360.7536151129886
11723	44	Tire dealers	47	441320	85	47085	Humphreys County, Tennessee	yes	1.0	7.103285281128502	180.3768075564943
11724	44	Tire dealers	47	441320	87	47087	Jackson County, Tennessee	yes	1.0	7.103285281128502	180.3768075564943
11725	44	Tire dealers	47	441320	89	47089	Jefferson County, Tennessee	yes	1.0	6.187392979452055	151.3994006849315
11726	44	Tire dealers	47	441320	91	47091	Johnson County, Tennessee	yes	1.0	7.096669610081475	187.10671452233862
11727	44	Tire dealers	47	441320	93	47093	Knox County, Tennessee	no	32.333333333333336	384.0	14019.0
11728	44	Tire dealers	47	441320	95	47095	Lake County, Tennessee	yes	1.0	7.356964080775524	140.72315215002564
11729	44	Tire dealers	47	441320	97	47097	Lauderdale County, Tennessee	yes	1.0	7.103285281128502	180.3768075564943
11730	44	Tire dealers	47	441320	99	47099	Lawrence County, Tennessee	no	5.833333333333333	28.666666666666668	722.5
11731	44	Tire dealers	47	441320	101	47101	Lewis County, Tennessee	no	3.1666666666666665	9.0	341.1666666666667
11732	44	Tire dealers	47	441320	103	47103	Lincoln County, Tennessee	no	4.5	30.666666666666668	854.1666666666666
11733	44	Tire dealers	47	441320	105	47105	Loudon County, Tennessee	no	3.6666666666666665	16.333333333333332	697.3333333333334
11734	44	Tire dealers	47	441320	105	47105	Loudon County, Tennessee	yes	2.0	13.699212962962962	440.0609259259259
11735	44	Tire dealers	47	441320	107	47107	McMinn County, Tennessee	yes	1.0	7.103285281128502	180.3768075564943
11736	44	Tire dealers	47	441320	111	47111	Macon County, Tennessee	no	3.0	5.0	84.5
11737	44	Tire dealers	47	441320	111	47111	Macon County, Tennessee	yes	2.0	14.99948652520369	387.36053630584655
11738	44	Tire dealers	47	441320	113	47113	Madison County, Tennessee	no	13.5	188.33333333333334	7336.166666666667
11739	44	Tire dealers	47	441320	115	47115	Marion County, Tennessee	yes	2.0	14.206570562257005	360.7536151129886
11740	44	Tire dealers	47	441320	117	47117	Marshall County, Tennessee	yes	2.0	14.206570562257005	360.7536151129886
11741	44	Tire dealers	47	441320	119	47119	Maury County, Tennessee	no	6.666666666666667	65.16666666666667	2112.0
11742	44	Tire dealers	47	441320	123	47123	Monroe County, Tennessee	no	3.8333333333333335	6.0	178.83333333333334
11743	44	Tire dealers	47	441320	125	47125	Montgomery County, Tennessee	no	12.333333333333334	111.16666666666667	3613.5
11744	44	Tire dealers	47	441320	131	47131	Obion County, Tennessee	no	4.0	26.333333333333332	644.0
11745	44	Tire dealers	47	441320	133	47133	Overton County, Tennessee	no	3.0	16.0	246.0
11746	44	Tire dealers	47	441320	133	47133	Overton County, Tennessee	yes	1.5	9.98251330030767	221.44518945498498
11747	44	Tire dealers	47	441320	139	47139	Polk County, Tennessee	yes	1.0	7.096669610081475	187.10671452233862
11748	44	Tire dealers	47	441320	141	47141	Putnam County, Tennessee	no	5.5	44.166666666666664	1820.0
11749	44	Tire dealers	47	441320	143	47143	Rhea County, Tennessee	yes	1.6	11.206433498970364	319.1249923001164
11750	44	Tire dealers	47	441320	145	47145	Roane County, Tennessee	yes	2.0	14.206570562257005	360.7536151129886
11751	44	Tire dealers	47	441320	147	47147	Robertson County, Tennessee	no	4.0	21.0	752.0
11752	44	Tire dealers	47	441320	147	47147	Robertson County, Tennessee	yes	2.0	13.830237615884874	379.52198519440987
11753	44	Tire dealers	47	441320	149	47149	Rutherford County, Tennessee	no	19.666666666666668	262.8333333333333	9931.5
11754	44	Tire dealers	47	441320	151	47151	Scott County, Tennessee	yes	1.3333333333333333	9.614026021869243	263.5899557046425
11755	44	Tire dealers	47	441320	153	47153	Sequatchie County, Tennessee	yes	1.8333333333333333	13.058168735772986	337.08923155134477
11756	44	Tire dealers	47	441320	155	47155	Sevier County, Tennessee	no	4.166666666666667	34.666666666666664	1439.5
11757	44	Tire dealers	47	441320	157	47157	Shelby County, Tennessee	no	57.833333333333336	575.5	24131.166666666668
11758	44	Tire dealers	47	441320	159	47159	Smith County, Tennessee	yes	1.0	7.40026936026936	215.3353872053872
11759	44	Tire dealers	47	441320	161	47161	Stewart County, Tennessee	yes	1.5	10.687406881313132	326.52438762626264
11760	44	Tire dealers	47	441320	163	47163	Sullivan County, Tennessee	no	17.666666666666668	112.83333333333333	3309.5
11761	44	Tire dealers	47	441320	165	47165	Sumner County, Tennessee	no	16.833333333333332	149.33333333333334	5099.833333333333
11762	44	Tire dealers	47	441320	167	47167	Tipton County, Tennessee	no	5.0	55.666666666666664	1808.8333333333333
11763	44	Tire dealers	47	441320	169	47169	Trousdale County, Tennessee	yes	1.0	5.484375	160.8125
11764	44	Tire dealers	47	441320	171	47171	Unicoi County, Tennessee	yes	2.0	14.206570562257005	360.7536151129886
11765	44	Tire dealers	47	441320	173	47173	Union County, Tennessee	yes	1.0	7.427067337354202	184.28966906779317
11766	44	Tire dealers	47	441320	177	47177	Warren County, Tennessee	yes	2.0	14.206570562257005	360.7536151129886
11767	44	Tire dealers	47	441320	179	47179	Washington County, Tennessee	no	8.166666666666666	58.5	1769.5
11768	44	Tire dealers	47	441320	181	47181	Wayne County, Tennessee	yes	1.0	7.103285281128502	180.3768075564943
11769	44	Tire dealers	47	441320	183	47183	Weakley County, Tennessee	no	3.0	7.0	94.0
11770	44	Tire dealers	47	441320	183	47183	Weakley County, Tennessee	yes	1.6	11.278831402257874	276.2540398098633
11771	44	Tire dealers	47	441320	185	47185	White County, Tennessee	yes	2.0	14.206570562257005	360.7536151129886
11772	44	Tire dealers	47	441320	187	47187	Williamson County, Tennessee	no	12.833333333333334	183.5	7358.333333333333
11773	44	Tire dealers	47	441320	189	47189	Wilson County, Tennessee	no	8.833333333333334	115.83333333333333	3837.0
11774	44	Used car dealers	47	441120	1	47001	Anderson County, Tennessee	no	4.166666666666667	10.833333333333334	376.5
11775	44	Used car dealers	47	441120	3	47003	Bedford County, Tennessee	no	5.833333333333333	10.333333333333334	457.0
11776	44	Used car dealers	47	441120	5	47005	Benton County, Tennessee	yes	1.0	6.853771551350455	138.81594968660184
11777	44	Used car dealers	47	441120	7	47007	Bledsoe County, Tennessee	yes	1.0	11.596180228788924	133.67949787732394
11778	44	Used car dealers	47	441120	9	47009	Blount County, Tennessee	no	14.666666666666666	53.666666666666664	2657.8333333333335
11779	44	Used car dealers	47	441120	11	47011	Bradley County, Tennessee	no	17.166666666666668	133.5	5402.166666666667
11780	44	Used car dealers	47	441120	15	47015	Cannon County, Tennessee	yes	1.0	7.653275234590988	136.16143955364967
11781	44	Used car dealers	47	441120	19	47019	Carter County, Tennessee	no	6.2	4.6	160.4
11782	44	Used car dealers	47	441120	19	47019	Carter County, Tennessee	yes	4.0	46.6031746031746	491.55555555555554
11783	44	Used car dealers	47	441120	21	47021	Cheatham County, Tennessee	no	3.6666666666666665	20.0	593.0
11784	44	Used car dealers	47	441120	23	47023	Chester County, Tennessee	no	4.5	8.166666666666666	273.6666666666667
11785	44	Used car dealers	47	441120	25	47025	Claiborne County, Tennessee	yes	1.0	7.653275234590988	136.16143955364967
11786	44	Used car dealers	47	441120	27	47027	Clay County, Tennessee	yes	1.0	7.653275234590988	136.16143955364967
11787	44	Used car dealers	47	441120	29	47029	Cocke County, Tennessee	yes	2.0	15.306550469181976	272.32287910729934
11788	44	Used car dealers	47	441120	31	47031	Coffee County, Tennessee	no	10.833333333333334	28.5	1343.1666666666667
11789	44	Used car dealers	47	441120	33	47033	Crockett County, Tennessee	yes	1.75	7.595446664937404	252.92974575800656
11790	44	Used car dealers	47	441120	35	47035	Cumberland County, Tennessee	no	8.5	26.5	1041.5
11791	44	Used car dealers	47	441120	37	47037	Davidson County, Tennessee	no	131.0	900.0	40402.166666666664
11792	44	Used car dealers	47	441120	41	47041	DeKalb County, Tennessee	yes	1.25	11.37702647593952	164.48540843214755
11793	44	Used car dealers	47	441120	43	47043	Dickson County, Tennessee	no	4.666666666666667	5.833333333333333	251.0
11794	44	Used car dealers	47	441120	45	47045	Dyer County, Tennessee	no	7.5	10.833333333333334	331.0
11795	44	Used car dealers	47	441120	49	47049	Fentress County, Tennessee	no	3.0	2.0	47.0
11796	44	Used car dealers	47	441120	49	47049	Fentress County, Tennessee	yes	1.4	10.134365691509814	204.28506255441033
11797	44	Used car dealers	47	441120	51	47051	Franklin County, Tennessee	yes	1.8333333333333333	16.387728985349085	232.22374741487056
11798	44	Used car dealers	47	441120	53	47053	Gibson County, Tennessee	no	9.166666666666666	24.333333333333332	884.3333333333334
11799	44	Used car dealers	47	441120	55	47055	Giles County, Tennessee	no	5.8	21.4	789.4
11800	44	Used car dealers	47	441120	55	47055	Giles County, Tennessee	yes	4.0	46.6031746031746	491.55555555555554
11801	44	Used car dealers	47	441120	57	47057	Grainger County, Tennessee	yes	1.0	7.653275234590988	136.16143955364967
11802	44	Used car dealers	47	441120	59	47059	Greene County, Tennessee	yes	2.1666666666666665	17.80958077221228	288.7046972891175
11803	44	Used car dealers	47	441120	63	47063	Hamblen County, Tennessee	no	11.0	27.166666666666668	911.5
11804	44	Used car dealers	47	441120	65	47065	Hamilton County, Tennessee	no	33.8	146.2	11564.2
11805	44	Used car dealers	47	441120	65	47065	Hamilton County, Tennessee	yes	31.0	251.70652173913044	5575.619565217391
11806	44	Used car dealers	47	441120	71	47071	Hardin County, Tennessee	no	4.5	0.0	187.0
11807	44	Used car dealers	47	441120	71	47071	Hardin County, Tennessee	yes	2.5	13.685120577980882	387.82376749713694
11808	44	Used car dealers	47	441120	73	47073	Hawkins County, Tennessee	yes	1.8333333333333333	13.364751527383035	251.84139762581785
11809	44	Used car dealers	47	441120	75	47075	Haywood County, Tennessee	yes	1.4	8.559993695586286	206.59308953569817
11810	44	Used car dealers	47	441120	77	47077	Henderson County, Tennessee	no	4.0	15.0	653.0
11811	44	Used car dealers	47	441120	77	47077	Henderson County, Tennessee	yes	2.75	22.024161647531216	322.52836517347384
11812	44	Used car dealers	47	441120	79	47079	Henry County, Tennessee	no	5.833333333333333	10.333333333333334	302.6666666666667
11813	44	Used car dealers	47	441120	81	47081	Hickman County, Tennessee	no	3.0	0.0	38.0
11814	44	Used car dealers	47	441120	81	47081	Hickman County, Tennessee	yes	1.5	8.670100815135031	213.2766880065792
11815	44	Used car dealers	47	441120	83	47083	Houston County, Tennessee	yes	1.1666666666666667	10.156305537621291	152.54325773546785
11816	44	Used car dealers	47	441120	85	47085	Humphreys County, Tennessee	yes	1.0	11.65079365079365	122.88888888888889
11817	44	Used car dealers	47	441120	87	47087	Jackson County, Tennessee	yes	1.0	8.119565217391305	179.8586956521739
11818	44	Used car dealers	47	441120	89	47089	Jefferson County, Tennessee	yes	1.8333333333333333	17.89619459381469	239.8644881556113
11819	44	Used car dealers	47	441120	91	47091	Johnson County, Tennessee	yes	1.0	11.65079365079365	122.88888888888889
11820	44	Used car dealers	47	441120	93	47093	Knox County, Tennessee	no	51.0	482.0	20734.833333333332
11821	44	Used car dealers	47	441120	97	47097	Lauderdale County, Tennessee	yes	1.3333333333333333	9.07512702145418	192.64238942789657
11822	44	Used car dealers	47	441120	99	47099	Lawrence County, Tennessee	no	11.166666666666666	42.5	1167.0
11823	44	Used car dealers	47	441120	103	47103	Lincoln County, Tennessee	no	5.666666666666667	5.5	347.5
11824	44	Used car dealers	47	441120	105	47105	Loudon County, Tennessee	no	9.666666666666666	43.0	1594.3333333333333
11825	44	Used car dealers	47	441120	107	47107	McMinn County, Tennessee	no	6.833333333333333	11.833333333333334	611.3333333333334
11826	44	Used car dealers	47	441120	109	47109	McNairy County, Tennessee	yes	1.6666666666666667	15.95439565201575	219.3830066741298
11827	44	Used car dealers	47	441120	111	47111	Macon County, Tennessee	no	3.0	3.0	82.2
11828	44	Used car dealers	47	441120	111	47111	Macon County, Tennessee	yes	2.0	23.3015873015873	245.77777777777777
11829	44	Used car dealers	47	441120	113	47113	Madison County, Tennessee	no	9.5	61.666666666666664	1848.5
11830	44	Used car dealers	47	441120	115	47115	Marion County, Tennessee	yes	1.0	3.710370240393052	138.64338122997538
11831	44	Used car dealers	47	441120	117	47117	Marshall County, Tennessee	yes	1.5	13.451365348985448	203.00118849231163
11832	44	Used car dealers	47	441120	119	47119	Maury County, Tennessee	no	9.5	82.16666666666667	3099.1666666666665
11833	44	Used car dealers	47	441120	123	47123	Monroe County, Tennessee	no	3.0	0.0	502.0
11834	44	Used car dealers	47	441120	123	47123	Monroe County, Tennessee	yes	2.2	16.711179466337274	297.2900811913855
11835	44	Used car dealers	47	441120	125	47125	Montgomery County, Tennessee	no	16.666666666666668	66.5	2764.3333333333335
11836	44	Used car dealers	47	441120	129	47129	Morgan County, Tennessee	yes	1.0	4.812668984642615	148.94720983552503
11837	44	Used car dealers	47	441120	131	47131	Obion County, Tennessee	no	7.4	40.2	1939.0
11838	44	Used car dealers	47	441120	131	47131	Obion County, Tennessee	yes	5.0	40.59782608695652	899.2934782608695
11839	44	Used car dealers	47	441120	133	47133	Overton County, Tennessee	yes	1.3333333333333333	9.43986943748954	178.9786295697527
11840	44	Used car dealers	47	441120	137	47137	Pickett County, Tennessee	yes	1.0	13.334487734487734	110.58989898989898
11841	44	Used car dealers	47	441120	141	47141	Putnam County, Tennessee	no	8.0	23.833333333333332	1269.1666666666667
11842	44	Used car dealers	47	441120	143	47143	Rhea County, Tennessee	no	3.6666666666666665	10.666666666666666	359.6666666666667
11843	44	Used car dealers	47	441120	145	47145	Roane County, Tennessee	yes	1.3333333333333333	12.09810447942023	173.02473921694934
11844	44	Used car dealers	47	441120	147	47147	Robertson County, Tennessee	no	4.833333333333333	12.333333333333334	457.1666666666667
11845	44	Used car dealers	47	441120	149	47149	Rutherford County, Tennessee	no	46.833333333333336	212.33333333333334	8639.5
11846	44	Used car dealers	47	441120	151	47151	Scott County, Tennessee	yes	2.0	15.306550469181976	272.32287910729934
11847	44	Used car dealers	47	441120	153	47153	Sequatchie County, Tennessee	yes	1.0	4.265555360589577	169.44284962274082
11848	44	Used car dealers	47	441120	155	47155	Sevier County, Tennessee	no	6.5	8.166666666666666	252.83333333333334
11849	44	Used car dealers	47	441120	157	47157	Shelby County, Tennessee	no	68.33333333333333	657.0	31131.666666666668
11850	44	Used car dealers	47	441120	159	47159	Smith County, Tennessee	no	3.0	9.0	142.0
11851	44	Used car dealers	47	441120	159	47159	Smith County, Tennessee	yes	2.0	18.694270343183387	239.04146903820816
11852	44	Used car dealers	47	441120	163	47163	Sullivan County, Tennessee	no	16.666666666666668	36.166666666666664	1430.1666666666667
11853	44	Used car dealers	47	441120	165	47165	Sumner County, Tennessee	no	16.5	65.83333333333333	3035.3333333333335
11854	44	Used car dealers	47	441120	167	47167	Tipton County, Tennessee	no	5.333333333333333	9.666666666666666	256.3333333333333
11855	44	Used car dealers	47	441120	167	47167	Tipton County, Tennessee	yes	4.666666666666667	55.27437940481419	608.4445908358952
11856	44	Used car dealers	47	441120	169	47169	Trousdale County, Tennessee	yes	1.0	7.653275234590988	136.16143955364967
11857	44	Used car dealers	47	441120	171	47171	Unicoi County, Tennessee	no	3.0	10.333333333333334	255.33333333333334
11858	44	Used car dealers	47	441120	171	47171	Unicoi County, Tennessee	yes	2.0	23.19236045757785	267.3589957546479
11859	44	Used car dealers	47	441120	173	47173	Union County, Tennessee	yes	1.1666666666666667	9.59507417638993	156.64292103513117
11860	44	Used car dealers	47	441120	177	47177	Warren County, Tennessee	no	7.166666666666667	23.0	911.8333333333334
11861	44	Used car dealers	47	441120	179	47179	Washington County, Tennessee	no	8.5	24.166666666666668	844.8333333333334
11862	44	Used car dealers	47	441120	181	47181	Wayne County, Tennessee	yes	1.0	7.653275234590988	136.16143955364967
11863	44	Used car dealers	47	441120	183	47183	Weakley County, Tennessee	yes	1.0	15.018181818181818	98.29090909090908
11864	44	Used car dealers	47	441120	185	47185	White County, Tennessee	yes	1.3333333333333333	9.07512702145418	192.64238942789657
11865	44	Used car dealers	47	441120	187	47187	Williamson County, Tennessee	no	5.6	226.6	9979.6
11866	44	Used car dealers	47	441120	187	47187	Williamson County, Tennessee	yes	5.0	58.25396825396825	614.4444444444445
11867	44	Used car dealers	47	441120	189	47189	Wilson County, Tennessee	no	12.666666666666666	25.666666666666668	1194.3333333333333
11868	44	Window treatment stores	47	442291	9	47009	Blount County, Tennessee	yes	1.0	2.368058608058608	54.70913308913309
11869	44	Window treatment stores	47	442291	35	47035	Cumberland County, Tennessee	yes	1.0	3.2	49.333333333333336
11870	44	Window treatment stores	47	442291	37	47037	Davidson County, Tennessee	no	3.5	9.833333333333334	578.5
11871	44	Window treatment stores	47	442291	39	47039	Decatur County, Tennessee	yes	1.0	1.7333333333333334	50.6
11872	44	Window treatment stores	47	442291	47	47047	Fayette County, Tennessee	yes	1.0	2.5067155067155062	53.81316646316645
11873	44	Window treatment stores	47	442291	65	47065	Hamilton County, Tennessee	yes	1.0	2.5067155067155062	53.81316646316645
11874	44	Window treatment stores	47	442291	73	47073	Hawkins County, Tennessee	yes	1.0	1.7333333333333334	50.6
11875	44	Window treatment stores	47	442291	93	47093	Knox County, Tennessee	no	4.5	1.25	128.25
11876	44	Window treatment stores	47	442291	93	47093	Knox County, Tennessee	yes	3.0	6.35	208.58333333333331
11877	44	Window treatment stores	47	442291	113	47113	Madison County, Tennessee	yes	2.0	5.0134310134310125	107.6263329263329
11878	44	Window treatment stores	47	442291	149	47149	Rutherford County, Tennessee	yes	1.1666666666666667	3.0451770451770455	60.223422873422884
11879	44	Window treatment stores	47	442291	155	47155	Sevier County, Tennessee	yes	1.1666666666666667	2.795604395604396	62.24649979649979
11880	44	Window treatment stores	47	442291	157	47157	Shelby County, Tennessee	no	3.5	3.5	145.5
11881	44	Window treatment stores	47	442291	157	47157	Shelby County, Tennessee	yes	1.75	4.779761904761905	94.47817460317461
11882	44	Window treatment stores	47	442291	163	47163	Sullivan County, Tennessee	yes	1.0	2.5067155067155062	53.81316646316645
11883	44	Window treatment stores	47	442291	165	47165	Sumner County, Tennessee	yes	1.0	3.0245421245421245	44.407814407814406
11884	44	Window treatment stores	47	442291	167	47167	Tipton County, Tennessee	yes	1.0	2.5067155067155062	53.81316646316645
11885	44	Window treatment stores	47	442291	179	47179	Washington County, Tennessee	yes	1.0	2.5067155067155062	53.81316646316645
11886	44	Window treatment stores	47	442291	187	47187	Williamson County, Tennessee	yes	1.1666666666666667	2.795604395604396	62.24649979649979
11887	44	Women's clothing stores	47	448120	1	47001	Anderson County, Tennessee	yes	1.6666666666666667	15.520634156937499	126.97052559831586
11888	44	Women's clothing stores	47	448120	3	47003	Bedford County, Tennessee	no	4.0	17.666666666666668	336.6666666666667
11889	44	Women's clothing stores	47	448120	3	47003	Bedford County, Tennessee	yes	4.0	56.53972890288292	288.3653067149014
11890	44	Women's clothing stores	47	448120	5	47005	Benton County, Tennessee	yes	1.0	10.77843208666013	73.0318555353224
11891	44	Women's clothing stores	47	448120	9	47009	Blount County, Tennessee	no	7.5	70.0	692.8333333333334
11892	44	Women's clothing stores	47	448120	11	47011	Bradley County, Tennessee	no	5.833333333333333	51.833333333333336	481.3333333333333
11893	44	Women's clothing stores	47	448120	13	47013	Campbell County, Tennessee	yes	1.0	23.694915254237287	74.11864406779661
11894	44	Women's clothing stores	47	448120	17	47017	Carroll County, Tennessee	yes	1.3333333333333333	16.049492851743807	96.90554295213134
11895	44	Women's clothing stores	47	448120	19	47019	Carter County, Tennessee	no	3.0	0.0	428.0
11896	44	Women's clothing stores	47	448120	19	47019	Carter County, Tennessee	yes	2.0	15.991941549886215	145.32929692178703
11897	44	Women's clothing stores	47	448120	23	47023	Chester County, Tennessee	yes	1.0	7.362258953168044	81.09531680440772
11898	44	Women's clothing stores	47	448120	29	47029	Cocke County, Tennessee	yes	1.0	10.612461521492138	72.90698106204404
11899	44	Women's clothing stores	47	448120	31	47031	Coffee County, Tennessee	no	4.5	27.833333333333332	329.0
11900	44	Women's clothing stores	47	448120	33	47033	Crockett County, Tennessee	yes	1.0	7.763145286860702	73.36262875793508
11901	44	Women's clothing stores	47	448120	35	47035	Cumberland County, Tennessee	no	9.5	53.0	571.5
11902	44	Women's clothing stores	47	448120	37	47037	Davidson County, Tennessee	no	110.5	1251.0	18140.333333333332
11903	44	Women's clothing stores	47	448120	41	47041	DeKalb County, Tennessee	yes	1.0	7.362258953168044	81.09531680440772
11904	44	Women's clothing stores	47	448120	43	47043	Dickson County, Tennessee	no	3.5	21.5	289.6666666666667
11905	44	Women's clothing stores	47	448120	45	47045	Dyer County, Tennessee	no	7.833333333333333	33.333333333333336	386.6666666666667
11906	44	Women's clothing stores	47	448120	47	47047	Fayette County, Tennessee	yes	1.1666666666666667	14.561614063865017	85.26008840667681
11907	44	Women's clothing stores	47	448120	51	47051	Franklin County, Tennessee	yes	1.6666666666666667	18.503579169466487	123.93731522026725
11908	44	Women's clothing stores	47	448120	53	47053	Gibson County, Tennessee	no	7.833333333333333	34.333333333333336	499.0
11909	44	Women's clothing stores	47	448120	55	47055	Giles County, Tennessee	yes	1.0	10.612461521492138	72.90698106204404
11910	44	Women's clothing stores	47	448120	57	47057	Grainger County, Tennessee	yes	1.0	7.362258953168044	81.09531680440772
11911	44	Women's clothing stores	47	448120	59	47059	Greene County, Tennessee	no	4.666666666666667	29.5	323.1666666666667
11912	44	Women's clothing stores	47	448120	61	47061	Grundy County, Tennessee	yes	1.0	7.362258953168044	81.09531680440772
11913	44	Women's clothing stores	47	448120	63	47063	Hamblen County, Tennessee	no	7.833333333333333	61.666666666666664	569.0
11914	44	Women's clothing stores	47	448120	65	47065	Hamilton County, Tennessee	no	47.833333333333336	448.8333333333333	5112.0
11915	44	Women's clothing stores	47	448120	69	47069	Hardeman County, Tennessee	yes	1.0	10.612461521492138	72.90698106204404
11916	44	Women's clothing stores	47	448120	71	47071	Hardin County, Tennessee	yes	1.1666666666666667	14.561614063865017	85.26008840667681
11917	44	Women's clothing stores	47	448120	73	47073	Hawkins County, Tennessee	yes	1.25	17.164950740066303	92.35129861792035
11918	44	Women's clothing stores	47	448120	75	47075	Haywood County, Tennessee	yes	1.3333333333333333	16.049492851743807	96.90554295213134
11919	44	Women's clothing stores	47	448120	77	47077	Henderson County, Tennessee	yes	2.0	21.224923042984276	145.81396212408808
11920	44	Women's clothing stores	47	448120	79	47079	Henry County, Tennessee	no	4.25	13.75	138.0
11921	44	Women's clothing stores	47	448120	79	47079	Henry County, Tennessee	yes	2.0	32.62218798151002	143.99137134052387
11922	44	Women's clothing stores	47	448120	85	47085	Humphreys County, Tennessee	yes	1.0	11.836676471961527	76.54550123733482
11923	44	Women's clothing stores	47	448120	89	47089	Jefferson County, Tennessee	yes	1.1666666666666667	14.561614063865017	85.26008840667681
11924	44	Women's clothing stores	47	448120	93	47093	Knox County, Tennessee	no	64.0	596.0	7097.166666666667
11925	44	Women's clothing stores	47	448120	97	47097	Lauderdale County, Tennessee	yes	2.0	21.224923042984276	145.81396212408808
11926	44	Women's clothing stores	47	448120	99	47099	Lawrence County, Tennessee	yes	2.5	25.309444143315655	184.8928358414993
11927	44	Women's clothing stores	47	448120	103	47103	Lincoln County, Tennessee	yes	1.8333333333333333	19.59448826037558	133.7668606748127
11928	44	Women's clothing stores	47	448120	105	47105	Loudon County, Tennessee	no	3.0	10.0	104.0
11929	44	Women's clothing stores	47	448120	105	47105	Loudon County, Tennessee	yes	2.0	21.55686417332026	146.0637110706448
11930	44	Women's clothing stores	47	448120	107	47107	McMinn County, Tennessee	no	3.5	12.5	214.5
11931	44	Women's clothing stores	47	448120	107	47107	McMinn County, Tennessee	yes	2.0	15.526290573721404	146.72525751587017
11932	44	Women's clothing stores	47	448120	109	47109	McNairy County, Tennessee	yes	1.6666666666666667	15.787891712732607	121.81540023400076
11933	44	Women's clothing stores	47	448120	111	47111	Macon County, Tennessee	yes	1.5	14.157456930123912	109.76829878472539
11934	44	Women's clothing stores	47	448120	113	47113	Madison County, Tennessee	no	23.666666666666668	168.16666666666666	1839.6666666666667
11935	44	Women's clothing stores	47	448120	115	47115	Marion County, Tennessee	yes	1.0	10.612461521492138	72.90698106204404
11936	44	Women's clothing stores	47	448120	117	47117	Marshall County, Tennessee	yes	1.0	10.612461521492138	72.90698106204404
11937	44	Women's clothing stores	47	448120	119	47119	Maury County, Tennessee	no	4.833333333333333	30.5	332.8333333333333
11938	44	Women's clothing stores	47	448120	123	47123	Monroe County, Tennessee	no	3.5	14.5	317.5
11939	44	Women's clothing stores	47	448120	125	47125	Montgomery County, Tennessee	no	18.0	158.5	1718.8333333333333
11940	44	Women's clothing stores	47	448120	127	47127	Moore County, Tennessee	yes	1.0	7.362258953168044	81.09531680440772
11941	44	Women's clothing stores	47	448120	131	47131	Obion County, Tennessee	no	7.0	37.666666666666664	398.8333333333333
11942	44	Women's clothing stores	47	448120	133	47133	Overton County, Tennessee	yes	1.0	14.13493222572073	72.09132667872535
11943	44	Women's clothing stores	47	448120	141	47141	Putnam County, Tennessee	no	6.666666666666667	56.166666666666664	608.8333333333334
11944	44	Women's clothing stores	47	448120	143	47143	Rhea County, Tennessee	yes	1.3333333333333333	16.049492851743807	96.90554295213134
11945	44	Women's clothing stores	47	448120	145	47145	Roane County, Tennessee	yes	1.8333333333333333	22.05576201486967	134.47451347399092
11946	44	Women's clothing stores	47	448120	147	47147	Robertson County, Tennessee	yes	2.8333333333333335	30.20694978186772	206.67384173685673
11947	44	Women's clothing stores	47	448120	149	47149	Rutherford County, Tennessee	no	36.833333333333336	390.3333333333333	4457.5
11948	44	Women's clothing stores	47	448120	151	47151	Scott County, Tennessee	yes	1.5	17.015700381587703	112.29186067481271
11949	44	Women's clothing stores	47	448120	155	47155	Sevier County, Tennessee	no	34.0	358.8333333333333	4967.0
11950	44	Women's clothing stores	47	448120	157	47157	Shelby County, Tennessee	no	146.16666666666666	1404.8333333333333	17407.5
11951	44	Women's clothing stores	47	448120	163	47163	Sullivan County, Tennessee	no	19.666666666666668	118.33333333333333	1429.5
11952	44	Women's clothing stores	47	448120	165	47165	Sumner County, Tennessee	no	13.666666666666666	50.0	1246.8333333333333
11953	44	Women's clothing stores	47	448120	167	47167	Tipton County, Tennessee	no	6.0	42.333333333333336	609.3333333333334
11954	44	Women's clothing stores	47	448120	167	47167	Tipton County, Tennessee	yes	4.333333333333333	59.80059846810031	312.4595096134521
11955	44	Women's clothing stores	47	448120	177	47177	Warren County, Tennessee	yes	2.0	21.224923042984276	145.81396212408808
11956	44	Women's clothing stores	47	448120	179	47179	Washington County, Tennessee	no	20.333333333333332	150.5	2271.0
11957	44	Women's clothing stores	47	448120	183	47183	Weakley County, Tennessee	no	6.0	17.0	207.0
11958	44	Women's clothing stores	47	448120	183	47183	Weakley County, Tennessee	yes	2.0	15.820874356210325	144.84732063720205
11959	44	Women's clothing stores	47	448120	185	47185	White County, Tennessee	yes	1.0	16.31109399075501	71.99568567026193
11960	44	Women's clothing stores	47	448120	187	47187	Williamson County, Tennessee	no	37.5	278.1666666666667	4951.166666666667
11961	44	Women's clothing stores	47	448120	189	47189	Wilson County, Tennessee	no	20.666666666666668	167.33333333333334	2046.5
11962	45	All other general merchandise stores	47	452990	1	47001	Anderson County, Tennessee	no	12.333333333333334	95.66666666666667	1833.6666666666667
11963	45	All other general merchandise stores	47	452990	3	47003	Bedford County, Tennessee	no	9.0	80.0	1321.8333333333333
11964	45	All other general merchandise stores	47	452990	5	47005	Benton County, Tennessee	no	4.666666666666667	21.666666666666668	462.3333333333333
11965	45	All other general merchandise stores	47	452990	7	47007	Bledsoe County, Tennessee	yes	2.0	25.101673436088223	237.00913562268124
11966	45	All other general merchandise stores	47	452990	9	47009	Blount County, Tennessee	no	18.333333333333332	124.0	2499.5
11967	45	All other general merchandise stores	47	452990	11	47011	Bradley County, Tennessee	no	16.0	134.83333333333334	2141.8333333333335
11968	45	All other general merchandise stores	47	452990	13	47013	Campbell County, Tennessee	no	10.0	75.5	1229.8333333333333
11969	45	All other general merchandise stores	47	452990	15	47015	Cannon County, Tennessee	no	4.0	48.0	668.0
11970	45	All other general merchandise stores	47	452990	15	47015	Cannon County, Tennessee	yes	4.333333333333333	76.48632835129185	503.2172702188923
11971	45	All other general merchandise stores	47	452990	17	47017	Carroll County, Tennessee	yes	9.333333333333334	116.75076639313295	1103.3280511390064
11972	45	All other general merchandise stores	47	452990	19	47019	Carter County, Tennessee	no	10.666666666666666	50.0	1521.8333333333333
11973	45	All other general merchandise stores	47	452990	21	47021	Cheatham County, Tennessee	yes	8.166666666666666	96.81690313961577	974.7867045871577
11974	45	All other general merchandise stores	47	452990	23	47023	Chester County, Tennessee	no	4.833333333333333	28.0	553.8333333333334
11975	45	All other general merchandise stores	47	452990	25	47025	Claiborne County, Tennessee	no	6.0	26.0	397.0
11976	45	All other general merchandise stores	47	452990	25	47025	Claiborne County, Tennessee	yes	5.4	57.49988776929196	644.432081073692
11977	45	All other general merchandise stores	47	452990	27	47027	Clay County, Tennessee	yes	2.3333333333333335	27.69828476678651	279.4415203394138
11978	45	All other general merchandise stores	47	452990	29	47029	Cocke County, Tennessee	no	11.666666666666666	59.0	1122.3333333333333
11979	45	All other general merchandise stores	47	452990	31	47031	Coffee County, Tennessee	no	14.5	114.0	1757.5
11980	45	All other general merchandise stores	47	452990	33	47033	Crockett County, Tennessee	yes	4.0	50.203346872176446	474.0182712453625
11981	45	All other general merchandise stores	47	452990	35	47035	Cumberland County, Tennessee	no	15.333333333333334	121.66666666666667	1916.1666666666667
11982	45	All other general merchandise stores	47	452990	37	47037	Davidson County, Tennessee	no	92.83333333333333	900.6666666666666	14641.666666666666
11983	45	All other general merchandise stores	47	452990	39	47039	Decatur County, Tennessee	no	4.0	37.0	678.0
11984	45	All other general merchandise stores	47	452990	39	47039	Decatur County, Tennessee	yes	2.75	37.309348239959554	310.3333241755991
11985	45	All other general merchandise stores	47	452990	41	47041	DeKalb County, Tennessee	no	3.3333333333333335	23.333333333333332	355.0
11986	45	All other general merchandise stores	47	452990	41	47041	DeKalb County, Tennessee	yes	4.0	30.142587615283265	483.1196837944664
11987	45	All other general merchandise stores	47	452990	43	47043	Dickson County, Tennessee	no	13.666666666666666	116.66666666666667	1864.0
11988	45	All other general merchandise stores	47	452990	43	47043	Dickson County, Tennessee	yes	12.333333333333334	216.0363660062565	1432.4093062475058
11989	45	All other general merchandise stores	47	452990	45	47045	Dyer County, Tennessee	no	11.333333333333334	63.666666666666664	1428.1666666666667
11990	45	All other general merchandise stores	47	452990	47	47047	Fayette County, Tennessee	no	7.5	48.5	734.8333333333334
11991	45	All other general merchandise stores	47	452990	49	47049	Fentress County, Tennessee	yes	3.8333333333333335	47.15346852667766	453.88323474901216
11992	45	All other general merchandise stores	47	452990	51	47051	Franklin County, Tennessee	no	9.166666666666666	69.66666666666667	997.6666666666666
11993	45	All other general merchandise stores	47	452990	53	47053	Gibson County, Tennessee	no	15.666666666666666	75.33333333333333	1539.0
11994	45	All other general merchandise stores	47	452990	55	47055	Giles County, Tennessee	no	12.666666666666666	95.0	1592.0
11995	45	All other general merchandise stores	47	452990	55	47055	Giles County, Tennessee	yes	11.333333333333334	198.47033947398913	1316.180091573441
11996	45	All other general merchandise stores	47	452990	57	47057	Grainger County, Tennessee	no	8.0	0.0	718.0
11997	45	All other general merchandise stores	47	452990	57	47057	Grainger County, Tennessee	yes	8.75	82.32990231507623	1041.216847355543
11998	45	All other general merchandise stores	47	452990	59	47059	Greene County, Tennessee	no	16.5	84.83333333333333	2102.0
11999	45	All other general merchandise stores	47	452990	61	47061	Grundy County, Tennessee	no	8.8	40.4	834.2
12000	45	All other general merchandise stores	47	452990	61	47061	Grundy County, Tennessee	yes	8.0	149.33333333333331	919.2098765432098
12001	45	All other general merchandise stores	47	452990	63	47063	Hamblen County, Tennessee	no	14.833333333333334	89.83333333333333	1860.5
12002	45	All other general merchandise stores	47	452990	65	47065	Hamilton County, Tennessee	no	61.5	541.6666666666666	8630.666666666666
12003	45	All other general merchandise stores	47	452990	67	47067	Hancock County, Tennessee	yes	2.0	25.101673436088223	237.00913562268124
12004	45	All other general merchandise stores	47	452990	69	47069	Hardeman County, Tennessee	no	10.0	35.166666666666664	1046.8333333333333
12005	45	All other general merchandise stores	47	452990	71	47071	Hardin County, Tennessee	no	7.5	32.0	866.1666666666666
12006	45	All other general merchandise stores	47	452990	73	47073	Hawkins County, Tennessee	no	9.333333333333334	32.166666666666664	1064.0
12007	45	All other general merchandise stores	47	452990	75	47075	Haywood County, Tennessee	no	4.0	23.5	407.5
12008	45	All other general merchandise stores	47	452990	75	47075	Haywood County, Tennessee	yes	2.0	36.96593673965937	235.7114535460034
12009	45	All other general merchandise stores	47	452990	77	47077	Henderson County, Tennessee	no	9.5	62.333333333333336	1010.0
12010	45	All other general merchandise stores	47	452990	79	47079	Henry County, Tennessee	no	9.5	104.75	1323.5
12011	45	All other general merchandise stores	47	452990	79	47079	Henry County, Tennessee	yes	7.0	129.3807785888078	824.9900874110119
12012	45	All other general merchandise stores	47	452990	81	47081	Hickman County, Tennessee	no	5.666666666666667	48.5	741.5
12013	45	All other general merchandise stores	47	452990	83	47083	Houston County, Tennessee	no	4.0	18.166666666666668	426.8333333333333
12014	45	All other general merchandise stores	47	452990	85	47085	Humphreys County, Tennessee	yes	3.5	46.435523420266044	413.62831077105415
12015	45	All other general merchandise stores	47	452990	87	47087	Jackson County, Tennessee	yes	3.0	37.65251015413234	355.51370343402186
12016	45	All other general merchandise stores	47	452990	89	47089	Jefferson County, Tennessee	no	9.666666666666666	70.83333333333333	1183.1666666666667
12017	45	All other general merchandise stores	47	452990	91	47091	Johnson County, Tennessee	no	5.0	40.666666666666664	607.3333333333334
12018	45	All other general merchandise stores	47	452990	91	47091	Johnson County, Tennessee	yes	5.0	87.83013266133703	581.146073370323
12019	45	All other general merchandise stores	47	452990	93	47093	Knox County, Tennessee	no	55.333333333333336	525.0	8856.833333333334
12020	45	All other general merchandise stores	47	452990	95	47095	Lake County, Tennessee	no	3.0	11.4	334.2
12021	45	All other general merchandise stores	47	452990	95	47095	Lake County, Tennessee	yes	3.0	56.0	344.7037037037037
12022	45	All other general merchandise stores	47	452990	97	47097	Lauderdale County, Tennessee	no	6.166666666666667	40.166666666666664	652.3333333333334
12023	45	All other general merchandise stores	47	452990	99	47099	Lawrence County, Tennessee	no	14.75	111.75	1714.25
12024	45	All other general merchandise stores	47	452990	99	47099	Lawrence County, Tennessee	yes	15.5	264.38988095238096	1764.6062610229276
12025	45	All other general merchandise stores	47	452990	101	47101	Lewis County, Tennessee	yes	2.6666666666666665	31.491520697522443	316.2284611763546
12026	45	All other general merchandise stores	47	452990	103	47103	Lincoln County, Tennessee	no	6.0	37.666666666666664	810.3333333333334
12027	45	All other general merchandise stores	47	452990	103	47103	Lincoln County, Tennessee	yes	6.333333333333333	48.06467984189723	773.6291436100132
12028	45	All other general merchandise stores	47	452990	105	47105	Loudon County, Tennessee	no	9.666666666666666	68.0	1331.0
12029	45	All other general merchandise stores	47	452990	107	47107	McMinn County, Tennessee	no	14.0	64.83333333333333	1583.6666666666667
12030	45	All other general merchandise stores	47	452990	109	47109	McNairy County, Tennessee	no	8.5	36.0	826.25
12031	45	All other general merchandise stores	47	452990	109	47109	McNairy County, Tennessee	yes	7.5	138.53041362530413	885.395196900063
12032	45	All other general merchandise stores	47	452990	111	47111	Macon County, Tennessee	no	4.0	36.0	457.3333333333333
12033	45	All other general merchandise stores	47	452990	111	47111	Macon County, Tennessee	yes	4.0	70.26410612906963	464.9168586962585
12034	45	All other general merchandise stores	47	452990	113	47113	Madison County, Tennessee	no	30.166666666666668	268.6666666666667	4054.1666666666665
12035	45	All other general merchandise stores	47	452990	115	47115	Marion County, Tennessee	no	8.666666666666666	55.5	1100.0
12036	45	All other general merchandise stores	47	452990	117	47117	Marshall County, Tennessee	no	8.666666666666666	47.666666666666664	1045.0
12037	45	All other general merchandise stores	47	452990	117	47117	Marshall County, Tennessee	yes	8.0	60.28517523056653	966.2393675889329
12038	45	All other general merchandise stores	47	452990	119	47119	Maury County, Tennessee	no	24.333333333333332	167.0	2571.6666666666665
12039	45	All other general merchandise stores	47	452990	121	47121	Meigs County, Tennessee	no	4.333333333333333	17.333333333333332	348.5
12040	45	All other general merchandise stores	47	452990	123	47123	Monroe County, Tennessee	no	11.0	74.0	1124.6666666666667
12041	45	All other general merchandise stores	47	452990	125	47125	Montgomery County, Tennessee	no	31.833333333333332	331.1666666666667	5057.166666666667
12042	45	All other general merchandise stores	47	452990	127	47127	Moore County, Tennessee	no	3.0	0.0	166.0
12043	45	All other general merchandise stores	47	452990	127	47127	Moore County, Tennessee	yes	1.6	19.686366497270846	185.16801349589755
12044	45	All other general merchandise stores	47	452990	129	47129	Morgan County, Tennessee	yes	4.166666666666667	51.374558993388575	491.9758470029381
12045	45	All other general merchandise stores	47	452990	131	47131	Obion County, Tennessee	no	9.0	75.66666666666667	1306.1666666666667
12046	45	All other general merchandise stores	47	452990	133	47133	Overton County, Tennessee	no	5.4	24.2	818.4
12047	45	All other general merchandise stores	47	452990	133	47133	Overton County, Tennessee	yes	5.0	78.66071428571428	564.8809523809523
12048	45	All other general merchandise stores	47	452990	135	47135	Perry County, Tennessee	no	4.666666666666667	31.333333333333332	432.3333333333333
12049	45	All other general merchandise stores	47	452990	135	47135	Perry County, Tennessee	yes	4.0	70.26410612906963	464.9168586962585
12050	45	All other general merchandise stores	47	452990	137	47137	Pickett County, Tennessee	no	3.0	4.333333333333333	209.0
12051	45	All other general merchandise stores	47	452990	137	47137	Pickett County, Tennessee	yes	2.0	15.071293807641633	241.5598418972332
12052	45	All other general merchandise stores	47	452990	139	47139	Polk County, Tennessee	no	8.333333333333334	45.0	857.6666666666666
12053	45	All other general merchandise stores	47	452990	141	47141	Putnam County, Tennessee	no	16.5	150.5	2382.0
12054	45	All other general merchandise stores	47	452990	143	47143	Rhea County, Tennessee	no	7.333333333333333	55.0	812.0
12055	45	All other general merchandise stores	47	452990	145	47145	Roane County, Tennessee	no	10.833333333333334	54.5	1295.3333333333333
12056	45	All other general merchandise stores	47	452990	147	47147	Robertson County, Tennessee	no	12.0	94.0	1606.8333333333333
12057	45	All other general merchandise stores	47	452990	149	47149	Rutherford County, Tennessee	no	44.0	377.0	6007.666666666667
12058	45	All other general merchandise stores	47	452990	151	47151	Scott County, Tennessee	no	5.666666666666667	37.666666666666664	543.6666666666666
12059	45	All other general merchandise stores	47	452990	151	47151	Scott County, Tennessee	yes	5.666666666666667	42.87145718050066	688.7643741765481
12060	45	All other general merchandise stores	47	452990	153	47153	Sequatchie County, Tennessee	no	4.0	38.0	419.0
12061	45	All other general merchandise stores	47	452990	153	47153	Sequatchie County, Tennessee	yes	3.5	34.85012252964427	421.5793251354121
12062	45	All other general merchandise stores	47	452990	155	47155	Sevier County, Tennessee	no	26.833333333333332	197.5	3915.1666666666665
12063	45	All other general merchandise stores	47	452990	157	47157	Shelby County, Tennessee	no	170.66666666666666	1644.1666666666667	26343.833333333332
12064	45	All other general merchandise stores	47	452990	159	47159	Smith County, Tennessee	yes	5.333333333333333	65.35079492091884	634.9552237734356
12065	45	All other general merchandise stores	47	452990	161	47161	Stewart County, Tennessee	no	5.0	31.25	419.25
12066	45	All other general merchandise stores	47	452990	161	47161	Stewart County, Tennessee	yes	4.0	31.159335968379445	509.1886166007905
12067	45	All other general merchandise stores	47	452990	163	47163	Sullivan County, Tennessee	no	29.666666666666668	235.33333333333334	4011.3333333333335
12068	45	All other general merchandise stores	47	452990	165	47165	Sumner County, Tennessee	no	26.333333333333332	139.83333333333334	4316.0
12069	45	All other general merchandise stores	47	452990	167	47167	Tipton County, Tennessee	no	12.833333333333334	92.16666666666667	1371.1666666666667
12070	45	All other general merchandise stores	47	452990	169	47169	Trousdale County, Tennessee	no	3.0	10.5	270.0
12071	45	All other general merchandise stores	47	452990	169	47169	Trousdale County, Tennessee	yes	2.0	19.169541784302652	237.65797666102011
12072	45	All other general merchandise stores	47	452990	171	47171	Unicoi County, Tennessee	yes	3.5	41.42033360604275	415.90366390833015
12073	45	All other general merchandise stores	47	452990	173	47173	Union County, Tennessee	no	5.0	29.333333333333332	487.0
12074	45	All other general merchandise stores	47	452990	173	47173	Union County, Tennessee	yes	5.0	87.83013266133703	581.146073370323
12075	45	All other general merchandise stores	47	452990	175	47175	Van Buren County, Tennessee	yes	1.0	12.550836718044112	118.50456781134062
12076	45	All other general merchandise stores	47	452990	177	47177	Warren County, Tennessee	no	14.666666666666666	134.83333333333334	1991.8333333333333
12077	45	All other general merchandise stores	47	452990	179	47179	Washington County, Tennessee	no	20.5	157.0	2616.3333333333335
12078	45	All other general merchandise stores	47	452990	181	47181	Wayne County, Tennessee	yes	4.0	50.203346872176446	474.0182712453625
12079	45	All other general merchandise stores	47	452990	183	47183	Weakley County, Tennessee	no	11.0	135.66666666666666	1639.3333333333333
12080	45	All other general merchandise stores	47	452990	183	47183	Weakley County, Tennessee	yes	12.666666666666666	222.99183176920405	1475.290722074177
12081	45	All other general merchandise stores	47	452990	185	47185	White County, Tennessee	no	8.4	33.4	842.4
12082	45	All other general merchandise stores	47	452990	185	47185	White County, Tennessee	yes	9.0	141.5892857142857	1016.7857142857142
12083	45	All other general merchandise stores	47	452990	187	47187	Williamson County, Tennessee	no	13.5	120.5	1811.0
12084	45	All other general merchandise stores	47	452990	189	47189	Wilson County, Tennessee	no	19.5	101.16666666666667	3135.6666666666665
12085	45	All other miscellaneous store retailers (except tobacco stores)	47	453998	1	47001	Anderson County, Tennessee	no	3.6666666666666665	4.666666666666667	159.66666666666666
12086	45	All other miscellaneous store retailers (except tobacco stores)	47	453998	3	47003	Bedford County, Tennessee	no	3.6666666666666665	6.666666666666667	211.0
12087	45	All other miscellaneous store retailers (except tobacco stores)	47	453998	5	47005	Benton County, Tennessee	yes	1.0	4.773456790123457	140.49300411522634
12088	45	All other miscellaneous store retailers (except tobacco stores)	47	453998	9	47009	Blount County, Tennessee	no	5.0	6.0	179.75
12089	45	All other miscellaneous store retailers (except tobacco stores)	47	453998	9	47009	Blount County, Tennessee	yes	4.0	26.797666102013928	482.1095426312818
12090	45	All other miscellaneous store retailers (except tobacco stores)	47	453998	11	47011	Bradley County, Tennessee	no	6.166666666666667	18.333333333333332	541.8333333333334
12091	45	All other miscellaneous store retailers (except tobacco stores)	47	453998	13	47013	Campbell County, Tennessee	no	3.8333333333333335	12.333333333333334	198.16666666666666
12092	45	All other miscellaneous store retailers (except tobacco stores)	47	453998	17	47017	Carroll County, Tennessee	yes	2.0	11.163157897215868	255.46171167089042
12093	45	All other miscellaneous store retailers (except tobacco stores)	47	453998	19	47019	Carter County, Tennessee	yes	2.1666666666666665	12.12486960892758	272.77027022944895
12094	45	All other miscellaneous store retailers (except tobacco stores)	47	453998	23	47023	Chester County, Tennessee	yes	1.0	5.581578948607934	127.73085583544521
12095	45	All other miscellaneous store retailers (except tobacco stores)	47	453998	25	47025	Claiborne County, Tennessee	no	4.5	24.333333333333332	788.6666666666666
12096	45	All other miscellaneous store retailers (except tobacco stores)	47	453998	29	47029	Cocke County, Tennessee	yes	1.2	6.730853671288455	155.98727621278346
12097	45	All other miscellaneous store retailers (except tobacco stores)	47	453998	31	47031	Coffee County, Tennessee	no	3.0	17.25	632.5
12098	45	All other miscellaneous store retailers (except tobacco stores)	47	453998	31	47031	Coffee County, Tennessee	yes	3.0	20.098249576510447	361.58215697346134
12099	45	All other miscellaneous store retailers (except tobacco stores)	47	453998	35	47035	Cumberland County, Tennessee	yes	2.5	13.598264670655977	314.5901056203955
12100	45	All other miscellaneous store retailers (except tobacco stores)	47	453998	37	47037	Davidson County, Tennessee	no	29.5	294.1666666666667	9895.5
12101	45	All other miscellaneous store retailers (except tobacco stores)	47	453998	39	47039	Decatur County, Tennessee	yes	1.0	5.581578948607934	127.73085583544521
12102	45	All other miscellaneous store retailers (except tobacco stores)	47	453998	43	47043	Dickson County, Tennessee	no	4.0	21.0	736.6666666666666
12103	45	All other miscellaneous store retailers (except tobacco stores)	47	453998	43	47043	Dickson County, Tennessee	yes	2.0	12.779402214184822	229.93741511132816
12104	45	All other miscellaneous store retailers (except tobacco stores)	47	453998	45	47045	Dyer County, Tennessee	no	3.0	5.666666666666667	144.66666666666666
12105	45	All other miscellaneous store retailers (except tobacco stores)	47	453998	45	47045	Dyer County, Tennessee	yes	4.0	25.558804428369644	459.8748302226563
12106	45	All other miscellaneous store retailers (except tobacco stores)	47	453998	47	47047	Fayette County, Tennessee	yes	1.1666666666666667	6.825540301264939	148.33955148761913
12107	45	All other miscellaneous store retailers (except tobacco stores)	47	453998	51	47051	Franklin County, Tennessee	yes	1.6666666666666667	9.689762835487473	213.64187627994394
12108	45	All other miscellaneous store retailers (except tobacco stores)	47	453998	53	47053	Gibson County, Tennessee	yes	1.0	4.420185185185185	125.4595061728395
12109	45	All other miscellaneous store retailers (except tobacco stores)	47	453998	55	47055	Giles County, Tennessee	yes	1.8333333333333333	10.249824563882536	227.03504500422375
12110	45	All other miscellaneous store retailers (except tobacco stores)	47	453998	59	47059	Greene County, Tennessee	no	3.5	6.75	120.75
12111	45	All other miscellaneous store retailers (except tobacco stores)	47	453998	59	47059	Greene County, Tennessee	yes	2.0	11.705335205335206	221.25394875394875
12112	45	All other miscellaneous store retailers (except tobacco stores)	47	453998	63	47063	Hamblen County, Tennessee	no	3.6666666666666665	4.0	165.33333333333334
12113	45	All other miscellaneous store retailers (except tobacco stores)	47	453998	65	47065	Hamilton County, Tennessee	no	19.333333333333332	81.5	3030.0
12114	45	All other miscellaneous store retailers (except tobacco stores)	47	453998	69	47069	Hardeman County, Tennessee	yes	1.0	5.77027027027027	103.85135135135135
12115	45	All other miscellaneous store retailers (except tobacco stores)	47	453998	71	47071	Hardin County, Tennessee	yes	1.1666666666666667	6.570756437785424	147.29795540254477
12116	45	All other miscellaneous store retailers (except tobacco stores)	47	453998	75	47075	Haywood County, Tennessee	yes	1.0	5.77027027027027	103.85135135135135
12117	45	All other miscellaneous store retailers (except tobacco stores)	47	453998	79	47079	Henry County, Tennessee	no	3.6666666666666665	11.333333333333334	284.8333333333333
12118	45	All other miscellaneous store retailers (except tobacco stores)	47	453998	81	47081	Hickman County, Tennessee	yes	1.0	5.852667602667603	110.62697437697437
12119	45	All other miscellaneous store retailers (except tobacco stores)	47	453998	85	47085	Humphreys County, Tennessee	yes	1.0	5.581578948607934	127.73085583544521
12120	45	All other miscellaneous store retailers (except tobacco stores)	47	453998	89	47089	Jefferson County, Tennessee	yes	1.0	5.136426393926394	118.04324027490694
12121	45	All other miscellaneous store retailers (except tobacco stores)	47	453998	93	47093	Knox County, Tennessee	no	28.666666666666668	207.33333333333334	6669.0
12122	45	All other miscellaneous store retailers (except tobacco stores)	47	453998	97	47097	Lauderdale County, Tennessee	yes	1.0	4.420185185185185	125.4595061728395
12123	45	All other miscellaneous store retailers (except tobacco stores)	47	453998	99	47099	Lawrence County, Tennessee	yes	2.8333333333333335	16.308897651651275	349.82172357438054
12124	45	All other miscellaneous store retailers (except tobacco stores)	47	453998	103	47103	Lincoln County, Tennessee	no	3.0	6.0	196.33333333333334
12125	45	All other miscellaneous store retailers (except tobacco stores)	47	453998	103	47103	Lincoln County, Tennessee	yes	1.3333333333333333	6.903500080166747	161.90806905029126
12126	45	All other miscellaneous store retailers (except tobacco stores)	47	453998	105	47105	Loudon County, Tennessee	yes	2.5	14.358008450762071	312.94606544872244
12127	45	All other miscellaneous store retailers (except tobacco stores)	47	453998	107	47107	McMinn County, Tennessee	no	4.0	12.0	285.25
12128	45	All other miscellaneous store retailers (except tobacco stores)	47	453998	107	47107	McMinn County, Tennessee	yes	4.0	26.797666102013928	482.1095426312818
12129	45	All other miscellaneous store retailers (except tobacco stores)	47	453998	109	47109	McNairy County, Tennessee	yes	1.8333333333333333	9.919196544558863	234.8530160187165
12130	45	All other miscellaneous store retailers (except tobacco stores)	47	453998	111	47111	Macon County, Tennessee	yes	2.0	11.163157897215868	255.46171167089042
12131	45	All other miscellaneous store retailers (except tobacco stores)	47	453998	113	47113	Madison County, Tennessee	no	4.5	28.5	1252.0
12132	45	All other miscellaneous store retailers (except tobacco stores)	47	453998	113	47113	Madison County, Tennessee	yes	3.5	18.045342712842714	476.15185666185664
12133	45	All other miscellaneous store retailers (except tobacco stores)	47	453998	115	47115	Marion County, Tennessee	no	5.0	15.666666666666666	492.5
12134	45	All other miscellaneous store retailers (except tobacco stores)	47	453998	117	47117	Marshall County, Tennessee	yes	1.0	4.420185185185185	125.4595061728395
12135	45	All other miscellaneous store retailers (except tobacco stores)	47	453998	119	47119	Maury County, Tennessee	no	7.166666666666667	15.333333333333334	390.3333333333333
12136	45	All other miscellaneous store retailers (except tobacco stores)	47	453998	125	47125	Montgomery County, Tennessee	no	6.0	12.0	335.0
12137	45	All other miscellaneous store retailers (except tobacco stores)	47	453998	125	47125	Montgomery County, Tennessee	yes	4.5	27.57543712261104	570.7796098554795
12138	45	All other miscellaneous store retailers (except tobacco stores)	47	453998	131	47131	Obion County, Tennessee	no	4.0	49.0	1007.0
12139	45	All other miscellaneous store retailers (except tobacco stores)	47	453998	131	47131	Obion County, Tennessee	yes	2.75	17.426435718609632	362.1991482900179
12140	45	All other miscellaneous store retailers (except tobacco stores)	47	453998	139	47139	Polk County, Tennessee	yes	1.0	5.581578948607934	127.73085583544521
12141	45	All other miscellaneous store retailers (except tobacco stores)	47	453998	141	47141	Putnam County, Tennessee	no	4.8	9.4	265.2
12142	45	All other miscellaneous store retailers (except tobacco stores)	47	453998	141	47141	Putnam County, Tennessee	yes	4.0	29.855072463768117	494.60869565217394
12143	45	All other miscellaneous store retailers (except tobacco stores)	47	453998	143	47143	Rhea County, Tennessee	yes	2.0	11.163157897215868	255.46171167089042
12144	45	All other miscellaneous store retailers (except tobacco stores)	47	453998	145	47145	Roane County, Tennessee	no	3.0	6.2	230.8
12145	45	All other miscellaneous store retailers (except tobacco stores)	47	453998	145	47145	Roane County, Tennessee	yes	2.0	11.54054054054054	207.7027027027027
12146	45	All other miscellaneous store retailers (except tobacco stores)	47	453998	147	47147	Robertson County, Tennessee	yes	3.3333333333333335	18.19066613008642	422.75386188874114
12147	45	All other miscellaneous store retailers (except tobacco stores)	47	453998	149	47149	Rutherford County, Tennessee	no	13.833333333333334	69.5	1816.3333333333333
12148	45	All other miscellaneous store retailers (except tobacco stores)	47	453998	151	47151	Scott County, Tennessee	yes	1.0	5.022660160160161	131.3325909242576
12149	45	All other miscellaneous store retailers (except tobacco stores)	47	453998	153	47153	Sequatchie County, Tennessee	yes	1.0	4.773456790123457	140.49300411522634
12150	45	All other miscellaneous store retailers (except tobacco stores)	47	453998	155	47155	Sevier County, Tennessee	no	13.833333333333334	43.666666666666664	1038.3333333333333
12151	45	All other miscellaneous store retailers (except tobacco stores)	47	453998	157	47157	Shelby County, Tennessee	no	43.0	272.0	9171.333333333334
12152	45	All other miscellaneous store retailers (except tobacco stores)	47	453998	159	47159	Smith County, Tennessee	yes	2.0	11.163157897215868	255.46171167089042
12153	45	All other miscellaneous store retailers (except tobacco stores)	47	453998	163	47163	Sullivan County, Tennessee	no	10.0	42.5	1321.8333333333333
12154	45	All other miscellaneous store retailers (except tobacco stores)	47	453998	165	47165	Sumner County, Tennessee	no	7.333333333333333	24.666666666666668	623.8333333333334
12155	45	All other miscellaneous store retailers (except tobacco stores)	47	453998	167	47167	Tipton County, Tennessee	yes	2.1666666666666665	12.0764912305492	283.88837833755707
12156	45	All other miscellaneous store retailers (except tobacco stores)	47	453998	177	47177	Warren County, Tennessee	yes	1.0	5.2051411151411155	128.54659221992557
12157	45	All other miscellaneous store retailers (except tobacco stores)	47	453998	179	47179	Washington County, Tennessee	no	6.166666666666667	26.833333333333332	596.3333333333334
12158	45	All other miscellaneous store retailers (except tobacco stores)	47	453998	183	47183	Weakley County, Tennessee	yes	1.0	5.581578948607934	127.73085583544521
12159	45	All other miscellaneous store retailers (except tobacco stores)	47	453998	185	47185	White County, Tennessee	no	3.0	7.0	142.0
12160	45	All other miscellaneous store retailers (except tobacco stores)	47	453998	185	47185	White County, Tennessee	yes	2.4	13.883556086860432	286.54100826819666
12161	45	All other miscellaneous store retailers (except tobacco stores)	47	453998	187	47187	Williamson County, Tennessee	no	9.8	22.0	1128.6
12162	45	All other miscellaneous store retailers (except tobacco stores)	47	453998	187	47187	Williamson County, Tennessee	yes	9.0	51.932432432432435	934.6621621621622
12163	45	All other miscellaneous store retailers (except tobacco stores)	47	453998	189	47189	Wilson County, Tennessee	no	9.5	49.0	1124.0
12164	45	Art dealers	47	453920	19	47019	Carter County, Tennessee	yes	1.0	7.8	30.599999999999998
12165	45	Art dealers	47	453920	37	47037	Davidson County, Tennessee	no	13.333333333333334	21.0	961.8333333333334
12166	45	Art dealers	47	453920	65	47065	Hamilton County, Tennessee	no	7.0	23.0	470.1666666666667
12167	45	Art dealers	47	453920	85	47085	Humphreys County, Tennessee	yes	1.0	3.2	48.0
12168	45	Art dealers	47	453920	93	47093	Knox County, Tennessee	no	3.5	0.0	194.0
12169	45	Art dealers	47	453920	93	47093	Knox County, Tennessee	yes	2.0	6.567105263157894	104.82894736842104
12170	45	Art dealers	47	453920	107	47107	McMinn County, Tennessee	yes	1.0	3.9333333333333336	30.078787878787878
12171	45	Art dealers	47	453920	121	47121	Meigs County, Tennessee	yes	1.0	3.9	26.118181818181817
12172	45	Art dealers	47	453920	155	47155	Sevier County, Tennessee	no	4.333333333333333	6.0	95.0
12173	45	Art dealers	47	453920	155	47155	Sevier County, Tennessee	yes	6.0	24.866666666666664	178.0060606060606
12174	45	Art dealers	47	453920	157	47157	Shelby County, Tennessee	no	5.166666666666667	9.833333333333334	328.3333333333333
12175	45	Art dealers	47	453920	163	47163	Sullivan County, Tennessee	no	3.6666666666666665	7.333333333333333	95.0
12176	45	Art dealers	47	453920	163	47163	Sullivan County, Tennessee	yes	1.3333333333333333	5.266666666666667	42.74545454545455
12177	45	Art dealers	47	453920	165	47165	Sumner County, Tennessee	yes	1.0	3.489035087719298	43.64904306220095
12178	45	Art dealers	47	453920	185	47185	White County, Tennessee	yes	1.0	3.489035087719298	43.64904306220095
12179	45	Art dealers	47	453920	187	47187	Williamson County, Tennessee	no	3.0	6.0	274.2
12180	45	Art dealers	47	453920	187	47187	Williamson County, Tennessee	yes	2.0	15.6	61.199999999999996
12181	45	Book stores	47	451211	1	47001	Anderson County, Tennessee	yes	2.0	16.302919026217936	244.63996274918404
12182	45	Book stores	47	451211	9	47009	Blount County, Tennessee	no	3.0	34.0	467.0
12183	45	Book stores	47	451211	9	47009	Blount County, Tennessee	yes	2.4	19.076168215852736	318.06518092121587
12184	45	Book stores	47	451211	11	47011	Bradley County, Tennessee	no	4.333333333333333	51.666666666666664	624.3333333333334
12185	45	Book stores	47	451211	11	47011	Bradley County, Tennessee	yes	4.0	32.429024640530145	519.6784738449364
12186	45	Book stores	47	451211	23	47023	Chester County, Tennessee	yes	1.0	8.151459513108968	122.31998137459202
12187	45	Book stores	47	451211	25	47025	Claiborne County, Tennessee	yes	1.5	12.205087593175236	187.27979060520906
12188	45	Book stores	47	451211	29	47029	Cocke County, Tennessee	yes	1.0	5.142857142857142	70.5
12189	45	Book stores	47	451211	37	47037	Davidson County, Tennessee	no	16.666666666666668	117.33333333333333	3700.0
12190	45	Book stores	47	451211	43	47043	Dickson County, Tennessee	yes	1.0	8.107256160132536	129.9196184612341
12191	45	Book stores	47	451211	45	47045	Dyer County, Tennessee	yes	1.1666666666666667	9.008602370251825	134.069981374592
12192	45	Book stores	47	451211	51	47051	Franklin County, Tennessee	yes	1.5	10.361140337070827	188.90883568910962
12193	45	Book stores	47	451211	55	47055	Giles County, Tennessee	yes	1.0	11.018960718056343	121.60955904485927
12194	45	Book stores	47	451211	59	47059	Greene County, Tennessee	yes	1.0	8.151459513108968	122.31998137459202
12195	45	Book stores	47	451211	63	47063	Hamblen County, Tennessee	no	3.0	39.8	352.4
12196	45	Book stores	47	451211	63	47063	Hamblen County, Tennessee	yes	4.0	-24.74418604651163	503.48837209302326
12197	45	Book stores	47	451211	65	47065	Hamilton County, Tennessee	no	12.5	186.0	2124.5
12198	45	Book stores	47	451211	71	47071	Hardin County, Tennessee	yes	1.0	7.366156405813688	115.06471384592558
12199	45	Book stores	47	451211	77	47077	Henderson County, Tennessee	yes	1.5	12.24929094615167	179.68015351856698
12200	45	Book stores	47	451211	79	47079	Henry County, Tennessee	yes	1.1666666666666667	10.490640799658676	145.2556538892119
12201	45	Book stores	47	451211	85	47085	Humphreys County, Tennessee	no	3.0	2.0	33.0
12202	45	Book stores	47	451211	85	47085	Humphreys County, Tennessee	yes	2.0	24.975973223712288	268.7738976121482
12203	45	Book stores	47	451211	89	47089	Jefferson County, Tennessee	yes	1.0	8.151459513108968	122.31998137459202
12204	45	Book stores	47	451211	93	47093	Knox County, Tennessee	no	13.166666666666666	150.33333333333334	2135.5
12205	45	Book stores	47	451211	107	47107	McMinn County, Tennessee	yes	1.0	8.151459513108968	122.31998137459202
12206	45	Book stores	47	451211	113	47113	Madison County, Tennessee	no	3.6	82.4	626.8
12207	45	Book stores	47	451211	113	47113	Madison County, Tennessee	yes	4.0	-24.74418604651163	503.48837209302326
12208	45	Book stores	47	451211	117	47117	Marshall County, Tennessee	yes	1.0	16.472727272727273	126.27272727272727
12209	45	Book stores	47	451211	119	47119	Maury County, Tennessee	yes	2.3333333333333335	19.54360760211778	290.250134893159
12210	45	Book stores	47	451211	123	47123	Monroe County, Tennessee	yes	1.1666666666666667	9.008602370251825	134.069981374592
12211	45	Book stores	47	451211	125	47125	Montgomery County, Tennessee	no	4.8	70.0	747.0
12212	45	Book stores	47	451211	125	47125	Montgomery County, Tennessee	yes	4.0	-24.74418604651163	503.48837209302326
12213	45	Book stores	47	451211	127	47127	Moore County, Tennessee	yes	1.0	8.151459513108968	122.31998137459202
12214	45	Book stores	47	451211	131	47131	Obion County, Tennessee	yes	1.0	10.264928967745869	117.60844003414425
12215	45	Book stores	47	451211	141	47141	Putnam County, Tennessee	no	4.8	67.4	686.0
12216	45	Book stores	47	451211	141	47141	Putnam County, Tennessee	yes	5.0	-30.930232558139533	629.3604651162791
12217	45	Book stores	47	451211	145	47145	Roane County, Tennessee	yes	1.0	8.151459513108968	122.31998137459202
12218	45	Book stores	47	451211	147	47147	Robertson County, Tennessee	yes	1.1666666666666667	7.120451761170984	143.29866354513464
12219	45	Book stores	47	451211	149	47149	Rutherford County, Tennessee	no	9.333333333333334	161.66666666666666	2115.6666666666665
12220	45	Book stores	47	451211	149	47149	Rutherford County, Tennessee	yes	9.666666666666666	76.39419902822596	1253.3248395831015
12221	45	Book stores	47	451211	151	47151	Scott County, Tennessee	yes	1.75	13.446598525913089	212.50442769185116
12222	45	Book stores	47	451211	155	47155	Sevier County, Tennessee	no	5.333333333333333	36.833333333333336	610.0
12223	45	Book stores	47	451211	157	47157	Shelby County, Tennessee	no	24.333333333333332	334.6666666666667	5300.666666666667
12224	45	Book stores	47	451211	161	47161	Stewart County, Tennessee	yes	1.0	7.366156405813688	115.06471384592558
12225	45	Book stores	47	451211	163	47163	Sullivan County, Tennessee	no	3.25	51.0	485.75
12226	45	Book stores	47	451211	163	47163	Sullivan County, Tennessee	yes	3.0	11.773561811505505	395.22919216646267
12227	45	Book stores	47	451211	165	47165	Sumner County, Tennessee	no	4.0	62.666666666666664	892.3333333333334
12228	45	Book stores	47	451211	165	47165	Sumner County, Tennessee	yes	4.0	32.429024640530145	519.6784738449364
12229	45	Book stores	47	451211	167	47167	Tipton County, Tennessee	no	3.0	7.0	45.0
12230	45	Book stores	47	451211	167	47167	Tipton County, Tennessee	yes	2.0	17.506359974318666	265.3679552990208
12231	45	Book stores	47	451211	175	47175	Van Buren County, Tennessee	yes	1.0	8.151459513108968	122.31998137459202
12232	45	Book stores	47	451211	179	47179	Washington County, Tennessee	no	6.2	75.0	1183.4
12233	45	Book stores	47	451211	179	47179	Washington County, Tennessee	yes	8.0	-49.48837209302326	1006.9767441860465
12234	45	Book stores	47	451211	183	47183	Weakley County, Tennessee	yes	1.0	8.151459513108968	122.31998137459202
12235	45	Book stores	47	451211	187	47187	Williamson County, Tennessee	no	4.666666666666667	117.66666666666667	1354.0
12236	45	Book stores	47	451211	187	47187	Williamson County, Tennessee	yes	3.3333333333333335	22.25975297652164	431.7162197247876
12237	45	Book stores	47	451211	189	47189	Wilson County, Tennessee	no	4.0	50.8	583.0
12238	45	Book stores	47	451211	189	47189	Wilson County, Tennessee	yes	4.0	-24.74418604651163	503.48837209302326
12239	45	Department stores (except discount department stores)	47	452111	1	47001	Anderson County, Tennessee	yes	1.5	133.97085558862534	1712.541306323008
12240	45	Department stores (except discount department stores)	47	452111	9	47009	Blount County, Tennessee	no	3.0	256.6666666666667	3234.0
12241	45	Department stores (except discount department stores)	47	452111	9	47009	Blount County, Tennessee	yes	3.0	285.9079532814238	3243.4484612532447
12242	45	Department stores (except discount department stores)	47	452111	11	47011	Bradley County, Tennessee	yes	1.5	133.97085558862534	1712.541306323008
12243	45	Department stores (except discount department stores)	47	452111	31	47031	Coffee County, Tennessee	yes	1.0	100.0789766407119	1057.8075639599556
12244	45	Department stores (except discount department stores)	47	452111	37	47037	Davidson County, Tennessee	no	7.5	956.6666666666666	19535.0
12245	45	Department stores (except discount department stores)	47	452111	59	47059	Greene County, Tennessee	yes	1.0	86.99291713849557	1178.175344142808
12246	45	Department stores (except discount department stores)	47	452111	63	47063	Hamblen County, Tennessee	yes	2.3333333333333335	207.34549315722845	2708.953209605601
12247	45	Department stores (except discount department stores)	47	452111	65	47065	Hamilton County, Tennessee	no	6.5	909.8333333333334	14782.333333333334
12248	45	Department stores (except discount department stores)	47	452111	93	47093	Knox County, Tennessee	no	9.0	1292.1666666666667	20699.0
12249	45	Department stores (except discount department stores)	47	452111	107	47107	McMinn County, Tennessee	yes	1.0	86.99291713849557	1178.175344142808
12250	45	Department stores (except discount department stores)	47	452111	113	47113	Madison County, Tennessee	no	3.3333333333333335	280.0	4846.666666666667
12251	45	Department stores (except discount department stores)	47	452111	119	47119	Maury County, Tennessee	yes	2.0	173.98583427699114	2356.350688285616
12252	45	Department stores (except discount department stores)	47	452111	125	47125	Montgomery County, Tennessee	no	3.3333333333333335	226.83333333333334	4298.833333333333
12253	45	Department stores (except discount department stores)	47	452111	141	47141	Putnam County, Tennessee	yes	2.3333333333333335	207.34549315722845	2708.953209605601
12254	45	Department stores (except discount department stores)	47	452111	147	47147	Robertson County, Tennessee	yes	1.0	86.99291713849557	1178.175344142808
12255	45	Department stores (except discount department stores)	47	452111	149	47149	Rutherford County, Tennessee	no	4.0	378.1666666666667	6593.5
12256	45	Department stores (except discount department stores)	47	452111	155	47155	Sevier County, Tennessee	yes	1.0	86.99291713849557	1178.175344142808
12257	45	Department stores (except discount department stores)	47	452111	157	47157	Shelby County, Tennessee	no	12.166666666666666	1716.1666666666667	32831.833333333336
12258	45	Department stores (except discount department stores)	47	452111	163	47163	Sullivan County, Tennessee	no	4.0	378.6666666666667	5384.0
12259	45	Department stores (except discount department stores)	47	452111	163	47163	Sullivan County, Tennessee	yes	3.0	285.9079532814238	3243.4484612532447
12260	45	Department stores (except discount department stores)	47	452111	165	47165	Sumner County, Tennessee	yes	1.0	86.99291713849557	1178.175344142808
12261	45	Department stores (except discount department stores)	47	452111	179	47179	Washington County, Tennessee	no	3.0	385.0	5494.0
12262	45	Department stores (except discount department stores)	47	452111	179	47179	Washington County, Tennessee	yes	3.0	285.9079532814238	3243.4484612532447
12263	45	Department stores (except discount department stores)	47	452111	187	47187	Williamson County, Tennessee	no	5.0	665.8333333333334	13958.166666666666
12264	45	Department stores (except discount department stores)	47	452111	189	47189	Wilson County, Tennessee	yes	2.0	173.98583427699114	2356.350688285616
12265	45	Discount department stores	47	452112	1	47001	Anderson County, Tennessee	yes	1.3333333333333333	119.1711230236084	2210.1535845787307
12266	45	Discount department stores	47	452112	9	47009	Blount County, Tennessee	yes	2.0	177.30764565735328	3306.662432315356
12267	45	Discount department stores	47	452112	11	47011	Bradley County, Tennessee	no	3.0	239.5	4267.0
12268	45	Discount department stores	47	452112	25	47025	Claiborne County, Tennessee	yes	1.0	88.65382282867664	1653.331216157678
12269	45	Discount department stores	47	452112	31	47031	Coffee County, Tennessee	yes	1.0	88.65382282867664	1653.331216157678
12270	45	Discount department stores	47	452112	35	47035	Cumberland County, Tennessee	yes	1.0	88.65382282867664	1653.331216157678
12271	45	Discount department stores	47	452112	37	47037	Davidson County, Tennessee	no	12.0	1472.3333333333333	31165.333333333332
12272	45	Discount department stores	47	452112	37	47037	Davidson County, Tennessee	yes	12.666666666666666	1163.227582846004	21653.82602339181
12273	45	Discount department stores	47	452112	43	47043	Dickson County, Tennessee	yes	1.0	88.65382282867664	1653.331216157678
12274	45	Discount department stores	47	452112	59	47059	Greene County, Tennessee	yes	1.0	88.65382282867664	1653.331216157678
12275	45	Discount department stores	47	452112	63	47063	Hamblen County, Tennessee	yes	2.0	177.30764565735328	3306.662432315356
12276	45	Discount department stores	47	452112	65	47065	Hamilton County, Tennessee	no	5.166666666666667	512.0	9110.333333333334
12277	45	Discount department stores	47	452112	93	47093	Knox County, Tennessee	no	9.0	907.5	15862.833333333334
12278	45	Discount department stores	47	452112	107	47107	McMinn County, Tennessee	yes	1.0	88.65382282867664	1653.331216157678
12279	45	Discount department stores	47	452112	113	47113	Madison County, Tennessee	no	3.0	280.8333333333333	5028.333333333333
12280	45	Discount department stores	47	452112	119	47119	Maury County, Tennessee	yes	1.0	88.65382282867664	1653.331216157678
12281	45	Discount department stores	47	452112	123	47123	Monroe County, Tennessee	yes	1.0	88.65382282867664	1653.331216157678
12282	45	Discount department stores	47	452112	125	47125	Montgomery County, Tennessee	no	4.0	314.8333333333333	5460.333333333333
12283	45	Discount department stores	47	452112	141	47141	Putnam County, Tennessee	yes	2.0	177.30764565735328	3306.662432315356
12284	45	Discount department stores	47	452112	149	47149	Rutherford County, Tennessee	no	5.0	425.3333333333333	7412.0
12285	45	Discount department stores	47	452112	155	47155	Sevier County, Tennessee	yes	1.0	88.65382282867664	1653.331216157678
12286	45	Discount department stores	47	452112	157	47157	Shelby County, Tennessee	no	10.333333333333334	1222.5	22356.666666666668
12287	45	Discount department stores	47	452112	163	47163	Sullivan County, Tennessee	no	4.0	328.0	6099.333333333333
12288	45	Discount department stores	47	452112	163	47163	Sullivan County, Tennessee	yes	4.0	367.3976608187134	6846.7270955165695
12289	45	Discount department stores	47	452112	165	47165	Sumner County, Tennessee	no	3.0	276.0	4034.0
12290	45	Discount department stores	47	452112	165	47165	Sumner County, Tennessee	yes	2.0	174.980285899935	3282.2949187784275
12291	45	Discount department stores	47	452112	179	47179	Washington County, Tennessee	no	3.0	291.0	4377.5
12292	45	Discount department stores	47	452112	187	47187	Williamson County, Tennessee	no	4.0	386.1666666666667	7912.833333333333
12293	45	Discount department stores	47	452112	189	47189	Wilson County, Tennessee	yes	2.0	177.30764565735328	3306.662432315356
12294	45	Electronic auctions	47	454112	37	47037	Davidson County, Tennessee	yes	2.8333333333333335	19.46428571428571	467.10714285714283
12295	45	Electronic auctions	47	454112	63	47063	Hamblen County, Tennessee	yes	1.0	12.976190476190476	311.4047619047619
12296	45	Electronic auctions	47	454112	105	47105	Loudon County, Tennessee	yes	1.0	9.732142857142858	233.55357142857144
12297	45	Electronic auctions	47	454112	125	47125	Montgomery County, Tennessee	yes	1.0	0.0	0.0
12298	45	Electronic auctions	47	454112	157	47157	Shelby County, Tennessee	yes	1.0	6.488095238095238	155.70238095238096
12299	45	Electronic auctions	47	454112	187	47187	Williamson County, Tennessee	yes	1.0	12.714285714285714	293.85714285714283
12300	45	Electronic shopping	47	454111	1	47001	Anderson County, Tennessee	yes	1.8333333333333333	11.412207171425784	384.1915280761282
12301	45	Electronic shopping	47	454111	3	47003	Bedford County, Tennessee	yes	2.0	14.004828797190516	627.3590869183495
12302	45	Electronic shopping	47	454111	9	47009	Blount County, Tennessee	no	8.333333333333334	37.666666666666664	1495.5
12303	45	Electronic shopping	47	454111	11	47011	Bradley County, Tennessee	no	5.333333333333333	56.333333333333336	1738.6666666666667
12304	45	Electronic shopping	47	454111	11	47011	Bradley County, Tennessee	yes	4.333333333333333	27.421495463857184	902.3149692712906
12305	45	Electronic shopping	47	454111	13	47013	Campbell County, Tennessee	yes	1.8333333333333333	11.34276272698134	389.91601972463945
12306	45	Electronic shopping	47	454111	19	47019	Carter County, Tennessee	yes	1.6666666666666667	10.45387383809245	364.55182219377525
12307	45	Electronic shopping	47	454111	21	47021	Cheatham County, Tennessee	no	3.5	3.0	229.66666666666666
12308	45	Electronic shopping	47	454111	23	47023	Chester County, Tennessee	yes	2.3333333333333335	14.945703903451927	444.0273123898537
12309	45	Electronic shopping	47	454111	29	47029	Cocke County, Tennessee	yes	1.0	6.349894435386094	202.1447836459072
12310	45	Electronic shopping	47	454111	31	47031	Coffee County, Tennessee	no	4.0	12.0	246.0
12311	45	Electronic shopping	47	454111	31	47031	Coffee County, Tennessee	yes	2.0	12.047268907563025	292.754807478547
12312	45	Electronic shopping	47	454111	35	47035	Cumberland County, Tennessee	no	4.25	4.5	231.75
12313	45	Electronic shopping	47	454111	35	47035	Cumberland County, Tennessee	yes	2.5	13.261904761904763	444.53212396069534
12314	45	Electronic shopping	47	454111	37	47037	Davidson County, Tennessee	no	63.0	920.6666666666666	41707.5
12315	45	Electronic shopping	47	454111	41	47041	DeKalb County, Tennessee	yes	1.3333333333333333	8.192085789539696	339.05166842856545
12316	45	Electronic shopping	47	454111	43	47043	Dickson County, Tennessee	no	3.0	16.0	714.0
12317	45	Electronic shopping	47	454111	43	47043	Dickson County, Tennessee	yes	2.4	14.449550566495253	484.04748075017733
12318	45	Electronic shopping	47	454111	45	47045	Dyer County, Tennessee	no	3.0	3.0	54.0
12319	45	Electronic shopping	47	454111	45	47045	Dyer County, Tennessee	yes	1.2	7.629397131987123	234.03118557539102
12320	45	Electronic shopping	47	454111	47	47047	Fayette County, Tennessee	yes	1.0	5.333333333333333	152.1851851851852
12321	45	Electronic shopping	47	454111	49	47049	Fentress County, Tennessee	yes	1.0	6.469873322463313	219.00609331626515
12322	45	Electronic shopping	47	454111	51	47051	Franklin County, Tennessee	yes	1.0	6.349894435386094	202.1447836459072
12323	45	Electronic shopping	47	454111	53	47053	Gibson County, Tennessee	no	3.0	2.0	59.0
12324	45	Electronic shopping	47	454111	53	47053	Gibson County, Tennessee	yes	1.4	8.291441949914294	272.4607774121257
12325	45	Electronic shopping	47	454111	55	47055	Giles County, Tennessee	yes	2.0	11.5	235.6764705882353
12326	45	Electronic shopping	47	454111	57	47057	Grainger County, Tennessee	yes	1.0	6.269607843137255	130.20388525780683
12327	45	Electronic shopping	47	454111	59	47059	Greene County, Tennessee	no	3.0	2.3333333333333335	40.0
12328	45	Electronic shopping	47	454111	59	47059	Greene County, Tennessee	yes	2.3333333333333335	15.086552531460347	536.0776265730173
12329	45	Electronic shopping	47	454111	63	47063	Hamblen County, Tennessee	no	3.0	7.0	66.0
12330	45	Electronic shopping	47	454111	63	47063	Hamblen County, Tennessee	yes	1.0	6.023634453781512	146.3774037392735
12331	45	Electronic shopping	47	454111	65	47065	Hamilton County, Tennessee	no	30.666666666666668	135.5	5577.833333333333
12332	45	Electronic shopping	47	454111	69	47069	Hardeman County, Tennessee	yes	1.0	6.253734827264239	144.44147659063626
12333	45	Electronic shopping	47	454111	71	47071	Hardin County, Tennessee	yes	1.5	9.564984949203563	339.18762466291105
12334	45	Electronic shopping	47	454111	73	47073	Hawkins County, Tennessee	no	3.8	17.8	378.8
12335	45	Electronic shopping	47	454111	73	47073	Hawkins County, Tennessee	yes	3.0	16.0	456.55555555555554
12336	45	Electronic shopping	47	454111	79	47079	Henry County, Tennessee	yes	1.3333333333333333	8.595809468065834	241.88252874394644
12337	45	Electronic shopping	47	454111	81	47081	Hickman County, Tennessee	no	4.166666666666667	16.5	1714.0
12338	45	Electronic shopping	47	454111	89	47089	Jefferson County, Tennessee	yes	1.0	6.737745098039216	119.21323529411765
12339	45	Electronic shopping	47	454111	91	47091	Johnson County, Tennessee	yes	1.0	5.75	117.83823529411765
12340	45	Electronic shopping	47	454111	93	47093	Knox County, Tennessee	no	28.0	189.33333333333334	7218.0
12341	45	Electronic shopping	47	454111	99	47099	Lawrence County, Tennessee	yes	1.0	7.002414398595258	313.67954345917474
12342	45	Electronic shopping	47	454111	101	47101	Lewis County, Tennessee	yes	1.0	6.58494293239684	248.39910740415567
12343	45	Electronic shopping	47	454111	103	47103	Lincoln County, Tennessee	yes	1.0	6.155969104059533	243.61055782180202
12344	45	Electronic shopping	47	454111	105	47105	Loudon County, Tennessee	yes	1.5	9.476761849018215	274.3655219412254
12345	45	Electronic shopping	47	454111	107	47107	McMinn County, Tennessee	no	3.0	8.0	197.0
12346	45	Electronic shopping	47	454111	107	47107	McMinn County, Tennessee	yes	1.5	7.9523809523809526	270.99055177626605
12347	45	Electronic shopping	47	454111	109	47109	McNairy County, Tennessee	yes	2.3333333333333335	15.103371448081722	503.12492346302815
12348	45	Electronic shopping	47	454111	113	47113	Madison County, Tennessee	no	4.166666666666667	7.5	680.5
12349	45	Electronic shopping	47	454111	115	47115	Marion County, Tennessee	yes	1.0	6.349894435386094	202.1447836459072
12350	45	Electronic shopping	47	454111	117	47117	Marshall County, Tennessee	yes	1.0	6.529411764705882	136.38671023965142
12351	45	Electronic shopping	47	454111	119	47119	Maury County, Tennessee	no	4.5	4.5	123.0
12352	45	Electronic shopping	47	454111	119	47119	Maury County, Tennessee	yes	2.25	15.671532045654082	463.0398375768218
12353	45	Electronic shopping	47	454111	123	47123	Monroe County, Tennessee	no	3.0	1.5	46.5
12354	45	Electronic shopping	47	454111	123	47123	Monroe County, Tennessee	yes	1.75	12.186588068063045	422.6981509021519
12355	45	Electronic shopping	47	454111	125	47125	Montgomery County, Tennessee	no	4.6	4.8	208.2
12356	45	Electronic shopping	47	454111	125	47125	Montgomery County, Tennessee	yes	3.0	17.25	353.514705882353
12357	45	Electronic shopping	47	454111	133	47133	Overton County, Tennessee	yes	1.0	6.349894435386094	202.1447836459072
12358	45	Electronic shopping	47	454111	135	47135	Perry County, Tennessee	yes	1.3333333333333333	8.684032568251181	306.70463146563213
12359	45	Electronic shopping	47	454111	139	47139	Polk County, Tennessee	yes	1.6666666666666667	10.45387383809245	364.55182219377525
12360	45	Electronic shopping	47	454111	141	47141	Putnam County, Tennessee	no	7.833333333333333	51.666666666666664	1635.8333333333333
12361	45	Electronic shopping	47	454111	143	47143	Rhea County, Tennessee	yes	1.0	7.002414398595258	313.67954345917474
12362	45	Electronic shopping	47	454111	145	47145	Roane County, Tennessee	yes	2.3333333333333335	14.876259459007484	449.751804038365
12363	45	Electronic shopping	47	454111	147	47147	Robertson County, Tennessee	no	5.75	31.0	1870.75
12364	45	Electronic shopping	47	454111	147	47147	Robertson County, Tennessee	yes	5.0	32.52801120448179	788.7154861944778
12365	45	Electronic shopping	47	454111	149	47149	Rutherford County, Tennessee	no	14.166666666666666	111.33333333333333	3565.8333333333335
12366	45	Electronic shopping	47	454111	155	47155	Sevier County, Tennessee	no	4.666666666666667	12.666666666666666	130.66666666666666
12367	45	Electronic shopping	47	454111	155	47155	Sevier County, Tennessee	yes	4.333333333333333	26.995098039215687	560.0949527959333
12368	45	Electronic shopping	47	454111	157	47157	Shelby County, Tennessee	no	46.0	458.3333333333333	25004.333333333332
12369	45	Electronic shopping	47	454111	159	47159	Smith County, Tennessee	yes	1.5	9.484698356954722	267.24672627481067
12370	45	Electronic shopping	47	454111	161	47161	Stewart County, Tennessee	yes	1.0	5.333333333333333	152.1851851851852
12371	45	Electronic shopping	47	454111	163	47163	Sullivan County, Tennessee	no	8.5	45.0	1611.6666666666667
12372	45	Electronic shopping	47	454111	165	47165	Sumner County, Tennessee	no	11.166666666666666	82.16666666666667	1179.0
12373	45	Electronic shopping	47	454111	167	47167	Tipton County, Tennessee	no	5.333333333333333	23.166666666666668	821.5
12374	45	Electronic shopping	47	454111	177	47177	Warren County, Tennessee	no	3.0	2.0	84.0
12375	45	Electronic shopping	47	454111	177	47177	Warren County, Tennessee	yes	1.5	8.898634453781513	205.29652138633233
12376	45	Electronic shopping	47	454111	179	47179	Washington County, Tennessee	no	12.0	93.66666666666667	3144.6666666666665
12377	45	Electronic shopping	47	454111	183	47183	Weakley County, Tennessee	yes	1.0	6.349894435386094	202.1447836459072
12378	45	Electronic shopping	47	454111	185	47185	White County, Tennessee	no	3.0	7.0	254.0
12379	45	Electronic shopping	47	454111	185	47185	White County, Tennessee	yes	2.4	15.926426690079017	532.6601144603778
12380	45	Electronic shopping	47	454111	187	47187	Williamson County, Tennessee	no	36.333333333333336	245.5	13242.0
12381	45	Electronic shopping	47	454111	189	47189	Wilson County, Tennessee	no	6.333333333333333	15.166666666666666	387.6666666666667
12382	45	Florists	47	453110	1	47001	Anderson County, Tennessee	no	4.0	14.5	323.0
12383	45	Florists	47	453110	3	47003	Bedford County, Tennessee	no	3.0	2.0	24.0
12384	45	Florists	47	453110	3	47003	Bedford County, Tennessee	yes	2.0	7.294314108830239	64.16348973607039
12385	45	Florists	47	453110	5	47005	Benton County, Tennessee	no	3.0	2.0	28.0
12386	45	Florists	47	453110	5	47005	Benton County, Tennessee	yes	1.0	3.648289139125946	32.08097157237471
12387	45	Florists	47	453110	9	47009	Blount County, Tennessee	no	4.5	31.833333333333332	447.5
12388	45	Florists	47	453110	11	47011	Bradley County, Tennessee	no	5.166666666666667	15.166666666666666	235.5
12389	45	Florists	47	453110	13	47013	Campbell County, Tennessee	yes	2.0	7.1629433011908406	81.73596151378541
12390	45	Florists	47	453110	17	47017	Carroll County, Tennessee	no	3.0	6.333333333333333	91.5
12391	45	Florists	47	453110	19	47019	Carter County, Tennessee	no	3.6666666666666665	9.0	168.0
12392	45	Florists	47	453110	19	47019	Carter County, Tennessee	yes	2.0	6.223378190975119	101.4479180264908
12393	45	Florists	47	453110	21	47021	Cheatham County, Tennessee	no	3.0	0.0	57.0
12394	45	Florists	47	453110	21	47021	Cheatham County, Tennessee	yes	1.4	5.267844346833103	54.81731773443795
12395	45	Florists	47	453110	23	47023	Chester County, Tennessee	no	3.0	3.0	49.0
12396	45	Florists	47	453110	23	47023	Chester County, Tennessee	yes	2.2	7.452765588017475	92.39053407069693
12397	45	Florists	47	453110	25	47025	Claiborne County, Tennessee	yes	1.8333333333333333	6.2865950895173235	85.71062663882498
12398	45	Florists	47	453110	29	47029	Cocke County, Tennessee	yes	2.0	7.1629433011908406	81.73596151378541
12399	45	Florists	47	453110	31	47031	Coffee County, Tennessee	no	7.333333333333333	25.333333333333332	253.5
12400	45	Florists	47	453110	33	47033	Crockett County, Tennessee	yes	1.0	4.195160878447395	30.94273493360572
12401	45	Florists	47	453110	35	47035	Cumberland County, Tennessee	yes	1.6666666666666667	6.013664410012718	62.255295138475844
12402	45	Florists	47	453110	37	47037	Davidson County, Tennessee	no	30.666666666666668	201.66666666666666	4163.833333333333
12403	45	Florists	47	453110	39	47039	Decatur County, Tennessee	no	3.3333333333333335	8.166666666666666	58.666666666666664
12404	45	Florists	47	453110	41	47041	DeKalb County, Tennessee	yes	1.0	3.5814716505954203	40.867980756892706
12405	45	Florists	47	453110	43	47043	Dickson County, Tennessee	yes	1.6666666666666667	6.013664410012718	62.255295138475844
12406	45	Florists	47	453110	45	47045	Dyer County, Tennessee	no	3.6	4.0	135.4
12407	45	Florists	47	453110	45	47045	Dyer County, Tennessee	yes	4.0	15.053763440860216	124.60215053763442
12408	45	Florists	47	453110	47	47047	Fayette County, Tennessee	yes	2.0	7.1629433011908406	81.73596151378541
12409	45	Florists	47	453110	51	47051	Franklin County, Tennessee	no	3.6	10.8	87.8
12410	45	Florists	47	453110	51	47051	Franklin County, Tennessee	yes	3.0	11.29032258064516	93.45161290322581
12411	45	Florists	47	453110	53	47053	Gibson County, Tennessee	no	4.6	5.6	122.0
12412	45	Florists	47	453110	53	47053	Gibson County, Tennessee	yes	4.0	18.954545454545457	119.22727272727273
12413	45	Florists	47	453110	55	47055	Giles County, Tennessee	no	3.2	10.8	172.4
12414	45	Florists	47	453110	55	47055	Giles County, Tennessee	yes	3.0	11.29032258064516	93.45161290322581
12415	45	Florists	47	453110	57	47057	Grainger County, Tennessee	yes	1.0	4.738636363636364	29.806818181818183
12416	45	Florists	47	453110	59	47059	Greene County, Tennessee	no	4.5	0.0	196.5
12417	45	Florists	47	453110	59	47059	Greene County, Tennessee	yes	2.5	8.319219036489766	108.16459020526136
12418	45	Florists	47	453110	63	47063	Hamblen County, Tennessee	no	3.3333333333333335	8.666666666666666	237.66666666666666
12419	45	Florists	47	453110	65	47065	Hamilton County, Tennessee	no	13.0	61.0	891.6666666666666
12420	45	Florists	47	453110	69	47069	Hardeman County, Tennessee	yes	2.5	9.18857040404248	97.24196276405542
12421	45	Florists	47	453110	71	47071	Hardin County, Tennessee	no	3.8333333333333335	9.833333333333334	188.0
12422	45	Florists	47	453110	73	47073	Hawkins County, Tennessee	no	3.0	0.0	128.0
12423	45	Florists	47	453110	73	47073	Hawkins County, Tennessee	yes	1.4	4.833063958681928	55.726051135867976
12424	45	Florists	47	453110	75	47075	Haywood County, Tennessee	yes	1.1666666666666667	4.2087117939645955	46.05973702929413
12425	45	Florists	47	453110	77	47077	Henderson County, Tennessee	no	3.0	6.0	34.0
12426	45	Florists	47	453110	77	47077	Henderson County, Tennessee	yes	2.0	7.296578278251892	64.16194314474942
12427	45	Florists	47	453110	79	47079	Henry County, Tennessee	no	3.0	8.2	113.2
12428	45	Florists	47	453110	79	47079	Henry County, Tennessee	yes	2.0	9.477272727272728	59.61363636363637
12429	45	Florists	47	453110	81	47081	Hickman County, Tennessee	yes	1.8333333333333333	6.622278642222457	67.60173708604138
12430	45	Florists	47	453110	85	47085	Humphreys County, Tennessee	yes	1.0	4.195160878447395	30.94273493360572
12431	45	Florists	47	453110	89	47089	Jefferson County, Tennessee	no	4.166666666666667	3.6666666666666665	121.66666666666667
12432	45	Florists	47	453110	91	47091	Johnson County, Tennessee	yes	1.6666666666666667	5.764556341708377	71.42171653591684
12433	45	Florists	47	453110	93	47093	Knox County, Tennessee	no	16.166666666666668	95.33333333333333	1427.0
12434	45	Florists	47	453110	97	47097	Lauderdale County, Tennessee	yes	1.8333333333333333	6.420230066578376	68.13660826978898
12435	45	Florists	47	453110	99	47099	Lawrence County, Tennessee	no	3.1666666666666665	5.666666666666667	85.66666666666667
12436	45	Florists	47	453110	101	47101	Lewis County, Tennessee	yes	1.0	3.5814716505954203	40.867980756892706
12437	45	Florists	47	453110	103	47103	Lincoln County, Tennessee	yes	1.3333333333333333	4.730750541773543	60.34864713220227
12438	45	Florists	47	453110	105	47105	Loudon County, Tennessee	no	3.0	9.0	153.16666666666666
12439	45	Florists	47	453110	107	47107	McMinn County, Tennessee	yes	2.0	7.38361778799436	81.04640465487371
12440	45	Florists	47	453110	109	47109	McNairy County, Tennessee	no	5.0	0.0	107.0
12441	45	Florists	47	453110	109	47109	McNairy County, Tennessee	yes	2.2	7.430414494626149	92.57615688089386
12442	45	Florists	47	453110	111	47111	Macon County, Tennessee	yes	2.0	7.1629433011908406	81.73596151378541
12443	45	Florists	47	453110	113	47113	Madison County, Tennessee	no	5.0	8.166666666666666	202.5
12444	45	Florists	47	453110	115	47115	Marion County, Tennessee	no	3.0	1.6666666666666667	60.0
12445	45	Florists	47	453110	115	47115	Marion County, Tennessee	yes	1.3333333333333333	3.924820408618873	62.486585275871654
12446	45	Florists	47	453110	117	47117	Marshall County, Tennessee	yes	1.8333333333333333	7.005485712929526	66.68822698503129
12447	45	Florists	47	453110	119	47119	Maury County, Tennessee	no	7.833333333333333	24.833333333333332	373.0
12448	45	Florists	47	453110	123	47123	Monroe County, Tennessee	no	3.0	7.0	135.0
12449	45	Florists	47	453110	123	47123	Monroe County, Tennessee	yes	2.0	7.155399800271111	90.05659378582962
12450	45	Florists	47	453110	125	47125	Montgomery County, Tennessee	no	5.666666666666667	22.333333333333332	354.3333333333333
12451	45	Florists	47	453110	125	47125	Montgomery County, Tennessee	yes	7.333333333333333	29.613259726661322	227.46753004858297
12452	45	Florists	47	453110	127	47127	Moore County, Tennessee	yes	1.0	4.738636363636364	29.806818181818183
12453	45	Florists	47	453110	129	47129	Morgan County, Tennessee	yes	1.0	4.195160878447395	30.94273493360572
12454	45	Florists	47	453110	131	47131	Obion County, Tennessee	no	3.0	0.0	94.0
12455	45	Florists	47	453110	131	47131	Obion County, Tennessee	yes	1.6	5.7110209479292395	62.24613911240757
12456	45	Florists	47	453110	133	47133	Overton County, Tennessee	yes	1.0	3.5814716505954203	40.867980756892706
12457	45	Florists	47	453110	135	47135	Perry County, Tennessee	yes	1.0	4.051254205703281	31.012002500540017
12458	45	Florists	47	453110	137	47137	Pickett County, Tennessee	yes	2.5	10.759639938712972	76.78887895812053
12459	45	Florists	47	453110	139	47139	Polk County, Tennessee	yes	1.0	3.5814716505954203	40.867980756892706
12460	45	Florists	47	453110	141	47141	Putnam County, Tennessee	no	4.333333333333333	20.0	432.1666666666667
12461	45	Florists	47	453110	143	47143	Rhea County, Tennessee	yes	2.0	7.1629433011908406	81.73596151378541
12462	45	Florists	47	453110	145	47145	Roane County, Tennessee	no	3.0	3.6666666666666665	20.333333333333332
12463	45	Florists	47	453110	145	47145	Roane County, Tennessee	yes	2.0	6.56968012857828	65.67804540512043
12464	45	Florists	47	453110	147	47147	Robertson County, Tennessee	no	4.0	4.0	129.5
12465	45	Florists	47	453110	147	47147	Robertson County, Tennessee	yes	2.0	6.549254073338867	91.6612073370724
12466	45	Florists	47	453110	149	47149	Rutherford County, Tennessee	no	9.166666666666666	18.166666666666668	663.6666666666666
12467	45	Florists	47	453110	151	47151	Scott County, Tennessee	yes	1.0	2.4393939393939394	35.28787878787879
12468	45	Florists	47	453110	153	47153	Sequatchie County, Tennessee	yes	1.0	3.5814716505954203	40.867980756892706
12469	45	Florists	47	453110	155	47155	Sevier County, Tennessee	no	4.0	3.0	89.75
12470	45	Florists	47	453110	155	47155	Sevier County, Tennessee	yes	2.0	6.895673347068739	116.8839982518574
12471	45	Florists	47	453110	157	47157	Shelby County, Tennessee	no	24.166666666666668	230.5	4384.833333333333
12472	45	Florists	47	453110	159	47159	Smith County, Tennessee	yes	2.1666666666666665	7.952716028463567	86.70376454408843
12473	45	Florists	47	453110	163	47163	Sullivan County, Tennessee	no	8.833333333333334	27.5	371.5
12474	45	Florists	47	453110	165	47165	Sumner County, Tennessee	no	3.5	10.833333333333334	251.16666666666666
12475	45	Florists	47	453110	167	47167	Tipton County, Tennessee	yes	1.5	5.520523269046271	65.3164501625053
12476	45	Florists	47	453110	171	47171	Unicoi County, Tennessee	yes	1.0	3.5814716505954203	40.867980756892706
12477	45	Florists	47	453110	173	47173	Union County, Tennessee	yes	1.0	3.5814716505954203	40.867980756892706
12478	45	Florists	47	453110	177	47177	Warren County, Tennessee	yes	1.0	3.5814716505954203	40.867980756892706
12479	45	Florists	47	453110	179	47179	Washington County, Tennessee	no	5.5	17.0	400.5
12480	45	Florists	47	453110	181	47181	Wayne County, Tennessee	no	3.0	2.6666666666666665	43.0
12481	45	Florists	47	453110	181	47181	Wayne County, Tennessee	yes	2.0	8.102508411406562	62.024005001080035
12482	45	Florists	47	453110	183	47183	Weakley County, Tennessee	no	4.333333333333333	4.666666666666667	64.33333333333333
12483	45	Florists	47	453110	183	47183	Weakley County, Tennessee	yes	3.0	12.153762617109843	93.03600750162003
12484	45	Florists	47	453110	185	47185	White County, Tennessee	no	3.0	3.0	37.0
12485	45	Florists	47	453110	185	47185	White County, Tennessee	yes	2.0	7.296578278251892	64.16194314474942
12486	45	Florists	47	453110	187	47187	Williamson County, Tennessee	no	6.0	29.333333333333332	541.1666666666666
12487	45	Florists	47	453110	189	47189	Wilson County, Tennessee	no	6.0	15.0	147.33333333333334
12488	45	Florists	47	453110	189	47189	Wilson County, Tennessee	yes	6.0	24.595338579707914	185.9334798693715
12489	45	Fuel dealers	47	454310	1	47001	Anderson County, Tennessee	yes	1.0	-1.5196929238985313	194.63054906542055
12490	45	Fuel dealers	47	454310	3	47003	Bedford County, Tennessee	yes	1.8333333333333333	4.817949896328574	397.37079550195716
12491	45	Fuel dealers	47	454310	9	47009	Blount County, Tennessee	yes	1.8333333333333333	3.510540046673121	388.0474507610582
12492	45	Fuel dealers	47	454310	11	47011	Bradley County, Tennessee	no	4.0	13.25	628.25
12493	45	Fuel dealers	47	454310	11	47011	Bradley County, Tennessee	yes	4.5	-4.879234167893961	966.9239690721649
12494	45	Fuel dealers	47	454310	13	47013	Campbell County, Tennessee	yes	1.0	2.2958797100690487	215.5031060843119
12495	45	Fuel dealers	47	454310	17	47017	Carroll County, Tennessee	yes	2.0	4.591759420138097	431.0062121686238
12496	45	Fuel dealers	47	454310	19	47019	Carter County, Tennessee	yes	1.5	1.644985505195655	317.9332203775964
12497	45	Fuel dealers	47	454310	21	47021	Cheatham County, Tennessee	yes	2.0	4.591759420138097	431.0062121686238
12498	45	Fuel dealers	47	454310	25	47025	Claiborne County, Tennessee	yes	2.0	4.591759420138097	431.0062121686238
12499	45	Fuel dealers	47	454310	27	47027	Clay County, Tennessee	yes	1.0	2.2958797100690487	215.5031060843119
12500	45	Fuel dealers	47	454310	31	47031	Coffee County, Tennessee	yes	2.0	4.591759420138097	431.0062121686238
12501	45	Fuel dealers	47	454310	33	47033	Crockett County, Tennessee	yes	1.0	2.2958797100690487	215.5031060843119
12502	45	Fuel dealers	47	454310	35	47035	Cumberland County, Tennessee	yes	1.3333333333333333	1.7893154021028714	280.3799557727854
12503	45	Fuel dealers	47	454310	37	47037	Davidson County, Tennessee	no	6.5	32.75	1678.0
12504	45	Fuel dealers	47	454310	37	47037	Davidson County, Tennessee	yes	5.0	-7.598464619492656	973.1527453271028
12505	45	Fuel dealers	47	454310	43	47043	Dickson County, Tennessee	yes	2.0	4.591759420138097	431.0062121686238
12506	45	Fuel dealers	47	454310	45	47045	Dyer County, Tennessee	yes	1.0	2.2958797100690487	215.5031060843119
12507	45	Fuel dealers	47	454310	47	47047	Fayette County, Tennessee	yes	2.0	4.591759420138097	431.0062121686238
12508	45	Fuel dealers	47	454310	49	47049	Fentress County, Tennessee	yes	1.0	2.2958797100690487	215.5031060843119
12509	45	Fuel dealers	47	454310	51	47051	Franklin County, Tennessee	yes	2.0	4.591759420138097	431.0062121686238
12510	45	Fuel dealers	47	454310	55	47055	Giles County, Tennessee	no	3.0	10.0	426.0
12511	45	Fuel dealers	47	454310	55	47055	Giles County, Tennessee	yes	2.4	2.6338130819747247	507.1070426495694
12512	45	Fuel dealers	47	454310	59	47059	Greene County, Tennessee	no	3.0	28.0	1122.3333333333333
12513	45	Fuel dealers	47	454310	61	47061	Grundy County, Tennessee	yes	2.0	4.591759420138097	431.0062121686238
12514	45	Fuel dealers	47	454310	63	47063	Hamblen County, Tennessee	yes	1.1666666666666667	2.0155058782933475	246.74453910611876
12515	45	Fuel dealers	47	454310	65	47065	Hamilton County, Tennessee	no	5.666666666666667	19.5	1144.3333333333333
12516	45	Fuel dealers	47	454310	69	47069	Hardeman County, Tennessee	yes	1.0	2.2958797100690487	215.5031060843119
12517	45	Fuel dealers	47	454310	71	47071	Hardin County, Tennessee	yes	2.6666666666666665	7.3942034381733235	581.6324685644622
12518	45	Fuel dealers	47	454310	79	47079	Henry County, Tennessee	yes	3.0	6.887639130207146	646.5093182529357
12519	45	Fuel dealers	47	454310	83	47083	Houston County, Tennessee	yes	1.0	2.2958797100690487	215.5031060843119
12520	45	Fuel dealers	47	454310	89	47089	Jefferson County, Tennessee	yes	1.0	2.2958797100690487	215.5031060843119
12521	45	Fuel dealers	47	454310	91	47091	Johnson County, Tennessee	no	4.0	28.0	869.6666666666666
12522	45	Fuel dealers	47	454310	93	47093	Knox County, Tennessee	no	3.2	50.4	3026.0
12523	45	Fuel dealers	47	454310	93	47093	Knox County, Tennessee	yes	2.0	-1.731958762886598	450.63917525773195
12524	45	Fuel dealers	47	454310	99	47099	Lawrence County, Tennessee	yes	1.5	1.644985505195655	317.9332203775964
12525	45	Fuel dealers	47	454310	101	47101	Lewis County, Tennessee	yes	1.0	2.2958797100690487	215.5031060843119
12526	45	Fuel dealers	47	454310	103	47103	Lincoln County, Tennessee	yes	1.6666666666666667	1.2285677385514695	342.86282181639916
12527	45	Fuel dealers	47	454310	105	47105	Loudon County, Tennessee	yes	1.0	2.2958797100690487	215.5031060843119
12528	45	Fuel dealers	47	454310	107	47107	McMinn County, Tennessee	no	4.0	31.0	968.0
12529	45	Fuel dealers	47	454310	107	47107	McMinn County, Tennessee	yes	2.2	5.813347233858916	477.889097824239
12530	45	Fuel dealers	47	454310	109	47109	McNairy County, Tennessee	yes	2.0	4.591759420138097	431.0062121686238
12531	45	Fuel dealers	47	454310	111	47111	Macon County, Tennessee	yes	2.0	4.591759420138097	431.0062121686238
12532	45	Fuel dealers	47	454310	113	47113	Madison County, Tennessee	yes	2.0	4.591759420138097	431.0062121686238
12533	45	Fuel dealers	47	454310	117	47117	Marshall County, Tennessee	yes	1.0	2.2958797100690487	215.5031060843119
12534	45	Fuel dealers	47	454310	119	47119	Maury County, Tennessee	yes	2.3333333333333335	4.085195112171919	495.8830618570973
12535	45	Fuel dealers	47	454310	123	47123	Monroe County, Tennessee	yes	1.0	6.004795429037853	229.278185899398
12536	45	Fuel dealers	47	454310	125	47125	Montgomery County, Tennessee	yes	2.1666666666666665	4.365568943947621	464.6416288352905
12537	45	Fuel dealers	47	454310	131	47131	Obion County, Tennessee	no	3.0	14.333333333333334	405.3333333333333
12538	45	Fuel dealers	47	454310	131	47131	Obion County, Tennessee	yes	2.0	-2.6035768194935742	409.7204571731381
12539	45	Fuel dealers	47	454310	139	47139	Polk County, Tennessee	no	3.0	7.333333333333333	483.3333333333333
12540	45	Fuel dealers	47	454310	139	47139	Polk County, Tennessee	yes	2.0	1.7544445225212562	406.0951180521397
12541	45	Fuel dealers	47	454310	141	47141	Putnam County, Tennessee	no	4.0	0.0	506.0
12542	45	Fuel dealers	47	454310	141	47141	Putnam County, Tennessee	yes	3.0	12.610998081158517	677.8181537812728
12543	45	Fuel dealers	47	454310	143	47143	Rhea County, Tennessee	yes	1.8333333333333333	4.817949896328574	397.37079550195716
12544	45	Fuel dealers	47	454310	145	47145	Roane County, Tennessee	yes	1.0	2.2958797100690487	215.5031060843119
12545	45	Fuel dealers	47	454310	147	47147	Robertson County, Tennessee	no	3.0	19.0	622.0
12546	45	Fuel dealers	47	454310	147	47147	Robertson County, Tennessee	yes	3.0	-3.9053652292403616	614.5806857597071
12547	45	Fuel dealers	47	454310	149	47149	Rutherford County, Tennessee	no	3.0	17.0	709.0
12548	45	Fuel dealers	47	454310	149	47149	Rutherford County, Tennessee	yes	2.4	2.6338130819747247	507.1070426495694
12549	45	Fuel dealers	47	454310	153	47153	Sequatchie County, Tennessee	yes	1.1666666666666667	2.0696892338785724	249.13852275097858
12550	45	Fuel dealers	47	454310	155	47155	Sevier County, Tennessee	yes	1.0	3.55081600031095	220.12295726626533
12551	45	Fuel dealers	47	454310	157	47157	Shelby County, Tennessee	yes	2.3333333333333335	4.085195112171919	495.8830618570973
12552	45	Fuel dealers	47	454310	163	47163	Sullivan County, Tennessee	no	3.0	44.0	1690.6666666666667
12553	45	Fuel dealers	47	454310	163	47163	Sullivan County, Tennessee	yes	3.3333333333333335	-4.466112892791764	677.0635518033208
12554	45	Fuel dealers	47	454310	165	47165	Sumner County, Tennessee	yes	1.0	2.2958797100690487	215.5031060843119
12555	45	Fuel dealers	47	454310	167	47167	Tipton County, Tennessee	yes	2.0	4.591759420138097	431.0062121686238
12556	45	Fuel dealers	47	454310	169	47169	Trousdale County, Tennessee	yes	1.0	-1.5196929238985313	194.63054906542055
12557	45	Fuel dealers	47	454310	173	47173	Union County, Tennessee	yes	2.0	4.591759420138097	431.0062121686238
12558	45	Fuel dealers	47	454310	175	47175	Van Buren County, Tennessee	yes	1.0	3.091504250213699	221.1140076750061
12559	45	Fuel dealers	47	454310	177	47177	Warren County, Tennessee	yes	1.0	2.2958797100690487	215.5031060843119
12560	45	Fuel dealers	47	454310	179	47179	Washington County, Tennessee	yes	1.1666666666666667	2.0696892338785724	249.13852275097858
12561	45	Fuel dealers	47	454310	181	47181	Wayne County, Tennessee	yes	2.1666666666666665	4.311385588362396	462.24764519043066
12562	45	Fuel dealers	47	454310	187	47187	Williamson County, Tennessee	yes	2.0	4.591759420138097	431.0062121686238
12563	45	Fuel dealers	47	454310	189	47189	Wilson County, Tennessee	no	3.0	49.333333333333336	1813.0
12564	45	Fuel dealers	47	454310	189	47189	Wilson County, Tennessee	yes	3.6666666666666665	-4.918493845172716	744.3343851366541
12565	45	Gift, novelty, and souvenir stores	47	453220	1	47001	Anderson County, Tennessee	yes	1.5	6.331678718900844	63.154875817684115
12566	45	Gift, novelty, and souvenir stores	47	453220	3	47003	Bedford County, Tennessee	yes	1.6666666666666667	7.108747508723674	86.84860675188293
12567	45	Gift, novelty, and souvenir stores	47	453220	5	47005	Benton County, Tennessee	yes	1.0	4.010480693459417	29.93891140380502
12568	45	Gift, novelty, and souvenir stores	47	453220	7	47007	Bledsoe County, Tennessee	yes	1.0	4.326438372171136	48.18542011578162
12569	45	Gift, novelty, and souvenir stores	47	453220	9	47009	Blount County, Tennessee	no	8.666666666666666	87.0	1777.0
12570	45	Gift, novelty, and souvenir stores	47	453220	11	47011	Bradley County, Tennessee	no	4.6	10.8	113.0
12571	45	Gift, novelty, and souvenir stores	47	453220	11	47011	Bradley County, Tennessee	yes	5.0	21.11111111111111	139.6031746031746
12572	45	Gift, novelty, and souvenir stores	47	453220	13	47013	Campbell County, Tennessee	yes	1.0	4.0513387809641275	28.682444422418982
12573	45	Gift, novelty, and souvenir stores	47	453220	17	47017	Carroll County, Tennessee	yes	1.1666666666666667	5.022090546084179	52.337594028825094
12574	45	Gift, novelty, and souvenir stores	47	453220	21	47021	Cheatham County, Tennessee	yes	1.2	5.017998017003142	56.96255964310075
12575	45	Gift, novelty, and souvenir stores	47	453220	23	47023	Chester County, Tennessee	yes	1.1666666666666667	5.030142075874839	52.83885926922076
12576	45	Gift, novelty, and souvenir stores	47	453220	29	47029	Cocke County, Tennessee	yes	1.5	6.558168251912115	61.3585622681097
12577	45	Gift, novelty, and souvenir stores	47	453220	31	47031	Coffee County, Tennessee	no	3.0	1.0	55.5
12578	45	Gift, novelty, and souvenir stores	47	453220	31	47031	Coffee County, Tennessee	yes	1.75	8.441392411199399	108.02601535079549
12579	45	Gift, novelty, and souvenir stores	47	453220	33	47033	Crockett County, Tennessee	yes	1.0	4.326438372171136	48.18542011578162
12580	45	Gift, novelty, and souvenir stores	47	453220	35	47035	Cumberland County, Tennessee	yes	1.5	6.186905360898994	62.43825540448646
12581	45	Gift, novelty, and souvenir stores	47	453220	37	47037	Davidson County, Tennessee	no	57.333333333333336	463.0	11423.833333333334
12582	45	Gift, novelty, and souvenir stores	47	453220	39	47039	Decatur County, Tennessee	yes	1.0	4.173913043478261	24.91304347826087
12583	45	Gift, novelty, and souvenir stores	47	453220	43	47043	Dickson County, Tennessee	yes	1.8333333333333333	7.812451212427379	91.50204590532208
12584	45	Gift, novelty, and souvenir stores	47	453220	45	47045	Dyer County, Tennessee	no	4.5	5.5	82.66666666666667
12585	45	Gift, novelty, and souvenir stores	47	453220	47	47047	Fayette County, Tennessee	yes	1.0	4.173313925278991	69.02202544611569
12586	45	Gift, novelty, and souvenir stores	47	453220	49	47049	Fentress County, Tennessee	yes	1.0	4.326438372171136	48.18542011578162
12587	45	Gift, novelty, and souvenir stores	47	453220	51	47051	Franklin County, Tennessee	no	3.0	4.0	80.0
12588	45	Gift, novelty, and souvenir stores	47	453220	51	47051	Franklin County, Tennessee	yes	2.0	8.102677561928255	57.364888844837964
12589	45	Gift, novelty, and souvenir stores	47	453220	53	47053	Gibson County, Tennessee	no	4.333333333333333	10.0	276.6666666666667
12590	45	Gift, novelty, and souvenir stores	47	453220	53	47053	Gibson County, Tennessee	yes	3.3333333333333335	13.442163998059195	217.9605207827915
12591	45	Gift, novelty, and souvenir stores	47	453220	55	47055	Giles County, Tennessee	yes	2.0	8.652876744342272	96.37084023156324
12592	45	Gift, novelty, and souvenir stores	47	453220	57	47057	Grainger County, Tennessee	yes	1.0	4.326438372171136	48.18542011578162
12593	45	Gift, novelty, and souvenir stores	47	453220	59	47059	Greene County, Tennessee	yes	1.6666666666666667	7.108747508723674	86.84860675188293
12594	45	Gift, novelty, and souvenir stores	47	453220	61	47061	Grundy County, Tennessee	yes	2.0	8.347826086956522	49.82608695652174
12595	45	Gift, novelty, and souvenir stores	47	453220	63	47063	Hamblen County, Tennessee	no	5.0	36.0	266.5
12596	45	Gift, novelty, and souvenir stores	47	453220	65	47065	Hamilton County, Tennessee	no	31.5	178.16666666666666	2285.8333333333335
12597	45	Gift, novelty, and souvenir stores	47	453220	71	47071	Hardin County, Tennessee	yes	1.3333333333333333	5.95198422369952	77.24921061661723
12598	45	Gift, novelty, and souvenir stores	47	453220	73	47073	Hawkins County, Tennessee	yes	1.0	4.356943437909711	52.83989544328576
12599	45	Gift, novelty, and souvenir stores	47	453220	75	47075	Haywood County, Tennessee	yes	1.0	4.876637554585153	87.19137150250687
12600	45	Gift, novelty, and souvenir stores	47	453220	77	47077	Henderson County, Tennessee	yes	1.3333333333333333	5.862516077999072	57.206388355066224
12601	45	Gift, novelty, and souvenir stores	47	453220	79	47079	Henry County, Tennessee	no	3.0	0.0	23.0
12602	45	Gift, novelty, and souvenir stores	47	453220	79	47079	Henry County, Tennessee	yes	1.0	4.356943437909711	52.83989544328576
12603	45	Gift, novelty, and souvenir stores	47	453220	81	47081	Hickman County, Tennessee	yes	1.1666666666666667	5.022090546084179	52.337594028825094
12604	45	Gift, novelty, and souvenir stores	47	453220	83	47083	Houston County, Tennessee	yes	1.0	3.4944444444444445	30.301984126984124
12605	45	Gift, novelty, and souvenir stores	47	453220	85	47085	Humphreys County, Tennessee	yes	1.0	4.356943437909711	52.83989544328576
12606	45	Gift, novelty, and souvenir stores	47	453220	89	47089	Jefferson County, Tennessee	yes	1.75	7.4110108952615885	49.19405551150463
12607	45	Gift, novelty, and souvenir stores	47	453220	91	47091	Johnson County, Tennessee	yes	1.5	6.5662197817027765	61.85982750850538
12608	45	Gift, novelty, and souvenir stores	47	453220	93	47093	Knox County, Tennessee	no	35.666666666666664	242.66666666666666	4378.333333333333
12609	45	Gift, novelty, and souvenir stores	47	453220	97	47097	Lauderdale County, Tennessee	yes	1.0	4.326438372171136	48.18542011578162
12610	45	Gift, novelty, and souvenir stores	47	453220	99	47099	Lawrence County, Tennessee	yes	1.0	4.876637554585153	87.19137150250687
12611	45	Gift, novelty, and souvenir stores	47	453220	103	47103	Lincoln County, Tennessee	yes	1.1666666666666667	4.787549483282247	53.632642338003826
12612	45	Gift, novelty, and souvenir stores	47	453220	105	47105	Loudon County, Tennessee	yes	1.3333333333333333	5.717742719997222	56.48976794186857
12613	45	Gift, novelty, and souvenir stores	47	453220	107	47107	McMinn County, Tennessee	no	3.5	0.0	113.0
12614	45	Gift, novelty, and souvenir stores	47	453220	107	47107	McMinn County, Tennessee	yes	2.0	8.371081999029597	117.49335562949099
12615	45	Gift, novelty, and souvenir stores	47	453220	109	47109	McNairy County, Tennessee	yes	1.0	4.326438372171136	48.18542011578162
12616	45	Gift, novelty, and souvenir stores	47	453220	111	47111	Macon County, Tennessee	yes	2.0	8.652876744342272	96.37084023156324
12617	45	Gift, novelty, and souvenir stores	47	453220	113	47113	Madison County, Tennessee	no	10.666666666666666	70.33333333333333	575.8333333333334
12618	45	Gift, novelty, and souvenir stores	47	453220	119	47119	Maury County, Tennessee	no	3.0	3.0	100.33333333333333
12619	45	Gift, novelty, and souvenir stores	47	453220	119	47119	Maury County, Tennessee	yes	2.0	8.346627850557981	138.04405089223138
12620	45	Gift, novelty, and souvenir stores	47	453220	123	47123	Monroe County, Tennessee	no	4.0	2.0	57.0
12621	45	Gift, novelty, and souvenir stores	47	453220	123	47123	Monroe County, Tennessee	yes	1.25	5.106894336519684	35.66260315257771
12622	45	Gift, novelty, and souvenir stores	47	453220	125	47125	Montgomery County, Tennessee	no	11.666666666666666	88.83333333333333	994.1666666666666
12623	45	Gift, novelty, and souvenir stores	47	453220	127	47127	Moore County, Tennessee	no	4.333333333333333	6.0	153.33333333333334
12624	45	Gift, novelty, and souvenir stores	47	453220	129	47129	Morgan County, Tennessee	yes	1.0	4.173313925278991	69.02202544611569
12625	45	Gift, novelty, and souvenir stores	47	453220	131	47131	Obion County, Tennessee	yes	1.0	4.876637554585153	87.19137150250687
12626	45	Gift, novelty, and souvenir stores	47	453220	133	47133	Overton County, Tennessee	yes	1.1666666666666667	4.787549483282247	53.632642338003826
12627	45	Gift, novelty, and souvenir stores	47	453220	137	47137	Pickett County, Tennessee	yes	1.0	4.326438372171136	48.18542011578162
12628	45	Gift, novelty, and souvenir stores	47	453220	141	47141	Putnam County, Tennessee	no	6.5	28.0	281.5
12629	45	Gift, novelty, and souvenir stores	47	453220	147	47147	Robertson County, Tennessee	no	3.5	5.0	44.0
12630	45	Gift, novelty, and souvenir stores	47	453220	147	47147	Robertson County, Tennessee	yes	1.5	6.260420226567938	70.45130169328242
12631	45	Gift, novelty, and souvenir stores	47	453220	149	47149	Rutherford County, Tennessee	no	15.333333333333334	78.66666666666667	979.8333333333334
12632	45	Gift, novelty, and souvenir stores	47	453220	151	47151	Scott County, Tennessee	yes	1.0	4.876637554585153	87.19137150250687
12633	45	Gift, novelty, and souvenir stores	47	453220	155	47155	Sevier County, Tennessee	no	83.66666666666667	604.0	15108.166666666666
12634	45	Gift, novelty, and souvenir stores	47	453220	157	47157	Shelby County, Tennessee	no	58.5	565.0	8485.0
12635	45	Gift, novelty, and souvenir stores	47	453220	159	47159	Smith County, Tennessee	yes	1.0	4.608233117483811	27.06290471785384
12636	45	Gift, novelty, and souvenir stores	47	453220	161	47161	Stewart County, Tennessee	yes	1.0	4.642396050882855	66.4319288277582
12637	45	Gift, novelty, and souvenir stores	47	453220	163	47163	Sullivan County, Tennessee	no	7.25	34.0	413.0
12638	45	Gift, novelty, and souvenir stores	47	453220	163	47163	Sullivan County, Tennessee	yes	6.5	27.27536231884058	170.95755693581782
12639	45	Gift, novelty, and souvenir stores	47	453220	165	47165	Sumner County, Tennessee	no	9.833333333333334	61.833333333333336	616.1666666666666
12640	45	Gift, novelty, and souvenir stores	47	453220	167	47167	Tipton County, Tennessee	no	4.0	12.0	129.0
12641	45	Gift, novelty, and souvenir stores	47	453220	167	47167	Tipton County, Tennessee	yes	2.25	9.14615582279782	63.59314971440318
12642	45	Gift, novelty, and souvenir stores	47	453220	169	47169	Trousdale County, Tennessee	yes	1.0	4.173913043478261	24.91304347826087
12643	45	Gift, novelty, and souvenir stores	47	453220	171	47171	Unicoi County, Tennessee	yes	1.0	4.326438372171136	48.18542011578162
12644	45	Gift, novelty, and souvenir stores	47	453220	175	47175	Van Buren County, Tennessee	yes	1.0	4.1855409995147985	58.746677814745496
12645	45	Gift, novelty, and souvenir stores	47	453220	177	47177	Warren County, Tennessee	yes	1.3333333333333333	5.725794249787882	56.99103318226425
12646	45	Gift, novelty, and souvenir stores	47	453220	179	47179	Washington County, Tennessee	no	13.5	81.83333333333333	656.0
12647	45	Gift, novelty, and souvenir stores	47	453220	187	47187	Williamson County, Tennessee	no	22.0	130.33333333333334	4083.6666666666665
12648	45	Gift, novelty, and souvenir stores	47	453220	189	47189	Wilson County, Tennessee	no	4.666666666666667	14.833333333333334	190.66666666666666
12649	45	Hobby, toy, and game stores	47	451120	1	47001	Anderson County, Tennessee	yes	1.0	13.585263462651998	265.54270411117545
12650	45	Hobby, toy, and game stores	47	451120	9	47009	Blount County, Tennessee	no	3.3333333333333335	71.5	1250.5
12651	45	Hobby, toy, and game stores	47	451120	11	47011	Bradley County, Tennessee	no	4.0	62.0	1112.0
12652	45	Hobby, toy, and game stores	47	451120	11	47011	Bradley County, Tennessee	yes	2.75	39.994116037219484	723.0793691039635
12653	45	Hobby, toy, and game stores	47	451120	17	47017	Carroll County, Tennessee	yes	1.0	16.5	247.47058823529412
12654	45	Hobby, toy, and game stores	47	451120	31	47031	Coffee County, Tennessee	yes	1.5	23.11111111111111	368.54003267973854
12655	45	Hobby, toy, and game stores	47	451120	37	47037	Davidson County, Tennessee	no	19.666666666666668	295.0	4870.333333333333
12656	45	Hobby, toy, and game stores	47	451120	43	47043	Dickson County, Tennessee	yes	1.0	14.14879633142317	271.13191768331234
12657	45	Hobby, toy, and game stores	47	451120	53	47053	Gibson County, Tennessee	yes	1.0	14.21857805989148	260.7151574099724
12658	45	Hobby, toy, and game stores	47	451120	59	47059	Greene County, Tennessee	yes	1.0	15.275862068965518	282.3103448275862
12659	45	Hobby, toy, and game stores	47	451120	63	47063	Hamblen County, Tennessee	yes	1.5	21.375985467298886	382.6732184121511
12660	45	Hobby, toy, and game stores	47	451120	65	47065	Hamilton County, Tennessee	no	14.0	235.5	4065.0
12661	45	Hobby, toy, and game stores	47	451120	77	47077	Henderson County, Tennessee	yes	1.0	14.21857805989148	260.7151574099724
12662	45	Hobby, toy, and game stores	47	451120	89	47089	Jefferson County, Tennessee	yes	1.0	13.897311534281666	268.67036683391285
12663	45	Hobby, toy, and game stores	47	451120	93	47093	Knox County, Tennessee	no	16.333333333333332	277.0	4807.333333333333
12664	45	Hobby, toy, and game stores	47	451120	105	47105	Loudon County, Tennessee	yes	1.0	14.28835978835979	250.29839713663242
12665	45	Hobby, toy, and game stores	47	451120	107	47107	McMinn County, Tennessee	yes	1.5	21.362757954071373	385.86435597828864
12666	45	Hobby, toy, and game stores	47	451120	113	47113	Madison County, Tennessee	no	3.6666666666666665	83.33333333333333	1810.3333333333333
12667	45	Hobby, toy, and game stores	47	451120	113	47113	Madison County, Tennessee	yes	2.6666666666666665	38.48412698412698	663.7999533146591
12668	45	Hobby, toy, and game stores	47	451120	117	47117	Marshall County, Tennessee	yes	1.0	14.209359605911331	271.79802955665025
12669	45	Hobby, toy, and game stores	47	451120	119	47119	Maury County, Tennessee	yes	4.0	57.43383604908973	1040.5581086314862
12670	45	Hobby, toy, and game stores	47	451120	125	47125	Montgomery County, Tennessee	no	6.0	116.0	2301.0
12671	45	Hobby, toy, and game stores	47	451120	125	47125	Montgomery County, Tennessee	yes	4.0	57.30165571975916	1036.6593177500886
12672	45	Hobby, toy, and game stores	47	451120	127	47127	Moore County, Tennessee	yes	1.0	14.14879633142317	271.13191768331234
12673	45	Hobby, toy, and game stores	47	451120	141	47141	Putnam County, Tennessee	yes	3.5	49.813141587081844	904.1035332320959
12674	45	Hobby, toy, and game stores	47	451120	149	47149	Rutherford County, Tennessee	no	7.833333333333333	141.83333333333334	2512.5
12675	45	Hobby, toy, and game stores	47	451120	155	47155	Sevier County, Tennessee	no	7.666666666666667	39.0	866.6666666666666
12676	45	Hobby, toy, and game stores	47	451120	157	47157	Shelby County, Tennessee	no	28.666666666666668	405.6666666666667	6589.0
12677	45	Hobby, toy, and game stores	47	451120	163	47163	Sullivan County, Tennessee	no	7.5	127.5	2526.6666666666665
12678	45	Hobby, toy, and game stores	47	451120	165	47165	Sumner County, Tennessee	yes	2.0	27.482574996933664	534.2130709450882
12679	45	Hobby, toy, and game stores	47	451120	167	47167	Tipton County, Tennessee	yes	1.0	14.21857805989148	260.7151574099724
12680	45	Hobby, toy, and game stores	47	451120	177	47177	Warren County, Tennessee	yes	1.0	14.21857805989148	260.7151574099724
12681	45	Hobby, toy, and game stores	47	451120	179	47179	Washington County, Tennessee	no	4.333333333333333	76.0	1112.3333333333333
12682	45	Hobby, toy, and game stores	47	451120	179	47179	Washington County, Tennessee	yes	4.666666666666667	67.03439153439153	1170.7790227201992
12683	45	Hobby, toy, and game stores	47	451120	183	47183	Weakley County, Tennessee	yes	1.0	15.275862068965518	282.3103448275862
12684	45	Hobby, toy, and game stores	47	451120	187	47187	Williamson County, Tennessee	no	10.166666666666666	168.0	2798.6666666666665
12685	45	Hobby, toy, and game stores	47	451120	189	47189	Wilson County, Tennessee	no	3.0	7.0	30.0
12686	45	Hobby, toy, and game stores	47	451120	189	47189	Wilson County, Tennessee	yes	2.2	29.742430802962325	570.9509941592196
12687	45	Mail-order houses	47	454113	3	47003	Bedford County, Tennessee	yes	1.8333333333333333	103.32956054439221	5471.881687226641
12688	45	Mail-order houses	47	454113	9	47009	Blount County, Tennessee	yes	1.0	59.756588181800616	3115.962030053999
12689	45	Mail-order houses	47	454113	11	47011	Bradley County, Tennessee	yes	1.0	67.43126592049967	3674.1334538860297
12690	45	Mail-order houses	47	454113	19	47019	Carter County, Tennessee	yes	1.0	44.40723270440252	1999.6191823899371
12691	45	Mail-order houses	47	454113	35	47035	Cumberland County, Tennessee	yes	2.0	119.51317636360123	6231.924060107998
12692	45	Mail-order houses	47	454113	37	47037	Davidson County, Tennessee	no	12.333333333333334	275.8333333333333	13956.166666666666
12693	45	Mail-order houses	47	454113	51	47051	Franklin County, Tennessee	yes	1.1666666666666667	61.82801675322918	3211.9858395778083
12694	45	Mail-order houses	47	454113	57	47057	Grainger County, Tennessee	yes	1.0	77.29824561403508	4744.929824561404
12695	45	Mail-order houses	47	454113	65	47065	Hamilton County, Tennessee	no	13.333333333333334	406.6666666666667	24690.833333333332
12696	45	Mail-order houses	47	454113	73	47073	Hawkins County, Tennessee	yes	1.0	85.76549741780907	4706.796986133754
12697	45	Mail-order houses	47	454113	75	47075	Haywood County, Tennessee	yes	1.0	44.40723270440252	1999.6191823899371
12698	45	Mail-order houses	47	454113	89	47089	Jefferson County, Tennessee	yes	2.0	119.51317636360123	6231.924060107998
12699	45	Mail-order houses	47	454113	93	47093	Knox County, Tennessee	no	12.0	1403.0	52354.666666666664
12700	45	Mail-order houses	47	454113	93	47093	Knox County, Tennessee	yes	12.0	708.5349998223359	32530.88037167324
12701	45	Mail-order houses	47	454113	99	47099	Lawrence County, Tennessee	yes	1.3333333333333333	74.71105768890169	4002.807477004709
12702	45	Mail-order houses	47	454113	101	47101	Lewis County, Tennessee	yes	1.0	57.54112292224815	3378.7598594186616
12703	45	Mail-order houses	47	454113	105	47105	Loudon County, Tennessee	yes	1.0	59.756588181800616	3115.962030053999
12704	45	Mail-order houses	47	454113	109	47109	McNairy County, Tennessee	yes	1.0	59.756588181800616	3115.962030053999
12705	45	Mail-order houses	47	454113	111	47111	Macon County, Tennessee	yes	1.0	59.756588181800616	3115.962030053999
12706	45	Mail-order houses	47	454113	123	47123	Monroe County, Tennessee	yes	1.0	59.756588181800616	3115.962030053999
12707	45	Mail-order houses	47	454113	125	47125	Montgomery County, Tennessee	yes	1.0	59.756588181800616	3115.962030053999
12708	45	Mail-order houses	47	454113	131	47131	Obion County, Tennessee	yes	1.0	59.756588181800616	3115.962030053999
12709	45	Mail-order houses	47	454113	135	47135	Perry County, Tennessee	yes	1.0	59.756588181800616	3115.962030053999
12710	45	Mail-order houses	47	454113	137	47137	Pickett County, Tennessee	yes	1.0	33.74767894579215	1525.1270739742438
12711	45	Mail-order houses	47	454113	139	47139	Polk County, Tennessee	yes	1.0	59.756588181800616	3115.962030053999
12712	45	Mail-order houses	47	454113	141	47141	Putnam County, Tennessee	yes	1.0	59.756588181800616	3115.962030053999
12713	45	Mail-order houses	47	454113	147	47147	Robertson County, Tennessee	yes	1.0	52.2875668351099	2827.103588607172
12714	45	Mail-order houses	47	454113	149	47149	Rutherford County, Tennessee	yes	3.3333333333333335	209.42153092426747	11130.76866528937
12715	45	Mail-order houses	47	454113	155	47155	Sevier County, Tennessee	no	5.25	70.0	1965.25
12716	45	Mail-order houses	47	454113	155	47155	Sevier County, Tennessee	yes	5.5	439.1361161524501	26272.80671506352
12717	45	Mail-order houses	47	454113	157	47157	Shelby County, Tennessee	no	26.666666666666668	1933.6666666666667	86063.33333333333
12718	45	Mail-order houses	47	454113	157	47157	Shelby County, Tennessee	yes	17.0	1451.4123063356813	80077.10729336491
12719	45	Mail-order houses	47	454113	163	47163	Sullivan County, Tennessee	yes	1.0	59.756588181800616	3115.962030053999
12720	45	Mail-order houses	47	454113	179	47179	Washington County, Tennessee	yes	1.0	59.756588181800616	3115.962030053999
12721	45	Mail-order houses	47	454113	185	47185	White County, Tennessee	yes	1.0	59.756588181800616	3115.962030053999
12722	45	Mail-order houses	47	454113	187	47187	Williamson County, Tennessee	no	4.0	0.0	170.0
12723	45	Mail-order houses	47	454113	187	47187	Williamson County, Tennessee	yes	3.6	238.25835445610377	12005.461295564928
12724	45	Mail-order houses	47	454113	189	47189	Wilson County, Tennessee	yes	2.0	119.51317636360123	6231.924060107998
12725	45	Manufactured (mobile) home dealers	47	453930	1	47001	Anderson County, Tennessee	yes	1.0	2.5142215011918405	229.04392335813068
12726	45	Manufactured (mobile) home dealers	47	453930	9	47009	Blount County, Tennessee	yes	3.6666666666666665	8.308321069232086	813.7435347802744
12727	45	Manufactured (mobile) home dealers	47	453930	11	47011	Bradley County, Tennessee	yes	1.0	2.5142215011918405	229.04392335813068
12728	45	Manufactured (mobile) home dealers	47	453930	13	47013	Campbell County, Tennessee	yes	1.0	2.5142215011918405	229.04392335813068
12729	45	Manufactured (mobile) home dealers	47	453930	19	47019	Carter County, Tennessee	yes	1.0	2.5142215011918405	229.04392335813068
12730	45	Manufactured (mobile) home dealers	47	453930	29	47029	Cocke County, Tennessee	yes	2.0	5.028443002383681	458.08784671626137
12731	45	Manufactured (mobile) home dealers	47	453930	31	47031	Coffee County, Tennessee	yes	1.3333333333333333	-1.0137626262626263	154.0287581699346
12732	45	Manufactured (mobile) home dealers	47	453930	35	47035	Cumberland County, Tennessee	yes	1.0	2.5142215011918405	229.04392335813068
12733	45	Manufactured (mobile) home dealers	47	453930	37	47037	Davidson County, Tennessee	yes	1.0	5.69361147327249	298.47294654498046
12734	45	Manufactured (mobile) home dealers	47	453930	43	47043	Dickson County, Tennessee	yes	1.5	2.186128066848406	311.858302443098
12735	45	Manufactured (mobile) home dealers	47	453930	45	47045	Dyer County, Tennessee	yes	1.0	2.5142215011918405	229.04392335813068
12736	45	Manufactured (mobile) home dealers	47	453930	51	47051	Franklin County, Tennessee	yes	1.0	5.69361147327249	298.47294654498046
12737	45	Manufactured (mobile) home dealers	47	453930	55	47055	Giles County, Tennessee	yes	1.0	2.5142215011918405	229.04392335813068
12738	45	Manufactured (mobile) home dealers	47	453930	59	47059	Greene County, Tennessee	yes	2.0	5.028443002383681	458.08784671626137
12739	45	Manufactured (mobile) home dealers	47	453930	61	47061	Grundy County, Tennessee	yes	1.0	-1.0727272727272728	-34.8
12740	45	Manufactured (mobile) home dealers	47	453930	65	47065	Hamilton County, Tennessee	yes	3.0	7.54266450357552	687.1317700743922
12741	45	Manufactured (mobile) home dealers	47	453930	73	47073	Hawkins County, Tennessee	yes	1.0	2.5142215011918405	229.04392335813068
12742	45	Manufactured (mobile) home dealers	47	453930	77	47077	Henderson County, Tennessee	yes	1.0	2.5142215011918405	229.04392335813068
12743	45	Manufactured (mobile) home dealers	47	453930	79	47079	Henry County, Tennessee	no	4.0	19.166666666666668	942.3333333333334
12744	45	Manufactured (mobile) home dealers	47	453930	89	47089	Jefferson County, Tennessee	yes	1.0	5.666666666666667	280.4313725490196
12745	45	Manufactured (mobile) home dealers	47	453930	93	47093	Knox County, Tennessee	yes	4.666666666666667	12.899200940302634	1105.2418390128757
12746	45	Manufactured (mobile) home dealers	47	453930	107	47107	McMinn County, Tennessee	yes	1.0	2.5142215011918405	229.04392335813068
12747	45	Manufactured (mobile) home dealers	47	453930	111	47111	Macon County, Tennessee	yes	1.3333333333333333	4.41209199228267	328.5349055397909
12748	45	Manufactured (mobile) home dealers	47	453930	113	47113	Madison County, Tennessee	yes	2.1666666666666665	4.849655123595801	452.2878467162615
12749	45	Manufactured (mobile) home dealers	47	453930	115	47115	Marion County, Tennessee	yes	1.0	2.5142215011918405	229.04392335813068
12750	45	Manufactured (mobile) home dealers	47	453930	119	47119	Maury County, Tennessee	no	4.0	8.5	719.0
12751	45	Manufactured (mobile) home dealers	47	453930	119	47119	Maury County, Tennessee	yes	2.25	7.7223993520603695	412.5886328194903
12752	45	Manufactured (mobile) home dealers	47	453930	123	47123	Monroe County, Tennessee	no	3.3333333333333335	15.0	683.5
12753	45	Manufactured (mobile) home dealers	47	453930	125	47125	Montgomery County, Tennessee	yes	1.1666666666666667	2.3354336224039614	223.24392335813073
12754	45	Manufactured (mobile) home dealers	47	453930	131	47131	Obion County, Tennessee	yes	1.3333333333333333	2.186128066848406	269.0217011359085
12755	45	Manufactured (mobile) home dealers	47	453930	141	47141	Putnam County, Tennessee	yes	3.0	7.54266450357552	687.1317700743922
12756	45	Manufactured (mobile) home dealers	47	453930	145	47145	Roane County, Tennessee	yes	1.0	2.5142215011918405	229.04392335813068
12757	45	Manufactured (mobile) home dealers	47	453930	155	47155	Sevier County, Tennessee	yes	2.0	5.028443002383681	458.08784671626137
12758	45	Manufactured (mobile) home dealers	47	453930	157	47157	Shelby County, Tennessee	yes	2.0	5.028443002383681	458.08784671626137
12759	45	Manufactured (mobile) home dealers	47	453930	163	47163	Sullivan County, Tennessee	yes	2.6666666666666665	5.644794012484691	587.6407878927321
12760	45	Manufactured (mobile) home dealers	47	453930	165	47165	Sumner County, Tennessee	yes	1.0	4.263472403302912	283.59921837052946
12761	45	Manufactured (mobile) home dealers	47	453930	177	47177	Warren County, Tennessee	yes	1.4	5.509055845284659	401.20188664774906
12762	45	Manufactured (mobile) home dealers	47	453930	179	47179	Washington County, Tennessee	yes	1.0	2.5142215011918405	229.04392335813068
12763	45	Manufactured (mobile) home dealers	47	453930	181	47181	Wayne County, Tennessee	yes	1.0	2.5142215011918405	229.04392335813068
12764	45	Musical instrument and supplies stores	47	451140	1	47001	Anderson County, Tennessee	yes	1.0	4.5658157693639945	87.53418542051725
12765	45	Musical instrument and supplies stores	47	451140	3	47003	Bedford County, Tennessee	yes	1.0	4.5658157693639945	87.53418542051725
12766	45	Musical instrument and supplies stores	47	451140	9	47009	Blount County, Tennessee	yes	1.8333333333333333	8.489656230086014	165.06837084103452
12767	45	Musical instrument and supplies stores	47	451140	11	47011	Bradley County, Tennessee	yes	1.0	3.973107890499195	59.84971819645733
12768	45	Musical instrument and supplies stores	47	451140	35	47035	Cumberland County, Tennessee	yes	1.0	4.969094024416363	102.01424109373883
12769	45	Musical instrument and supplies stores	47	451140	37	47037	Davidson County, Tennessee	no	19.5	243.16666666666666	6947.333333333333
12770	45	Musical instrument and supplies stores	47	451140	43	47043	Dickson County, Tennessee	yes	1.0	3.8518518518518516	60.0
12771	45	Musical instrument and supplies stores	47	451140	53	47053	Gibson County, Tennessee	yes	1.0	4.5658157693639945	87.53418542051725
12772	45	Musical instrument and supplies stores	47	451140	59	47059	Greene County, Tennessee	yes	1.0	4.5658157693639945	87.53418542051725
12773	45	Musical instrument and supplies stores	47	451140	65	47065	Hamilton County, Tennessee	no	5.833333333333333	28.5	784.3333333333334
12774	45	Musical instrument and supplies stores	47	451140	71	47071	Hardin County, Tennessee	yes	1.0	4.5658157693639945	87.53418542051725
12775	45	Musical instrument and supplies stores	47	451140	73	47073	Hawkins County, Tennessee	yes	1.0	3.759259259259259	58.574074074074076
12776	45	Musical instrument and supplies stores	47	451140	79	47079	Henry County, Tennessee	yes	1.0	3.973107890499195	59.84971819645733
12777	45	Musical instrument and supplies stores	47	451140	93	47093	Knox County, Tennessee	no	9.166666666666666	70.83333333333333	1825.3333333333333
12778	45	Musical instrument and supplies stores	47	451140	107	47107	McMinn County, Tennessee	yes	1.0	3.759259259259259	58.574074074074076
12779	45	Musical instrument and supplies stores	47	451140	113	47113	Madison County, Tennessee	no	3.0	3.3333333333333335	142.0
12780	45	Musical instrument and supplies stores	47	451140	113	47113	Madison County, Tennessee	yes	2.0	9.78425073177697	230.68242069441467
12781	45	Musical instrument and supplies stores	47	451140	119	47119	Maury County, Tennessee	no	3.0	4.0	29.0
12782	45	Musical instrument and supplies stores	47	451140	119	47119	Maury County, Tennessee	yes	2.0	9.16123335157818	152.67013683634372
12783	45	Musical instrument and supplies stores	47	451140	125	47125	Montgomery County, Tennessee	yes	1.0	4.5658157693639945	87.53418542051725
12784	45	Musical instrument and supplies stores	47	451140	131	47131	Obion County, Tennessee	yes	1.0	3.8518518518518516	60.0
12785	45	Musical instrument and supplies stores	47	451140	141	47141	Putnam County, Tennessee	yes	2.0	9.131631538727989	175.0683708410345
12786	45	Musical instrument and supplies stores	47	451140	143	47143	Rhea County, Tennessee	yes	1.0	4.5658157693639945	87.53418542051725
12787	45	Musical instrument and supplies stores	47	451140	149	47149	Rutherford County, Tennessee	no	5.333333333333333	22.0	405.3333333333333
12788	45	Musical instrument and supplies stores	47	451140	155	47155	Sevier County, Tennessee	no	3.0	9.666666666666666	267.0
12789	45	Musical instrument and supplies stores	47	451140	155	47155	Sevier County, Tennessee	yes	3.0	12.71851851851852	179.18148148148148
12790	45	Musical instrument and supplies stores	47	451140	157	47157	Shelby County, Tennessee	no	10.5	135.33333333333334	5454.666666666667
12791	45	Musical instrument and supplies stores	47	451140	163	47163	Sullivan County, Tennessee	no	4.0	9.2	280.4
12792	45	Musical instrument and supplies stores	47	451140	163	47163	Sullivan County, Tennessee	yes	4.0	20.8	248.13333333333333
12793	45	Musical instrument and supplies stores	47	451140	165	47165	Sumner County, Tennessee	yes	2.1666666666666665	9.660617045974368	185.1046027250925
12794	45	Musical instrument and supplies stores	47	451140	179	47179	Washington County, Tennessee	yes	2.0	9.131631538727989	175.0683708410345
12795	45	Musical instrument and supplies stores	47	451140	187	47187	Williamson County, Tennessee	no	6.833333333333333	46.833333333333336	935.6666666666666
12796	45	Musical instrument and supplies stores	47	451140	189	47189	Wilson County, Tennessee	yes	2.0	9.131631538727989	175.0683708410345
12797	45	News dealers and newsstands	47	451212	37	47037	Davidson County, Tennessee	yes	1.6666666666666667	10.428571428571429	252.99867724867727
12798	45	News dealers and newsstands	47	451212	63	47063	Hamblen County, Tennessee	yes	1.0	0.0	-13.11111111111111
12799	45	News dealers and newsstands	47	451212	65	47065	Hamilton County, Tennessee	no	3.25	2.5	120.75
12800	45	News dealers and newsstands	47	451212	65	47065	Hamilton County, Tennessee	yes	2.0	26.57142857142857	745.7142857142857
12801	45	News dealers and newsstands	47	451212	93	47093	Knox County, Tennessee	yes	1.0	7.428571428571428	188.64219576719577
12802	45	News dealers and newsstands	47	451212	149	47149	Rutherford County, Tennessee	yes	1.0	7.428571428571428	188.64219576719577
12803	45	News dealers and newsstands	47	451212	155	47155	Sevier County, Tennessee	yes	1.0	7.428571428571428	188.64219576719577
12804	45	News dealers and newsstands	47	451212	157	47157	Shelby County, Tennessee	yes	1.6666666666666667	10.428571428571429	252.99867724867727
12805	45	News dealers and newsstands	47	451212	163	47163	Sullivan County, Tennessee	yes	1.0	4.5	96.53472222222223
12806	45	Office supplies and stationery stores	47	453210	1	47001	Anderson County, Tennessee	yes	1.0	14.067434369853723	212.7642198316685
12807	45	Office supplies and stationery stores	47	453210	9	47009	Blount County, Tennessee	yes	2.0	28.134868739707446	425.528439663337
12808	45	Office supplies and stationery stores	47	453210	11	47011	Bradley County, Tennessee	no	3.6666666666666665	27.833333333333332	624.8333333333334
12809	45	Office supplies and stationery stores	47	453210	13	47013	Campbell County, Tennessee	yes	1.0	13.880921243824469	214.63373046466887
12810	45	Office supplies and stationery stores	47	453210	17	47017	Carroll County, Tennessee	yes	1.0	14.067434369853723	212.7642198316685
12811	45	Office supplies and stationery stores	47	453210	25	47025	Claiborne County, Tennessee	yes	1.0	14.630921243824469	203.86706379800222
12812	45	Office supplies and stationery stores	47	453210	31	47031	Coffee County, Tennessee	no	3.0	22.0	427.0
12813	45	Office supplies and stationery stores	47	453210	31	47031	Coffee County, Tennessee	yes	2.4	35.326097064806746	507.58672858408926
12814	45	Office supplies and stationery stores	47	453210	35	47035	Cumberland County, Tennessee	no	3.0	25.333333333333332	513.1666666666666
12815	45	Office supplies and stationery stores	47	453210	37	47037	Davidson County, Tennessee	no	21.833333333333332	237.5	4448.0
12816	45	Office supplies and stationery stores	47	453210	39	47039	Decatur County, Tennessee	yes	1.0	16.017818221447254	213.06575123510606
12817	45	Office supplies and stationery stores	47	453210	43	47043	Dickson County, Tennessee	yes	1.0	14.067434369853723	212.7642198316685
12818	45	Office supplies and stationery stores	47	453210	53	47053	Gibson County, Tennessee	yes	1.0	10.166666666666668	212.1611570247934
12819	45	Office supplies and stationery stores	47	453210	55	47055	Giles County, Tennessee	yes	1.0	15.0	203.41666666666666
12820	45	Office supplies and stationery stores	47	453210	59	47059	Greene County, Tennessee	yes	1.0	14.067434369853723	212.7642198316685
12821	45	Office supplies and stationery stores	47	453210	63	47063	Hamblen County, Tennessee	yes	2.0	28.134868739707446	425.528439663337
12822	45	Office supplies and stationery stores	47	453210	65	47065	Hamilton County, Tennessee	no	10.166666666666666	113.16666666666667	2020.3333333333333
12823	45	Office supplies and stationery stores	47	453210	69	47069	Hardeman County, Tennessee	yes	1.0	17.60709096192967	198.33766831347475
12824	45	Office supplies and stationery stores	47	453210	93	47093	Knox County, Tennessee	no	14.5	115.66666666666667	3111.6666666666665
12825	45	Office supplies and stationery stores	47	453210	107	47107	McMinn County, Tennessee	yes	2.0	28.134868739707446	425.528439663337
12826	45	Office supplies and stationery stores	47	453210	109	47109	McNairy County, Tennessee	yes	1.0	14.067434369853723	212.7642198316685
12827	45	Office supplies and stationery stores	47	453210	113	47113	Madison County, Tennessee	no	3.0	45.0	710.0
12828	45	Office supplies and stationery stores	47	453210	113	47113	Madison County, Tennessee	yes	3.0	41.64276373147341	643.9011913940066
12829	45	Office supplies and stationery stores	47	453210	119	47119	Maury County, Tennessee	no	4.0	18.666666666666668	557.3333333333334
12830	45	Office supplies and stationery stores	47	453210	119	47119	Maury County, Tennessee	yes	3.3333333333333335	45.34234234234234	681.547539274812
12831	45	Office supplies and stationery stores	47	453210	123	47123	Monroe County, Tennessee	yes	1.0	16.87837837837838	198.1677927927928
12832	45	Office supplies and stationery stores	47	453210	125	47125	Montgomery County, Tennessee	no	3.0	34.0	595.0
12833	45	Office supplies and stationery stores	47	453210	125	47125	Montgomery County, Tennessee	yes	3.0	45.0	610.25
12834	45	Office supplies and stationery stores	47	453210	131	47131	Obion County, Tennessee	yes	1.0	14.067434369853723	212.7642198316685
12835	45	Office supplies and stationery stores	47	453210	141	47141	Putnam County, Tennessee	yes	2.0	28.134868739707446	425.528439663337
12836	45	Office supplies and stationery stores	47	453210	143	47143	Rhea County, Tennessee	yes	1.0	14.067434369853723	212.7642198316685
12837	45	Office supplies and stationery stores	47	453210	145	47145	Roane County, Tennessee	yes	1.0	15.0	203.41666666666666
12838	45	Office supplies and stationery stores	47	453210	147	47147	Robertson County, Tennessee	yes	1.0	16.87837837837838	198.1677927927928
12839	45	Office supplies and stationery stores	47	453210	149	47149	Rutherford County, Tennessee	no	7.333333333333333	72.16666666666667	1243.0
12840	45	Office supplies and stationery stores	47	453210	155	47155	Sevier County, Tennessee	yes	2.0	28.134868739707446	425.528439663337
12841	45	Office supplies and stationery stores	47	453210	157	47157	Shelby County, Tennessee	no	18.166666666666668	137.0	4522.166666666667
12842	45	Office supplies and stationery stores	47	453210	163	47163	Sullivan County, Tennessee	yes	1.1666666666666667	16.567434369853725	246.66699760944627
12843	45	Office supplies and stationery stores	47	453210	165	47165	Sumner County, Tennessee	no	4.6	41.4	927.2
12844	45	Office supplies and stationery stores	47	453210	165	47165	Sumner County, Tennessee	yes	3.0	45.0	610.25
12845	45	Office supplies and stationery stores	47	453210	179	47179	Washington County, Tennessee	no	5.0	52.0	895.5
12846	45	Office supplies and stationery stores	47	453210	183	47183	Weakley County, Tennessee	yes	1.0	11.777777777777777	209.24632690541782
12847	45	Office supplies and stationery stores	47	453210	185	47185	White County, Tennessee	yes	1.0	14.067434369853723	212.7642198316685
12848	45	Office supplies and stationery stores	47	453210	187	47187	Williamson County, Tennessee	no	5.666666666666667	71.0	1500.3333333333333
12849	45	Office supplies and stationery stores	47	453210	189	47189	Wilson County, Tennessee	yes	2.0	28.134868739707446	425.528439663337
12850	45	Other direct selling establishments	47	454390	1	47001	Anderson County, Tennessee	yes	2.1666666666666665	16.64627823750705	408.43153115939094
12851	45	Other direct selling establishments	47	454390	3	47003	Bedford County, Tennessee	no	3.0	11.0	284.0
12852	45	Other direct selling establishments	47	454390	3	47003	Bedford County, Tennessee	yes	2.25	16.553829960344768	375.2790917581268
12853	45	Other direct selling establishments	47	454390	9	47009	Blount County, Tennessee	no	5.333333333333333	13.666666666666666	504.3333333333333
12854	45	Other direct selling establishments	47	454390	9	47009	Blount County, Tennessee	yes	3.0	29.83585245486915	661.1569872741255
12855	45	Other direct selling establishments	47	454390	11	47011	Bradley County, Tennessee	no	4.0	8.5	443.0
12856	45	Other direct selling establishments	47	454390	11	47011	Bradley County, Tennessee	yes	1.75	16.029628355094147	367.3018978923819
12857	45	Other direct selling establishments	47	454390	13	47013	Campbell County, Tennessee	yes	1.0	8.11152569905048	196.6680919252137
12858	45	Other direct selling establishments	47	454390	19	47019	Carter County, Tennessee	yes	2.0	14.543478260869565	445.39130434782606
12859	45	Other direct selling establishments	47	454390	21	47021	Cheatham County, Tennessee	yes	1.0	7.670108482948157	200.059356919814
12860	45	Other direct selling establishments	47	454390	23	47023	Chester County, Tennessee	yes	1.0	8.11152569905048	196.6680919252137
12861	45	Other direct selling establishments	47	454390	31	47031	Coffee County, Tennessee	no	3.0	32.0	1175.0
12862	45	Other direct selling establishments	47	454390	31	47031	Coffee County, Tennessee	yes	2.0	16.558966025547242	382.9251597509477
12863	45	Other direct selling establishments	47	454390	33	47033	Crockett County, Tennessee	yes	1.0	8.11152569905048	196.6680919252137
12864	45	Other direct selling establishments	47	454390	35	47035	Cumberland County, Tennessee	yes	1.1666666666666667	9.323482220789609	233.78403395419923
12865	45	Other direct selling establishments	47	454390	37	47037	Davidson County, Tennessee	no	36.333333333333336	419.5	19803.333333333332
12866	45	Other direct selling establishments	47	454390	43	47043	Dickson County, Tennessee	yes	1.0	8.11152569905048	196.6680919252137
12867	45	Other direct selling establishments	47	454390	45	47045	Dyer County, Tennessee	no	3.3333333333333335	8.0	253.33333333333334
12868	45	Other direct selling establishments	47	454390	45	47045	Dyer County, Tennessee	yes	2.0	19.8905683032461	440.771324849417
12869	45	Other direct selling establishments	47	454390	47	47047	Fayette County, Tennessee	yes	1.8333333333333333	14.436887876088383	367.1569385674086
12870	45	Other direct selling establishments	47	454390	51	47051	Franklin County, Tennessee	yes	1.0	8.796870151076151	242.25905591664176
12871	45	Other direct selling establishments	47	454390	53	47053	Gibson County, Tennessee	yes	1.3333333333333333	10.509274570516387	258.6610831345271
12872	45	Other direct selling establishments	47	454390	55	47055	Giles County, Tennessee	yes	1.0	7.581894821356885	151.9845443596949
12873	45	Other direct selling establishments	47	454390	59	47059	Greene County, Tennessee	yes	1.1666666666666667	9.89768922106306	222.84733720823257
12874	45	Other direct selling establishments	47	454390	63	47063	Hamblen County, Tennessee	yes	2.5	20.595322301626684	502.2268189600907
12875	45	Other direct selling establishments	47	454390	65	47065	Hamilton County, Tennessee	no	20.5	84.16666666666667	3400.6666666666665
12876	45	Other direct selling establishments	47	454390	73	47073	Hawkins County, Tennessee	yes	1.0	8.11152569905048	196.6680919252137
12877	45	Other direct selling establishments	47	454390	77	47077	Henderson County, Tennessee	no	4.25	5.5	125.5
12878	45	Other direct selling establishments	47	454390	77	47077	Henderson County, Tennessee	yes	3.0	21.57973984319316	557.9369208838204
12879	45	Other direct selling establishments	47	454390	79	47079	Henry County, Tennessee	yes	1.0	9.559435661396837	252.04075778800615
12880	45	Other direct selling establishments	47	454390	81	47081	Hickman County, Tennessee	yes	1.4	9.934144140660099	278.5044698096717
12881	45	Other direct selling establishments	47	454390	83	47083	Houston County, Tennessee	yes	1.0	7.271739130434782	222.69565217391303
12882	45	Other direct selling establishments	47	454390	85	47085	Humphreys County, Tennessee	yes	1.0	8.11152569905048	196.6680919252137
12883	45	Other direct selling establishments	47	454390	89	47089	Jefferson County, Tennessee	yes	2.1666666666666665	18.00921492011354	419.5154291334463
12884	45	Other direct selling establishments	47	454390	91	47091	Johnson County, Tennessee	yes	2.0	16.22305139810096	393.3361838504274
12885	45	Other direct selling establishments	47	454390	93	47093	Knox County, Tennessee	no	37.833333333333336	203.0	6217.0
12886	45	Other direct selling establishments	47	454390	97	47097	Lauderdale County, Tennessee	yes	1.0	8.11152569905048	196.6680919252137
12887	45	Other direct selling establishments	47	454390	101	47101	Lewis County, Tennessee	yes	1.0	8.11152569905048	196.6680919252137
12888	45	Other direct selling establishments	47	454390	103	47103	Lincoln County, Tennessee	no	3.0	6.0	181.0
12889	45	Other direct selling establishments	47	454390	103	47103	Lincoln County, Tennessee	yes	2.0	15.180869224890964	409.17323194126766
12890	45	Other direct selling establishments	47	454390	105	47105	Loudon County, Tennessee	no	5.0	24.0	1255.0
12891	45	Other direct selling establishments	47	454390	105	47105	Loudon County, Tennessee	yes	3.8	30.874093638282005	768.3198324950323
12892	45	Other direct selling establishments	47	454390	113	47113	Madison County, Tennessee	no	4.833333333333333	16.5	693.1666666666666
12893	45	Other direct selling establishments	47	454390	119	47119	Maury County, Tennessee	yes	1.1666666666666667	9.323482220789609	233.78403395419923
12894	45	Other direct selling establishments	47	454390	123	47123	Monroe County, Tennessee	yes	2.0	19.118871322793673	504.0815155760123
12895	45	Other direct selling establishments	47	454390	125	47125	Montgomery County, Tennessee	no	7.0	30.5	1044.6666666666667
12896	45	Other direct selling establishments	47	454390	129	47129	Morgan County, Tennessee	yes	1.0	8.11152569905048	196.6680919252137
12897	45	Other direct selling establishments	47	454390	131	47131	Obion County, Tennessee	yes	1.0	8.11152569905048	196.6680919252137
12898	45	Other direct selling establishments	47	454390	133	47133	Overton County, Tennessee	yes	1.0	8.11152569905048	196.6680919252137
12899	45	Other direct selling establishments	47	454390	135	47135	Perry County, Tennessee	yes	1.0	7.271739130434782	222.69565217391303
12900	45	Other direct selling establishments	47	454390	141	47141	Putnam County, Tennessee	no	4.0	28.0	1042.0
12901	45	Other direct selling establishments	47	454390	141	47141	Putnam County, Tennessee	yes	5.0	42.61821867095163	1034.5009283795284
12902	45	Other direct selling establishments	47	454390	143	47143	Rhea County, Tennessee	yes	1.0	7.193246614397719	185.97897362794012
12903	45	Other direct selling establishments	47	454390	147	47147	Robertson County, Tennessee	no	3.0	18.0	342.0
12904	45	Other direct selling establishments	47	454390	147	47147	Robertson County, Tennessee	yes	1.2	9.702433832445752	221.3150388918673
12905	45	Other direct selling establishments	47	454390	149	47149	Rutherford County, Tennessee	no	11.8	17.0	646.6
12906	45	Other direct selling establishments	47	454390	149	47149	Rutherford County, Tennessee	yes	12.0	87.26086956521739	2672.3478260869565
12907	45	Other direct selling establishments	47	454390	151	47151	Scott County, Tennessee	yes	1.0	8.11152569905048	196.6680919252137
12908	45	Other direct selling establishments	47	454390	153	47153	Sequatchie County, Tennessee	yes	1.0	8.11152569905048	196.6680919252137
12909	45	Other direct selling establishments	47	454390	155	47155	Sevier County, Tennessee	no	5.8	29.6	792.2
12910	45	Other direct selling establishments	47	454390	155	47155	Sevier County, Tennessee	yes	3.0	21.34426229508197	447.78688524590166
12911	45	Other direct selling establishments	47	454390	157	47157	Shelby County, Tennessee	no	40.333333333333336	213.66666666666666	6778.333333333333
12912	45	Other direct selling establishments	47	454390	159	47159	Smith County, Tennessee	yes	1.0	7.855226611143991	216.99171086576294
12913	45	Other direct selling establishments	47	454390	163	47163	Sullivan County, Tennessee	no	7.0	42.333333333333336	2232.0
12914	45	Other direct selling establishments	47	454390	165	47165	Sumner County, Tennessee	no	5.0	12.333333333333334	609.1666666666666
12915	45	Other direct selling establishments	47	454390	167	47167	Tipton County, Tennessee	yes	1.3333333333333333	11.298004252849426	280.6816778545491
12916	45	Other direct selling establishments	47	454390	169	47169	Trousdale County, Tennessee	yes	1.0	7.271739130434782	222.69565217391303
12917	45	Other direct selling establishments	47	454390	171	47171	Unicoi County, Tennessee	yes	1.0	8.36782478695697	176.34447298466446
12918	45	Other direct selling establishments	47	454390	177	47177	Warren County, Tennessee	no	3.0	7.0	382.5
12919	45	Other direct selling establishments	47	454390	179	47179	Washington County, Tennessee	no	7.8	21.0	1016.4
12920	45	Other direct selling establishments	47	454390	179	47179	Washington County, Tennessee	yes	14.0	101.80434782608697	3117.739130434783
12921	45	Other direct selling establishments	47	454390	183	47183	Weakley County, Tennessee	yes	2.1666666666666665	17.43500791984009	430.45212587941296
12922	45	Other direct selling establishments	47	454390	187	47187	Williamson County, Tennessee	no	21.0	51.333333333333336	3569.1666666666665
12923	45	Other direct selling establishments	47	454390	189	47189	Wilson County, Tennessee	no	7.0	22.0	886.6
12924	45	Other direct selling establishments	47	454390	189	47189	Wilson County, Tennessee	yes	4.0	28.459016393442624	597.0491803278688
12925	45	Pet and pet supplies stores	47	453910	1	47001	Anderson County, Tennessee	yes	2.3333333333333335	29.56675025711222	484.4830236946393
12926	45	Pet and pet supplies stores	47	453910	3	47003	Bedford County, Tennessee	yes	1.0	16.514039238883957	217.16981497913176
12927	45	Pet and pet supplies stores	47	453910	9	47009	Blount County, Tennessee	no	5.0	54.333333333333336	1008.0
12928	45	Pet and pet supplies stores	47	453910	9	47009	Blount County, Tennessee	yes	3.3333333333333335	53.297219757468206	721.4414177265108
12929	45	Pet and pet supplies stores	47	453910	11	47011	Bradley County, Tennessee	yes	1.3333333333333333	18.058313818765736	279.28410337365506
12930	45	Pet and pet supplies stores	47	453910	19	47019	Carter County, Tennessee	yes	1.0	11.923582024695753	203.25285148602774
12931	45	Pet and pet supplies stores	47	453910	31	47031	Coffee County, Tennessee	yes	1.6666666666666667	21.117307909640317	341.25913645252547
12932	45	Pet and pet supplies stores	47	453910	35	47035	Cumberland County, Tennessee	yes	1.6666666666666667	16.50238012306978	338.1007391926932
12933	45	Pet and pet supplies stores	47	453910	37	47037	Davidson County, Tennessee	no	25.166666666666668	252.83333333333334	7953.5
12934	45	Pet and pet supplies stores	47	453910	43	47043	Dickson County, Tennessee	yes	1.0	9.60304191338674	196.52567823832192
12935	45	Pet and pet supplies stores	47	453910	45	47045	Dyer County, Tennessee	yes	1.1666666666666667	16.180762798357573	244.31811697909723
12936	45	Pet and pet supplies stores	47	453910	47	47047	Fayette County, Tennessee	yes	1.0	13.05854057613535	206.84774660872685
12937	45	Pet and pet supplies stores	47	453910	63	47063	Hamblen County, Tennessee	yes	1.8333333333333333	22.99485893004848	376.22512284708336
12938	45	Pet and pet supplies stores	47	453910	65	47065	Hamilton County, Tennessee	no	7.333333333333333	112.33333333333333	2355.0
12939	45	Pet and pet supplies stores	47	453910	65	47065	Hamilton County, Tennessee	yes	9.666666666666666	158.62589963521643	2099.401048342042
12940	45	Pet and pet supplies stores	47	453910	89	47089	Jefferson County, Tennessee	yes	1.0	9.60304191338674	196.52567823832192
12941	45	Pet and pet supplies stores	47	453910	93	47093	Knox County, Tennessee	no	15.833333333333334	222.16666666666666	4332.333333333333
12942	45	Pet and pet supplies stores	47	453910	105	47105	Loudon County, Tennessee	yes	1.0	12.088151000257447	201.61708476569797
12943	45	Pet and pet supplies stores	47	453910	107	47107	McMinn County, Tennessee	yes	1.0	10.349007314524556	212.36259143155695
12944	45	Pet and pet supplies stores	47	453910	113	47113	Madison County, Tennessee	yes	2.5	30.918602108964066	511.9583323366146
12945	45	Pet and pet supplies stores	47	453910	119	47119	Maury County, Tennessee	no	4.5	51.666666666666664	1385.5
12946	45	Pet and pet supplies stores	47	453910	123	47123	Monroe County, Tennessee	yes	1.0	13.827294685990339	190.87157809983898
12947	45	Pet and pet supplies stores	47	453910	125	47125	Montgomery County, Tennessee	no	6.166666666666667	62.5	1265.8333333333333
12948	45	Pet and pet supplies stores	47	453910	131	47131	Obion County, Tennessee	yes	1.0	13.05854057613535	206.84774660872685
12949	45	Pet and pet supplies stores	47	453910	141	47141	Putnam County, Tennessee	no	4.0	41.75	563.0
12950	45	Pet and pet supplies stores	47	453910	141	47141	Putnam County, Tennessee	yes	2.0	29.99863945578231	434.6181405895692
12951	45	Pet and pet supplies stores	47	453910	145	47145	Roane County, Tennessee	yes	1.5	17.86006153282872	305.1105857278878
12952	45	Pet and pet supplies stores	47	453910	149	47149	Rutherford County, Tennessee	no	7.0	103.33333333333333	2335.0
12953	45	Pet and pet supplies stores	47	453910	149	47149	Rutherford County, Tennessee	yes	5.0	82.5701961944198	1085.8490748956588
12954	45	Pet and pet supplies stores	47	453910	155	47155	Sevier County, Tennessee	no	4.0	27.333333333333332	488.0
12955	45	Pet and pet supplies stores	47	453910	155	47155	Sevier County, Tennessee	yes	3.3333333333333335	53.297219757468206	721.4414177265108
12956	45	Pet and pet supplies stores	47	453910	157	47157	Shelby County, Tennessee	no	24.333333333333332	264.0	7052.666666666667
12957	45	Pet and pet supplies stores	47	453910	163	47163	Sullivan County, Tennessee	no	3.5	54.0	898.0
12958	45	Pet and pet supplies stores	47	453910	165	47165	Sumner County, Tennessee	no	3.8333333333333335	29.166666666666668	616.6666666666666
12959	45	Pet and pet supplies stores	47	453910	167	47167	Tipton County, Tennessee	yes	2.0	26.1170811522707	413.6954932174537
12960	45	Pet and pet supplies stores	47	453910	171	47171	Unicoi County, Tennessee	yes	1.0	13.05854057613535	206.84774660872685
12961	45	Pet and pet supplies stores	47	453910	179	47179	Washington County, Tennessee	yes	2.0	26.1170811522707	413.6954932174537
12962	45	Pet and pet supplies stores	47	453910	183	47183	Weakley County, Tennessee	yes	1.0	13.05854057613535	206.84774660872685
12963	45	Pet and pet supplies stores	47	453910	187	47187	Williamson County, Tennessee	no	9.0	87.16666666666667	2319.1666666666665
12964	45	Pet and pet supplies stores	47	453910	189	47189	Wilson County, Tennessee	no	4.0	58.333333333333336	1133.3333333333333
12965	45	Pet and pet supplies stores	47	453910	189	47189	Wilson County, Tennessee	yes	2.6666666666666665	43.297673272207426	576.5687041966545
12966	45	Sewing, needlework, and piece goods stores	47	451130	1	47001	Anderson County, Tennessee	yes	1.0	7.307692307692308	88.84615384615385
12967	45	Sewing, needlework, and piece goods stores	47	451130	9	47009	Blount County, Tennessee	yes	1.3333333333333333	9.95443311708372	118.21241609795827
12968	45	Sewing, needlework, and piece goods stores	47	451130	11	47011	Bradley County, Tennessee	yes	1.0	8.65688688821219	87.78289303066413
12969	45	Sewing, needlework, and piece goods stores	47	451130	13	47013	Campbell County, Tennessee	yes	1.0	8.65688688821219	87.78289303066413
12970	45	Sewing, needlework, and piece goods stores	47	451130	17	47017	Carroll County, Tennessee	yes	2.0	17.31377377642438	175.56578606132825
12971	45	Sewing, needlework, and piece goods stores	47	451130	21	47021	Cheatham County, Tennessee	yes	1.0	9.285714285714285	84.67857142857143
12972	45	Sewing, needlework, and piece goods stores	47	451130	25	47025	Claiborne County, Tennessee	yes	1.0	8.65688688821219	87.78289303066413
12973	45	Sewing, needlework, and piece goods stores	47	451130	29	47029	Cocke County, Tennessee	yes	1.0	9.857692307692307	75.65230769230769
12974	45	Sewing, needlework, and piece goods stores	47	451130	31	47031	Coffee County, Tennessee	yes	2.0	16.63329802727393	183.993019751333
12975	45	Sewing, needlework, and piece goods stores	47	451130	35	47035	Cumberland County, Tennessee	no	3.0	12.25	196.0
12976	45	Sewing, needlework, and piece goods stores	47	451130	35	47035	Cumberland County, Tennessee	yes	2.5	26.015384615384615	188.76461538461538
12977	45	Sewing, needlework, and piece goods stores	47	451130	37	47037	Davidson County, Tennessee	no	7.333333333333333	75.5	1212.5
12978	45	Sewing, needlework, and piece goods stores	47	451130	43	47043	Dickson County, Tennessee	yes	2.0	17.93037468555541	180.12509711974772
12979	45	Sewing, needlework, and piece goods stores	47	451130	45	47045	Dyer County, Tennessee	yes	1.0	8.056484178472129	93.84818569984233
12980	45	Sewing, needlework, and piece goods stores	47	451130	51	47051	Franklin County, Tennessee	yes	1.0	9.077197802197801	81.20733516483517
12981	45	Sewing, needlework, and piece goods stores	47	451130	59	47059	Greene County, Tennessee	yes	1.0	9.857692307692307	75.65230769230769
12982	45	Sewing, needlework, and piece goods stores	47	451130	65	47065	Hamilton County, Tennessee	no	7.833333333333333	42.833333333333336	1008.6666666666666
12983	45	Sewing, needlework, and piece goods stores	47	451130	83	47083	Houston County, Tennessee	yes	1.0	7.646740809391413	96.90472379026596
12984	45	Sewing, needlework, and piece goods stores	47	451130	93	47093	Knox County, Tennessee	no	5.5	79.66666666666667	993.0
12985	45	Sewing, needlework, and piece goods stores	47	451130	103	47103	Lincoln County, Tennessee	yes	1.5	13.490403371728673	127.11342416619526
12986	45	Sewing, needlework, and piece goods stores	47	451130	113	47113	Madison County, Tennessee	no	4.166666666666667	21.833333333333332	382.1666666666667
12987	45	Sewing, needlework, and piece goods stores	47	451130	125	47125	Montgomery County, Tennessee	no	3.0	14.0	161.0
12988	45	Sewing, needlework, and piece goods stores	47	451130	125	47125	Montgomery County, Tennessee	yes	1.4	13.342330199920562	121.98226284558817
12989	45	Sewing, needlework, and piece goods stores	47	451130	131	47131	Obion County, Tennessee	yes	1.0	9.077197802197801	81.20733516483517
12990	45	Sewing, needlework, and piece goods stores	47	451130	141	47141	Putnam County, Tennessee	yes	1.0	8.65688688821219	87.78289303066413
12991	45	Sewing, needlework, and piece goods stores	47	451130	145	47145	Roane County, Tennessee	yes	1.0	7.115384615384616	76.38461538461539
12992	45	Sewing, needlework, and piece goods stores	47	451130	147	47147	Robertson County, Tennessee	yes	1.0	8.65688688821219	87.78289303066413
12993	45	Sewing, needlework, and piece goods stores	47	451130	149	47149	Rutherford County, Tennessee	no	4.0	0.0	499.0
12994	45	Sewing, needlework, and piece goods stores	47	451130	149	47149	Rutherford County, Tennessee	yes	3.4	26.885012577783662	303.2790522730282
12995	45	Sewing, needlework, and piece goods stores	47	451130	155	47155	Sevier County, Tennessee	no	6.666666666666667	36.5	530.0
12996	45	Sewing, needlework, and piece goods stores	47	451130	157	47157	Shelby County, Tennessee	no	18.166666666666668	125.83333333333333	1822.6666666666667
12997	45	Sewing, needlework, and piece goods stores	47	451130	163	47163	Sullivan County, Tennessee	no	3.0	16.0	99.0
12998	45	Sewing, needlework, and piece goods stores	47	451130	163	47163	Sullivan County, Tennessee	yes	2.5	22.30274725274725	205.79585164835166
12999	45	Sewing, needlework, and piece goods stores	47	451130	179	47179	Washington County, Tennessee	no	4.0	17.0	233.33333333333334
13000	45	Sewing, needlework, and piece goods stores	47	451130	187	47187	Williamson County, Tennessee	no	5.0	68.16666666666667	868.5
13001	45	Sewing, needlework, and piece goods stores	47	451130	189	47189	Wilson County, Tennessee	yes	1.8333333333333333	16.127876340526942	162.835016830559
13002	45	Sporting goods stores	47	451110	1	47001	Anderson County, Tennessee	no	3.0	0.0	78.0
13003	45	Sporting goods stores	47	451110	1	47001	Anderson County, Tennessee	yes	1.8	13.841582904308968	234.54410120797797
13004	45	Sporting goods stores	47	451110	3	47003	Bedford County, Tennessee	yes	1.8333333333333333	15.355547942645531	223.9857559817727
13005	45	Sporting goods stores	47	451110	5	47005	Benton County, Tennessee	yes	1.0	8.477253137989432	120.16084674088636
13006	45	Sporting goods stores	47	451110	9	47009	Blount County, Tennessee	no	8.833333333333334	61.5	1490.0
13007	45	Sporting goods stores	47	451110	11	47011	Bradley County, Tennessee	no	5.0	21.333333333333332	589.1666666666666
13008	45	Sporting goods stores	47	451110	13	47013	Campbell County, Tennessee	yes	1.6666666666666667	13.971367151685078	207.75976728120773
13009	45	Sporting goods stores	47	451110	17	47017	Carroll County, Tennessee	yes	1.2	11.183120432253984	144.9628077557303
13010	45	Sporting goods stores	47	451110	19	47019	Carter County, Tennessee	no	4.666666666666667	5.0	124.16666666666667
13011	45	Sporting goods stores	47	451110	21	47021	Cheatham County, Tennessee	yes	1.0	8.24117102054347	131.39838081048208
13012	45	Sporting goods stores	47	451110	25	47025	Claiborne County, Tennessee	yes	1.0	8.477253137989432	120.16084674088636
13013	45	Sporting goods stores	47	451110	29	47029	Cocke County, Tennessee	yes	2.0	16.954506275978865	240.3216934817727
13014	45	Sporting goods stores	47	451110	31	47031	Coffee County, Tennessee	no	4.833333333333333	26.333333333333332	385.8333333333333
13015	45	Sporting goods stores	47	451110	35	47035	Cumberland County, Tennessee	no	4.0	17.0	272.0
13016	45	Sporting goods stores	47	451110	35	47035	Cumberland County, Tennessee	yes	2.5	20.163281842904123	235.44826911522895
13017	45	Sporting goods stores	47	451110	37	47037	Davidson County, Tennessee	no	37.166666666666664	610.1666666666666	12698.5
13018	45	Sporting goods stores	47	451110	41	47041	DeKalb County, Tennessee	yes	1.0	8.714791398526437	135.30034971331958
13019	45	Sporting goods stores	47	451110	43	47043	Dickson County, Tennessee	no	3.0	21.0	471.0
13020	45	Sporting goods stores	47	451110	43	47043	Dickson County, Tennessee	yes	2.6	20.060732407310905	342.146527871289
13021	45	Sporting goods stores	47	451110	45	47045	Dyer County, Tennessee	yes	1.0	8.477253137989432	120.16084674088636
13022	45	Sporting goods stores	47	451110	47	47047	Fayette County, Tennessee	yes	1.0	8.949417372881356	97.68577860169492
13023	45	Sporting goods stores	47	451110	49	47049	Fentress County, Tennessee	yes	1.0	8.477253137989432	120.16084674088636
13024	45	Sporting goods stores	47	451110	51	47051	Franklin County, Tennessee	yes	1.0	8.477253137989432	120.16084674088636
13025	45	Sporting goods stores	47	451110	53	47053	Gibson County, Tennessee	no	4.0	10.0	180.66666666666666
13026	45	Sporting goods stores	47	451110	53	47053	Gibson County, Tennessee	yes	2.0	19.57434754195126	187.3123814191753
13027	45	Sporting goods stores	47	451110	55	47055	Giles County, Tennessee	no	3.0	3.0	98.0
13028	45	Sporting goods stores	47	451110	55	47055	Giles County, Tennessee	yes	1.4	12.72297412986761	161.44435763346027
13029	45	Sporting goods stores	47	451110	59	47059	Greene County, Tennessee	yes	1.0	8.477253137989432	120.16084674088636
13030	45	Sporting goods stores	47	451110	63	47063	Hamblen County, Tennessee	no	4.5	6.833333333333333	195.66666666666666
13031	45	Sporting goods stores	47	451110	65	47065	Hamilton County, Tennessee	no	30.166666666666668	478.0	8730.666666666666
13032	45	Sporting goods stores	47	451110	71	47071	Hardin County, Tennessee	no	3.0	1.0	148.0
13033	45	Sporting goods stores	47	451110	71	47071	Hardin County, Tennessee	yes	2.0	18.52874086450797	250.71936551146058
13034	45	Sporting goods stores	47	451110	77	47077	Henderson County, Tennessee	yes	1.0	8.24117102054347	131.39838081048208
13035	45	Sporting goods stores	47	451110	79	47079	Henry County, Tennessee	no	3.0	11.0	245.0
13036	45	Sporting goods stores	47	451110	79	47079	Henry County, Tennessee	yes	2.2	20.56354512709335	267.70682993721323
13037	45	Sporting goods stores	47	451110	91	47091	Johnson County, Tennessee	yes	1.0	8.949417372881356	97.68577860169492
13038	45	Sporting goods stores	47	451110	93	47093	Knox County, Tennessee	no	45.0	574.8333333333334	10103.833333333334
13039	45	Sporting goods stores	47	451110	95	47095	Lake County, Tennessee	yes	1.0	8.511686816434775	124.72182964838566
13040	45	Sporting goods stores	47	451110	99	47099	Lawrence County, Tennessee	yes	1.6666666666666667	14.12778446792169	182.68338654012462
13041	45	Sporting goods stores	47	451110	101	47101	Lewis County, Tennessee	yes	1.0	11.462686567164178	85.59701492537313
13042	45	Sporting goods stores	47	451110	103	47103	Lincoln County, Tennessee	yes	1.0	8.253953765587317	124.58989108906363
13043	45	Sporting goods stores	47	451110	105	47105	Loudon County, Tennessee	no	3.5	1.5	66.0
13044	45	Sporting goods stores	47	451110	105	47105	Loudon County, Tennessee	yes	2.0	16.004353233830845	179.7636815920398
13045	45	Sporting goods stores	47	451110	107	47107	McMinn County, Tennessee	no	5.0	14.5	390.0
13046	45	Sporting goods stores	47	451110	109	47109	McNairy County, Tennessee	yes	2.0	16.954506275978865	240.3216934817727
13047	45	Sporting goods stores	47	451110	111	47111	Macon County, Tennessee	yes	1.0	9.78717377097563	93.65619070958765
13048	45	Sporting goods stores	47	451110	113	47113	Madison County, Tennessee	no	8.166666666666666	103.66666666666667	2163.0
13049	45	Sporting goods stores	47	451110	115	47115	Marion County, Tennessee	yes	1.3333333333333333	11.73061774461028	125.2649771973466
13050	45	Sporting goods stores	47	451110	117	47117	Marshall County, Tennessee	yes	1.5	12.060919390491051	193.49359812697887
13051	45	Sporting goods stores	47	451110	119	47119	Maury County, Tennessee	no	5.2	47.4	1303.0
13052	45	Sporting goods stores	47	451110	119	47119	Maury County, Tennessee	yes	5.0	47.96875	490.078125
13053	45	Sporting goods stores	47	451110	121	47121	Meigs County, Tennessee	yes	1.0	8.480165424171519	172.91492082494423
13054	45	Sporting goods stores	47	451110	123	47123	Monroe County, Tennessee	yes	1.0	8.511686816434775	124.72182964838566
13055	45	Sporting goods stores	47	451110	125	47125	Montgomery County, Tennessee	no	13.5	168.83333333333334	3367.5
13056	45	Sporting goods stores	47	451110	131	47131	Obion County, Tennessee	no	4.0	0.0	548.0
13057	45	Sporting goods stores	47	451110	131	47131	Obion County, Tennessee	yes	2.4	20.461461793760016	285.7703716038799
13058	45	Sporting goods stores	47	451110	133	47133	Overton County, Tennessee	yes	1.8333333333333333	15.570325485018413	224.09570478120773
13059	45	Sporting goods stores	47	451110	137	47137	Pickett County, Tennessee	yes	1.3333333333333333	12.985090437642297	126.32806570958765
13060	45	Sporting goods stores	47	451110	139	47139	Polk County, Tennessee	no	3.0	9.0	415.75
13061	45	Sporting goods stores	47	451110	139	47139	Polk County, Tennessee	yes	2.5	26.78777985074627	226.4111473880597
13062	45	Sporting goods stores	47	451110	141	47141	Putnam County, Tennessee	no	5.333333333333333	47.0	1232.3333333333333
13063	45	Sporting goods stores	47	451110	141	47141	Putnam County, Tennessee	yes	5.666666666666667	55.525125959187115	529.265269257526
13064	45	Sporting goods stores	47	451110	143	47143	Rhea County, Tennessee	yes	1.0	8.24117102054347	131.39838081048208
13065	45	Sporting goods stores	47	451110	145	47145	Roane County, Tennessee	no	3.6666666666666665	5.166666666666667	175.16666666666666
13066	45	Sporting goods stores	47	451110	147	47147	Robertson County, Tennessee	no	4.0	39.0	800.0
13067	45	Sporting goods stores	47	451110	147	47147	Robertson County, Tennessee	yes	2.0	16.951593989796777	187.5676193977148
13068	45	Sporting goods stores	47	451110	149	47149	Rutherford County, Tennessee	no	13.333333333333334	240.5	5810.5
13069	45	Sporting goods stores	47	451110	151	47151	Scott County, Tennessee	yes	1.1666666666666667	10.076211471322766	136.49678424088634
13070	45	Sporting goods stores	47	451110	155	47155	Sevier County, Tennessee	no	11.333333333333334	458.5	9354.666666666666
13071	45	Sporting goods stores	47	451110	157	47157	Shelby County, Tennessee	no	41.166666666666664	655.6666666666666	12241.5
13072	45	Sporting goods stores	47	451110	159	47159	Smith County, Tennessee	yes	1.0	8.475796994898388	93.7838096988574
13073	45	Sporting goods stores	47	451110	161	47161	Stewart County, Tennessee	yes	1.25	12.369863495667849	153.7598741251587
13074	45	Sporting goods stores	47	451110	163	47163	Sullivan County, Tennessee	no	16.833333333333332	118.0	2006.8333333333333
13075	45	Sporting goods stores	47	451110	165	47165	Sumner County, Tennessee	no	8.0	36.833333333333336	786.6666666666666
13076	45	Sporting goods stores	47	451110	167	47167	Tipton County, Tennessee	no	3.0	0.0	144.0
13077	45	Sporting goods stores	47	451110	167	47167	Tipton County, Tennessee	yes	2.0	16.507907531174634	249.17978217812725
13078	45	Sporting goods stores	47	451110	169	47169	Trousdale County, Tennessee	yes	1.0	8.305084745762711	97.35593220338983
13079	45	Sporting goods stores	47	451110	177	47177	Warren County, Tennessee	yes	1.0	8.477253137989432	120.16084674088636
13080	45	Sporting goods stores	47	451110	179	47179	Washington County, Tennessee	no	7.666666666666667	186.33333333333334	3771.5
13081	45	Sporting goods stores	47	451110	181	47181	Wayne County, Tennessee	yes	1.0	8.480165424171519	172.91492082494423
13082	45	Sporting goods stores	47	451110	183	47183	Weakley County, Tennessee	yes	1.6666666666666667	15.7534520195632	158.7800431107176
13083	45	Sporting goods stores	47	451110	185	47185	White County, Tennessee	yes	1.5	13.370840023477248	166.9889420956802
13084	45	Sporting goods stores	47	451110	187	47187	Williamson County, Tennessee	no	24.833333333333332	379.8333333333333	7169.166666666667
13085	45	Sporting goods stores	47	451110	189	47189	Wilson County, Tennessee	no	8.5	148.33333333333334	2467.0
13086	45	Tobacco stores	47	453991	1	47001	Anderson County, Tennessee	no	7.0	23.5	594.25
13087	45	Tobacco stores	47	453991	1	47001	Anderson County, Tennessee	yes	5.0	37.94249834765367	284.5888962326503
13088	45	Tobacco stores	47	453991	3	47003	Bedford County, Tennessee	no	5.0	7.833333333333333	234.33333333333334
13089	45	Tobacco stores	47	453991	5	47005	Benton County, Tennessee	no	3.0	5.0	93.0
13090	45	Tobacco stores	47	453991	5	47005	Benton County, Tennessee	yes	1.8	10.61237528080905	109.87715646996962
13091	45	Tobacco stores	47	453991	9	47009	Blount County, Tennessee	no	6.666666666666667	23.833333333333332	332.5
13092	45	Tobacco stores	47	453991	11	47011	Bradley County, Tennessee	no	5.4	15.8	319.4
13093	45	Tobacco stores	47	453991	11	47011	Bradley County, Tennessee	yes	3.0	23.96629213483146	172.48314606741573
13094	45	Tobacco stores	47	453991	13	47013	Campbell County, Tennessee	yes	2.0	11.397559586771635	123.41175190231456
13095	45	Tobacco stores	47	453991	19	47019	Carter County, Tennessee	no	7.0	21.333333333333332	283.0
13096	45	Tobacco stores	47	453991	19	47019	Carter County, Tennessee	yes	6.333333333333333	40.00917109191604	379.1366342274996
13097	45	Tobacco stores	47	453991	21	47021	Cheatham County, Tennessee	yes	1.6666666666666667	8.891495738011157	103.61983108904546
13098	45	Tobacco stores	47	453991	23	47023	Chester County, Tennessee	yes	2.1666666666666665	12.595598802457909	132.80194798074595
13099	45	Tobacco stores	47	453991	25	47025	Claiborne County, Tennessee	no	5.0	28.25	395.75
13100	45	Tobacco stores	47	453991	25	47025	Claiborne County, Tennessee	yes	2.5	18.56019261637239	149.38009630818618
13101	45	Tobacco stores	47	453991	27	47027	Clay County, Tennessee	yes	1.0	5.429011942539171	61.795622569960166
13102	45	Tobacco stores	47	453991	29	47029	Cocke County, Tennessee	no	4.4	10.6	220.8
13103	45	Tobacco stores	47	453991	29	47029	Cocke County, Tennessee	yes	1.0	7.047619047619048	61.25714285714286
13104	45	Tobacco stores	47	453991	31	47031	Coffee County, Tennessee	no	7.333333333333333	21.833333333333332	433.0
13105	45	Tobacco stores	47	453991	35	47035	Cumberland County, Tennessee	no	5.8	15.8	333.6
13106	45	Tobacco stores	47	453991	35	47035	Cumberland County, Tennessee	yes	6.0	42.285714285714285	367.54285714285714
13107	45	Tobacco stores	47	453991	37	47037	Davidson County, Tennessee	no	30.5	111.5	2068.0
13108	45	Tobacco stores	47	453991	39	47039	Decatur County, Tennessee	yes	1.1666666666666667	6.873382967988992	71.9153997606811
13109	45	Tobacco stores	47	453991	41	47041	DeKalb County, Tennessee	yes	1.8333333333333333	10.22295641216846	113.20222809279078
13110	45	Tobacco stores	47	453991	43	47043	Dickson County, Tennessee	no	3.6666666666666665	6.333333333333333	134.66666666666666
13111	45	Tobacco stores	47	453991	43	47043	Dickson County, Tennessee	yes	2.0	7.978706915756259	130.09503623782714
13112	45	Tobacco stores	47	453991	45	47045	Dyer County, Tennessee	no	4.75	23.5	272.0
13113	45	Tobacco stores	47	453991	45	47045	Dyer County, Tennessee	yes	5.0	37.54223397224058	284.01229345670856
13114	45	Tobacco stores	47	453991	47	47047	Fayette County, Tennessee	no	4.0	10.0	163.0
13115	45	Tobacco stores	47	453991	47	47047	Fayette County, Tennessee	yes	2.0	14.86328433995321	115.08981210461714
13116	45	Tobacco stores	47	453991	51	47051	Franklin County, Tennessee	yes	1.0	5.6987797933858175	61.70587595115728
13117	45	Tobacco stores	47	453991	53	47053	Gibson County, Tennessee	yes	1.3333333333333333	7.563038140402785	82.73436527792246
13118	45	Tobacco stores	47	453991	55	47055	Giles County, Tennessee	yes	1.0	5.6987797933858175	61.70587595115728
13119	45	Tobacco stores	47	453991	57	47057	Grainger County, Tennessee	yes	3.0	21.142857142857142	183.77142857142857
13120	45	Tobacco stores	47	453991	59	47059	Greene County, Tennessee	no	3.4	14.8	220.2
13121	45	Tobacco stores	47	453991	59	47059	Greene County, Tennessee	yes	2.0	15.97752808988764	114.98876404494382
13122	45	Tobacco stores	47	453991	61	47061	Grundy County, Tennessee	yes	1.0	3.9893534578781296	65.04751811891357
13123	45	Tobacco stores	47	453991	63	47063	Hamblen County, Tennessee	no	3.6666666666666665	6.333333333333333	129.33333333333334
13124	45	Tobacco stores	47	453991	63	47063	Hamblen County, Tennessee	yes	2.0	14.81641225778701	116.72846756680201
13125	45	Tobacco stores	47	453991	65	47065	Hamilton County, Tennessee	no	23.5	65.33333333333333	1110.0
13126	45	Tobacco stores	47	453991	71	47071	Hardin County, Tennessee	yes	2.0	11.397559586771635	123.41175190231456
13127	45	Tobacco stores	47	453991	73	47073	Hawkins County, Tennessee	no	5.0	7.4	125.6
13128	45	Tobacco stores	47	453991	73	47073	Hawkins County, Tennessee	yes	3.0	21.142857142857142	183.77142857142857
13129	45	Tobacco stores	47	453991	75	47075	Haywood County, Tennessee	yes	2.0	11.397559586771635	123.41175190231456
13130	45	Tobacco stores	47	453991	77	47077	Henderson County, Tennessee	no	3.0	7.0	126.0
13131	45	Tobacco stores	47	453991	77	47077	Henderson County, Tennessee	yes	1.25	7.625120113911509	76.23007188927488
13132	45	Tobacco stores	47	453991	79	47079	Henry County, Tennessee	yes	1.8333333333333333	10.22295641216846	113.20222809279078
13133	45	Tobacco stores	47	453991	85	47085	Humphreys County, Tennessee	yes	1.0	5.6987797933858175	61.70587595115728
13134	45	Tobacco stores	47	453991	87	47087	Jackson County, Tennessee	yes	1.0	5.429011942539171	61.795622569960166
13135	45	Tobacco stores	47	453991	89	47089	Jefferson County, Tennessee	no	3.0	0.0	218.0
13136	45	Tobacco stores	47	453991	89	47089	Jefferson County, Tennessee	yes	1.8	10.030437678181793	110.6084865192307
13137	45	Tobacco stores	47	453991	91	47091	Johnson County, Tennessee	yes	1.1666666666666667	6.873382967988992	71.9153997606811
13138	45	Tobacco stores	47	453991	93	47093	Knox County, Tennessee	no	28.4	57.4	2164.8
13139	45	Tobacco stores	47	453991	93	47093	Knox County, Tennessee	yes	32.0	225.52380952380955	1960.2285714285715
13140	45	Tobacco stores	47	453991	95	47095	Lake County, Tennessee	yes	1.0	5.6987797933858175	61.70587595115728
13141	45	Tobacco stores	47	453991	97	47097	Lauderdale County, Tennessee	no	3.0	2.5	117.0
13142	45	Tobacco stores	47	453991	97	47097	Lauderdale County, Tennessee	yes	2.5	15.297814173871917	150.49104949644135
13143	45	Tobacco stores	47	453991	99	47099	Lawrence County, Tennessee	yes	2.0	7.830129339151629	130.22876125329245
13144	45	Tobacco stores	47	453991	103	47103	Lincoln County, Tennessee	no	3.5	5.5	240.5
13145	45	Tobacco stores	47	453991	103	47103	Lincoln County, Tennessee	yes	2.25	13.430447227093204	138.86373857207158
13146	45	Tobacco stores	47	453991	105	47105	Loudon County, Tennessee	no	3.1666666666666665	4.833333333333333	89.16666666666667
13147	45	Tobacco stores	47	453991	107	47107	McMinn County, Tennessee	no	3.0	17.333333333333332	285.6666666666667
13148	45	Tobacco stores	47	453991	107	47107	McMinn County, Tennessee	yes	1.3333333333333333	9.804284560266055	77.14462594026375
13149	45	Tobacco stores	47	453991	109	47109	McNairy County, Tennessee	yes	1.0	5.6987797933858175	61.70587595115728
13150	45	Tobacco stores	47	453991	111	47111	Macon County, Tennessee	yes	1.3333333333333333	8.204843642146296	81.49779676442641
13151	45	Tobacco stores	47	453991	113	47113	Madison County, Tennessee	no	6.666666666666667	21.0	528.8333333333334
13152	45	Tobacco stores	47	453991	115	47115	Marion County, Tennessee	no	4.0	6.5	74.0
13153	45	Tobacco stores	47	453991	115	47115	Marion County, Tennessee	yes	2.0	11.50356433910655	122.0321598731763
13154	45	Tobacco stores	47	453991	117	47117	Marshall County, Tennessee	no	3.2	7.4	169.2
13155	45	Tobacco stores	47	453991	117	47117	Marshall County, Tennessee	yes	3.0	21.56470588235294	169.0235294117647
13156	45	Tobacco stores	47	453991	119	47119	Maury County, Tennessee	no	10.833333333333334	14.833333333333334	403.3333333333333
13157	45	Tobacco stores	47	453991	121	47121	Meigs County, Tennessee	yes	1.0	5.6987797933858175	61.70587595115728
13158	45	Tobacco stores	47	453991	123	47123	Monroe County, Tennessee	yes	1.3333333333333333	7.003801349911089	83.4106694933727
13159	45	Tobacco stores	47	453991	125	47125	Montgomery County, Tennessee	no	9.666666666666666	26.833333333333332	616.5
13160	45	Tobacco stores	47	453991	127	47127	Moore County, Tennessee	yes	1.0	5.6987797933858175	61.70587595115728
13161	45	Tobacco stores	47	453991	129	47129	Morgan County, Tennessee	yes	1.5	8.917934855643189	91.49743455057535
13162	45	Tobacco stores	47	453991	131	47131	Obion County, Tennessee	no	3.1666666666666665	4.5	82.83333333333333
13163	45	Tobacco stores	47	453991	133	47133	Overton County, Tennessee	yes	1.0	5.429011942539171	61.795622569960166
13164	45	Tobacco stores	47	453991	135	47135	Perry County, Tennessee	yes	1.0	5.6987797933858175	61.70587595115728
13165	45	Tobacco stores	47	453991	139	47139	Polk County, Tennessee	yes	1.0	5.6987797933858175	61.70587595115728
13166	45	Tobacco stores	47	453991	141	47141	Putnam County, Tennessee	no	6.333333333333333	15.166666666666666	295.3333333333333
13167	45	Tobacco stores	47	453991	143	47143	Rhea County, Tennessee	yes	1.5	8.178404524514264	93.6201933028965
13168	45	Tobacco stores	47	453991	145	47145	Roane County, Tennessee	no	6.166666666666667	8.0	208.83333333333334
13169	45	Tobacco stores	47	453991	147	47147	Robertson County, Tennessee	no	3.0	6.666666666666667	155.0
13170	45	Tobacco stores	47	453991	147	47147	Robertson County, Tennessee	yes	2.3333333333333335	17.21249068915956	135.50885972366476
13171	45	Tobacco stores	47	453991	149	47149	Rutherford County, Tennessee	no	13.833333333333334	45.833333333333336	720.6666666666666
13172	45	Tobacco stores	47	453991	151	47151	Scott County, Tennessee	yes	1.5	7.693456522324882	94.22963501061406
13173	45	Tobacco stores	47	453991	153	47153	Sequatchie County, Tennessee	yes	1.0	5.429011942539171	61.795622569960166
13174	45	Tobacco stores	47	453991	155	47155	Sevier County, Tennessee	no	10.0	23.166666666666668	556.0
13175	45	Tobacco stores	47	453991	157	47157	Shelby County, Tennessee	no	32.166666666666664	134.66666666666666	2762.8333333333335
13176	45	Tobacco stores	47	453991	163	47163	Sullivan County, Tennessee	no	7.0	10.2	158.2
13177	45	Tobacco stores	47	453991	163	47163	Sullivan County, Tennessee	yes	3.0	21.142857142857142	183.77142857142857
13178	45	Tobacco stores	47	453991	165	47165	Sumner County, Tennessee	no	11.333333333333334	28.333333333333332	474.8333333333333
13179	45	Tobacco stores	47	453991	167	47167	Tipton County, Tennessee	yes	2.0	11.397559586771635	123.41175190231456
13180	45	Tobacco stores	47	453991	169	47169	Trousdale County, Tennessee	yes	1.8333333333333333	10.22295641216846	113.20222809279078
13181	45	Tobacco stores	47	453991	171	47171	Unicoi County, Tennessee	yes	1.0	5.6987797933858175	61.70587595115728
13182	45	Tobacco stores	47	453991	175	47175	Van Buren County, Tennessee	yes	1.0	7.047619047619048	61.25714285714286
13183	45	Tobacco stores	47	453991	177	47177	Warren County, Tennessee	no	5.0	14.75	232.0
13184	45	Tobacco stores	47	453991	177	47177	Warren County, Tennessee	yes	2.5	19.03076511503478	147.49871589085072
13185	45	Tobacco stores	47	453991	179	47179	Washington County, Tennessee	no	15.833333333333334	73.33333333333333	1314.1666666666667
13186	45	Tobacco stores	47	453991	181	47181	Wayne County, Tennessee	yes	1.1666666666666667	6.873382967988992	71.9153997606811
13187	45	Tobacco stores	47	453991	183	47183	Weakley County, Tennessee	yes	1.8333333333333333	10.707904414357841	112.59278638507321
13188	45	Tobacco stores	47	453991	187	47187	Williamson County, Tennessee	no	5.333333333333333	13.333333333333334	348.6666666666667
13189	45	Tobacco stores	47	453991	189	47189	Wilson County, Tennessee	no	10.166666666666666	27.833333333333332	421.3333333333333
13190	45	Used merchandise stores	47	453310	1	47001	Anderson County, Tennessee	no	8.25	35.0	620.0
13191	45	Used merchandise stores	47	453310	1	47001	Anderson County, Tennessee	yes	5.0	51.30534064044702	680.6049860305179
13192	45	Used merchandise stores	47	453310	3	47003	Bedford County, Tennessee	yes	2.0	22.698725986734974	316.68173200757
13193	45	Used merchandise stores	47	453310	5	47005	Benton County, Tennessee	yes	1.0	11.791576017572902	164.3707413322016
13194	45	Used merchandise stores	47	453310	9	47009	Blount County, Tennessee	no	6.5	28.333333333333332	416.8333333333333
13195	45	Used merchandise stores	47	453310	11	47011	Bradley County, Tennessee	no	8.833333333333334	45.333333333333336	1114.0
13196	45	Used merchandise stores	47	453310	13	47013	Campbell County, Tennessee	yes	2.5	28.450539954949857	402.4980550830048
13197	45	Used merchandise stores	47	453310	15	47015	Cannon County, Tennessee	yes	1.0	11.195098050305218	145.04908585670066
13198	45	Used merchandise stores	47	453310	17	47017	Carroll County, Tennessee	no	3.0	0.0	57.0
13199	45	Used merchandise stores	47	453310	17	47017	Carroll County, Tennessee	yes	1.6	19.293606852235314	258.3429476054605
13200	45	Used merchandise stores	47	453310	19	47019	Carter County, Tennessee	no	4.5	3.5	44.0
13201	45	Used merchandise stores	47	453310	19	47019	Carter County, Tennessee	yes	2.75	32.0144044963206	470.53863088585376
13202	45	Used merchandise stores	47	453310	21	47021	Cheatham County, Tennessee	yes	1.0	9.138297872340425	128.1914893617021
13203	45	Used merchandise stores	47	453310	25	47025	Claiborne County, Tennessee	yes	1.0	11.349362993367487	158.340866003785
13204	45	Used merchandise stores	47	453310	29	47029	Cocke County, Tennessee	yes	1.5	17.16935786862552	234.23889944392366
13205	45	Used merchandise stores	47	453310	31	47031	Coffee County, Tennessee	yes	3.5	40.45404628538342	566.6245500528217
13206	45	Used merchandise stores	47	453310	33	47033	Crockett County, Tennessee	yes	1.0	13.063157894736841	162.90526315789472
13207	45	Used merchandise stores	47	453310	35	47035	Cumberland County, Tennessee	no	5.0	10.833333333333334	207.0
13208	45	Used merchandise stores	47	453310	37	47037	Davidson County, Tennessee	no	60.666666666666664	1291.3333333333333	24450.833333333332
13209	45	Used merchandise stores	47	453310	43	47043	Dickson County, Tennessee	yes	2.8333333333333335	31.939076904689475	437.9534311830766
13210	45	Used merchandise stores	47	453310	45	47045	Dyer County, Tennessee	yes	1.2	12.834263587561702	183.0662844453035
13211	45	Used merchandise stores	47	453310	49	47049	Fentress County, Tennessee	yes	1.0	10.472972972972974	148.43243243243245
13212	45	Used merchandise stores	47	453310	51	47051	Franklin County, Tennessee	yes	1.8333333333333333	20.95323049123948	291.9429932688313
13213	45	Used merchandise stores	47	453310	53	47053	Gibson County, Tennessee	yes	1.0	11.503627936429758	171.6326461508694
13214	45	Used merchandise stores	47	453310	55	47055	Giles County, Tennessee	yes	1.3333333333333333	14.769719036063956	203.7145317391529
13215	45	Used merchandise stores	47	453310	57	47057	Grainger County, Tennessee	yes	1.3333333333333333	14.769719036063956	203.7145317391529
13216	45	Used merchandise stores	47	453310	59	47059	Greene County, Tennessee	no	3.0	19.0	261.0
13217	45	Used merchandise stores	47	453310	59	47059	Greene County, Tennessee	yes	2.0	22.029133561944313	291.78984500126717
13218	45	Used merchandise stores	47	453310	63	47063	Hamblen County, Tennessee	no	4.4	36.0	454.6
13219	45	Used merchandise stores	47	453310	63	47063	Hamblen County, Tennessee	yes	3.0	34.151515151515156	432.1515151515152
13220	45	Used merchandise stores	47	453310	65	47065	Hamilton County, Tennessee	no	26.333333333333332	317.0	6294.666666666667
13221	45	Used merchandise stores	47	453310	69	47069	Hardeman County, Tennessee	yes	1.3333333333333333	15.423862373130023	209.50016070518498
13222	45	Used merchandise stores	47	453310	71	47071	Hardin County, Tennessee	yes	1.0	11.014566780972157	145.89492250063358
13223	45	Used merchandise stores	47	453310	73	47073	Hawkins County, Tennessee	no	4.0	46.0	553.5
13224	45	Used merchandise stores	47	453310	77	47077	Henderson County, Tennessee	yes	2.5	27.642131674821513	383.42064596988826
13225	45	Used merchandise stores	47	453310	79	47079	Henry County, Tennessee	no	3.0	4.0	70.0
13226	45	Used merchandise stores	47	453310	79	47079	Henry County, Tennessee	yes	1.4	15.377966284455889	215.9245740695506
13227	45	Used merchandise stores	47	453310	83	47083	Houston County, Tennessee	yes	1.0	10.261068128089406	136.1209972061036
13228	45	Used merchandise stores	47	453310	89	47089	Jefferson County, Tennessee	yes	3.3333333333333335	37.46844502279893	520.3962637467229
13229	45	Used merchandise stores	47	453310	91	47091	Johnson County, Tennessee	yes	1.0	12.018955418158152	183.23275301008783
13230	45	Used merchandise stores	47	453310	93	47093	Knox County, Tennessee	no	43.666666666666664	488.3333333333333	9445.666666666666
13231	45	Used merchandise stores	47	453310	97	47097	Lauderdale County, Tennessee	no	3.0	2.0	34.0
13232	45	Used merchandise stores	47	453310	97	47097	Lauderdale County, Tennessee	yes	1.8	21.221622420424698	295.0068075637706
13233	45	Used merchandise stores	47	453310	99	47099	Lawrence County, Tennessee	no	3.8333333333333335	44.833333333333336	691.1666666666666
13234	45	Used merchandise stores	47	453310	103	47103	Lincoln County, Tennessee	yes	2.8333333333333335	32.21896348983922	441.09589086764146
13235	45	Used merchandise stores	47	453310	105	47105	Loudon County, Tennessee	no	5.666666666666667	19.666666666666668	190.66666666666666
13236	45	Used merchandise stores	47	453310	105	47105	Loudon County, Tennessee	yes	3.6666666666666665	41.73429291044073	537.4658469729019
13237	45	Used merchandise stores	47	453310	107	47107	McMinn County, Tennessee	no	3.0	26.0	466.0
13238	45	Used merchandise stores	47	453310	107	47107	McMinn County, Tennessee	yes	3.2	36.40158256680726	506.605956026507
13239	45	Used merchandise stores	47	453310	109	47109	McNairy County, Tennessee	yes	1.0	11.349362993367487	158.340866003785
13240	45	Used merchandise stores	47	453310	113	47113	Madison County, Tennessee	no	9.0	114.66666666666667	1980.1666666666667
13241	45	Used merchandise stores	47	453310	115	47115	Marion County, Tennessee	yes	2.8333333333333335	32.30259348460697	450.2838592726163
13242	45	Used merchandise stores	47	453310	117	47117	Marshall County, Tennessee	yes	1.0	11.349362993367487	158.340866003785
13243	45	Used merchandise stores	47	453310	119	47119	Maury County, Tennessee	no	8.166666666666666	36.5	622.0
13244	45	Used merchandise stores	47	453310	121	47121	Meigs County, Tennessee	yes	1.0	11.349362993367487	158.340866003785
13245	45	Used merchandise stores	47	453310	123	47123	Monroe County, Tennessee	no	3.6	8.8	150.4
13246	45	Used merchandise stores	47	453310	123	47123	Monroe County, Tennessee	yes	2.0	18.27659574468085	256.3829787234042
13247	45	Used merchandise stores	47	453310	125	47125	Montgomery County, Tennessee	no	13.833333333333334	181.5	2702.3333333333335
13248	45	Used merchandise stores	47	453310	127	47127	Moore County, Tennessee	yes	1.0	11.349362993367487	158.340866003785
13249	45	Used merchandise stores	47	453310	131	47131	Obion County, Tennessee	no	5.0	52.0	795.0
13250	45	Used merchandise stores	47	453310	131	47131	Obion County, Tennessee	yes	4.0	44.058267123888626	583.5796900025343
13251	45	Used merchandise stores	47	453310	133	47133	Overton County, Tennessee	yes	1.0	10.472972972972974	148.43243243243245
13252	45	Used merchandise stores	47	453310	141	47141	Putnam County, Tennessee	yes	3.5	39.799902948317346	560.8389210867897
13253	45	Used merchandise stores	47	453310	143	47143	Rhea County, Tennessee	yes	2.5	28.296275011887584	389.20627493592036
13254	45	Used merchandise stores	47	453310	145	47145	Roane County, Tennessee	yes	2.0	22.698725986734974	316.68173200757
13255	45	Used merchandise stores	47	453310	147	47147	Robertson County, Tennessee	yes	3.5	40.53767628015116	575.8125184577966
13256	45	Used merchandise stores	47	453310	149	47149	Rutherford County, Tennessee	no	15.5	168.66666666666666	2741.1666666666665
13257	45	Used merchandise stores	47	453310	151	47151	Scott County, Tennessee	yes	1.8333333333333333	20.215457159405663	276.9693958978244
13258	45	Used merchandise stores	47	453310	153	47153	Sequatchie County, Tennessee	yes	1.0	11.349362993367487	158.340866003785
13259	45	Used merchandise stores	47	453310	155	47155	Sevier County, Tennessee	no	12.833333333333334	57.166666666666664	857.1666666666666
13260	45	Used merchandise stores	47	453310	157	47157	Shelby County, Tennessee	no	45.833333333333336	1071.5	17215.333333333332
13261	45	Used merchandise stores	47	453310	163	47163	Sullivan County, Tennessee	no	11.75	17.5	511.5
13262	45	Used merchandise stores	47	453310	163	47163	Sullivan County, Tennessee	yes	8.0	96.15164334526521	1465.8620240807027
13263	45	Used merchandise stores	47	453310	165	47165	Sumner County, Tennessee	no	10.5	88.5	1448.5
13264	45	Used merchandise stores	47	453310	165	47165	Sumner County, Tennessee	yes	8.0	95.14808340805224	1355.6064032210056
13265	45	Used merchandise stores	47	453310	167	47167	Tipton County, Tennessee	no	3.0	4.0	86.0
13266	45	Used merchandise stores	47	453310	167	47167	Tipton County, Tennessee	yes	1.75	19.43406395028796	283.34112395356516
13267	45	Used merchandise stores	47	453310	169	47169	Trousdale County, Tennessee	yes	1.0	10.261068128089406	136.1209972061036
13268	45	Used merchandise stores	47	453310	171	47171	Unicoi County, Tennessee	yes	1.0	13.063157894736841	162.90526315789472
13269	45	Used merchandise stores	47	453310	173	47173	Union County, Tennessee	yes	1.0	11.349362993367487	158.340866003785
13270	45	Used merchandise stores	47	453310	177	47177	Warren County, Tennessee	yes	1.3333333333333333	15.355681466086873	219.41845034048094
13271	45	Used merchandise stores	47	453310	179	47179	Washington County, Tennessee	no	14.5	85.66666666666667	1921.5
13272	45	Used merchandise stores	47	453310	181	47181	Wayne County, Tennessee	yes	1.0	11.349362993367487	158.340866003785
13273	45	Used merchandise stores	47	453310	183	47183	Weakley County, Tennessee	no	4.666666666666667	2.8333333333333335	102.5
13274	45	Used merchandise stores	47	453310	185	47185	White County, Tennessee	yes	1.0	11.014566780972157	145.89492250063358
13275	45	Used merchandise stores	47	453310	187	47187	Williamson County, Tennessee	no	25.666666666666668	271.0	4081.0
13276	45	Used merchandise stores	47	453310	189	47189	Wilson County, Tennessee	no	9.666666666666666	94.33333333333333	1390.6666666666667
13277	45	Used merchandise stores	47	453310	189	47189	Wilson County, Tennessee	yes	8.0	90.68033074304071	1172.9625255918647
13278	45	Vending machine operators	47	454210	1	47001	Anderson County, Tennessee	yes	2.0	29.391304347826086	710.5027173913043
13279	45	Vending machine operators	47	454210	3	47003	Bedford County, Tennessee	yes	1.0	15.369665379962862	397.5330818193375
13280	45	Vending machine operators	47	454210	9	47009	Blount County, Tennessee	yes	1.0	15.369665379962862	397.5330818193375
13281	45	Vending machine operators	47	454210	11	47011	Bradley County, Tennessee	yes	1.0	15.369665379962862	397.5330818193375
13282	45	Vending machine operators	47	454210	13	47013	Campbell County, Tennessee	yes	1.0	15.369665379962862	397.5330818193375
13283	45	Vending machine operators	47	454210	19	47019	Carter County, Tennessee	yes	1.0	14.5	351.9375
13284	45	Vending machine operators	47	454210	21	47021	Cheatham County, Tennessee	yes	1.6666666666666667	25.446835633220072	657.3435515529051
13285	45	Vending machine operators	47	454210	23	47023	Chester County, Tennessee	yes	1.0	15.369665379962862	397.5330818193375
13286	45	Vending machine operators	47	454210	29	47029	Cocke County, Tennessee	yes	1.0	15.369665379962862	397.5330818193375
13287	45	Vending machine operators	47	454210	31	47031	Coffee County, Tennessee	yes	2.0	30.739330759925725	795.066163638675
13288	45	Vending machine operators	47	454210	35	47035	Cumberland County, Tennessee	yes	1.0	15.369665379962862	397.5330818193375
13289	45	Vending machine operators	47	454210	37	47037	Davidson County, Tennessee	no	21.833333333333332	208.83333333333334	6589.666666666667
13290	45	Vending machine operators	47	454210	43	47043	Dickson County, Tennessee	yes	1.0	15.369665379962862	397.5330818193375
13291	45	Vending machine operators	47	454210	45	47045	Dyer County, Tennessee	yes	1.0	15.369665379962862	397.5330818193375
13292	45	Vending machine operators	47	454210	49	47049	Fentress County, Tennessee	yes	1.0	14.872859025032938	368.90242094861657
13293	45	Vending machine operators	47	454210	51	47051	Franklin County, Tennessee	yes	1.0	15.543598455955436	406.65219818320503
13294	45	Vending machine operators	47	454210	53	47053	Gibson County, Tennessee	yes	1.0	14.5	351.9375
13295	45	Vending machine operators	47	454210	55	47055	Giles County, Tennessee	yes	1.0	14.5	351.9375
13296	45	Vending machine operators	47	454210	59	47059	Greene County, Tennessee	no	3.4	29.0	749.2
13297	45	Vending machine operators	47	454210	59	47059	Greene County, Tennessee	yes	2.0	29.0	703.875
13298	45	Vending machine operators	47	454210	63	47063	Hamblen County, Tennessee	no	3.6666666666666665	1.6666666666666667	100.33333333333333
13299	45	Vending machine operators	47	454210	63	47063	Hamblen County, Tennessee	yes	2.0	31.732943469785578	852.3274853801171
13300	45	Vending machine operators	47	454210	65	47065	Hamilton County, Tennessee	no	6.666666666666667	77.5	2916.1666666666665
13301	45	Vending machine operators	47	454210	69	47069	Hardeman County, Tennessee	yes	1.0	15.877485380116958	413.16783625730994
13302	45	Vending machine operators	47	454210	81	47081	Hickman County, Tennessee	yes	1.0	14.872859025032938	368.90242094861657
13303	45	Vending machine operators	47	454210	85	47085	Humphreys County, Tennessee	yes	1.5	22.141304347826086	534.5339673913043
13304	45	Vending machine operators	47	454210	91	47091	Johnson County, Tennessee	yes	1.0	15.369665379962862	397.5330818193375
13305	45	Vending machine operators	47	454210	93	47093	Knox County, Tennessee	no	13.0	112.66666666666667	2811.1666666666665
13306	45	Vending machine operators	47	454210	103	47103	Lincoln County, Tennessee	yes	1.0	15.369665379962862	397.5330818193375
13307	45	Vending machine operators	47	454210	111	47111	Macon County, Tennessee	yes	1.0	15.369665379962862	397.5330818193375
13308	45	Vending machine operators	47	454210	113	47113	Madison County, Tennessee	no	4.0	62.0	1620.5
13309	45	Vending machine operators	47	454210	113	47113	Madison County, Tennessee	yes	3.0	47.120015948963314	1256.0218301435407
13310	45	Vending machine operators	47	454210	125	47125	Montgomery County, Tennessee	yes	1.5	23.302901247409256	610.6149531643667
13311	45	Vending machine operators	47	454210	127	47127	Moore County, Tennessee	yes	1.0	15.877485380116958	413.16783625730994
13312	45	Vending machine operators	47	454210	133	47133	Overton County, Tennessee	yes	1.0	15.369665379962862	397.5330818193375
13313	45	Vending machine operators	47	454210	141	47141	Putnam County, Tennessee	yes	1.6666666666666667	25.446835633220072	657.3435515529051
13314	45	Vending machine operators	47	454210	143	47143	Rhea County, Tennessee	yes	1.0	14.5	351.9375
13315	45	Vending machine operators	47	454210	147	47147	Robertson County, Tennessee	yes	1.0	15.706671982987775	418.67394338118027
13316	45	Vending machine operators	47	454210	149	47149	Rutherford County, Tennessee	yes	1.3333333333333333	20.268216104600544	515.9502013845549
13317	45	Vending machine operators	47	454210	155	47155	Sevier County, Tennessee	yes	1.8333333333333333	28.481520776028788	752.0083033327169
13318	45	Vending machine operators	47	454210	157	47157	Shelby County, Tennessee	no	28.5	184.16666666666666	5653.5
13319	45	Vending machine operators	47	454210	159	47159	Smith County, Tennessee	yes	2.0	30.739330759925725	795.066163638675
13320	45	Vending machine operators	47	454210	163	47163	Sullivan County, Tennessee	yes	3.1666666666666665	48.52566280655525	1251.2554954580125
13321	45	Vending machine operators	47	454210	165	47165	Sumner County, Tennessee	yes	1.1666666666666667	17.851549437933876	457.29395138455493
13322	45	Vending machine operators	47	454210	167	47167	Tipton County, Tennessee	yes	1.0	14.872859025032938	368.90242094861657
13323	45	Vending machine operators	47	454210	179	47179	Washington County, Tennessee	yes	2.0	30.739330759925725	795.066163638675
13324	45	Vending machine operators	47	454210	183	47183	Weakley County, Tennessee	yes	2.0	30.739330759925725	795.066163638675
13325	45	Vending machine operators	47	454210	187	47187	Williamson County, Tennessee	yes	1.6666666666666667	25.5607112313062	653.6728134703249
13326	45	Vending machine operators	47	454210	189	47189	Wilson County, Tennessee	no	3.0	4.0	110.0
13327	45	Vending machine operators	47	454210	189	47189	Wilson County, Tennessee	yes	2.0	31.087196911910873	813.3043963664101
13328	45	Warehouse clubs and supercenters	47	452910	1	47001	Anderson County, Tennessee	yes	2.0	-14.99792887153086	-402.72812986961753
13329	45	Warehouse clubs and supercenters	47	452910	3	47003	Bedford County, Tennessee	yes	1.0	-7.49896443576543	-201.36406493480877
13330	45	Warehouse clubs and supercenters	47	452910	5	47005	Benton County, Tennessee	yes	1.0	-7.49896443576543	-201.36406493480877
13331	45	Warehouse clubs and supercenters	47	452910	9	47009	Blount County, Tennessee	yes	2.0	-14.99792887153086	-402.72812986961753
13332	45	Warehouse clubs and supercenters	47	452910	11	47011	Bradley County, Tennessee	yes	2.0	-14.99792887153086	-402.72812986961753
13333	45	Warehouse clubs and supercenters	47	452910	13	47013	Campbell County, Tennessee	yes	1.0	-7.49896443576543	-201.36406493480877
13334	45	Warehouse clubs and supercenters	47	452910	17	47017	Carroll County, Tennessee	yes	1.0	-7.49896443576543	-201.36406493480877
13335	45	Warehouse clubs and supercenters	47	452910	19	47019	Carter County, Tennessee	yes	1.0	-7.49896443576543	-201.36406493480877
13336	45	Warehouse clubs and supercenters	47	452910	21	47021	Cheatham County, Tennessee	yes	1.0	-7.49896443576543	-201.36406493480877
13337	45	Warehouse clubs and supercenters	47	452910	29	47029	Cocke County, Tennessee	yes	1.0	-7.49896443576543	-201.36406493480877
13338	45	Warehouse clubs and supercenters	47	452910	31	47031	Coffee County, Tennessee	yes	2.0	-14.99792887153086	-402.72812986961753
13339	45	Warehouse clubs and supercenters	47	452910	35	47035	Cumberland County, Tennessee	yes	1.0	-7.49896443576543	-201.36406493480877
13340	45	Warehouse clubs and supercenters	47	452910	37	47037	Davidson County, Tennessee	yes	11.0	-82.48860879341973	-2215.0047142828967
13341	45	Warehouse clubs and supercenters	47	452910	41	47041	DeKalb County, Tennessee	yes	1.0	-7.49896443576543	-201.36406493480877
13342	45	Warehouse clubs and supercenters	47	452910	43	47043	Dickson County, Tennessee	yes	1.0	-7.49896443576543	-201.36406493480877
13343	45	Warehouse clubs and supercenters	47	452910	45	47045	Dyer County, Tennessee	yes	1.0	-7.49896443576543	-201.36406493480877
13344	45	Warehouse clubs and supercenters	47	452910	47	47047	Fayette County, Tennessee	yes	1.0	-7.49896443576543	-201.36406493480877
13345	45	Warehouse clubs and supercenters	47	452910	49	47049	Fentress County, Tennessee	yes	1.0	-7.49896443576543	-201.36406493480877
13346	45	Warehouse clubs and supercenters	47	452910	51	47051	Franklin County, Tennessee	yes	1.0	-7.49896443576543	-201.36406493480877
13347	45	Warehouse clubs and supercenters	47	452910	53	47053	Gibson County, Tennessee	yes	2.0	-14.99792887153086	-402.72812986961753
13348	45	Warehouse clubs and supercenters	47	452910	55	47055	Giles County, Tennessee	yes	1.0	-7.49896443576543	-201.36406493480877
13349	45	Warehouse clubs and supercenters	47	452910	59	47059	Greene County, Tennessee	yes	1.0	-7.49896443576543	-201.36406493480877
13350	45	Warehouse clubs and supercenters	47	452910	63	47063	Hamblen County, Tennessee	yes	1.5	-14.99792887153086	-402.72812986961753
13351	45	Warehouse clubs and supercenters	47	452910	65	47065	Hamilton County, Tennessee	yes	8.0	-59.99171548612344	-1610.9125194784701
13352	45	Warehouse clubs and supercenters	47	452910	69	47069	Hardeman County, Tennessee	yes	1.0	-7.49896443576543	-201.36406493480877
13353	45	Warehouse clubs and supercenters	47	452910	71	47071	Hardin County, Tennessee	yes	1.0	-7.49896443576543	-201.36406493480877
13354	45	Warehouse clubs and supercenters	47	452910	73	47073	Hawkins County, Tennessee	yes	1.0	-7.49896443576543	-201.36406493480877
13355	45	Warehouse clubs and supercenters	47	452910	75	47075	Haywood County, Tennessee	yes	1.0	-7.49896443576543	-201.36406493480877
13356	45	Warehouse clubs and supercenters	47	452910	77	47077	Henderson County, Tennessee	yes	1.0	-7.49896443576543	-201.36406493480877
13357	45	Warehouse clubs and supercenters	47	452910	79	47079	Henry County, Tennessee	yes	1.0	-7.49896443576543	-201.36406493480877
13358	45	Warehouse clubs and supercenters	47	452910	85	47085	Humphreys County, Tennessee	yes	1.0	-7.49896443576543	-201.36406493480877
13359	45	Warehouse clubs and supercenters	47	452910	89	47089	Jefferson County, Tennessee	yes	1.0	-7.49896443576543	-201.36406493480877
13360	45	Warehouse clubs and supercenters	47	452910	93	47093	Knox County, Tennessee	no	11.0	2942.3333333333335	79176.66666666667
13361	45	Warehouse clubs and supercenters	47	452910	93	47093	Knox County, Tennessee	yes	9.666666666666666	0.0	0.0
13362	45	Warehouse clubs and supercenters	47	452910	97	47097	Lauderdale County, Tennessee	yes	1.0	-7.49896443576543	-201.36406493480877
13363	45	Warehouse clubs and supercenters	47	452910	99	47099	Lawrence County, Tennessee	yes	1.0	-7.49896443576543	-201.36406493480877
13364	45	Warehouse clubs and supercenters	47	452910	101	47101	Lewis County, Tennessee	yes	1.0	-7.49896443576543	-201.36406493480877
13365	45	Warehouse clubs and supercenters	47	452910	103	47103	Lincoln County, Tennessee	yes	1.0	-7.49896443576543	-201.36406493480877
13366	45	Warehouse clubs and supercenters	47	452910	105	47105	Loudon County, Tennessee	yes	1.0	-7.49896443576543	-201.36406493480877
13367	45	Warehouse clubs and supercenters	47	452910	107	47107	McMinn County, Tennessee	yes	1.0	-7.49896443576543	-201.36406493480877
13368	45	Warehouse clubs and supercenters	47	452910	109	47109	McNairy County, Tennessee	yes	1.0	-7.49896443576543	-201.36406493480877
13369	45	Warehouse clubs and supercenters	47	452910	111	47111	Macon County, Tennessee	yes	1.0	-7.49896443576543	-201.36406493480877
13370	45	Warehouse clubs and supercenters	47	452910	113	47113	Madison County, Tennessee	yes	3.0	-22.49689330729629	-604.0921948044263
13371	45	Warehouse clubs and supercenters	47	452910	115	47115	Marion County, Tennessee	yes	1.0	-7.49896443576543	-201.36406493480877
13372	45	Warehouse clubs and supercenters	47	452910	117	47117	Marshall County, Tennessee	yes	1.0	-7.49896443576543	-201.36406493480877
13373	45	Warehouse clubs and supercenters	47	452910	119	47119	Maury County, Tennessee	yes	2.5	-22.49689330729629	-604.0921948044263
13374	45	Warehouse clubs and supercenters	47	452910	123	47123	Monroe County, Tennessee	yes	1.8333333333333333	-18.648056097993965	-500.0792749077855
13375	45	Warehouse clubs and supercenters	47	452910	125	47125	Montgomery County, Tennessee	yes	4.0	-29.99585774306172	-805.4562597392351
13376	45	Warehouse clubs and supercenters	47	452910	131	47131	Obion County, Tennessee	yes	1.0	-7.49896443576543	-201.36406493480877
13377	45	Warehouse clubs and supercenters	47	452910	141	47141	Putnam County, Tennessee	yes	3.0	-22.49689330729629	-604.0921948044263
13378	45	Warehouse clubs and supercenters	47	452910	143	47143	Rhea County, Tennessee	yes	1.0	-7.49896443576543	-201.36406493480877
13379	45	Warehouse clubs and supercenters	47	452910	145	47145	Roane County, Tennessee	yes	1.0	-7.49896443576543	-201.36406493480877
13380	45	Warehouse clubs and supercenters	47	452910	147	47147	Robertson County, Tennessee	yes	2.0	-14.99792887153086	-402.72812986961753
13381	45	Warehouse clubs and supercenters	47	452910	149	47149	Rutherford County, Tennessee	yes	6.0	-52.49275105035801	-1409.5484545436614
13382	45	Warehouse clubs and supercenters	47	452910	151	47151	Scott County, Tennessee	yes	1.0	-7.49896443576543	-201.36406493480877
13383	45	Warehouse clubs and supercenters	47	452910	153	47153	Sequatchie County, Tennessee	yes	1.0	-7.49896443576543	-201.36406493480877
13384	45	Warehouse clubs and supercenters	47	452910	155	47155	Sevier County, Tennessee	yes	1.0	-7.49896443576543	-201.36406493480877
13385	45	Warehouse clubs and supercenters	47	452910	157	47157	Shelby County, Tennessee	yes	14.0	-104.98550210071602	-2819.0969090873227
13386	45	Warehouse clubs and supercenters	47	452910	159	47159	Smith County, Tennessee	yes	1.0	-7.49896443576543	-201.36406493480877
13387	45	Warehouse clubs and supercenters	47	452910	161	47161	Stewart County, Tennessee	yes	1.0	-10.950381679389313	-292.0534351145038
13388	45	Warehouse clubs and supercenters	47	452910	163	47163	Sullivan County, Tennessee	yes	3.0	-22.49689330729629	-604.0921948044263
13389	45	Warehouse clubs and supercenters	47	452910	165	47165	Sumner County, Tennessee	yes	2.0	-14.99792887153086	-402.72812986961753
13390	45	Warehouse clubs and supercenters	47	452910	167	47167	Tipton County, Tennessee	yes	1.0	-7.49896443576543	-201.36406493480877
13391	45	Warehouse clubs and supercenters	47	452910	171	47171	Unicoi County, Tennessee	yes	1.0	-7.49896443576543	-201.36406493480877
13392	45	Warehouse clubs and supercenters	47	452910	177	47177	Warren County, Tennessee	yes	1.0	-7.49896443576543	-201.36406493480877
13393	45	Warehouse clubs and supercenters	47	452910	179	47179	Washington County, Tennessee	yes	3.0	-22.49689330729629	-604.0921948044263
13394	45	Warehouse clubs and supercenters	47	452910	183	47183	Weakley County, Tennessee	yes	1.0	-7.49896443576543	-201.36406493480877
13395	45	Warehouse clubs and supercenters	47	452910	185	47185	White County, Tennessee	yes	1.0	-7.49896443576543	-201.36406493480877
13396	45	Warehouse clubs and supercenters	47	452910	187	47187	Williamson County, Tennessee	yes	3.5	-29.99585774306172	-805.4562597392351
13397	45	Warehouse clubs and supercenters	47	452910	189	47189	Wilson County, Tennessee	yes	2.0	-14.99792887153086	-402.72812986961753
13398	48	Air traffic control	47	488111	113	47113	Madison County, Tennessee	yes	1.0	0.0	0.0
13399	48	Air traffic control	47	488111	149	47149	Rutherford County, Tennessee	yes	1.0	0.0	0.0
13400	48	Air traffic control	47	488111	157	47157	Shelby County, Tennessee	yes	1.0	0.0	0.0
13401	48	All other support activities for transportation	47	488999	25	47025	Claiborne County, Tennessee	yes	1.0	0.0	0.0
13402	48	All other support activities for transportation	47	488999	65	47065	Hamilton County, Tennessee	yes	1.0	0.0	0.0
13403	48	All other support activities for transportation	47	488999	157	47157	Shelby County, Tennessee	yes	1.0	0.0	0.0
13404	48	All other transit and ground passenger transportation	47	485999	25	47025	Claiborne County, Tennessee	yes	1.0	19.15	327.70000000000005
13405	48	All other transit and ground passenger transportation	47	485999	37	47037	Davidson County, Tennessee	yes	2.1666666666666665	52.68689458689459	776.2660154660156
13406	48	All other transit and ground passenger transportation	47	485999	63	47063	Hamblen County, Tennessee	yes	1.0	25.36908831908832	377.7740333740334
13407	48	All other transit and ground passenger transportation	47	485999	65	47065	Hamilton County, Tennessee	yes	1.0	25.36908831908832	377.7740333740334
13408	48	All other transit and ground passenger transportation	47	485999	67	47067	Hancock County, Tennessee	yes	1.0	23.553632478632476	319.23247863247866
13409	48	All other transit and ground passenger transportation	47	485999	93	47093	Knox County, Tennessee	yes	1.3333333333333333	35.035754985754984	542.7264143264143
13410	48	All other transit and ground passenger transportation	47	485999	119	47119	Maury County, Tennessee	yes	1.0	25.36908831908832	377.7740333740334
13411	48	All other transit and ground passenger transportation	47	485999	123	47123	Monroe County, Tennessee	yes	1.0	11.692307692307693	124.30769230769232
13412	48	All other transit and ground passenger transportation	47	485999	147	47147	Robertson County, Tennessee	yes	1.6666666666666667	43.1	749.2761904761904
13413	48	All other transit and ground passenger transportation	47	485999	149	47149	Rutherford County, Tennessee	yes	1.0	11.692307692307693	124.30769230769232
13414	48	All other transit and ground passenger transportation	47	485999	155	47155	Sevier County, Tennessee	yes	1.0	26.97150997150997	336.17663817663816
13415	48	All other transit and ground passenger transportation	47	485999	157	47157	Shelby County, Tennessee	no	4.25	13.0	655.75
13416	48	All other transit and ground passenger transportation	47	485999	157	47157	Shelby County, Tennessee	yes	4.0	116.0	1979.4285714285713
13417	48	All other transit and ground passenger transportation	47	485999	163	47163	Sullivan County, Tennessee	yes	1.0	24.075	411.27857142857147
13418	48	All other transit and ground passenger transportation	47	485999	165	47165	Sumner County, Tennessee	yes	1.0	11.692307692307693	124.30769230769232
13419	48	All other transit and ground passenger transportation	47	485999	183	47183	Weakley County, Tennessee	yes	1.0	27.957264957264957	310.7649572649573
13420	48	Bus and other motor vehicle transit systems	47	485113	9	47009	Blount County, Tennessee	yes	1.0	70.42857142857143	3200.428571428571
13421	48	Bus and other motor vehicle transit systems	47	485113	11	47011	Bradley County, Tennessee	yes	1.1666666666666667	44.47619047619048	2036.047619047619
13422	48	Bus and other motor vehicle transit systems	47	485113	13	47013	Campbell County, Tennessee	yes	1.0	44.47619047619048	2036.047619047619
13423	48	Bus and other motor vehicle transit systems	47	485113	31	47031	Coffee County, Tennessee	yes	1.0	70.42857142857143	3200.428571428571
13424	48	Bus and other motor vehicle transit systems	47	485113	37	47037	Davidson County, Tennessee	yes	1.6666666666666667	88.95238095238096	4072.095238095238
13425	48	Bus and other motor vehicle transit systems	47	485113	93	47093	Knox County, Tennessee	yes	1.1666666666666667	44.47619047619048	2036.047619047619
13426	48	Bus and other motor vehicle transit systems	47	485113	99	47099	Lawrence County, Tennessee	yes	1.0	35.214285714285715	1600.2142857142856
13427	48	Bus and other motor vehicle transit systems	47	485113	101	47101	Lewis County, Tennessee	yes	1.0	70.42857142857143	3200.428571428571
13428	48	Bus and other motor vehicle transit systems	47	485113	113	47113	Madison County, Tennessee	yes	1.0	44.47619047619048	2036.047619047619
13429	48	Bus and other motor vehicle transit systems	47	485113	119	47119	Maury County, Tennessee	yes	1.4	56.34285714285714	2560.3428571428567
13430	48	Bus and other motor vehicle transit systems	47	485113	135	47135	Perry County, Tennessee	yes	1.0	88.95238095238096	4072.095238095238
13431	48	Bus and other motor vehicle transit systems	47	485113	149	47149	Rutherford County, Tennessee	yes	1.0	0.0	0.0
13432	48	Bus and other motor vehicle transit systems	47	485113	181	47181	Wayne County, Tennessee	yes	1.0	70.42857142857143	3200.428571428571
13433	48	Bus and other motor vehicle transit systems	47	485113	187	47187	Williamson County, Tennessee	yes	1.0	0.0	0.0
13434	48	Charter bus industry	47	485510	9	47009	Blount County, Tennessee	yes	1.0	20.0	545.8666666666667
13435	48	Charter bus industry	47	485510	11	47011	Bradley County, Tennessee	yes	1.0	27.340779220779222	851.9774747474747
13436	48	Charter bus industry	47	485510	37	47037	Davidson County, Tennessee	no	6.333333333333333	813.1666666666666	29299.833333333332
13437	48	Charter bus industry	47	485510	47	47047	Fayette County, Tennessee	yes	1.0	27.340779220779222	851.9774747474747
13438	48	Charter bus industry	47	485510	59	47059	Greene County, Tennessee	yes	1.0	21.457575757575757	571.349494949495
13439	48	Charter bus industry	47	485510	65	47065	Hamilton County, Tennessee	yes	1.0	21.753896103896103	614.3871212121212
13440	48	Charter bus industry	47	485510	77	47077	Henderson County, Tennessee	yes	1.0	19.55	563.9333333333334
13441	48	Charter bus industry	47	485510	79	47079	Henry County, Tennessee	yes	1.0	27.340779220779222	851.9774747474747
13442	48	Charter bus industry	47	485510	93	47093	Knox County, Tennessee	no	4.0	145.83333333333334	2983.5
13443	48	Charter bus industry	47	485510	99	47099	Lawrence County, Tennessee	yes	1.0	28.808935064935064	913.1996363636365
13444	48	Charter bus industry	47	485510	147	47147	Robertson County, Tennessee	yes	1.0	27.340779220779222	851.9774747474747
13445	48	Charter bus industry	47	485510	157	47157	Shelby County, Tennessee	no	4.0	65.0	2431.0
13446	48	Charter bus industry	47	485510	157	47157	Shelby County, Tennessee	yes	3.0	89.75396103896102	2957.762272727273
13447	48	Charter bus industry	47	485510	165	47165	Sumner County, Tennessee	no	3.3333333333333335	30.0	1919.0
13448	48	Charter bus industry	47	485510	165	47165	Sumner County, Tennessee	yes	2.6666666666666665	59.49134199134199	1680.1545454545455
13449	48	Charter bus industry	47	485510	187	47187	Williamson County, Tennessee	yes	1.0	38.514545454545456	1327.158181818182
13450	48	Charter bus industry	47	485510	189	47189	Wilson County, Tennessee	yes	1.8333333333333333	51.34822510822511	1612.9771717171716
13451	48	Coastal and great lakes freight transportation	47	483113	37	47037	Davidson County, Tennessee	yes	1.0	0.0	0.0
13452	48	Coastal and great lakes freight transportation	47	483113	59	47059	Greene County, Tennessee	yes	1.0	0.0	0.0
13453	48	Coastal and great lakes freight transportation	47	483113	113	47113	Madison County, Tennessee	yes	1.1666666666666667	0.0	0.0
13454	48	Coastal and great lakes freight transportation	47	483113	157	47157	Shelby County, Tennessee	yes	1.0	0.0	0.0
13455	48	Deep sea freight transportation	47	483111	37	47037	Davidson County, Tennessee	yes	1.0	0.0	0.0
13456	48	Deep sea freight transportation	47	483111	93	47093	Knox County, Tennessee	yes	1.0	0.0	0.0
13457	48	Deep sea freight transportation	47	483111	157	47157	Shelby County, Tennessee	yes	1.3333333333333333	0.0	0.0
13458	48	Freight transportation arrangement	47	488510	1	47001	Anderson County, Tennessee	yes	1.3333333333333333	23.332751364295813	1021.4674438719088
13459	48	Freight transportation arrangement	47	488510	3	47003	Bedford County, Tennessee	yes	1.0	13.383333333333333	521.5166666666667
13460	48	Freight transportation arrangement	47	488510	5	47005	Benton County, Tennessee	yes	1.1666666666666667	19.823855443058118	859.3801756197672
13461	48	Freight transportation arrangement	47	488510	9	47009	Blount County, Tennessee	no	5.833333333333333	55.666666666666664	3299.8333333333335
13462	48	Freight transportation arrangement	47	488510	11	47011	Bradley County, Tennessee	yes	2.5	46.47779833600476	2099.942709524876
13463	48	Freight transportation arrangement	47	488510	13	47013	Campbell County, Tennessee	yes	1.0	17.593299887502564	772.4607311753225
13464	48	Freight transportation arrangement	47	488510	15	47015	Cannon County, Tennessee	yes	1.1666666666666667	19.823855443058118	859.3801756197672
13465	48	Freight transportation arrangement	47	488510	21	47021	Cheatham County, Tennessee	yes	2.0	35.18659977500513	1544.921462350645
13466	48	Freight transportation arrangement	47	488510	35	47035	Cumberland County, Tennessee	yes	1.8333333333333333	30.276004010679703	1305.6920991522272
13467	48	Freight transportation arrangement	47	488510	37	47037	Davidson County, Tennessee	no	54.5	654.8333333333334	39352.833333333336
13468	48	Freight transportation arrangement	47	488510	43	47043	Dickson County, Tennessee	yes	1.5	25.555996978330896	1099.4477601930146
13469	48	Freight transportation arrangement	47	488510	45	47045	Dyer County, Tennessee	yes	1.5	27.22390268417679	1217.9344333329534
13470	48	Freight transportation arrangement	47	488510	47	47047	Fayette County, Tennessee	no	4.0	11.0	1325.5
13471	48	Freight transportation arrangement	47	488510	47	47047	Fayette County, Tennessee	yes	4.0	71.16695011337868	3194.358879612451
13472	48	Freight transportation arrangement	47	488510	53	47053	Gibson County, Tennessee	no	4.0	8.0	387.0
13473	48	Freight transportation arrangement	47	488510	53	47053	Gibson County, Tennessee	yes	1.5	26.5580807239618	1060.6400331597117
13474	48	Freight transportation arrangement	47	488510	55	47055	Giles County, Tennessee	yes	1.0	17.593299887502564	772.4607311753225
13475	48	Freight transportation arrangement	47	488510	57	47057	Grainger County, Tennessee	yes	1.0	19.26120559334845	890.9474043152615
13476	48	Freight transportation arrangement	47	488510	59	47059	Greene County, Tennessee	yes	1.0	14.160021097046414	618.733016877637
13477	48	Freight transportation arrangement	47	488510	63	47063	Hamblen County, Tennessee	yes	2.1666666666666665	37.41715533056068	1631.84090679509
13478	48	Freight transportation arrangement	47	488510	65	47065	Hamilton County, Tennessee	no	26.2	392.4	23998.8
13479	48	Freight transportation arrangement	47	488510	65	47065	Hamilton County, Tennessee	yes	22.0	328.60759493670884	15750.886075949365
13480	48	Freight transportation arrangement	47	488510	69	47069	Hardeman County, Tennessee	yes	1.0	19.141808390022675	947.3756519274376
13481	48	Freight transportation arrangement	47	488510	73	47073	Hawkins County, Tennessee	yes	2.5	43.14929686583346	1871.908491368337
13482	48	Freight transportation arrangement	47	488510	77	47077	Henderson County, Tennessee	yes	1.8333333333333333	32.956044219449566	1458.0020179062005
13483	48	Freight transportation arrangement	47	488510	81	47081	Hickman County, Tennessee	yes	1.0	19.45614035087719	724.4561403508771
13484	48	Freight transportation arrangement	47	488510	85	47085	Humphreys County, Tennessee	no	3.0	5.666666666666667	203.33333333333334
13485	48	Freight transportation arrangement	47	488510	85	47085	Humphreys County, Tennessee	yes	1.3333333333333333	22.410774298615735	895.4594381523428
13486	48	Freight transportation arrangement	47	488510	89	47089	Jefferson County, Tennessee	no	4.0	36.333333333333336	2523.0
13487	48	Freight transportation arrangement	47	488510	89	47089	Jefferson County, Tennessee	yes	3.0	49.80045155081797	2029.5686653342218
13488	48	Freight transportation arrangement	47	488510	91	47091	Johnson County, Tennessee	yes	2.0	35.18659977500513	1544.921462350645
13489	48	Freight transportation arrangement	47	488510	93	47093	Knox County, Tennessee	no	25.666666666666668	167.83333333333334	9674.5
13490	48	Freight transportation arrangement	47	488510	105	47105	Loudon County, Tennessee	yes	1.6666666666666667	29.98352229780801	1437.0064247921391
13491	48	Freight transportation arrangement	47	488510	107	47107	McMinn County, Tennessee	no	3.0	37.0	993.5
13492	48	Freight transportation arrangement	47	488510	107	47107	McMinn County, Tennessee	yes	2.0	38.61987856546127	1698.6491766483307
13493	48	Freight transportation arrangement	47	488510	109	47109	McNairy County, Tennessee	yes	1.6666666666666667	30.466592742656317	1338.6771233914328
13494	48	Freight transportation arrangement	47	488510	111	47111	Macon County, Tennessee	yes	1.0	17.593299887502564	772.4607311753225
13495	48	Freight transportation arrangement	47	488510	113	47113	Madison County, Tennessee	no	5.0	56.666666666666664	3539.3333333333335
13496	48	Freight transportation arrangement	47	488510	113	47113	Madison County, Tennessee	yes	6.333333333333333	98.5069990376786	4094.847646013768
13497	48	Freight transportation arrangement	47	488510	119	47119	Maury County, Tennessee	no	4.833333333333333	70.5	4045.5
13498	48	Freight transportation arrangement	47	488510	123	47123	Monroe County, Tennessee	yes	1.1666666666666667	20.08275136429581	891.7856256900905
13499	48	Freight transportation arrangement	47	488510	125	47125	Montgomery County, Tennessee	no	3.8	6.2	359.6
13500	48	Freight transportation arrangement	47	488510	125	47125	Montgomery County, Tennessee	yes	4.0	77.82456140350877	2897.8245614035086
13501	48	Freight transportation arrangement	47	488510	131	47131	Obion County, Tennessee	yes	1.0	14.160021097046414	618.733016877637
13502	48	Freight transportation arrangement	47	488510	141	47141	Putnam County, Tennessee	yes	1.8333333333333333	31.943909716525592	1424.1787722921654
13503	48	Freight transportation arrangement	47	488510	147	47147	Robertson County, Tennessee	no	5.666666666666667	17.333333333333332	988.6666666666666
13504	48	Freight transportation arrangement	47	488510	147	47147	Robertson County, Tennessee	yes	6.0	93.5280960840921	3856.1978569842327
13505	48	Freight transportation arrangement	47	488510	149	47149	Rutherford County, Tennessee	no	17.666666666666668	236.16666666666666	10037.666666666666
13506	48	Freight transportation arrangement	47	488510	151	47151	Scott County, Tennessee	yes	1.0	19.26120559334845	890.9474043152615
13507	48	Freight transportation arrangement	47	488510	155	47155	Sevier County, Tennessee	no	3.0	35.0	594.0
13508	48	Freight transportation arrangement	47	488510	155	47155	Sevier County, Tennessee	yes	1.0	17.964283070545562	739.4988055101312
13509	48	Freight transportation arrangement	47	488510	157	47157	Shelby County, Tennessee	no	125.33333333333333	2926.6666666666665	160375.66666666666
13510	48	Freight transportation arrangement	47	488510	159	47159	Smith County, Tennessee	yes	1.0	19.309939282730635	849.3245883241653
13511	48	Freight transportation arrangement	47	488510	163	47163	Sullivan County, Tennessee	no	5.0	49.166666666666664	1618.6666666666667
13512	48	Freight transportation arrangement	47	488510	165	47165	Sumner County, Tennessee	no	6.666666666666667	45.5	2131.0
13513	48	Freight transportation arrangement	47	488510	167	47167	Tipton County, Tennessee	yes	1.0	13.383333333333333	521.5166666666667
13514	48	Freight transportation arrangement	47	488510	177	47177	Warren County, Tennessee	no	3.2	2.4	304.0
13515	48	Freight transportation arrangement	47	488510	177	47177	Warren County, Tennessee	yes	3.0	44.810126582278485	2147.848101265823
13516	48	Freight transportation arrangement	47	488510	179	47179	Washington County, Tennessee	yes	1.3333333333333333	23.97390268417679	1088.2526151511352
13517	48	Freight transportation arrangement	47	488510	183	47183	Weakley County, Tennessee	yes	1.0	17.220731794827635	782.0616493402117
13518	48	Freight transportation arrangement	47	488510	185	47185	White County, Tennessee	yes	1.0	17.593299887502564	772.4607311753225
13519	48	Freight transportation arrangement	47	488510	187	47187	Williamson County, Tennessee	no	15.5	71.0	5294.5
13520	48	Freight transportation arrangement	47	488510	189	47189	Wilson County, Tennessee	no	15.666666666666666	93.33333333333333	4908.166666666667
13521	48	General freight trucking, local	47	484110	1	47001	Anderson County, Tennessee	yes	1.0	10.304916637868368	397.7531303475899
13522	48	General freight trucking, local	47	484110	3	47003	Bedford County, Tennessee	no	4.333333333333333	28.333333333333332	851.0
13523	48	General freight trucking, local	47	484110	3	47003	Bedford County, Tennessee	yes	4.0	45.35948621645912	1616.2254849505346
13524	48	General freight trucking, local	47	484110	5	47005	Benton County, Tennessee	no	3.0	16.333333333333332	581.6666666666666
13525	48	General freight trucking, local	47	484110	5	47005	Benton County, Tennessee	yes	2.3333333333333335	22.4515517649846	939.1712550461192
13526	48	General freight trucking, local	47	484110	9	47009	Blount County, Tennessee	no	7.5	127.16666666666667	4814.666666666667
13527	48	General freight trucking, local	47	484110	11	47011	Bradley County, Tennessee	no	5.666666666666667	64.0	2992.0
13528	48	General freight trucking, local	47	484110	11	47011	Bradley County, Tennessee	yes	5.333333333333333	58.79594834188358	2066.870361627797
13529	48	General freight trucking, local	47	484110	13	47013	Campbell County, Tennessee	yes	1.1666666666666667	11.593276426228158	442.86688696134655
13530	48	General freight trucking, local	47	484110	15	47015	Cannon County, Tennessee	no	3.0	4.0	80.0
13531	48	General freight trucking, local	47	484110	15	47015	Cannon County, Tennessee	yes	1.25	11.869392251282534	413.61706218067746
13532	48	General freight trucking, local	47	484110	17	47017	Carroll County, Tennessee	yes	1.0	16.3015873015873	635.0952380952381
13533	48	General freight trucking, local	47	484110	19	47019	Carter County, Tennessee	yes	1.3333333333333333	16.208489388264667	593.2348255157244
13534	48	General freight trucking, local	47	484110	21	47021	Cheatham County, Tennessee	no	3.3333333333333335	3.6666666666666665	108.33333333333333
13535	48	General freight trucking, local	47	484110	21	47021	Cheatham County, Tennessee	yes	1.3333333333333333	13.146926985525795	450.7598799819553
13536	48	General freight trucking, local	47	484110	23	47023	Chester County, Tennessee	yes	1.0	9.936852568742852	345.9464272600426
13537	48	General freight trucking, local	47	484110	25	47025	Claiborne County, Tennessee	yes	1.5	16.70219611350605	670.7245155376912
13538	48	General freight trucking, local	47	484110	27	47027	Clay County, Tennessee	yes	1.3333333333333333	13.146926985525795	450.7598799819553
13539	48	General freight trucking, local	47	484110	29	47029	Cocke County, Tennessee	yes	1.0	12.296861066523988	436.96334938469766
13540	48	General freight trucking, local	47	484110	31	47031	Coffee County, Tennessee	no	3.5	12.333333333333334	564.3333333333334
13541	48	General freight trucking, local	47	484110	33	47033	Crockett County, Tennessee	yes	1.3333333333333333	12.924194011739266	477.421118891322
13542	48	General freight trucking, local	47	484110	35	47035	Cumberland County, Tennessee	no	4.0	0.0	180.0
13543	48	General freight trucking, local	47	484110	35	47035	Cumberland County, Tennessee	yes	1.8	20.197519684490715	779.2461477556658
13544	48	General freight trucking, local	47	484110	37	47037	Davidson County, Tennessee	no	33.666666666666664	420.5	19824.666666666668
13545	48	General freight trucking, local	47	484110	39	47039	Decatur County, Tennessee	yes	1.0	10.304916637868368	397.7531303475899
13546	48	General freight trucking, local	47	484110	41	47041	DeKalb County, Tennessee	yes	1.0	10.304916637868368	397.7531303475899
13547	48	General freight trucking, local	47	484110	43	47043	Dickson County, Tennessee	yes	1.6666666666666667	18.084218585416167	710.529758983384
13548	48	General freight trucking, local	47	484110	45	47045	Dyer County, Tennessee	yes	1.0	16.3015873015873	635.0952380952381
13549	48	General freight trucking, local	47	484110	47	47047	Fayette County, Tennessee	yes	1.0	11.52845889599621	477.12771270578673
13550	48	General freight trucking, local	47	484110	53	47053	Gibson County, Tennessee	no	4.0	24.0	621.0
13551	48	General freight trucking, local	47	484110	53	47053	Gibson County, Tennessee	yes	3.8	41.023808449647404	1514.1273965929627
13552	48	General freight trucking, local	47	484110	55	47055	Giles County, Tennessee	yes	1.0	11.041044776119403	501.36653652268456
13553	48	General freight trucking, local	47	484110	59	47059	Greene County, Tennessee	yes	2.3333333333333335	26.043695709599167	1007.2046733935925
13554	48	General freight trucking, local	47	484110	61	47061	Grundy County, Tennessee	yes	1.0	10.304916637868368	397.7531303475899
13555	48	General freight trucking, local	47	484110	63	47063	Hamblen County, Tennessee	yes	2.3333333333333335	24.9826248247636	919.7504830964298
13556	48	General freight trucking, local	47	484110	65	47065	Hamilton County, Tennessee	no	16.6	183.6	7417.2
13557	48	General freight trucking, local	47	484110	65	47065	Hamilton County, Tennessee	yes	21.0	342.3333333333333	13337.0
13558	48	General freight trucking, local	47	484110	69	47069	Hardeman County, Tennessee	yes	1.6666666666666667	16.51087958689541	649.8518109002806
13559	48	General freight trucking, local	47	484110	71	47071	Hardin County, Tennessee	yes	1.0	7.85783212161269	239.0039656311963
13560	48	General freight trucking, local	47	484110	73	47073	Hawkins County, Tennessee	yes	1.0	11.862558356676004	437.1358543417367
13561	48	General freight trucking, local	47	484110	75	47075	Haywood County, Tennessee	yes	2.5	25.578541322802995	1007.7421961498313
13562	48	General freight trucking, local	47	484110	77	47077	Henderson County, Tennessee	yes	2.3333333333333335	24.56401939462874	941.2182121424254
13563	48	General freight trucking, local	47	484110	79	47079	Henry County, Tennessee	yes	2.1666666666666665	21.898193064096528	840.6200173089364
13564	48	General freight trucking, local	47	484110	81	47081	Hickman County, Tennessee	yes	1.2	10.590288387477525	398.12000291570735
13565	48	General freight trucking, local	47	484110	85	47085	Humphreys County, Tennessee	no	3.0	0.0	329.0
13566	48	General freight trucking, local	47	484110	85	47085	Humphreys County, Tennessee	yes	1.2	10.764009471416717	398.0510009328917
13567	48	General freight trucking, local	47	484110	89	47089	Jefferson County, Tennessee	no	4.0	19.666666666666668	756.3333333333334
13568	48	General freight trucking, local	47	484110	89	47089	Jefferson County, Tennessee	yes	3.6666666666666665	37.255806292554475	1272.4391464450948
13569	48	General freight trucking, local	47	484110	91	47091	Johnson County, Tennessee	yes	2.0	22.08950959070717	861.4927219463469
13570	48	General freight trucking, local	47	484110	93	47093	Knox County, Tennessee	no	18.5	391.6666666666667	16593.5
13571	48	General freight trucking, local	47	484110	97	47097	Lauderdale County, Tennessee	yes	1.0	10.304916637868368	397.7531303475899
13572	48	General freight trucking, local	47	484110	99	47099	Lawrence County, Tennessee	no	5.166666666666667	23.333333333333332	947.0
13573	48	General freight trucking, local	47	484110	103	47103	Lincoln County, Tennessee	no	4.0	9.333333333333334	360.6666666666667
13574	48	General freight trucking, local	47	484110	103	47103	Lincoln County, Tennessee	yes	2.0	19.87483218826502	848.9437418186059
13575	48	General freight trucking, local	47	484110	105	47105	Loudon County, Tennessee	yes	1.0	10.304916637868368	397.7531303475899
13576	48	General freight trucking, local	47	484110	107	47107	McMinn County, Tennessee	yes	1.0	10.672417181604226	371.03438978587684
13577	48	General freight trucking, local	47	484110	109	47109	McNairy County, Tennessee	yes	1.0	10.304916637868368	397.7531303475899
13578	48	General freight trucking, local	47	484110	111	47111	Macon County, Tennessee	no	3.0	6.5	263.0
13579	48	General freight trucking, local	47	484110	111	47111	Macon County, Tennessee	yes	2.5	28.85842823070309	1189.0131541687247
13580	48	General freight trucking, local	47	484110	113	47113	Madison County, Tennessee	no	8.166666666666666	93.83333333333333	4178.833333333333
13581	48	General freight trucking, local	47	484110	115	47115	Marion County, Tennessee	no	3.6666666666666665	14.5	762.0
13582	48	General freight trucking, local	47	484110	117	47117	Marshall County, Tennessee	no	3.3333333333333335	9.833333333333334	296.1666666666667
13583	48	General freight trucking, local	47	484110	119	47119	Maury County, Tennessee	no	4.5	57.333333333333336	2464.5
13584	48	General freight trucking, local	47	484110	121	47121	Meigs County, Tennessee	yes	1.0	10.672417181604226	371.03438978587684
13585	48	General freight trucking, local	47	484110	123	47123	Monroe County, Tennessee	yes	2.5	32.74451578384163	1191.4743178170145
13586	48	General freight trucking, local	47	484110	125	47125	Montgomery County, Tennessee	no	3.6666666666666665	24.0	728.0
13587	48	General freight trucking, local	47	484110	125	47125	Montgomery County, Tennessee	yes	2.3333333333333335	24.125973485524046	853.3003388621365
13588	48	General freight trucking, local	47	484110	131	47131	Obion County, Tennessee	no	3.0	0.0	424.0
13589	48	General freight trucking, local	47	484110	131	47131	Obion County, Tennessee	yes	2.0	18.211165010249168	700.5694175961205
13590	48	General freight trucking, local	47	484110	133	47133	Overton County, Tennessee	yes	1.6	17.223318528372836	645.7878823521261
13591	48	General freight trucking, local	47	484110	139	47139	Polk County, Tennessee	yes	1.0	16.3015873015873	635.0952380952381
13592	48	General freight trucking, local	47	484110	141	47141	Putnam County, Tennessee	yes	3.3333333333333335	35.013703602446434	1338.913840837669
13593	48	General freight trucking, local	47	484110	143	47143	Rhea County, Tennessee	yes	1.0	11.041044776119403	501.36653652268456
13594	48	General freight trucking, local	47	484110	145	47145	Roane County, Tennessee	yes	1.0	16.3015873015873	635.0952380952381
13595	48	General freight trucking, local	47	484110	147	47147	Robertson County, Tennessee	no	5.4	70.4	4608.4
13596	48	General freight trucking, local	47	484110	147	47147	Robertson County, Tennessee	yes	6.0	97.80952380952381	3810.5714285714284
13597	48	General freight trucking, local	47	484110	149	47149	Rutherford County, Tennessee	no	14.833333333333334	165.0	8164.333333333333
13598	48	General freight trucking, local	47	484110	151	47151	Scott County, Tennessee	yes	1.0	10.304916637868368	397.7531303475899
13599	48	General freight trucking, local	47	484110	153	47153	Sequatchie County, Tennessee	yes	1.0	9.30894442354056	378.14802082903606
13600	48	General freight trucking, local	47	484110	155	47155	Sevier County, Tennessee	yes	2.0	19.548762390901164	708.052070398017
13601	48	General freight trucking, local	47	484110	157	47157	Shelby County, Tennessee	no	47.5	648.1666666666666	27781.0
13602	48	General freight trucking, local	47	484110	159	47159	Smith County, Tennessee	yes	1.8333333333333333	19.227810803826625	755.701017249487
13603	48	General freight trucking, local	47	484110	161	47161	Stewart County, Tennessee	yes	1.0	9.93741609413251	424.47187090930294
13604	48	General freight trucking, local	47	484110	163	47163	Sullivan County, Tennessee	no	9.166666666666666	60.333333333333336	2154.1666666666665
13605	48	General freight trucking, local	47	484110	165	47165	Sumner County, Tennessee	no	10.666666666666666	81.83333333333333	3676.5
13606	48	General freight trucking, local	47	484110	167	47167	Tipton County, Tennessee	no	4.833333333333333	45.0	1786.3333333333333
13607	48	General freight trucking, local	47	484110	173	47173	Union County, Tennessee	yes	1.0	12.296861066523988	436.96334938469766
13608	48	General freight trucking, local	47	484110	177	47177	Warren County, Tennessee	no	3.6666666666666665	3.6666666666666665	188.33333333333334
13609	48	General freight trucking, local	47	484110	177	47177	Warren County, Tennessee	yes	1.3333333333333333	12.51413567085209	514.6993841368162
13610	48	General freight trucking, local	47	484110	179	47179	Washington County, Tennessee	no	6.0	90.0	3917.0
13611	48	General freight trucking, local	47	484110	179	47179	Washington County, Tennessee	yes	6.6	71.65126505764695	2735.9318518827467
13612	48	General freight trucking, local	47	484110	181	47181	Wayne County, Tennessee	yes	1.0	10.672417181604226	371.03438978587684
13613	48	General freight trucking, local	47	484110	183	47183	Weakley County, Tennessee	no	4.0	38.0	1007.0
13614	48	General freight trucking, local	47	484110	183	47183	Weakley County, Tennessee	yes	2.6	27.72483782265771	1113.6200471445034
13615	48	General freight trucking, local	47	484110	185	47185	White County, Tennessee	no	3.3333333333333335	39.333333333333336	1468.3333333333333
13616	48	General freight trucking, local	47	484110	187	47187	Williamson County, Tennessee	no	4.0	24.0	521.0
13617	48	General freight trucking, local	47	484110	187	47187	Williamson County, Tennessee	yes	2.8	27.04400083114469	1101.662646814268
13618	48	General freight trucking, local	47	484110	189	47189	Wilson County, Tennessee	no	8.666666666666666	31.166666666666668	1478.1666666666667
13619	48	General freight trucking, long-distance, less than truckload	47	484122	3	47003	Bedford County, Tennessee	yes	1.0	60.322006786950965	3398.9198049971396
13620	48	General freight trucking, long-distance, less than truckload	47	484122	9	47009	Blount County, Tennessee	yes	1.3333333333333333	83.25600600355888	4717.707897437406
13621	48	General freight trucking, long-distance, less than truckload	47	484122	11	47011	Bradley County, Tennessee	yes	1.1666666666666667	67.72626210609991	3823.0722872666433
13622	48	General freight trucking, long-distance, less than truckload	47	484122	19	47019	Carter County, Tennessee	yes	1.0	43.247649678377044	2358.0155863433943
13623	48	General freight trucking, long-distance, less than truckload	47	484122	23	47023	Chester County, Tennessee	yes	1.0	60.322006786950965	3398.9198049971396
13624	48	General freight trucking, long-distance, less than truckload	47	484122	25	47025	Claiborne County, Tennessee	yes	1.0	63.97245465596907	3644.4805101826146
13625	48	General freight trucking, long-distance, less than truckload	47	484122	31	47031	Coffee County, Tennessee	yes	1.4	91.53900386902991	5197.432330713505
13626	48	General freight trucking, long-distance, less than truckload	47	484122	33	47033	Crockett County, Tennessee	yes	2.0	120.64401357390193	6797.839609994279
13627	48	General freight trucking, long-distance, less than truckload	47	484122	35	47035	Cumberland County, Tennessee	no	3.0	20.0	374.0
13628	48	General freight trucking, long-distance, less than truckload	47	484122	35	47035	Cumberland County, Tennessee	yes	2.2	134.05013708774226	7539.883677704065
13629	48	General freight trucking, long-distance, less than truckload	47	484122	37	47037	Davidson County, Tennessee	no	26.166666666666668	2658.8333333333335	145548.16666666666
13630	48	General freight trucking, long-distance, less than truckload	47	484122	43	47043	Dickson County, Tennessee	yes	1.0	60.322006786950965	3398.9198049971396
13631	48	General freight trucking, long-distance, less than truckload	47	484122	45	47045	Dyer County, Tennessee	no	3.0	110.0	6620.0
13632	48	General freight trucking, long-distance, less than truckload	47	484122	45	47045	Dyer County, Tennessee	yes	2.5	140.03422756706752	8045.088806660499
13633	48	General freight trucking, long-distance, less than truckload	47	484122	47	47047	Fayette County, Tennessee	yes	2.0	137.8327460653042	7764.759102654452
13634	48	General freight trucking, long-distance, less than truckload	47	484122	51	47051	Franklin County, Tennessee	yes	1.0	68.80199764982373	3956.364277320799
13635	48	General freight trucking, long-distance, less than truckload	47	484122	53	47053	Gibson County, Tennessee	yes	2.0	120.64401357390193	6797.839609994279
13636	48	General freight trucking, long-distance, less than truckload	47	484122	59	47059	Greene County, Tennessee	yes	2.3333333333333335	134.6672693878554	7521.545036350869
13637	48	General freight trucking, long-distance, less than truckload	47	484122	63	47063	Hamblen County, Tennessee	yes	1.4	85.17998438442902	4782.4663973382685
13638	48	General freight trucking, long-distance, less than truckload	47	484122	65	47065	Hamilton County, Tennessee	no	23.5	801.1666666666666	38542.833333333336
13639	48	General freight trucking, long-distance, less than truckload	47	484122	73	47073	Hawkins County, Tennessee	yes	1.0	42.06976744186046	2171.116279069767
13640	48	General freight trucking, long-distance, less than truckload	47	484122	77	47077	Henderson County, Tennessee	yes	1.0	63.50130176136243	3569.720787273164
13641	48	General freight trucking, long-distance, less than truckload	47	484122	89	47089	Jefferson County, Tennessee	yes	1.5	85.36107841887376	4796.055435227547
13642	48	General freight trucking, long-distance, less than truckload	47	484122	93	47093	Knox County, Tennessee	no	20.833333333333332	1399.5	74841.33333333333
13643	48	General freight trucking, long-distance, less than truckload	47	484122	101	47101	Lewis County, Tennessee	yes	1.0	60.322006786950965	3398.9198049971396
13644	48	General freight trucking, long-distance, less than truckload	47	484122	103	47103	Lincoln County, Tennessee	yes	1.0	63.97245465596907	3644.4805101826146
13645	48	General freight trucking, long-distance, less than truckload	47	484122	113	47113	Madison County, Tennessee	no	13.5	404.3333333333333	20550.666666666668
13646	48	General freight trucking, long-distance, less than truckload	47	484122	117	47117	Marshall County, Tennessee	yes	1.3333333333333333	83.29413113116833	4693.0463221062155
13647	48	General freight trucking, long-distance, less than truckload	47	484122	119	47119	Maury County, Tennessee	no	4.0	12.0	967.0
13648	48	General freight trucking, long-distance, less than truckload	47	484122	119	47119	Maury County, Tennessee	yes	2.6	155.54124564275372	8745.337495884778
13649	48	General freight trucking, long-distance, less than truckload	47	484122	125	47125	Montgomery County, Tennessee	yes	1.0	60.322006786950965	3398.9198049971396
13650	48	General freight trucking, long-distance, less than truckload	47	484122	131	47131	Obion County, Tennessee	yes	1.0	60.322006786950965	3398.9198049971396
13651	48	General freight trucking, long-distance, less than truckload	47	484122	141	47141	Putnam County, Tennessee	no	6.666666666666667	214.0	9941.666666666666
13652	48	General freight trucking, long-distance, less than truckload	47	484122	141	47141	Putnam County, Tennessee	yes	8.333333333333334	415.43365674906244	23202.475048225515
13653	48	General freight trucking, long-distance, less than truckload	47	484122	143	47143	Rhea County, Tennessee	yes	1.0	70.56587031005635	4003.5683495334656
13654	48	General freight trucking, long-distance, less than truckload	47	484122	147	47147	Robertson County, Tennessee	yes	1.0	43.247649678377044	2358.0155863433943
13655	48	General freight trucking, long-distance, less than truckload	47	484122	149	47149	Rutherford County, Tennessee	no	9.833333333333334	531.5	31226.166666666668
13656	48	General freight trucking, long-distance, less than truckload	47	484122	151	47151	Scott County, Tennessee	yes	1.0	68.9163730326521	3882.379551327226
13657	48	General freight trucking, long-distance, less than truckload	47	484122	153	47153	Sequatchie County, Tennessee	yes	1.0	70.56587031005635	4003.5683495334656
13658	48	General freight trucking, long-distance, less than truckload	47	484122	157	47157	Shelby County, Tennessee	no	32.166666666666664	4156.0	235882.16666666666
13659	48	General freight trucking, long-distance, less than truckload	47	484122	163	47163	Sullivan County, Tennessee	no	8.833333333333334	273.0	15589.833333333334
13660	48	General freight trucking, long-distance, less than truckload	47	484122	165	47165	Sumner County, Tennessee	yes	2.1666666666666665	128.04826889305085	7221.992092263783
13661	48	General freight trucking, long-distance, less than truckload	47	484122	169	47169	Trousdale County, Tennessee	yes	1.0	60.322006786950965	3398.9198049971396
13662	48	General freight trucking, long-distance, less than truckload	47	484122	177	47177	Warren County, Tennessee	yes	1.0	68.9163730326521	3882.379551327226
13663	48	General freight trucking, long-distance, less than truckload	47	484122	179	47179	Washington County, Tennessee	yes	1.3333333333333333	83.29413113116833	4693.0463221062155
13664	48	General freight trucking, long-distance, less than truckload	47	484122	183	47183	Weakley County, Tennessee	yes	2.1666666666666665	132.95482438471274	7505.497267651936
13665	48	General freight trucking, long-distance, less than truckload	47	484122	185	47185	White County, Tennessee	yes	1.0	60.322006786950965	3398.9198049971396
13666	48	General freight trucking, long-distance, less than truckload	47	484122	187	47187	Williamson County, Tennessee	yes	1.5	105.73443008225618	6079.337250293772
13667	48	General freight trucking, long-distance, less than truckload	47	484122	189	47189	Wilson County, Tennessee	no	4.166666666666667	215.5	10148.833333333334
13668	48	General freight trucking, long-distance, truckload	47	484121	1	47001	Anderson County, Tennessee	no	5.0	46.6	2811.8
13669	48	General freight trucking, long-distance, truckload	47	484121	1	47001	Anderson County, Tennessee	yes	2.0	45.851851851851855	1517.125925925926
13670	48	General freight trucking, long-distance, truckload	47	484121	3	47003	Bedford County, Tennessee	no	15.333333333333334	1451.0	63967.333333333336
13671	48	General freight trucking, long-distance, truckload	47	484121	3	47003	Bedford County, Tennessee	yes	14.666666666666666	399.58755262429804	15506.265066439344
13672	48	General freight trucking, long-distance, truckload	47	484121	5	47005	Benton County, Tennessee	no	8.5	74.16666666666667	2809.3333333333335
13673	48	General freight trucking, long-distance, truckload	47	484121	7	47007	Bledsoe County, Tennessee	no	3.0	2.5	60.0
13674	48	General freight trucking, long-distance, truckload	47	484121	7	47007	Bledsoe County, Tennessee	yes	1.5	38.21341888882774	1736.6100801354694
13675	48	General freight trucking, long-distance, truckload	47	484121	9	47009	Blount County, Tennessee	no	8.0	52.333333333333336	5644.166666666667
13676	48	General freight trucking, long-distance, truckload	47	484121	11	47011	Bradley County, Tennessee	no	14.166666666666666	213.33333333333334	9129.0
13677	48	General freight trucking, long-distance, truckload	47	484121	13	47013	Campbell County, Tennessee	no	4.5	19.333333333333332	1852.6666666666667
13678	48	General freight trucking, long-distance, truckload	47	484121	15	47015	Cannon County, Tennessee	yes	3.6666666666666665	93.4204582343332	4071.354013850941
13679	48	General freight trucking, long-distance, truckload	47	484121	17	47017	Carroll County, Tennessee	no	3.0	5.75	93.0
13680	48	General freight trucking, long-distance, truckload	47	484121	17	47017	Carroll County, Tennessee	yes	2.0	48.79994167395742	1785.0511519393408
13681	48	General freight trucking, long-distance, truckload	47	484121	19	47019	Carter County, Tennessee	no	3.5	10.25	245.75
13682	48	General freight trucking, long-distance, truckload	47	484121	19	47019	Carter County, Tennessee	yes	1.5	37.33697871099446	1405.7696704578593
13683	48	General freight trucking, long-distance, truckload	47	484121	21	47021	Cheatham County, Tennessee	no	8.833333333333334	345.6666666666667	14706.666666666666
13684	48	General freight trucking, long-distance, truckload	47	484121	23	47023	Chester County, Tennessee	yes	2.0	50.531216771487586	2162.104167419298
13685	48	General freight trucking, long-distance, truckload	47	484121	25	47025	Claiborne County, Tennessee	no	10.0	288.3333333333333	13786.333333333334
13686	48	General freight trucking, long-distance, truckload	47	484121	25	47025	Claiborne County, Tennessee	yes	8.333333333333334	221.15623527828254	8455.592558382124
13687	48	General freight trucking, long-distance, truckload	47	484121	27	47027	Clay County, Tennessee	yes	1.5	37.05814956941776	1643.1357061986382
13688	48	General freight trucking, long-distance, truckload	47	484121	29	47029	Cocke County, Tennessee	no	5.333333333333333	37.166666666666664	1279.5
13689	48	General freight trucking, long-distance, truckload	47	484121	31	47031	Coffee County, Tennessee	yes	6.666666666666667	165.73665734086987	7294.626416223036
13690	48	General freight trucking, long-distance, truckload	47	484121	33	47033	Crockett County, Tennessee	no	5.4	35.4	1483.4
13691	48	General freight trucking, long-distance, truckload	47	484121	33	47033	Crockett County, Tennessee	yes	4.0	91.70370370370371	3034.251851851852
13692	48	General freight trucking, long-distance, truckload	47	484121	35	47035	Cumberland County, Tennessee	no	11.666666666666666	156.33333333333334	6679.666666666667
13693	48	General freight trucking, long-distance, truckload	47	484121	37	47037	Davidson County, Tennessee	no	78.16666666666667	3047.6666666666665	127499.16666666667
13694	48	General freight trucking, long-distance, truckload	47	484121	39	47039	Decatur County, Tennessee	no	4.0	0.0	170.0
13695	48	General freight trucking, long-distance, truckload	47	484121	39	47039	Decatur County, Tennessee	yes	1.4	34.51264910258248	1534.1314166220034
13696	48	General freight trucking, long-distance, truckload	47	484121	41	47041	DeKalb County, Tennessee	yes	2.6666666666666665	68.31661993156267	2852.1539934693537
13697	48	General freight trucking, long-distance, truckload	47	484121	43	47043	Dickson County, Tennessee	yes	1.3333333333333333	34.054565340027075	1490.3991470588535
13698	48	General freight trucking, long-distance, truckload	47	484121	45	47045	Dyer County, Tennessee	no	3.0	25.5	1363.5
13699	48	General freight trucking, long-distance, truckload	47	484121	45	47045	Dyer County, Tennessee	yes	3.0	82.4465811965812	3130.9838675213678
13700	48	General freight trucking, long-distance, truckload	47	484121	47	47047	Fayette County, Tennessee	no	4.0	5.5	292.0
13701	48	General freight trucking, long-distance, truckload	47	484121	49	47049	Fentress County, Tennessee	no	3.8333333333333335	4.333333333333333	137.66666666666666
13702	48	General freight trucking, long-distance, truckload	47	484121	51	47051	Franklin County, Tennessee	no	6.75	35.25	1389.5
13703	48	General freight trucking, long-distance, truckload	47	484121	51	47051	Franklin County, Tennessee	yes	6.5	159.33683289588802	5868.397550306212
13704	48	General freight trucking, long-distance, truckload	47	484121	53	47053	Gibson County, Tennessee	no	10.833333333333334	112.0	4142.166666666667
13705	48	General freight trucking, long-distance, truckload	47	484121	55	47055	Giles County, Tennessee	no	7.333333333333333	89.66666666666667	3911.6666666666665
13706	48	General freight trucking, long-distance, truckload	47	484121	55	47055	Giles County, Tennessee	yes	7.666666666666667	182.67349048000202	8687.86484154426
13707	48	General freight trucking, long-distance, truckload	47	484121	57	47057	Grainger County, Tennessee	no	3.8333333333333335	9.0	573.5
13708	48	General freight trucking, long-distance, truckload	47	484121	59	47059	Greene County, Tennessee	no	12.5	949.5	42012.166666666664
13709	48	General freight trucking, long-distance, truckload	47	484121	61	47061	Grundy County, Tennessee	yes	1.8333333333333333	45.191473181743994	1940.644231521862
13710	48	General freight trucking, long-distance, truckload	47	484121	63	47063	Hamblen County, Tennessee	no	12.166666666666666	504.0	19024.166666666668
13711	48	General freight trucking, long-distance, truckload	47	484121	65	47065	Hamilton County, Tennessee	no	45.0	5537.0	221168.5
13712	48	General freight trucking, long-distance, truckload	47	484121	67	47067	Hancock County, Tennessee	yes	1.0	22.925925925925927	758.562962962963
13713	48	General freight trucking, long-distance, truckload	47	484121	69	47069	Hardeman County, Tennessee	no	5.0	76.0	3369.1666666666665
13714	48	General freight trucking, long-distance, truckload	47	484121	71	47071	Hardin County, Tennessee	no	3.25	4.25	94.0
13715	48	General freight trucking, long-distance, truckload	47	484121	71	47071	Hardin County, Tennessee	yes	2.5	59.07071960297767	2703.3886476426796
13716	48	General freight trucking, long-distance, truckload	47	484121	73	47073	Hawkins County, Tennessee	yes	4.0	100.61680440782614	4289.057766526611
13717	48	General freight trucking, long-distance, truckload	47	484121	75	47075	Haywood County, Tennessee	no	7.0	24.0	1245.1666666666667
13718	48	General freight trucking, long-distance, truckload	47	484121	77	47077	Henderson County, Tennessee	no	13.333333333333334	236.16666666666666	8354.5
13719	48	General freight trucking, long-distance, truckload	47	484121	79	47079	Henry County, Tennessee	no	7.166666666666667	32.666666666666664	866.5
13720	48	General freight trucking, long-distance, truckload	47	484121	81	47081	Hickman County, Tennessee	no	4.0	33.0	1027.0
13721	48	General freight trucking, long-distance, truckload	47	484121	81	47081	Hickman County, Tennessee	yes	2.4	60.246193980289846	2679.6813244809896
13722	48	General freight trucking, long-distance, truckload	47	484121	83	47083	Houston County, Tennessee	yes	2.0	50.531216771487586	2162.104167419298
13723	48	General freight trucking, long-distance, truckload	47	484121	85	47085	Humphreys County, Tennessee	no	5.0	58.5	1931.0
13724	48	General freight trucking, long-distance, truckload	47	484121	85	47085	Humphreys County, Tennessee	yes	3.25	85.10489686499437	3858.135916585068
13725	48	General freight trucking, long-distance, truckload	47	484121	87	47087	Jackson County, Tennessee	yes	1.3333333333333333	33.60893620487806	1455.2485787468697
13726	48	General freight trucking, long-distance, truckload	47	484121	89	47089	Jefferson County, Tennessee	yes	3.1666666666666665	79.08426843879779	3569.191315252654
13727	48	General freight trucking, long-distance, truckload	47	484121	91	47091	Johnson County, Tennessee	yes	6.5	166.0519290792006	7299.921642512042
13728	48	General freight trucking, long-distance, truckload	47	484121	93	47093	Knox County, Tennessee	no	39.666666666666664	1156.0	54328.166666666664
13729	48	General freight trucking, long-distance, truckload	47	484121	97	47097	Lauderdale County, Tennessee	no	5.2	41.4	2449.0
13730	48	General freight trucking, long-distance, truckload	47	484121	97	47097	Lauderdale County, Tennessee	yes	5.0	90.10752688172043	4582.096774193548
13731	48	General freight trucking, long-distance, truckload	47	484121	99	47099	Lawrence County, Tennessee	no	12.0	415.3333333333333	13903.0
13732	48	General freight trucking, long-distance, truckload	47	484121	103	47103	Lincoln County, Tennessee	no	9.833333333333334	128.16666666666666	7594.166666666667
13733	48	General freight trucking, long-distance, truckload	47	484121	105	47105	Loudon County, Tennessee	no	9.0	565.1666666666666	25003.666666666668
13734	48	General freight trucking, long-distance, truckload	47	484121	107	47107	McMinn County, Tennessee	no	6.5	25.166666666666668	851.6666666666666
13735	48	General freight trucking, long-distance, truckload	47	484121	109	47109	McNairy County, Tennessee	no	6.166666666666667	150.16666666666666	5070.0
13736	48	General freight trucking, long-distance, truckload	47	484121	111	47111	Macon County, Tennessee	no	4.0	29.0	1584.0
13737	48	General freight trucking, long-distance, truckload	47	484121	111	47111	Macon County, Tennessee	yes	2.75	67.36142119435237	2651.0185898069094
13738	48	General freight trucking, long-distance, truckload	47	484121	113	47113	Madison County, Tennessee	no	9.833333333333334	320.5	10872.833333333334
13739	48	General freight trucking, long-distance, truckload	47	484121	115	47115	Marion County, Tennessee	no	5.666666666666667	63.333333333333336	2755.0
13740	48	General freight trucking, long-distance, truckload	47	484121	115	47115	Marion County, Tennessee	yes	4.666666666666667	126.10600010468777	4847.521882547801
13741	48	General freight trucking, long-distance, truckload	47	484121	117	47117	Marshall County, Tennessee	yes	2.8333333333333335	69.96573326380351	2977.0421108959417
13742	48	General freight trucking, long-distance, truckload	47	484121	119	47119	Maury County, Tennessee	no	13.666666666666666	341.1666666666667	18306.333333333332
13743	48	General freight trucking, long-distance, truckload	47	484121	121	47121	Meigs County, Tennessee	no	4.0	22.5	625.5
13744	48	General freight trucking, long-distance, truckload	47	484121	121	47121	Meigs County, Tennessee	yes	1.75	39.388632564041416	1641.1524946653838
13745	48	General freight trucking, long-distance, truckload	47	484121	123	47123	Monroe County, Tennessee	no	5.5	40.75	967.0
13746	48	General freight trucking, long-distance, truckload	47	484121	123	47123	Monroe County, Tennessee	yes	6.0	147.87386993292506	5489.11606882473
13747	48	General freight trucking, long-distance, truckload	47	484121	125	47125	Montgomery County, Tennessee	no	11.75	35.0	1803.25
13748	48	General freight trucking, long-distance, truckload	47	484121	125	47125	Montgomery County, Tennessee	yes	8.5	208.13677456984544	7653.448702245552
13749	48	General freight trucking, long-distance, truckload	47	484121	127	47127	Moore County, Tennessee	yes	1.0	25.311327554279043	1090.5557197332344
13750	48	General freight trucking, long-distance, truckload	47	484121	129	47129	Morgan County, Tennessee	no	3.0	6.5	263.5
13751	48	General freight trucking, long-distance, truckload	47	484121	129	47129	Morgan County, Tennessee	yes	1.75	44.29833776282068	1863.9447187731894
13752	48	General freight trucking, long-distance, truckload	47	484121	131	47131	Obion County, Tennessee	no	6.666666666666667	151.33333333333334	4443.5
13753	48	General freight trucking, long-distance, truckload	47	484121	133	47133	Overton County, Tennessee	no	4.5	7.0	280.8333333333333
13754	48	General freight trucking, long-distance, truckload	47	484121	135	47135	Perry County, Tennessee	no	4.75	5.25	292.25
13755	48	General freight trucking, long-distance, truckload	47	484121	135	47135	Perry County, Tennessee	yes	2.0	52.73374172569969	2456.082380095227
13756	48	General freight trucking, long-distance, truckload	47	484121	137	47137	Pickett County, Tennessee	yes	1.0	18.021505376344088	916.4193548387098
13757	48	General freight trucking, long-distance, truckload	47	484121	139	47139	Polk County, Tennessee	yes	1.0	25.265608385743793	1081.052083709649
13758	48	General freight trucking, long-distance, truckload	47	484121	141	47141	Putnam County, Tennessee	no	11.4	79.0	1847.4
13759	48	General freight trucking, long-distance, truckload	47	484121	141	47141	Putnam County, Tennessee	yes	10.0	229.25925925925924	7585.62962962963
13760	48	General freight trucking, long-distance, truckload	47	484121	143	47143	Rhea County, Tennessee	yes	2.6666666666666665	69.34402756330101	2902.5325645373937
13761	48	General freight trucking, long-distance, truckload	47	484121	145	47145	Roane County, Tennessee	yes	4.333333333333333	108.3783537303711	4648.026258807777
13762	48	General freight trucking, long-distance, truckload	47	484121	147	47147	Robertson County, Tennessee	no	10.0	101.83333333333333	3223.8333333333335
13763	48	General freight trucking, long-distance, truckload	47	484121	149	47149	Rutherford County, Tennessee	no	34.0	1340.3333333333333	50025.666666666664
13764	48	General freight trucking, long-distance, truckload	47	484121	151	47151	Scott County, Tennessee	no	3.0	4.0	116.0
13765	48	General freight trucking, long-distance, truckload	47	484121	151	47151	Scott County, Tennessee	yes	2.75	66.62439873882597	2584.0372833035553
13766	48	General freight trucking, long-distance, truckload	47	484121	153	47153	Sequatchie County, Tennessee	yes	1.0	22.925925925925927	758.562962962963
13767	48	General freight trucking, long-distance, truckload	47	484121	155	47155	Sevier County, Tennessee	no	4.333333333333333	26.0	889.0
13768	48	General freight trucking, long-distance, truckload	47	484121	157	47157	Shelby County, Tennessee	no	122.5	5473.5	248089.83333333334
13769	48	General freight trucking, long-distance, truckload	47	484121	159	47159	Smith County, Tennessee	no	4.333333333333333	57.333333333333336	1766.6666666666667
13770	48	General freight trucking, long-distance, truckload	47	484121	159	47159	Smith County, Tennessee	yes	3.0	70.75524710204378	3372.5017349339373
13771	48	General freight trucking, long-distance, truckload	47	484121	161	47161	Stewart County, Tennessee	yes	1.0	25.265608385743793	1081.052083709649
13772	48	General freight trucking, long-distance, truckload	47	484121	163	47163	Sullivan County, Tennessee	no	18.166666666666668	203.16666666666666	8059.166666666667
13773	48	General freight trucking, long-distance, truckload	47	484121	165	47165	Sumner County, Tennessee	no	22.5	198.5	8088.0
13774	48	General freight trucking, long-distance, truckload	47	484121	167	47167	Tipton County, Tennessee	no	4.666666666666667	22.166666666666668	763.8333333333334
13775	48	General freight trucking, long-distance, truckload	47	484121	169	47169	Trousdale County, Tennessee	yes	1.0	25.874015748031496	1026.4881889763778
13776	48	General freight trucking, long-distance, truckload	47	484121	171	47171	Unicoi County, Tennessee	no	3.5	7.75	440.5
13777	48	General freight trucking, long-distance, truckload	47	484121	171	47171	Unicoi County, Tennessee	yes	2.0	52.73374172569969	2456.082380095227
13778	48	General freight trucking, long-distance, truckload	47	484121	173	47173	Union County, Tennessee	yes	1.0	22.925925925925927	758.562962962963
13779	48	General freight trucking, long-distance, truckload	47	484121	177	47177	Warren County, Tennessee	no	6.166666666666667	40.166666666666664	1667.6666666666667
13780	48	General freight trucking, long-distance, truckload	47	484121	179	47179	Washington County, Tennessee	no	10.333333333333334	44.0	1691.3333333333333
13781	48	General freight trucking, long-distance, truckload	47	484121	181	47181	Wayne County, Tennessee	yes	1.0	25.874015748031496	1026.4881889763778
13782	48	General freight trucking, long-distance, truckload	47	484121	183	47183	Weakley County, Tennessee	no	5.666666666666667	9.333333333333334	310.0
13783	48	General freight trucking, long-distance, truckload	47	484121	183	47183	Weakley County, Tennessee	yes	7.0	184.51331030202422	7064.044172817074
13784	48	General freight trucking, long-distance, truckload	47	484121	185	47185	White County, Tennessee	yes	3.0	76.65994775069693	3226.350488506574
13785	48	General freight trucking, long-distance, truckload	47	484121	187	47187	Williamson County, Tennessee	no	14.0	147.66666666666666	11263.166666666666
13786	48	General freight trucking, long-distance, truckload	47	484121	189	47189	Wilson County, Tennessee	no	26.333333333333332	897.0	35153.333333333336
13787	48	Inland water freight transportation	47	483211	37	47037	Davidson County, Tennessee	yes	4.0	905.6203703703704	63599.43703703702
13788	48	Inland water freight transportation	47	483211	65	47065	Hamilton County, Tennessee	yes	1.0	226.4050925925926	15899.859259259256
13789	48	Inland water freight transportation	47	483211	93	47093	Knox County, Tennessee	yes	1.0	222.41111111111113	15564.63111111111
13790	48	Inland water freight transportation	47	483211	157	47157	Shelby County, Tennessee	yes	3.5	784.9652777777778	55303.51111111111
13791	48	Inland water passenger transportation	47	483212	65	47065	Hamilton County, Tennessee	yes	1.0	17.333333333333332	302.66666666666663
13792	48	Inland water passenger transportation	47	483212	93	47093	Knox County, Tennessee	yes	1.0	17.333333333333332	302.66666666666663
13793	48	Inland water passenger transportation	47	483212	157	47157	Shelby County, Tennessee	yes	1.0	17.333333333333332	302.66666666666663
13794	48	Interurban and rural bus transportation	47	485210	35	47035	Cumberland County, Tennessee	yes	1.0	0.0	0.0
13795	48	Interurban and rural bus transportation	47	485210	37	47037	Davidson County, Tennessee	yes	3.0	0.0	0.0
13796	48	Interurban and rural bus transportation	47	485210	99	47099	Lawrence County, Tennessee	yes	1.0	0.0	0.0
13797	48	Interurban and rural bus transportation	47	485210	157	47157	Shelby County, Tennessee	yes	1.3333333333333333	0.0	0.0
13798	48	Interurban and rural bus transportation	47	485210	163	47163	Sullivan County, Tennessee	yes	1.0	0.0	0.0
13799	48	Limousine service	47	485320	11	47011	Bradley County, Tennessee	yes	1.0	4.1000000000000005	55.6
13800	48	Limousine service	47	485320	37	47037	Davidson County, Tennessee	no	10.8	87.6	2783.6
13801	48	Limousine service	47	485320	37	47037	Davidson County, Tennessee	yes	10.0	55.0	899.4444444444445
13802	48	Limousine service	47	485320	65	47065	Hamilton County, Tennessee	yes	1.0	6.876071428571429	113.4028835978836
13803	48	Limousine service	47	485320	79	47079	Henry County, Tennessee	yes	1.0	6.876071428571429	113.4028835978836
13804	48	Limousine service	47	485320	93	47093	Knox County, Tennessee	yes	1.0	3.7	70.5
13805	48	Limousine service	47	485320	113	47113	Madison County, Tennessee	yes	1.0	6.876071428571429	113.4028835978836
13806	48	Limousine service	47	485320	131	47131	Obion County, Tennessee	yes	1.0	8.5625	93.84722222222223
13807	48	Limousine service	47	485320	149	47149	Rutherford County, Tennessee	yes	1.3333333333333333	5.800000000000001	90.54814814814814
13808	48	Limousine service	47	485320	157	47157	Shelby County, Tennessee	no	5.5	107.5	2755.0
13809	48	Limousine service	47	485320	163	47163	Sullivan County, Tennessee	yes	1.0	6.876071428571429	113.4028835978836
13810	48	Limousine service	47	485320	165	47165	Sumner County, Tennessee	yes	2.0	13.452142857142858	223.56502645502644
13811	48	Limousine service	47	485320	189	47189	Wilson County, Tennessee	yes	1.0	6.876071428571429	113.4028835978836
13812	48	Marine cargo handling	47	488320	11	47011	Bradley County, Tennessee	yes	1.0	1.3809523809523807	91.13095238095237
13813	48	Marine cargo handling	47	488320	37	47037	Davidson County, Tennessee	yes	1.3333333333333333	2.7619047619047614	256.4285714285714
13814	48	Marine cargo handling	47	488320	65	47065	Hamilton County, Tennessee	yes	1.1666666666666667	2.7619047619047614	145.17857142857142
13815	48	Marine cargo handling	47	488320	85	47085	Humphreys County, Tennessee	yes	1.0	8.285714285714285	324.2857142857143
13816	48	Marine cargo handling	47	488320	157	47157	Shelby County, Tennessee	yes	1.5	8.285714285714285	324.2857142857143
13817	48	Mixed mode transit systems	47	485111	9	47009	Blount County, Tennessee	yes	1.0	0.0	0.0
13818	48	Mixed mode transit systems	47	485111	157	47157	Shelby County, Tennessee	yes	1.0	0.0	0.0
13819	48	Mixed mode transit systems	47	485111	181	47181	Wayne County, Tennessee	yes	1.0	0.0	0.0
13820	48	Motor vehicle towing	47	488410	1	47001	Anderson County, Tennessee	no	4.0	22.5	653.1666666666666
13821	48	Motor vehicle towing	47	488410	3	47003	Bedford County, Tennessee	no	4.333333333333333	6.0	162.33333333333334
13822	48	Motor vehicle towing	47	488410	3	47003	Bedford County, Tennessee	yes	1.6666666666666667	8.435935506037106	205.1208689179019
13823	48	Motor vehicle towing	47	488410	5	47005	Benton County, Tennessee	yes	1.3333333333333333	6.148661907987646	165.68527591894684
13824	48	Motor vehicle towing	47	488410	9	47009	Blount County, Tennessee	no	5.5	17.5	505.0
13825	48	Motor vehicle towing	47	488410	11	47011	Bradley County, Tennessee	yes	1.8333333333333333	8.548888309938185	217.81218291999176
13826	48	Motor vehicle towing	47	488410	15	47015	Cannon County, Tennessee	yes	1.0	4.743194154969093	118.06234145999588
13827	48	Motor vehicle towing	47	488410	19	47019	Carter County, Tennessee	yes	1.0	4.566832985962911	119.69980975199505
13828	48	Motor vehicle towing	47	488410	21	47021	Cheatham County, Tennessee	no	3.0	26.0	189.0
13829	48	Motor vehicle towing	47	488410	21	47021	Cheatham County, Tennessee	yes	2.0	10.042376350644208	233.15484109995742
13830	48	Motor vehicle towing	47	488410	23	47023	Chester County, Tennessee	yes	1.0	4.743194154969093	118.06234145999588
13831	48	Motor vehicle towing	47	488410	25	47025	Claiborne County, Tennessee	yes	1.0	4.743194154969093	118.06234145999588
13832	48	Motor vehicle towing	47	488410	29	47029	Cocke County, Tennessee	no	3.0	0.0	180.0
13833	48	Motor vehicle towing	47	488410	29	47029	Cocke County, Tennessee	yes	1.4	6.648076455137415	160.4902486234684
13834	48	Motor vehicle towing	47	488410	31	47031	Coffee County, Tennessee	no	3.0	3.0	39.0
13835	48	Motor vehicle towing	47	488410	31	47031	Coffee County, Tennessee	yes	2.0	9.754575062834913	237.29143768580835
13836	48	Motor vehicle towing	47	488410	35	47035	Cumberland County, Tennessee	yes	2.5	11.998230873504887	284.21219598164276
13837	48	Motor vehicle towing	47	488410	37	47037	Davidson County, Tennessee	no	17.666666666666668	209.83333333333334	8309.333333333334
13838	48	Motor vehicle towing	47	488410	39	47039	Decatur County, Tennessee	yes	1.0	5.317877046325322	102.49699582027169
13839	48	Motor vehicle towing	47	488410	43	47043	Dickson County, Tennessee	yes	1.3333333333333333	6.471098195373133	151.52635661151103
13840	48	Motor vehicle towing	47	488410	47	47047	Fayette County, Tennessee	yes	1.8333333333333333	8.548888309938185	217.81218291999176
13841	48	Motor vehicle towing	47	488410	51	47051	Franklin County, Tennessee	no	3.0	5.0	111.0
13842	48	Motor vehicle towing	47	488410	51	47051	Franklin County, Tennessee	yes	2.0	9.754575062834913	237.29143768580835
13843	48	Motor vehicle towing	47	488410	53	47053	Gibson County, Tennessee	yes	1.5	6.827449786775524	184.87618500985593
13844	48	Motor vehicle towing	47	488410	55	47055	Giles County, Tennessee	yes	1.0	4.743194154969093	118.06234145999588
13845	48	Motor vehicle towing	47	488410	57	47057	Grainger County, Tennessee	yes	1.0	4.407575757575757	103.02727272727273
13846	48	Motor vehicle towing	47	488410	59	47059	Greene County, Tennessee	no	4.0	15.2	429.0
13847	48	Motor vehicle towing	47	488410	59	47059	Greene County, Tennessee	yes	3.0	14.227272727272728	272.72727272727275
13848	48	Motor vehicle towing	47	488410	63	47063	Hamblen County, Tennessee	yes	2.5	11.68226010336078	298.89913253045785
13849	48	Motor vehicle towing	47	488410	65	47065	Hamilton County, Tennessee	no	6.5	26.333333333333332	1420.3333333333333
13850	48	Motor vehicle towing	47	488410	73	47073	Hawkins County, Tennessee	yes	1.0	5.164315569487983	98.80799373040753
13851	48	Motor vehicle towing	47	488410	81	47081	Hickman County, Tennessee	yes	1.0	5.586206896551724	106.70689655172414
13852	48	Motor vehicle towing	47	488410	85	47085	Humphreys County, Tennessee	yes	1.0	4.407575757575757	103.02727272727273
13853	48	Motor vehicle towing	47	488410	89	47089	Jefferson County, Tennessee	yes	1.0	4.168511263612864	133.62768709972008
13854	48	Motor vehicle towing	47	488410	93	47093	Knox County, Tennessee	no	6.2	9.2	852.6
13855	48	Motor vehicle towing	47	488410	93	47093	Knox County, Tennessee	yes	5.0	20.363636363636363	575.7272727272727
13856	48	Motor vehicle towing	47	488410	97	47097	Lauderdale County, Tennessee	yes	1.0	5.625	109.875
13857	48	Motor vehicle towing	47	488410	103	47103	Lincoln County, Tennessee	yes	1.0	4.743194154969093	118.06234145999588
13858	48	Motor vehicle towing	47	488410	105	47105	Loudon County, Tennessee	yes	1.25	6.086911138409752	147.51512269156123
13859	48	Motor vehicle towing	47	488410	107	47107	McMinn County, Tennessee	yes	1.0	5.625	109.875
13860	48	Motor vehicle towing	47	488410	109	47109	McNairy County, Tennessee	yes	1.0	5.00658960292581	105.6591105015674
13861	48	Motor vehicle towing	47	488410	111	47111	Macon County, Tennessee	yes	1.0	4.216403259055659	142.86880337685287
13862	48	Motor vehicle towing	47	488410	113	47113	Madison County, Tennessee	no	3.8333333333333335	24.666666666666668	957.0
13863	48	Motor vehicle towing	47	488410	115	47115	Marion County, Tennessee	yes	1.0	4.743194154969093	118.06234145999588
13864	48	Motor vehicle towing	47	488410	119	47119	Maury County, Tennessee	yes	1.0	4.743194154969093	118.06234145999588
13865	48	Motor vehicle towing	47	488410	123	47123	Monroe County, Tennessee	yes	1.0	4.216403259055659	142.86880337685287
13866	48	Motor vehicle towing	47	488410	125	47125	Montgomery County, Tennessee	no	5.333333333333333	13.0	558.6666666666666
13867	48	Motor vehicle towing	47	488410	125	47125	Montgomery County, Tennessee	yes	3.0	12.50553379083859	400.88306129916026
13868	48	Motor vehicle towing	47	488410	127	47127	Moore County, Tennessee	yes	1.0	5.605603448275862	108.29094827586206
13869	48	Motor vehicle towing	47	488410	131	47131	Obion County, Tennessee	yes	1.6666666666666667	7.617853827179566	200.02770016137106
13870	48	Motor vehicle towing	47	488410	139	47139	Polk County, Tennessee	yes	1.0	4.743194154969093	118.06234145999588
13871	48	Motor vehicle towing	47	488410	141	47141	Putnam County, Tennessee	yes	1.0	4.685935506037106	131.8708689179019
13872	48	Motor vehicle towing	47	488410	143	47143	Rhea County, Tennessee	yes	1.0	4.743194154969093	118.06234145999588
13873	48	Motor vehicle towing	47	488410	145	47145	Roane County, Tennessee	yes	1.5	6.827449786775524	184.87618500985593
13874	48	Motor vehicle towing	47	488410	147	47147	Robertson County, Tennessee	no	3.0	12.0	127.0
13875	48	Motor vehicle towing	47	488410	147	47147	Robertson County, Tennessee	yes	1.6666666666666667	7.202679092882293	220.79476813883412
13876	48	Motor vehicle towing	47	488410	149	47149	Rutherford County, Tennessee	no	11.166666666666666	32.0	1100.0
13877	48	Motor vehicle towing	47	488410	151	47151	Scott County, Tennessee	yes	1.0	4.743194154969093	118.06234145999588
13878	48	Motor vehicle towing	47	488410	155	47155	Sevier County, Tennessee	no	6.0	33.0	886.5
13879	48	Motor vehicle towing	47	488410	157	47157	Shelby County, Tennessee	no	27.833333333333332	147.83333333333334	4831.0
13880	48	Motor vehicle towing	47	488410	159	47159	Smith County, Tennessee	yes	1.0	5.317877046325322	102.49699582027169
13881	48	Motor vehicle towing	47	488410	163	47163	Sullivan County, Tennessee	yes	2.5	11.68226010336078	298.89913253045785
13882	48	Motor vehicle towing	47	488410	165	47165	Sumner County, Tennessee	yes	3.0	14.951361315859467	341.78266358874833
13883	48	Motor vehicle towing	47	488410	167	47167	Tipton County, Tennessee	yes	2.0	9.486388309938185	236.12468291999176
13884	48	Motor vehicle towing	47	488410	171	47171	Unicoi County, Tennessee	yes	1.0	4.743194154969093	118.06234145999588
13885	48	Motor vehicle towing	47	488410	173	47173	Union County, Tennessee	yes	1.0	4.743194154969093	118.06234145999588
13886	48	Motor vehicle towing	47	488410	177	47177	Warren County, Tennessee	yes	1.3333333333333333	6.148661907987646	165.68527591894684
13887	48	Motor vehicle towing	47	488410	179	47179	Washington County, Tennessee	yes	2.3333333333333335	10.639609458985996	285.15404371123117
13888	48	Motor vehicle towing	47	488410	185	47185	White County, Tennessee	yes	1.0	4.743194154969093	118.06234145999588
13889	48	Motor vehicle towing	47	488410	187	47187	Williamson County, Tennessee	no	7.5	21.0	611.25
13890	48	Motor vehicle towing	47	488410	187	47187	Williamson County, Tennessee	yes	5.5	28.19278996865204	539.4945141065831
13891	48	Motor vehicle towing	47	488410	189	47189	Wilson County, Tennessee	no	6.333333333333333	15.333333333333334	446.8333333333333
13892	48	Navigational services to shipping	47	488330	13	47013	Campbell County, Tennessee	yes	1.0	0.0	0.0
13893	48	Navigational services to shipping	47	488330	115	47115	Marion County, Tennessee	yes	1.0	0.0	0.0
13894	48	Navigational services to shipping	47	488330	157	47157	Shelby County, Tennessee	yes	2.8333333333333335	0.0	0.0
13895	48	Nonscheduled chartered freight air transportation	47	481212	37	47037	Davidson County, Tennessee	yes	1.0	0.0	15.75
13896	48	Nonscheduled chartered freight air transportation	47	481212	63	47063	Hamblen County, Tennessee	yes	1.0	0.0	0.0
13897	48	Nonscheduled chartered freight air transportation	47	481212	117	47117	Marshall County, Tennessee	yes	1.0	0.0	11.8125
13898	48	Nonscheduled chartered freight air transportation	47	481212	157	47157	Shelby County, Tennessee	yes	1.6666666666666667	0.0	15.75
13899	48	Nonscheduled chartered passenger air transportation	47	481211	9	47009	Blount County, Tennessee	no	4.0	10.0	534.6666666666666
13900	48	Nonscheduled chartered passenger air transportation	47	481211	9	47009	Blount County, Tennessee	yes	2.0	17.0672268907563	1422.453781512605
13901	48	Nonscheduled chartered passenger air transportation	47	481211	11	47011	Bradley County, Tennessee	yes	1.0	19.18846153846154	1263.9865384615384
13902	48	Nonscheduled chartered passenger air transportation	47	481211	37	47037	Davidson County, Tennessee	yes	3.3333333333333335	38.5690637793579	2947.9826869209223
13903	48	Nonscheduled chartered passenger air transportation	47	481211	59	47059	Greene County, Tennessee	yes	1.0	13.760182791065143	919.7617359764419
13904	48	Nonscheduled chartered passenger air transportation	47	481211	63	47063	Hamblen County, Tennessee	yes	1.0	13.760182791065143	919.7617359764419
13905	48	Nonscheduled chartered passenger air transportation	47	481211	65	47065	Hamilton County, Tennessee	yes	1.6666666666666667	24.729749335631684	1602.1243122890182
13906	48	Nonscheduled chartered passenger air transportation	47	481211	93	47093	Knox County, Tennessee	yes	1.3333333333333333	20.15633663721899	1341.0905821302879
13907	48	Nonscheduled chartered passenger air transportation	47	481211	113	47113	Madison County, Tennessee	yes	1.5	18.026989513754216	1275.3751813545932
13908	48	Nonscheduled chartered passenger air transportation	47	481211	149	47149	Rutherford County, Tennessee	yes	1.0	13.760182791065143	919.7617359764419
13909	48	Nonscheduled chartered passenger air transportation	47	481211	157	47157	Shelby County, Tennessee	no	3.3333333333333335	38.166666666666664	3412.3333333333335
13910	48	Nonscheduled chartered passenger air transportation	47	481211	163	47163	Sullivan County, Tennessee	yes	1.0	13.760182791065143	919.7617359764419
13911	48	Nonscheduled chartered passenger air transportation	47	481211	179	47179	Washington County, Tennessee	yes	1.0	11.046043417366946	747.6493347338935
13912	48	Other airport operations	47	488119	9	47009	Blount County, Tennessee	no	3.0	53.5	859.5
13913	48	Other airport operations	47	488119	9	47009	Blount County, Tennessee	yes	2.5	57.45308857808858	1746.339160839161
13914	48	Other airport operations	47	488119	19	47019	Carter County, Tennessee	yes	1.0	16.299048174048174	474.8916083916085
13915	48	Other airport operations	47	488119	31	47031	Coffee County, Tennessee	yes	1.0	16.299048174048174	474.8916083916085
13916	48	Other airport operations	47	488119	37	47037	Davidson County, Tennessee	no	7.166666666666667	216.66666666666666	5022.833333333333
13917	48	Other airport operations	47	488119	43	47043	Dickson County, Tennessee	yes	1.0	8.0	193.33333333333331
13918	48	Other airport operations	47	488119	59	47059	Greene County, Tennessee	yes	1.0	16.299048174048174	474.8916083916085
13919	48	Other airport operations	47	488119	63	47063	Hamblen County, Tennessee	yes	1.0	16.299048174048174	474.8916083916085
13920	48	Other airport operations	47	488119	65	47065	Hamilton County, Tennessee	yes	1.0	7.384615384615384	183.7863247863248
13921	48	Other airport operations	47	488119	103	47103	Lincoln County, Tennessee	yes	1.0	16.299048174048174	474.8916083916085
13922	48	Other airport operations	47	488119	107	47107	McMinn County, Tennessee	yes	1.0	16.299048174048174	474.8916083916085
13923	48	Other airport operations	47	488119	111	47111	Macon County, Tennessee	yes	1.0	17.80885780885781	530.7865967365967
13924	48	Other airport operations	47	488119	125	47125	Montgomery County, Tennessee	yes	1.0	6.153846153846154	164.6923076923077
13925	48	Other airport operations	47	488119	133	47133	Overton County, Tennessee	yes	1.0	8.0	193.33333333333331
13926	48	Other airport operations	47	488119	147	47147	Robertson County, Tennessee	yes	1.0	25.213480963480965	765.996891996892
13927	48	Other airport operations	47	488119	149	47149	Rutherford County, Tennessee	yes	1.0	16.299048174048174	474.8916083916085
13928	48	Other airport operations	47	488119	157	47157	Shelby County, Tennessee	no	12.5	864.8333333333334	19235.5
13929	48	Other airport operations	47	488119	165	47165	Sumner County, Tennessee	yes	1.0	16.299048174048174	474.8916083916085
13930	48	Other airport operations	47	488119	189	47189	Wilson County, Tennessee	yes	1.0	8.75	195.41666666666666
13931	48	Other nonscheduled air transportation	47	481219	9	47009	Blount County, Tennessee	yes	1.0	0.0	114.66666666666666
13932	48	Other nonscheduled air transportation	47	481219	37	47037	Davidson County, Tennessee	yes	1.8333333333333333	4.933333333333334	339.71111111111117
13933	48	Other nonscheduled air transportation	47	481219	119	47119	Maury County, Tennessee	yes	1.0	0.0	114.66666666666666
13934	48	Other nonscheduled air transportation	47	481219	131	47131	Obion County, Tennessee	yes	1.0	2.466666666666667	179.41111111111113
13935	48	Other nonscheduled air transportation	47	481219	157	47157	Shelby County, Tennessee	yes	2.0	4.933333333333334	358.82222222222225
13936	48	Other support activities for air transportation	47	488190	3	47003	Bedford County, Tennessee	yes	1.3333333333333333	24.915418302753384	1439.0918632350492
13937	48	Other support activities for air transportation	47	488190	9	47009	Blount County, Tennessee	yes	3.1666666666666665	58.41192951143477	3307.450034149592
13938	48	Other support activities for air transportation	47	488190	11	47011	Bradley County, Tennessee	yes	1.0	16.54710644677661	974.0181709145427
13939	48	Other support activities for air transportation	47	488190	13	47013	Campbell County, Tennessee	yes	1.0	18.32018020751529	1046.7101965683826
13940	48	Other support activities for air transportation	47	488190	19	47019	Carter County, Tennessee	yes	1.5	25.802442528735632	1361.8893678160919
13941	48	Other support activities for air transportation	47	488190	21	47021	Cheatham County, Tennessee	yes	1.0	18.32018020751529	1046.7101965683826
13942	48	Other support activities for air transportation	47	488190	31	47031	Coffee County, Tennessee	yes	1.0	18.32018020751529	1046.7101965683826
13943	48	Other support activities for air transportation	47	488190	35	47035	Cumberland County, Tennessee	yes	1.0	19.785714285714285	1177.145
13944	48	Other support activities for air transportation	47	488190	37	47037	Davidson County, Tennessee	no	8.833333333333334	581.8333333333334	32365.333333333332
13945	48	Other support activities for air transportation	47	488190	43	47043	Dickson County, Tennessee	yes	1.6666666666666667	30.614258882463528	1782.7791096118606
13946	48	Other support activities for air transportation	47	488190	65	47065	Hamilton County, Tennessee	no	4.0	15.0	869.0
13947	48	Other support activities for air transportation	47	488190	65	47065	Hamilton County, Tennessee	yes	2.0	35.174826336831586	1962.9855897051473
13948	48	Other support activities for air transportation	47	488190	71	47071	Hardin County, Tennessee	yes	1.0	18.283809523809524	1126.4566666666667
13949	48	Other support activities for air transportation	47	488190	89	47089	Jefferson County, Tennessee	yes	1.0	15.448275862068964	859.9310344827586
13950	48	Other support activities for air transportation	47	488190	93	47093	Knox County, Tennessee	yes	1.0	18.283809523809524	1126.4566666666667
13951	48	Other support activities for air transportation	47	488190	125	47125	Montgomery County, Tennessee	yes	1.5	27.498455653125813	1530.1920598034314
13952	48	Other support activities for air transportation	47	488190	131	47131	Obion County, Tennessee	yes	1.0	18.32018020751529	1046.7101965683826
13953	48	Other support activities for air transportation	47	488190	147	47147	Robertson County, Tennessee	yes	1.0	15.448275862068964	859.9310344827586
13954	48	Other support activities for air transportation	47	488190	149	47149	Rutherford County, Tennessee	no	6.333333333333333	39.333333333333336	1757.1666666666667
13955	48	Other support activities for air transportation	47	488190	151	47151	Scott County, Tennessee	yes	2.0	36.64036041503058	2093.420393136765
13956	48	Other support activities for air transportation	47	488190	155	47155	Sevier County, Tennessee	yes	1.1666666666666667	20.89489285119345	1190.032035648842
13957	48	Other support activities for air transportation	47	488190	157	47157	Shelby County, Tennessee	no	13.5	271.8333333333333	13276.0
13958	48	Other support activities for air transportation	47	488190	163	47163	Sullivan County, Tennessee	yes	1.0	18.32018020751529	1046.7101965683826
13959	48	Other support activities for air transportation	47	488190	165	47165	Sumner County, Tennessee	yes	1.0	15.448275862068964	859.9310344827586
13960	48	Other support activities for air transportation	47	488190	177	47177	Warren County, Tennessee	yes	1.0	18.32018020751529	1046.7101965683826
13961	48	Other support activities for air transportation	47	488190	187	47187	Williamson County, Tennessee	yes	2.1666666666666665	40.083424597225196	2312.961480093287
13962	48	Other support activities for air transportation	47	488190	189	47189	Wilson County, Tennessee	yes	2.0	36.64036041503058	2093.420393136765
13963	48	Other support activities for road transportation	47	488490	9	47009	Blount County, Tennessee	no	3.0	36.25	645.25
13964	48	Other support activities for road transportation	47	488490	9	47009	Blount County, Tennessee	yes	3.0	112.82142857142857	2872.2214285714285
13965	48	Other support activities for road transportation	47	488490	11	47011	Bradley County, Tennessee	yes	1.0	67.89533349571713	1082.6367535419965
13966	48	Other support activities for road transportation	47	488490	25	47025	Claiborne County, Tennessee	yes	1.0	82.57633357690902	1133.9027493606138
13967	48	Other support activities for road transportation	47	488490	37	47037	Davidson County, Tennessee	no	6.0	77.0	2155.0
13968	48	Other support activities for road transportation	47	488490	37	47037	Davidson County, Tennessee	yes	5.4	307.235406162465	5742.513725490196
13969	48	Other support activities for road transportation	47	488490	63	47063	Hamblen County, Tennessee	yes	1.0	67.89533349571713	1082.6367535419965
13970	48	Other support activities for road transportation	47	488490	65	47065	Hamilton County, Tennessee	no	5.333333333333333	35.666666666666664	689.0
13971	48	Other support activities for road transportation	47	488490	65	47065	Hamilton County, Tennessee	yes	3.6666666666666665	202.0592132505176	3529.250517598344
13972	48	Other support activities for road transportation	47	488490	69	47069	Hardeman County, Tennessee	yes	1.0	35.95238095238095	958.0952380952381
13973	48	Other support activities for road transportation	47	488490	85	47085	Humphreys County, Tennessee	yes	1.0	67.89533349571713	1082.6367535419965
13974	48	Other support activities for road transportation	47	488490	89	47089	Jefferson County, Tennessee	yes	1.3333333333333333	80.43104778143142	1401.772467827711
13975	48	Other support activities for road transportation	47	488490	93	47093	Knox County, Tennessee	no	4.25	8.0	1040.75
13976	48	Other support activities for road transportation	47	488490	93	47093	Knox County, Tennessee	yes	3.5	224.36739130434782	3334.354347826087
13977	48	Other support activities for road transportation	47	488490	99	47099	Lawrence County, Tennessee	yes	1.0	67.89533349571713	1082.6367535419965
13978	48	Other support activities for road transportation	47	488490	105	47105	Loudon County, Tennessee	yes	1.0	38.53333333333333	980.1047619047619
13979	48	Other support activities for road transportation	47	488490	113	47113	Madison County, Tennessee	yes	1.0	73.25154305200341	1098.7412471075386
13980	48	Other support activities for road transportation	47	488490	119	47119	Maury County, Tennessee	yes	1.5	86.4231112734949	1561.4550075102504
13981	48	Other support activities for road transportation	47	488490	123	47123	Monroe County, Tennessee	yes	1.0	67.89533349571713	1082.6367535419965
13982	48	Other support activities for road transportation	47	488490	141	47141	Putnam County, Tennessee	yes	1.0	35.95238095238095	958.0952380952381
13983	48	Other support activities for road transportation	47	488490	147	47147	Robertson County, Tennessee	yes	1.0	35.95238095238095	958.0952380952381
13984	48	Other support activities for road transportation	47	488490	149	47149	Rutherford County, Tennessee	yes	1.0	73.25154305200341	1098.7412471075386
13985	48	Other support activities for road transportation	47	488490	157	47157	Shelby County, Tennessee	no	6.666666666666667	582.3333333333334	16444.666666666668
13986	48	Other support activities for road transportation	47	488490	157	47157	Shelby County, Tennessee	yes	11.0	405.4047619047619	10534.919047619049
13987	48	Other support activities for road transportation	47	488490	165	47165	Sumner County, Tennessee	yes	1.5	94.86583039012704	1565.5478301465516
13988	48	Other support activities for road transportation	47	488490	167	47167	Tipton County, Tennessee	yes	1.0	67.89533349571713	1082.6367535419965
13989	48	Other support activities for road transportation	47	488490	183	47183	Weakley County, Tennessee	yes	1.0	86.6086956521739	982.6521739130435
13990	48	Other support activities for road transportation	47	488490	187	47187	Williamson County, Tennessee	yes	1.0	41.114285714285714	1002.1142857142856
13991	48	Other support activities for road transportation	47	488490	189	47189	Wilson County, Tennessee	yes	1.4	89.03535257581294	1499.8621994884911
13992	48	Other support activities for water transportation	47	488390	35	47035	Cumberland County, Tennessee	yes	1.0	1.4583333333333333	47.75
13993	48	Other support activities for water transportation	47	488390	65	47065	Hamilton County, Tennessee	yes	1.0	0.9722222222222222	31.833333333333332
13994	48	Other support activities for water transportation	47	488390	119	47119	Maury County, Tennessee	yes	1.0	1.4583333333333333	47.75
13995	48	Other support activities for water transportation	47	488390	157	47157	Shelby County, Tennessee	yes	1.6666666666666667	1.4444444444444444	42.25
13996	48	Other support activities for water transportation	47	488390	187	47187	Williamson County, Tennessee	yes	1.0	0.7083333333333333	15.625
13997	48	Other urban transit systems	47	485119	37	47037	Davidson County, Tennessee	yes	1.0	0.0	0.0
13998	48	Other urban transit systems	47	485119	151	47151	Scott County, Tennessee	yes	1.0	0.0	0.0
13999	48	Other urban transit systems	47	485119	157	47157	Shelby County, Tennessee	yes	1.0	0.0	0.0
14000	48	Packing and crating	47	488991	9	47009	Blount County, Tennessee	yes	2.0	35.947018186491874	960.8544180965235
14001	48	Packing and crating	47	488991	11	47011	Bradley County, Tennessee	yes	1.0	13.332287449392714	345.11700404858306
14002	48	Packing and crating	47	488991	35	47035	Cumberland County, Tennessee	yes	2.0	23.757894736842108	633.2350877192983
14003	48	Packing and crating	47	488991	37	47037	Davidson County, Tennessee	no	3.0	0.0	366.0
14004	48	Packing and crating	47	488991	37	47037	Davidson County, Tennessee	yes	2.0	26.48986504723347	676.6574628879891
14005	48	Packing and crating	47	488991	55	47055	Giles County, Tennessee	yes	1.0	17.973509093245937	480.4272090482618
14006	48	Packing and crating	47	488991	65	47065	Hamilton County, Tennessee	yes	1.0	13.332287449392714	345.11700404858306
14007	48	Packing and crating	47	488991	93	47093	Knox County, Tennessee	yes	1.0	13.805043859649123	339.00482456140355
14008	48	Packing and crating	47	488991	97	47097	Lauderdale County, Tennessee	yes	1.0	17.973509093245937	480.4272090482618
14009	48	Packing and crating	47	488991	117	47117	Marshall County, Tennessee	yes	1.0	11.950000000000001	323.40000000000003
14010	48	Packing and crating	47	488991	155	47155	Sevier County, Tennessee	yes	2.0	23.900000000000002	646.8000000000001
14011	48	Packing and crating	47	488991	157	47157	Shelby County, Tennessee	yes	2.8333333333333335	59.552858106805466	1641.4999228841334
14012	48	Packing and crating	47	488991	165	47165	Sumner County, Tennessee	yes	1.0	34.92857142857142	1095.9285714285713
14013	48	Packing and crating	47	488991	177	47177	Warren County, Tennessee	yes	1.0	17.973509093245937	480.4272090482618
14014	48	Packing and crating	47	488991	183	47183	Weakley County, Tennessee	yes	1.0	17.641353383458647	511.4453007518797
14015	48	Packing and crating	47	488991	189	47189	Wilson County, Tennessee	yes	2.0	35.947018186491874	960.8544180965235
14016	48	Pipeline transportation of crude oil	47	486110	37	47037	Davidson County, Tennessee	yes	1.0	0.0	0.0
14017	48	Pipeline transportation of crude oil	47	486110	45	47045	Dyer County, Tennessee	yes	1.0	0.0	0.0
14018	48	Pipeline transportation of crude oil	47	486110	157	47157	Shelby County, Tennessee	yes	1.0	0.0	0.0
14019	48	Pipeline transportation of crude oil	47	486110	163	47163	Sullivan County, Tennessee	yes	1.0	0.0	0.0
14020	48	Pipeline transportation of crude oil	47	486110	187	47187	Williamson County, Tennessee	yes	1.5	0.0	0.0
14021	48	Pipeline transportation of natural gas	47	486210	9	47009	Blount County, Tennessee	yes	1.0	3.230612244897959	255.81437583580438
14022	48	Pipeline transportation of natural gas	47	486210	21	47021	Cheatham County, Tennessee	yes	1.1666666666666667	3.230612244897959	225.10326472469328
14023	48	Pipeline transportation of natural gas	47	486210	37	47037	Davidson County, Tennessee	yes	2.1666666666666665	6.2503401360544215	476.6865748008604
14024	48	Pipeline transportation of natural gas	47	486210	45	47045	Dyer County, Tennessee	yes	1.0	3.230612244897959	255.81437583580438
14025	48	Pipeline transportation of natural gas	47	486210	49	47049	Fentress County, Tennessee	yes	1.0	3.230612244897959	255.81437583580438
14026	48	Pipeline transportation of natural gas	47	486210	51	47051	Franklin County, Tennessee	yes	1.0	3.230612244897959	255.81437583580438
14027	48	Pipeline transportation of natural gas	47	486210	55	47055	Giles County, Tennessee	yes	1.0	3.230612244897959	255.81437583580438
14028	48	Pipeline transportation of natural gas	47	486210	59	47059	Greene County, Tennessee	yes	1.0	3.230612244897959	255.81437583580438
14029	48	Pipeline transportation of natural gas	47	486210	65	47065	Hamilton County, Tennessee	yes	3.1666666666666665	9.691836734693878	736.7320163963021
14030	48	Pipeline transportation of natural gas	47	486210	69	47069	Hardeman County, Tennessee	yes	1.6666666666666667	3.0197278911564625	136.44356648642358
14031	48	Pipeline transportation of natural gas	47	486210	75	47075	Haywood County, Tennessee	yes	1.0	3.230612244897959	255.81437583580438
14032	48	Pipeline transportation of natural gas	47	486210	79	47079	Henry County, Tennessee	yes	1.0	3.230612244897959	255.81437583580438
14033	48	Pipeline transportation of natural gas	47	486210	81	47081	Hickman County, Tennessee	yes	1.6666666666666667	3.0197278911564625	136.44356648642358
14034	48	Pipeline transportation of natural gas	47	486210	87	47087	Jackson County, Tennessee	yes	1.0	3.230612244897959	255.81437583580438
14035	48	Pipeline transportation of natural gas	47	486210	89	47089	Jefferson County, Tennessee	yes	1.0	-0.42176870748299317	-177.3193964765393
14036	48	Pipeline transportation of natural gas	47	486210	93	47093	Knox County, Tennessee	no	7.0	0.0	2067.0
14037	48	Pipeline transportation of natural gas	47	486210	93	47093	Knox County, Tennessee	yes	5.8	24.77877551020408	2121.054871794872
14038	48	Pipeline transportation of natural gas	47	486210	111	47111	Macon County, Tennessee	yes	1.0	3.230612244897959	255.81437583580438
14039	48	Pipeline transportation of natural gas	47	486210	115	47115	Marion County, Tennessee	yes	1.0	3.230612244897959	255.81437583580438
14040	48	Pipeline transportation of natural gas	47	486210	117	47117	Marshall County, Tennessee	yes	1.0	3.230612244897959	255.81437583580438
14041	48	Pipeline transportation of natural gas	47	486210	119	47119	Maury County, Tennessee	yes	1.0	3.230612244897959	255.81437583580438
14042	48	Pipeline transportation of natural gas	47	486210	123	47123	Monroe County, Tennessee	yes	1.0	3.230612244897959	255.81437583580438
14043	48	Pipeline transportation of natural gas	47	486210	129	47129	Morgan County, Tennessee	yes	1.0	3.230612244897959	255.81437583580438
14044	48	Pipeline transportation of natural gas	47	486210	131	47131	Obion County, Tennessee	yes	1.0	3.230612244897959	255.81437583580438
14045	48	Pipeline transportation of natural gas	47	486210	135	47135	Perry County, Tennessee	yes	2.6666666666666665	6.2503401360544215	392.25794232222796
14046	48	Pipeline transportation of natural gas	47	486210	139	47139	Polk County, Tennessee	yes	1.1666666666666667	3.230612244897959	225.10326472469328
14047	48	Pipeline transportation of natural gas	47	486210	141	47141	Putnam County, Tennessee	yes	1.0	3.230612244897959	255.81437583580438
14048	48	Pipeline transportation of natural gas	47	486210	147	47147	Robertson County, Tennessee	yes	1.0	3.230612244897959	255.81437583580438
14049	48	Pipeline transportation of natural gas	47	486210	149	47149	Rutherford County, Tennessee	yes	1.5	2.808843537414966	162.9236118378975
14050	48	Pipeline transportation of natural gas	47	486210	155	47155	Sevier County, Tennessee	yes	1.0	3.230612244897959	255.81437583580438
14051	48	Pipeline transportation of natural gas	47	486210	157	47157	Shelby County, Tennessee	yes	1.0	3.230612244897959	255.81437583580438
14052	48	Pipeline transportation of natural gas	47	486210	163	47163	Sullivan County, Tennessee	yes	1.0	3.230612244897959	255.81437583580438
14053	48	Pipeline transportation of natural gas	47	486210	165	47165	Sumner County, Tennessee	yes	3.1666666666666665	6.039455782312925	303.5982440839584
14054	48	Pipeline transportation of natural gas	47	486210	167	47167	Tipton County, Tennessee	yes	1.0	3.230612244897959	255.81437583580438
14055	48	Pipeline transportation of natural gas	47	486210	169	47169	Trousdale County, Tennessee	yes	1.0	3.230612244897959	255.81437583580438
14056	48	Pipeline transportation of natural gas	47	486210	181	47181	Wayne County, Tennessee	yes	1.6666666666666667	3.0197278911564625	136.44356648642358
14057	48	Pipeline transportation of natural gas	47	486210	187	47187	Williamson County, Tennessee	no	5.75	26.5	7954.25
14058	48	Pipeline transportation of natural gas	47	486210	187	47187	Williamson County, Tennessee	yes	4.0	28.897959183673468	2879.9999999999995
14059	48	Pipeline transportation of natural gas	47	486210	189	47189	Wilson County, Tennessee	yes	1.0	3.230612244897959	255.81437583580438
14060	48	Pipeline transportation of refined petroleum products	47	486910	37	47037	Davidson County, Tennessee	yes	2.0	8.54491341991342	878.9948051948053
14061	48	Pipeline transportation of refined petroleum products	47	486910	45	47045	Dyer County, Tennessee	yes	1.0	4.547321428571429	472.4892857142857
14062	48	Pipeline transportation of refined petroleum products	47	486910	65	47065	Hamilton County, Tennessee	yes	3.0	12.817370129870133	1318.4922077922076
14063	48	Pipeline transportation of refined petroleum products	47	486910	93	47093	Knox County, Tennessee	no	4.0	25.5	1929.0
14064	48	Pipeline transportation of refined petroleum products	47	486910	93	47093	Knox County, Tennessee	yes	3.0	12.034090909090908	1263.4704545454542
14065	48	Pipeline transportation of refined petroleum products	47	486910	131	47131	Obion County, Tennessee	yes	1.0	4.1068181818181815	401.8424242424242
14066	48	Pipeline transportation of refined petroleum products	47	486910	157	47157	Shelby County, Tennessee	yes	1.1666666666666667	4.863365800865801	497.78528138528145
14067	48	Port and harbor operations	47	488310	35	47035	Cumberland County, Tennessee	yes	1.0	8.330357142857142	400.5625
14068	48	Port and harbor operations	47	488310	37	47037	Davidson County, Tennessee	no	3.0	28.666666666666668	1517.0
14069	48	Port and harbor operations	47	488310	37	47037	Davidson County, Tennessee	yes	2.0	22.63095238095238	1058.3690476190475
14070	48	Port and harbor operations	47	488310	85	47085	Humphreys County, Tennessee	yes	1.0	12.714285714285714	623.9357142857143
14071	48	Port and harbor operations	47	488310	93	47093	Knox County, Tennessee	yes	1.0	12.491071428571429	603.6339285714286
14072	48	Port and harbor operations	47	488310	119	47119	Maury County, Tennessee	yes	1.0	8.330357142857142	400.5625
14073	48	Port and harbor operations	47	488310	157	47157	Shelby County, Tennessee	no	3.0	77.5	3603.25
14074	48	Port and harbor operations	47	488310	157	47157	Shelby County, Tennessee	yes	2.5	37.30357142857143	1681.767857142857
14075	48	Port and harbor operations	47	488310	165	47165	Sumner County, Tennessee	yes	1.0	8.330357142857142	400.5625
14076	48	Scenic and sightseeing transportation, land	47	487110	21	47021	Cheatham County, Tennessee	yes	1.0	6.777777777777778	191.44444444444443
14077	48	Scenic and sightseeing transportation, land	47	487110	29	47029	Cocke County, Tennessee	yes	1.0	9.014871794871794	258.01504273504275
14078	48	Scenic and sightseeing transportation, land	47	487110	37	47037	Davidson County, Tennessee	yes	1.0	6.296367521367522	195.26880341880343
14079	48	Scenic and sightseeing transportation, land	47	487110	65	47065	Hamilton County, Tennessee	yes	1.6666666666666667	13.024786324786326	376.02507122507126
14080	48	Scenic and sightseeing transportation, land	47	487110	89	47089	Jefferson County, Tennessee	yes	1.0	7.888888888888888	185.0
14081	48	Scenic and sightseeing transportation, land	47	487110	93	47093	Knox County, Tennessee	yes	2.0	16.79031339031339	520.7168091168091
14082	48	Scenic and sightseeing transportation, land	47	487110	157	47157	Shelby County, Tennessee	no	3.3333333333333335	7.0	127.0
14083	48	Scenic and sightseeing transportation, land	47	487110	157	47157	Shelby County, Tennessee	yes	2.3333333333333335	15.888888888888888	401.0
14084	48	Scenic and sightseeing transportation, land	47	487110	163	47163	Sullivan County, Tennessee	yes	1.0	8.268589743589743	241.51880341880343
14085	48	Scenic and sightseeing transportation, land	47	487110	179	47179	Washington County, Tennessee	yes	1.0	0.0	0.0
14086	48	Scenic and sightseeing transportation, land	47	487110	187	47187	Williamson County, Tennessee	yes	1.4	12.696410256410257	375.9411965811966
14087	48	Scenic and sightseeing transportation, land	47	487110	189	47189	Wilson County, Tennessee	yes	1.0	9.203846153846154	294.81538461538463
14088	48	Scenic and sightseeing transportation, other	47	487990	1	47001	Anderson County, Tennessee	yes	1.0	3.6	107.4
14089	48	Scenic and sightseeing transportation, other	47	487990	37	47037	Davidson County, Tennessee	yes	1.0	2.5888888888888886	110.35555555555555
14090	48	Scenic and sightseeing transportation, other	47	487990	139	47139	Polk County, Tennessee	yes	1.0	3.6	107.4
14091	48	Scenic and sightseeing transportation, other	47	487990	155	47155	Sevier County, Tennessee	yes	1.6666666666666667	5.177777777777777	181.04444444444445
14092	48	Scenic and sightseeing transportation, other	47	487990	189	47189	Wilson County, Tennessee	yes	1.0	0.0	119.0
14093	48	Scenic and sightseeing transportation, water	47	487210	37	47037	Davidson County, Tennessee	yes	2.1666666666666665	94.72222222222221	4085.601851851852
14094	48	Scenic and sightseeing transportation, water	47	487210	65	47065	Hamilton County, Tennessee	yes	2.0	94.55555555555554	4116.101851851852
14095	48	Scenic and sightseeing transportation, water	47	487210	93	47093	Knox County, Tennessee	yes	2.5	111.54814814814813	4807.7037037037035
14096	48	Scenic and sightseeing transportation, water	47	487210	105	47105	Loudon County, Tennessee	yes	1.0	51.55555555555555	2631.222222222222
14097	48	Scenic and sightseeing transportation, water	47	487210	157	47157	Shelby County, Tennessee	yes	2.0	85.82222222222221	3789.851851851852
14098	48	Scheduled freight air transportation	47	481112	9	47009	Blount County, Tennessee	yes	1.0	54.666666666666664	1236.9333333333334
14099	48	Scheduled freight air transportation	47	481112	37	47037	Davidson County, Tennessee	yes	1.0	41.0	927.7
14100	48	Scheduled freight air transportation	47	481112	157	47157	Shelby County, Tennessee	yes	3.0	81.99999999999999	1855.3999999999999
14101	48	Scheduled freight air transportation	47	481112	165	47165	Sumner County, Tennessee	yes	1.0	0.0	0.0
14102	48	Scheduled passenger air transportation	47	481111	9	47009	Blount County, Tennessee	no	6.5	666.5	28109.333333333332
14103	48	Scheduled passenger air transportation	47	481111	37	47037	Davidson County, Tennessee	no	11.0	487.2	38864.6
14104	48	Scheduled passenger air transportation	47	481111	37	47037	Davidson County, Tennessee	yes	12.0	-204.0	-9121.411764705883
14105	48	Scheduled passenger air transportation	47	481111	63	47063	Hamblen County, Tennessee	yes	1.0	129.8359133126935	6945.566563467492
14106	48	Scheduled passenger air transportation	47	481111	65	47065	Hamilton County, Tennessee	yes	3.0	309.3475487230584	16211.790007473042
14107	48	Scheduled passenger air transportation	47	481111	93	47093	Knox County, Tennessee	yes	1.0	107.77129758134346	5861.776324685954
14108	48	Scheduled passenger air transportation	47	481111	113	47113	Madison County, Tennessee	yes	1.0	107.77129758134346	5861.776324685954
14109	48	Scheduled passenger air transportation	47	481111	157	47157	Shelby County, Tennessee	yes	11.333333333333334	1153.5024494976453	62682.22867513612
14110	48	Scheduled passenger air transportation	47	481111	163	47163	Sullivan County, Tennessee	yes	1.1666666666666667	104.93796424801015	5735.09005017615
14111	48	School and employee bus transportation	47	485410	1	47001	Anderson County, Tennessee	no	5.4	78.0	1527.8
14112	48	School and employee bus transportation	47	485410	1	47001	Anderson County, Tennessee	yes	5.0	156.38888888888889	3300.277777777778
14113	48	School and employee bus transportation	47	485410	5	47005	Benton County, Tennessee	no	3.3333333333333335	5.5	44.166666666666664
14114	48	School and employee bus transportation	47	485410	9	47009	Blount County, Tennessee	no	9.5	79.33333333333333	1214.6666666666667
14115	48	School and employee bus transportation	47	485410	11	47011	Bradley County, Tennessee	no	6.0	5.0	113.66666666666667
14116	48	School and employee bus transportation	47	485410	15	47015	Cannon County, Tennessee	yes	2.0	42.50064357267019	817.87591498637
14117	48	School and employee bus transportation	47	485410	37	47037	Davidson County, Tennessee	yes	1.8333333333333333	43.35296369780053	807.828600075004
14118	48	School and employee bus transportation	47	485410	47	47047	Fayette County, Tennessee	yes	1.0	21.250321786335096	408.937957493185
14119	48	School and employee bus transportation	47	485410	51	47051	Franklin County, Tennessee	no	6.0	10.333333333333334	119.0
14120	48	School and employee bus transportation	47	485410	57	47057	Grainger County, Tennessee	no	3.75	8.5	63.5
14121	48	School and employee bus transportation	47	485410	57	47057	Grainger County, Tennessee	yes	2.5	56.22712418300653	971.43954248366
14122	48	School and employee bus transportation	47	485410	65	47065	Hamilton County, Tennessee	yes	1.1666666666666667	24.632674727511567	462.3889378853419
14123	48	School and employee bus transportation	47	485410	93	47093	Knox County, Tennessee	no	43.666666666666664	292.0	4973.0
14124	48	School and employee bus transportation	47	485410	105	47105	Loudon County, Tennessee	no	5.333333333333333	8.666666666666666	210.0
14125	48	School and employee bus transportation	47	485410	113	47113	Madison County, Tennessee	yes	1.0	21.250321786335096	408.937957493185
14126	48	School and employee bus transportation	47	485410	115	47115	Marion County, Tennessee	yes	2.1666666666666665	45.882996513846656	871.326895378527
14127	48	School and employee bus transportation	47	485410	123	47123	Monroe County, Tennessee	no	6.666666666666667	23.0	365.3333333333333
14128	48	School and employee bus transportation	47	485410	145	47145	Roane County, Tennessee	yes	1.0	20.294117647058822	320.70588235294116
14129	48	School and employee bus transportation	47	485410	149	47149	Rutherford County, Tennessee	no	18.5	48.5	790.1666666666666
14130	48	School and employee bus transportation	47	485410	155	47155	Sevier County, Tennessee	no	4.0	12.0	137.0
14131	48	School and employee bus transportation	47	485410	155	47155	Sevier County, Tennessee	yes	2.2	45.40620215145763	888.3995142732368
14132	48	School and employee bus transportation	47	485410	157	47157	Shelby County, Tennessee	yes	1.0	21.250321786335096	408.937957493185
14133	48	School and employee bus transportation	47	485410	163	47163	Sullivan County, Tennessee	no	6.0	189.83333333333334	1945.6666666666667
14134	48	School and employee bus transportation	47	485410	173	47173	Union County, Tennessee	no	11.666666666666666	47.833333333333336	405.6666666666667
14135	48	School and employee bus transportation	47	485410	181	47181	Wayne County, Tennessee	yes	1.0	21.104883559263122	432.23748696558914
14136	48	Special needs transportation	47	485991	11	47011	Bradley County, Tennessee	yes	1.0	15.232513652675925	346.5585343527331
14137	48	Special needs transportation	47	485991	25	47025	Claiborne County, Tennessee	yes	1.0	18.974175824175823	382.60558608058614
14138	48	Special needs transportation	47	485991	31	47031	Coffee County, Tennessee	yes	1.0	16.800904234372794	339.9892548177538
14139	48	Special needs transportation	47	485991	33	47033	Crockett County, Tennessee	yes	1.0	13.426923076923078	360.4147435897436
14140	48	Special needs transportation	47	485991	37	47037	Davidson County, Tennessee	no	5.0	141.0	3744.8
14141	48	Special needs transportation	47	485991	37	47037	Davidson County, Tennessee	yes	3.0	73.2	1507.35
14142	48	Special needs transportation	47	485991	45	47045	Dyer County, Tennessee	yes	1.0	16.800904234372794	339.9892548177538
14143	48	Special needs transportation	47	485991	49	47049	Fentress County, Tennessee	yes	2.0	33.60180846874559	679.9785096355076
14144	48	Special needs transportation	47	485991	63	47063	Hamblen County, Tennessee	yes	1.0	17.084615384615386	407.7598290598291
14145	48	Special needs transportation	47	485991	65	47065	Hamilton County, Tennessee	no	3.0	17.0	369.3333333333333
14146	48	Special needs transportation	47	485991	65	47065	Hamilton County, Tennessee	yes	2.0	22.75862068965517	499.37931034482756
14147	48	Special needs transportation	47	485991	67	47067	Hancock County, Tennessee	yes	1.0	12.940642065844905	307.58566794091644
14148	48	Special needs transportation	47	485991	77	47077	Henderson County, Tennessee	yes	1.0	24.642857142857142	307.1428571428571
14149	48	Special needs transportation	47	485991	79	47079	Henry County, Tennessee	yes	1.0	24.642857142857142	307.1428571428571
14150	48	Special needs transportation	47	485991	81	47081	Hickman County, Tennessee	yes	1.0	16.800904234372794	339.9892548177538
14151	48	Special needs transportation	47	485991	93	47093	Knox County, Tennessee	yes	2.1666666666666665	33.97030663724376	748.9262813082793
14152	48	Special needs transportation	47	485991	101	47101	Lewis County, Tennessee	yes	1.0	18.487894813097654	329.7765104317589
14153	48	Special needs transportation	47	485991	133	47133	Overton County, Tennessee	yes	1.0	15.232513652675925	346.5585343527331
14154	48	Special needs transportation	47	485991	147	47147	Robertson County, Tennessee	yes	2.0	33.60180846874559	679.9785096355076
14155	48	Special needs transportation	47	485991	151	47151	Scott County, Tennessee	yes	1.6666666666666667	25.427998944936064	545.0463667783647
14156	48	Special needs transportation	47	485991	157	47157	Shelby County, Tennessee	no	10.6	156.8	6539.0
14157	48	Special needs transportation	47	485991	157	47157	Shelby County, Tennessee	yes	9.0	102.41379310344828	2247.206896551724
14158	48	Special needs transportation	47	485991	165	47165	Sumner County, Tennessee	yes	1.0	15.232513652675925	346.5585343527331
14159	48	Special needs transportation	47	485991	181	47181	Wayne County, Tennessee	yes	1.0	20.14072249589491	353.094170771757
14160	48	Special needs transportation	47	485991	183	47183	Weakley County, Tennessee	yes	1.0	12.940642065844905	307.58566794091644
14161	48	Specialized freight (except used goods) trucking, local	47	484220	1	47001	Anderson County, Tennessee	yes	1.3333333333333333	16.598125933933037	621.6271132430944
14162	48	Specialized freight (except used goods) trucking, local	47	484220	3	47003	Bedford County, Tennessee	no	9.0	34.666666666666664	1964.1666666666667
14163	48	Specialized freight (except used goods) trucking, local	47	484220	5	47005	Benton County, Tennessee	no	6.0	58.0	1858.1666666666667
14164	48	Specialized freight (except used goods) trucking, local	47	484220	7	47007	Bledsoe County, Tennessee	yes	1.6666666666666667	18.509327976589045	676.0275148016275
14165	48	Specialized freight (except used goods) trucking, local	47	484220	9	47009	Blount County, Tennessee	no	3.0	29.0	1450.0
14166	48	Specialized freight (except used goods) trucking, local	47	484220	9	47009	Blount County, Tennessee	yes	2.5	32.414063242075954	1145.3138518042228
14167	48	Specialized freight (except used goods) trucking, local	47	484220	11	47011	Bradley County, Tennessee	no	7.333333333333333	123.66666666666667	6502.166666666667
14168	48	Specialized freight (except used goods) trucking, local	47	484220	13	47013	Campbell County, Tennessee	no	8.0	48.333333333333336	1322.0
14169	48	Specialized freight (except used goods) trucking, local	47	484220	13	47013	Campbell County, Tennessee	yes	6.333333333333333	83.35679124013771	2590.0708426805713
14170	48	Specialized freight (except used goods) trucking, local	47	484220	15	47015	Cannon County, Tennessee	yes	1.0	10.928344002468867	392.08194190353043
14171	48	Specialized freight (except used goods) trucking, local	47	484220	17	47017	Carroll County, Tennessee	yes	1.0	10.928344002468867	392.08194190353043
14172	48	Specialized freight (except used goods) trucking, local	47	484220	19	47019	Carter County, Tennessee	yes	1.0	17.009345794392523	688.6355140186915
14173	48	Specialized freight (except used goods) trucking, local	47	484220	21	47021	Cheatham County, Tennessee	no	3.3333333333333335	10.833333333333334	365.3333333333333
14174	48	Specialized freight (except used goods) trucking, local	47	484220	25	47025	Claiborne County, Tennessee	no	5.166666666666667	71.0	2228.5
14175	48	Specialized freight (except used goods) trucking, local	47	484220	29	47029	Cocke County, Tennessee	yes	1.0	10.928344002468867	392.08194190353043
14176	48	Specialized freight (except used goods) trucking, local	47	484220	31	47031	Coffee County, Tennessee	no	4.666666666666667	12.0	680.1666666666666
14177	48	Specialized freight (except used goods) trucking, local	47	484220	33	47033	Crockett County, Tennessee	no	4.833333333333333	8.5	297.8333333333333
14178	48	Specialized freight (except used goods) trucking, local	47	484220	35	47035	Cumberland County, Tennessee	no	5.833333333333333	44.166666666666664	1762.0
14179	48	Specialized freight (except used goods) trucking, local	47	484220	37	47037	Davidson County, Tennessee	no	19.666666666666668	419.3333333333333	19683.666666666668
14180	48	Specialized freight (except used goods) trucking, local	47	484220	39	47039	Decatur County, Tennessee	no	3.0	4.0	168.0
14181	48	Specialized freight (except used goods) trucking, local	47	484220	39	47039	Decatur County, Tennessee	yes	2.25	29.765679544842342	1226.3163168047513
14182	48	Specialized freight (except used goods) trucking, local	47	484220	43	47043	Dickson County, Tennessee	no	4.0	22.0	986.0
14183	48	Specialized freight (except used goods) trucking, local	47	484220	43	47043	Dickson County, Tennessee	yes	1.75	19.65705389628156	628.8372162902042
14184	48	Specialized freight (except used goods) trucking, local	47	484220	45	47045	Dyer County, Tennessee	yes	2.3333333333333335	24.999625949346267	887.5526470046478
14185	48	Specialized freight (except used goods) trucking, local	47	484220	47	47047	Fayette County, Tennessee	no	6.666666666666667	24.333333333333332	846.0
14186	48	Specialized freight (except used goods) trucking, local	47	484220	49	47049	Fentress County, Tennessee	yes	2.3333333333333335	24.81523522578004	909.2471274456325
14187	48	Specialized freight (except used goods) trucking, local	47	484220	51	47051	Franklin County, Tennessee	no	4.333333333333333	18.166666666666668	819.1666666666666
14188	48	Specialized freight (except used goods) trucking, local	47	484220	55	47055	Giles County, Tennessee	no	4.0	28.5	1240.0
14189	48	Specialized freight (except used goods) trucking, local	47	484220	57	47057	Grainger County, Tennessee	yes	2.6666666666666665	31.305983595433634	1106.6361481339588
14190	48	Specialized freight (except used goods) trucking, local	47	484220	59	47059	Greene County, Tennessee	no	5.25	25.75	987.5
14191	48	Specialized freight (except used goods) trucking, local	47	484220	59	47059	Greene County, Tennessee	yes	6.0	83.20386155900175	2859.5219266714594
14192	48	Specialized freight (except used goods) trucking, local	47	484220	61	47061	Grundy County, Tennessee	yes	1.0	8.627878755410096	368.76452649282936
14193	48	Specialized freight (except used goods) trucking, local	47	484220	65	47065	Hamilton County, Tennessee	no	16.666666666666668	213.0	13582.166666666666
14194	48	Specialized freight (except used goods) trucking, local	47	484220	69	47069	Hardeman County, Tennessee	no	4.333333333333333	6.666666666666667	335.8333333333333
14195	48	Specialized freight (except used goods) trucking, local	47	484220	71	47071	Hardin County, Tennessee	no	5.5	49.666666666666664	1782.1666666666667
14196	48	Specialized freight (except used goods) trucking, local	47	484220	73	47073	Hawkins County, Tennessee	yes	2.5	25.327704288396635	902.610910781284
14197	48	Specialized freight (except used goods) trucking, local	47	484220	75	47075	Haywood County, Tennessee	yes	1.8333333333333333	22.16518538051056	758.643949820172
14198	48	Specialized freight (except used goods) trucking, local	47	484220	77	47077	Henderson County, Tennessee	yes	3.1666666666666665	34.776999878892546	1225.0831751081819
14199	48	Specialized freight (except used goods) trucking, local	47	484220	79	47079	Henry County, Tennessee	no	4.833333333333333	36.666666666666664	1383.3333333333333
14200	48	Specialized freight (except used goods) trucking, local	47	484220	83	47083	Houston County, Tennessee	yes	1.75	21.876302109585573	712.0475653831123
14201	48	Specialized freight (except used goods) trucking, local	47	484220	85	47085	Humphreys County, Tennessee	yes	1.0	11.951807228915664	293.0240963855422
14202	48	Specialized freight (except used goods) trucking, local	47	484220	89	47089	Jefferson County, Tennessee	no	4.0	20.333333333333332	1974.6666666666667
14203	48	Specialized freight (except used goods) trucking, local	47	484220	89	47089	Jefferson County, Tennessee	yes	4.0	34.511515021640385	1475.0581059713174
14204	48	Specialized freight (except used goods) trucking, local	47	484220	91	47091	Johnson County, Tennessee	no	3.0	14.0	493.5
14205	48	Specialized freight (except used goods) trucking, local	47	484220	91	47091	Johnson County, Tennessee	yes	2.0	18.917721747572976	699.658837932015
14206	48	Specialized freight (except used goods) trucking, local	47	484220	93	47093	Knox County, Tennessee	no	16.833333333333332	255.83333333333334	11445.333333333334
14207	48	Specialized freight (except used goods) trucking, local	47	484220	95	47095	Lake County, Tennessee	yes	1.0	17.009345794392523	688.6355140186915
14208	48	Specialized freight (except used goods) trucking, local	47	484220	97	47097	Lauderdale County, Tennessee	yes	1.8333333333333333	20.50129584807499	724.864864199218
14209	48	Specialized freight (except used goods) trucking, local	47	484220	99	47099	Lawrence County, Tennessee	yes	1.0	11.487542214727346	399.3395067548248
14210	48	Specialized freight (except used goods) trucking, local	47	484220	101	47101	Lewis County, Tennessee	yes	1.1666666666666667	13.763234968200953	506.85452757331245
14211	48	Specialized freight (except used goods) trucking, local	47	484220	103	47103	Lincoln County, Tennessee	no	7.833333333333333	41.666666666666664	1485.3333333333333
14212	48	Specialized freight (except used goods) trucking, local	47	484220	105	47105	Loudon County, Tennessee	no	4.0	21.0	1272.0
14213	48	Specialized freight (except used goods) trucking, local	47	484220	105	47105	Loudon County, Tennessee	yes	2.0	23.909390344879693	800.996094794877
14214	48	Specialized freight (except used goods) trucking, local	47	484220	107	47107	McMinn County, Tennessee	no	3.0	4.0	120.66666666666667
14215	48	Specialized freight (except used goods) trucking, local	47	484220	107	47107	McMinn County, Tennessee	yes	3.0	39.68642774858291	1246.1980719426954
14216	48	Specialized freight (except used goods) trucking, local	47	484220	109	47109	McNairy County, Tennessee	no	4.0	3.0	203.0
14217	48	Specialized freight (except used goods) trucking, local	47	484220	109	47109	McNairy County, Tennessee	yes	1.8	17.797816699932977	594.3836314315848
14218	48	Specialized freight (except used goods) trucking, local	47	484220	111	47111	Macon County, Tennessee	yes	1.0	11.954695172439846	400.4980473974385
14219	48	Specialized freight (except used goods) trucking, local	47	484220	113	47113	Madison County, Tennessee	no	13.333333333333334	46.333333333333336	2207.8333333333335
14220	48	Specialized freight (except used goods) trucking, local	47	484220	115	47115	Marion County, Tennessee	no	3.5	5.833333333333333	136.5
14221	48	Specialized freight (except used goods) trucking, local	47	484220	117	47117	Marshall County, Tennessee	yes	1.0	10.928344002468867	392.08194190353043
14222	48	Specialized freight (except used goods) trucking, local	47	484220	119	47119	Maury County, Tennessee	no	8.666666666666666	27.333333333333332	883.6666666666666
14223	48	Specialized freight (except used goods) trucking, local	47	484220	119	47119	Maury County, Tennessee	yes	7.0	93.01050891457378	2917.290712815316
14224	48	Specialized freight (except used goods) trucking, local	47	484220	123	47123	Monroe County, Tennessee	no	4.666666666666667	13.166666666666666	691.1666666666666
14225	48	Specialized freight (except used goods) trucking, local	47	484220	125	47125	Montgomery County, Tennessee	no	10.833333333333334	62.666666666666664	2351.1666666666665
14226	48	Specialized freight (except used goods) trucking, local	47	484220	129	47129	Morgan County, Tennessee	yes	1.3333333333333333	13.886891223311169	517.165185542102
14227	48	Specialized freight (except used goods) trucking, local	47	484220	131	47131	Obion County, Tennessee	yes	1.8333333333333333	20.50129584807499	724.864864199218
14228	48	Specialized freight (except used goods) trucking, local	47	484220	133	47133	Overton County, Tennessee	yes	2.25	21.63197541297673	912.930533701774
14229	48	Specialized freight (except used goods) trucking, local	47	484220	135	47135	Perry County, Tennessee	yes	1.0	10.928344002468867	392.08194190353043
14230	48	Specialized freight (except used goods) trucking, local	47	484220	139	47139	Polk County, Tennessee	yes	1.0	8.627878755410096	368.76452649282936
14231	48	Specialized freight (except used goods) trucking, local	47	484220	141	47141	Putnam County, Tennessee	no	6.75	42.5	921.5
14232	48	Specialized freight (except used goods) trucking, local	47	484220	141	47141	Putnam County, Tennessee	yes	6.0	68.03124586257115	1672.687673772011
14233	48	Specialized freight (except used goods) trucking, local	47	484220	143	47143	Rhea County, Tennessee	no	4.0	14.0	375.0
14234	48	Specialized freight (except used goods) trucking, local	47	484220	143	47143	Rhea County, Tennessee	yes	2.2	21.569342233223217	718.450147268689
14235	48	Specialized freight (except used goods) trucking, local	47	484220	145	47145	Roane County, Tennessee	yes	3.1666666666666665	36.46284606738484	1356.953647652565
14236	48	Specialized freight (except used goods) trucking, local	47	484220	147	47147	Robertson County, Tennessee	no	4.0	8.8	256.0
14237	48	Specialized freight (except used goods) trucking, local	47	484220	147	47147	Robertson County, Tennessee	yes	3.0	32.175824175824175	793.6153846153846
14238	48	Specialized freight (except used goods) trucking, local	47	484220	149	47149	Rutherford County, Tennessee	no	13.666666666666666	56.0	2623.8333333333335
14239	48	Specialized freight (except used goods) trucking, local	47	484220	151	47151	Scott County, Tennessee	no	5.0	10.833333333333334	576.5
14240	48	Specialized freight (except used goods) trucking, local	47	484220	153	47153	Sequatchie County, Tennessee	no	4.0	9.0	317.6666666666667
14241	48	Specialized freight (except used goods) trucking, local	47	484220	153	47153	Sequatchie County, Tennessee	yes	2.3333333333333335	19.966541824545683	856.1270922013449
14242	48	Specialized freight (except used goods) trucking, local	47	484220	155	47155	Sevier County, Tennessee	no	6.666666666666667	118.5	5220.333333333333
14243	48	Specialized freight (except used goods) trucking, local	47	484220	157	47157	Shelby County, Tennessee	no	24.333333333333332	170.16666666666666	7330.333333333333
14244	48	Specialized freight (except used goods) trucking, local	47	484220	159	47159	Smith County, Tennessee	yes	1.5	15.242283380173916	576.4642051499451
14245	48	Specialized freight (except used goods) trucking, local	47	484220	161	47161	Stewart County, Tennessee	yes	2.0	21.856688004937734	784.1638838070609
14246	48	Specialized freight (except used goods) trucking, local	47	484220	163	47163	Sullivan County, Tennessee	no	15.0	91.66666666666667	3147.1666666666665
14247	48	Specialized freight (except used goods) trucking, local	47	484220	165	47165	Sumner County, Tennessee	no	9.0	37.0	1482.0
14248	48	Specialized freight (except used goods) trucking, local	47	484220	167	47167	Tipton County, Tennessee	no	5.833333333333333	42.0	1575.5
14249	48	Specialized freight (except used goods) trucking, local	47	484220	169	47169	Trousdale County, Tennessee	yes	2.0	34.018691588785046	1377.271028037383
14250	48	Specialized freight (except used goods) trucking, local	47	484220	171	47171	Unicoi County, Tennessee	yes	1.0	13.867310259833625	476.58698777857654
14251	48	Specialized freight (except used goods) trucking, local	47	484220	177	47177	Warren County, Tennessee	yes	2.0	21.856688004937734	784.1638838070609
14252	48	Specialized freight (except used goods) trucking, local	47	484220	179	47179	Washington County, Tennessee	no	5.833333333333333	13.666666666666666	1052.3333333333333
14253	48	Specialized freight (except used goods) trucking, local	47	484220	181	47181	Wayne County, Tennessee	no	4.0	31.0	1200.0
14254	48	Specialized freight (except used goods) trucking, local	47	484220	181	47181	Wayne County, Tennessee	yes	3.0	33.644837304015525	1118.2837930994074
14255	48	Specialized freight (except used goods) trucking, local	47	484220	183	47183	Weakley County, Tennessee	no	3.0	0.0	88.0
14256	48	Specialized freight (except used goods) trucking, local	47	484220	183	47183	Weakley County, Tennessee	yes	2.4	22.210653095631198	828.1963515795858
14257	48	Specialized freight (except used goods) trucking, local	47	484220	185	47185	White County, Tennessee	yes	1.5	17.542748627232683	599.7816205606464
14258	48	Specialized freight (except used goods) trucking, local	47	484220	187	47187	Williamson County, Tennessee	no	7.0	52.0	2275.1666666666665
14259	48	Specialized freight (except used goods) trucking, local	47	484220	189	47189	Wilson County, Tennessee	no	14.4	69.8	2939.4
14260	48	Specialized freight (except used goods) trucking, local	47	484220	189	47189	Wilson County, Tennessee	yes	17.0	289.1588785046729	11706.803738317756
14261	48	Specialized freight (except used goods) trucking, long-distance	47	484230	1	47001	Anderson County, Tennessee	no	3.0	14.0	1555.0
14262	48	Specialized freight (except used goods) trucking, long-distance	47	484230	1	47001	Anderson County, Tennessee	yes	1.75	39.77072344724343	2090.526701897751
14263	48	Specialized freight (except used goods) trucking, long-distance	47	484230	3	47003	Bedford County, Tennessee	yes	2.0	47.784276113536016	2400.2628821945723
14264	48	Specialized freight (except used goods) trucking, long-distance	47	484230	5	47005	Benton County, Tennessee	no	3.0	9.0	242.0
14265	48	Specialized freight (except used goods) trucking, long-distance	47	484230	5	47005	Benton County, Tennessee	yes	1.25	27.696574958915825	1414.3111450665226
14266	48	Specialized freight (except used goods) trucking, long-distance	47	484230	7	47007	Bledsoe County, Tennessee	yes	1.0	21.57469995891583	1085.2486450665226
14267	48	Specialized freight (except used goods) trucking, long-distance	47	484230	9	47009	Blount County, Tennessee	no	4.0	0.0	583.0
14268	48	Specialized freight (except used goods) trucking, long-distance	47	484230	9	47009	Blount County, Tennessee	yes	3.6	95.48567890678169	4974.565880324515
14269	48	Specialized freight (except used goods) trucking, long-distance	47	484230	11	47011	Bradley County, Tennessee	yes	2.0	47.784276113536016	2400.2628821945723
14270	48	Specialized freight (except used goods) trucking, long-distance	47	484230	13	47013	Campbell County, Tennessee	yes	1.3333333333333333	27.402444695827047	1355.6338612368024
14271	48	Specialized freight (except used goods) trucking, long-distance	47	484230	19	47019	Carter County, Tennessee	yes	1.6	42.61723616278922	2246.0355943800932
14272	48	Specialized freight (except used goods) trucking, long-distance	47	484230	21	47021	Cheatham County, Tennessee	no	3.0	12.75	661.75
14273	48	Specialized freight (except used goods) trucking, long-distance	47	484230	21	47021	Cheatham County, Tennessee	yes	1.0	17.808634992458522	767.6334841628959
14274	48	Specialized freight (except used goods) trucking, long-distance	47	484230	25	47025	Claiborne County, Tennessee	yes	1.0	17.808634992458522	767.6334841628959
14275	48	Specialized freight (except used goods) trucking, long-distance	47	484230	27	47027	Clay County, Tennessee	yes	1.3333333333333333	33.40114280759213	1676.7637854835575
14276	48	Specialized freight (except used goods) trucking, long-distance	47	484230	29	47029	Cocke County, Tennessee	yes	1.0	23.892138056768008	1200.1314410972861
14277	48	Specialized freight (except used goods) trucking, long-distance	47	484230	31	47031	Coffee County, Tennessee	yes	1.0	17.808634992458522	767.6334841628959
14278	48	Specialized freight (except used goods) trucking, long-distance	47	484230	35	47035	Cumberland County, Tennessee	no	4.0	17.0	531.0
14279	48	Specialized freight (except used goods) trucking, long-distance	47	484230	35	47035	Cumberland County, Tennessee	yes	1.25	28.123207421602395	1457.6180480515973
14280	48	Specialized freight (except used goods) trucking, long-distance	47	484230	37	47037	Davidson County, Tennessee	no	17.333333333333332	448.6666666666667	28030.333333333332
14281	48	Specialized freight (except used goods) trucking, long-distance	47	484230	39	47039	Decatur County, Tennessee	yes	2.0	47.784276113536016	2400.2628821945723
14282	48	Specialized freight (except used goods) trucking, long-distance	47	484230	41	47041	DeKalb County, Tennessee	yes	1.0	21.57469995891583	1085.2486450665226
14283	48	Specialized freight (except used goods) trucking, long-distance	47	484230	47	47047	Fayette County, Tennessee	yes	1.3333333333333333	33.40114280759213	1676.7637854835575
14284	48	Specialized freight (except used goods) trucking, long-distance	47	484230	51	47051	Franklin County, Tennessee	yes	1.3333333333333333	32.33905969855905	1667.7527097540026
14285	48	Specialized freight (except used goods) trucking, long-distance	47	484230	53	47053	Gibson County, Tennessee	yes	2.3333333333333335	57.293280864360135	2876.8952265808434
14286	48	Specialized freight (except used goods) trucking, long-distance	47	484230	55	47055	Giles County, Tennessee	yes	1.0	23.892138056768008	1200.1314410972861
14287	48	Specialized freight (except used goods) trucking, long-distance	47	484230	57	47057	Grainger County, Tennessee	no	3.0	17.0	428.0
14288	48	Specialized freight (except used goods) trucking, long-distance	47	484230	57	47057	Grainger County, Tennessee	yes	1.25	28.123207421602395	1457.6180480515973
14289	48	Specialized freight (except used goods) trucking, long-distance	47	484230	59	47059	Greene County, Tennessee	yes	1.0	23.892138056768008	1200.1314410972861
14290	48	Specialized freight (except used goods) trucking, long-distance	47	484230	61	47061	Grundy County, Tennessee	yes	1.1666666666666667	26.144589037160163	1253.4451665874822
14291	48	Specialized freight (except used goods) trucking, long-distance	47	484230	63	47063	Hamblen County, Tennessee	yes	1.5	36.02282038231974	1870.3168123181051
14292	48	Specialized freight (except used goods) trucking, long-distance	47	484230	65	47065	Hamilton County, Tennessee	no	13.0	317.6666666666667	15120.333333333334
14293	48	Specialized freight (except used goods) trucking, long-distance	47	484230	67	47067	Hancock County, Tennessee	yes	1.0	25.96762449165102	1376.181258728508
14294	48	Specialized freight (except used goods) trucking, long-distance	47	484230	69	47069	Hardeman County, Tennessee	yes	1.8333333333333333	43.41860447174497	2152.0166135378563
14295	48	Specialized freight (except used goods) trucking, long-distance	47	484230	73	47073	Hawkins County, Tennessee	yes	1.0	27.749352785230332	1449.757226085975
14296	48	Specialized freight (except used goods) trucking, long-distance	47	484230	75	47075	Haywood County, Tennessee	yes	1.0	13.51470588235294	319.88235294117646
14297	48	Specialized freight (except used goods) trucking, long-distance	47	484230	77	47077	Henderson County, Tennessee	yes	1.5	33.909599720920845	1675.3842691515847
14298	48	Specialized freight (except used goods) trucking, long-distance	47	484230	79	47079	Henry County, Tennessee	yes	1.0	23.892138056768008	1200.1314410972861
14299	48	Specialized freight (except used goods) trucking, long-distance	47	484230	89	47089	Jefferson County, Tennessee	yes	1.0	21.57469995891583	1085.2486450665226
14300	48	Specialized freight (except used goods) trucking, long-distance	47	484230	93	47093	Knox County, Tennessee	no	8.75	345.75	16194.25
14301	48	Specialized freight (except used goods) trucking, long-distance	47	484230	93	47093	Knox County, Tennessee	yes	9.5	221.89903846153845	12050.48076923077
14302	48	Specialized freight (except used goods) trucking, long-distance	47	484230	99	47099	Lawrence County, Tennessee	yes	1.0	27.749352785230332	1449.757226085975
14303	48	Specialized freight (except used goods) trucking, long-distance	47	484230	103	47103	Lincoln County, Tennessee	yes	1.0	23.892138056768008	1200.1314410972861
14304	48	Specialized freight (except used goods) trucking, long-distance	47	484230	105	47105	Loudon County, Tennessee	no	6.333333333333333	330.8333333333333	14355.833333333334
14305	48	Specialized freight (except used goods) trucking, long-distance	47	484230	107	47107	McMinn County, Tennessee	yes	1.0	20.03492332830568	950.5056561085972
14306	48	Specialized freight (except used goods) trucking, long-distance	47	484230	109	47109	McNairy County, Tennessee	yes	1.0	27.749352785230332	1449.757226085975
14307	48	Specialized freight (except used goods) trucking, long-distance	47	484230	111	47111	Macon County, Tennessee	no	3.25	3.5	189.75
14308	48	Specialized freight (except used goods) trucking, long-distance	47	484230	111	47111	Macon County, Tennessee	yes	3.0	85.5810427574171	4289.69109947644
14309	48	Specialized freight (except used goods) trucking, long-distance	47	484230	113	47113	Madison County, Tennessee	yes	1.0	23.892138056768008	1200.1314410972861
14310	48	Specialized freight (except used goods) trucking, long-distance	47	484230	115	47115	Marion County, Tennessee	yes	1.0	28.52701425247237	1429.8970331588134
14311	48	Specialized freight (except used goods) trucking, long-distance	47	484230	117	47117	Marshall County, Tennessee	no	3.1666666666666665	8.333333333333334	372.5
14312	48	Specialized freight (except used goods) trucking, long-distance	47	484230	119	47119	Maury County, Tennessee	yes	2.8333333333333335	69.42396318991187	3547.080597801663
14313	48	Specialized freight (except used goods) trucking, long-distance	47	484230	123	47123	Monroe County, Tennessee	yes	1.5	35.653593787984285	1730.0775109737533
14314	48	Specialized freight (except used goods) trucking, long-distance	47	484230	125	47125	Montgomery County, Tennessee	yes	3.0	75.53362889876634	3850.020108280547
14315	48	Specialized freight (except used goods) trucking, long-distance	47	484230	131	47131	Obion County, Tennessee	yes	1.0	20.03492332830568	950.5056561085972
14316	48	Specialized freight (except used goods) trucking, long-distance	47	484230	135	47135	Perry County, Tennessee	yes	1.0	25.96762449165102	1376.181258728508
14317	48	Specialized freight (except used goods) trucking, long-distance	47	484230	139	47139	Polk County, Tennessee	yes	1.5	33.909599720920845	1675.3842691515847
14318	48	Specialized freight (except used goods) trucking, long-distance	47	484230	141	47141	Putnam County, Tennessee	yes	1.0	13.51470588235294	319.88235294117646
14319	48	Specialized freight (except used goods) trucking, long-distance	47	484230	143	47143	Rhea County, Tennessee	yes	1.0	23.892138056768008	1200.1314410972861
14320	48	Specialized freight (except used goods) trucking, long-distance	47	484230	145	47145	Roane County, Tennessee	no	3.5	77.0	5265.5
14321	48	Specialized freight (except used goods) trucking, long-distance	47	484230	145	47145	Roane County, Tennessee	yes	3.0	85.5810427574171	4289.69109947644
14322	48	Specialized freight (except used goods) trucking, long-distance	47	484230	147	47147	Robertson County, Tennessee	yes	1.0	23.892138056768008	1200.1314410972861
14323	48	Specialized freight (except used goods) trucking, long-distance	47	484230	149	47149	Rutherford County, Tennessee	no	10.6	213.4	12043.0
14324	48	Specialized freight (except used goods) trucking, long-distance	47	484230	149	47149	Rutherford County, Tennessee	yes	7.0	94.60294117647058	2239.176470588235
14325	48	Specialized freight (except used goods) trucking, long-distance	47	484230	151	47151	Scott County, Tennessee	yes	1.0	23.892138056768008	1200.1314410972861
14326	48	Specialized freight (except used goods) trucking, long-distance	47	484230	153	47153	Sequatchie County, Tennessee	yes	1.0	23.892138056768008	1200.1314410972861
14327	48	Specialized freight (except used goods) trucking, long-distance	47	484230	157	47157	Shelby County, Tennessee	no	23.0	903.1666666666666	41458.0
14328	48	Specialized freight (except used goods) trucking, long-distance	47	484230	159	47159	Smith County, Tennessee	no	3.0	31.0	368.0
14329	48	Specialized freight (except used goods) trucking, long-distance	47	484230	159	47159	Smith County, Tennessee	yes	1.8	47.51473616278922	2509.2855943800932
14330	48	Specialized freight (except used goods) trucking, long-distance	47	484230	163	47163	Sullivan County, Tennessee	no	9.166666666666666	252.33333333333334	12921.166666666666
14331	48	Specialized freight (except used goods) trucking, long-distance	47	484230	165	47165	Sumner County, Tennessee	no	3.3333333333333335	6.666666666666667	206.0
14332	48	Specialized freight (except used goods) trucking, long-distance	47	484230	165	47165	Sumner County, Tennessee	yes	4.666666666666667	89.14949723479135	4015.2775263951735
14333	48	Specialized freight (except used goods) trucking, long-distance	47	484230	167	47167	Tipton County, Tennessee	yes	2.0	57.05402850494474	2859.794066317627
14334	48	Specialized freight (except used goods) trucking, long-distance	47	484230	173	47173	Union County, Tennessee	yes	1.0	26.933889588922753	1416.3804195644811
14335	48	Specialized freight (except used goods) trucking, long-distance	47	484230	177	47177	Warren County, Tennessee	yes	1.0	23.892138056768008	1200.1314410972861
14336	48	Specialized freight (except used goods) trucking, long-distance	47	484230	179	47179	Washington County, Tennessee	yes	1.8333333333333333	45.53182513314386	2346.9491567043765
14337	48	Specialized freight (except used goods) trucking, long-distance	47	484230	183	47183	Weakley County, Tennessee	yes	1.0	24.25005284760879	1197.0808062398203
14338	48	Specialized freight (except used goods) trucking, long-distance	47	484230	189	47189	Wilson County, Tennessee	yes	4.0	102.68587567851073	5365.463200961544
14339	48	Support activities for rail transportation	47	488210	1	47001	Anderson County, Tennessee	yes	1.0	10.216460622710622	502.3650793650793
14340	48	Support activities for rail transportation	47	488210	11	47011	Bradley County, Tennessee	yes	1.8333333333333333	18.27907509157509	940.2942612942611
14341	48	Support activities for rail transportation	47	488210	37	47037	Davidson County, Tennessee	no	3.0	24.0	1429.3333333333333
14342	48	Support activities for rail transportation	47	488210	37	47037	Davidson County, Tennessee	yes	1.3333333333333333	15.764423076923078	591.2051282051283
14343	48	Support activities for rail transportation	47	488210	65	47065	Hamilton County, Tennessee	no	3.0	24.0	922.0
14344	48	Support activities for rail transportation	47	488210	65	47065	Hamilton County, Tennessee	yes	2.0	20.54368131868132	1009.3142857142857
14345	48	Support activities for rail transportation	47	488210	79	47079	Henry County, Tennessee	yes	2.0	20.432921245421245	1004.7301587301586
14346	48	Support activities for rail transportation	47	488210	85	47085	Humphreys County, Tennessee	yes	1.0	10.216460622710622	502.3650793650793
14347	48	Support activities for rail transportation	47	488210	93	47093	Knox County, Tennessee	yes	1.0	9.247767857142858	522.297619047619
14348	48	Support activities for rail transportation	47	488210	119	47119	Maury County, Tennessee	yes	1.0	9.247767857142858	522.297619047619
14349	48	Support activities for rail transportation	47	488210	143	47143	Rhea County, Tennessee	yes	1.0	10.216460622710622	502.3650793650793
14350	48	Support activities for rail transportation	47	488210	145	47145	Roane County, Tennessee	yes	1.0	10.216460622710622	502.3650793650793
14351	48	Support activities for rail transportation	47	488210	149	47149	Rutherford County, Tennessee	yes	1.0	10.216460622710622	502.3650793650793
14352	48	Support activities for rail transportation	47	488210	157	47157	Shelby County, Tennessee	no	9.166666666666666	141.33333333333334	6613.666666666667
14353	48	Support activities for rail transportation	47	488210	163	47163	Sullivan County, Tennessee	yes	1.8333333333333333	19.182921245421245	911.174603174603
14354	48	Taxi service	47	485310	11	47011	Bradley County, Tennessee	yes	1.0	5.339705882352941	62.63088235294117
14355	48	Taxi service	47	485310	31	47031	Coffee County, Tennessee	yes	1.0	5.559803921568627	56.34915966386554
14356	48	Taxi service	47	485310	37	47037	Davidson County, Tennessee	no	9.333333333333334	67.33333333333333	1544.6666666666667
14357	48	Taxi service	47	485310	65	47065	Hamilton County, Tennessee	no	3.0	8.666666666666666	75.66666666666667
14358	48	Taxi service	47	485310	65	47065	Hamilton County, Tennessee	yes	2.6666666666666665	14.502941176470587	143.57689075630253
14359	48	Taxi service	47	485310	93	47093	Knox County, Tennessee	yes	1.6666666666666667	9.119607843137254	98.10308123249298
14360	48	Taxi service	47	485310	99	47099	Lawrence County, Tennessee	yes	1.1666666666666667	5.993239005003711	75.22921664392253
14361	48	Taxi service	47	485310	111	47111	Macon County, Tennessee	yes	1.0	6.529411764705882	76.41176470588235
14362	48	Taxi service	47	485310	125	47125	Montgomery County, Tennessee	yes	1.6666666666666667	8.277498264262972	100.3536875433934
14363	48	Taxi service	47	485310	139	47139	Polk County, Tennessee	yes	1.0	4.5801221001221	59.71035409035409
14364	48	Taxi service	47	485310	141	47141	Putnam County, Tennessee	yes	1.0	4.5801221001221	59.71035409035409
14365	48	Taxi service	47	485310	155	47155	Sevier County, Tennessee	yes	1.0	4.15	48.85
14366	48	Taxi service	47	485310	157	47157	Shelby County, Tennessee	no	5.0	17.5	596.0
14367	48	Taxi service	47	485310	157	47157	Shelby County, Tennessee	yes	2.25	10.974733354880414	148.7458548804137
14368	48	Taxi service	47	485310	163	47163	Sullivan County, Tennessee	yes	1.8333333333333333	9.11834075510546	116.84617838588427
14369	48	Taxi service	47	485310	165	47165	Sumner County, Tennessee	yes	1.0	5.075	46.31785714285714
14370	48	Taxi service	47	485310	179	47179	Washington County, Tennessee	yes	1.0	4.2502035002035	68.63868538868539
14371	48	Taxi service	47	485310	187	47187	Williamson County, Tennessee	yes	1.6666666666666667	7.97002202590438	111.76223754459049
14372	48	Taxi service	47	485310	189	47189	Wilson County, Tennessee	yes	1.0	4.968616677440207	68.26667744020685
14373	48	Used household and office goods moving	47	484210	1	47001	Anderson County, Tennessee	yes	1.0	9.007726016033653	224.60711568677652
14374	48	Used household and office goods moving	47	484210	3	47003	Bedford County, Tennessee	yes	1.0	9.007726016033653	224.60711568677652
14375	48	Used household and office goods moving	47	484210	9	47009	Blount County, Tennessee	no	4.0	12.0	264.0
14376	48	Used household and office goods moving	47	484210	9	47009	Blount County, Tennessee	yes	1.6666666666666667	12.572620177103099	255.9335863377609
14377	48	Used household and office goods moving	47	484210	13	47013	Campbell County, Tennessee	yes	1.0	8.6875	171.5
14378	48	Used household and office goods moving	47	484210	19	47019	Carter County, Tennessee	yes	1.3333333333333333	11.473570418310693	275.3729284635001
14379	48	Used household and office goods moving	47	484210	31	47031	Coffee County, Tennessee	yes	1.1666666666666667	10.194000525837575	248.91593921618826
14380	48	Used household and office goods moving	47	484210	35	47035	Cumberland County, Tennessee	no	3.5	11.0	581.75
14381	48	Used household and office goods moving	47	484210	35	47035	Cumberland County, Tennessee	yes	2.0	23.15753968253968	686.3603174603174
14382	48	Used household and office goods moving	47	484210	37	47037	Davidson County, Tennessee	no	21.166666666666668	288.6666666666667	10131.333333333334
14383	48	Used household and office goods moving	47	484210	43	47043	Dickson County, Tennessee	yes	1.0	7.40625	185.1875
14384	48	Used household and office goods moving	47	484210	45	47045	Dyer County, Tennessee	yes	1.0	7.722204103415559	165.3205941650854
14385	48	Used household and office goods moving	47	484210	47	47047	Fayette County, Tennessee	yes	1.0	9.007726016033653	224.60711568677652
14386	48	Used household and office goods moving	47	484210	51	47051	Franklin County, Tennessee	yes	1.6666666666666667	15.594802522263386	394.0408245108079
14387	48	Used household and office goods moving	47	484210	53	47053	Gibson County, Tennessee	yes	1.0	9.007726016033653	224.60711568677652
14388	48	Used household and office goods moving	47	484210	59	47059	Greene County, Tennessee	yes	1.0	11.57876984126984	343.1801587301587
14389	48	Used household and office goods moving	47	484210	63	47063	Hamblen County, Tennessee	yes	1.3333333333333333	12.8673159631236	339.0005019301628
14390	48	Used household and office goods moving	47	484210	65	47065	Hamilton County, Tennessee	no	9.666666666666666	204.5	6630.0
14391	48	Used household and office goods moving	47	484210	73	47073	Hawkins County, Tennessee	yes	1.0	9.007726016033653	224.60711568677652
14392	48	Used household and office goods moving	47	484210	79	47079	Henry County, Tennessee	yes	1.0	9.007726016033653	224.60711568677652
14393	48	Used household and office goods moving	47	484210	85	47085	Humphreys County, Tennessee	yes	1.0	11.57876984126984	343.1801587301587
14394	48	Used household and office goods moving	47	484210	93	47093	Knox County, Tennessee	no	11.666666666666666	160.16666666666666	5468.166666666667
14395	48	Used household and office goods moving	47	484210	99	47099	Lawrence County, Tennessee	yes	1.1666666666666667	10.242101016033654	255.47169902010987
14396	48	Used household and office goods moving	47	484210	107	47107	McMinn County, Tennessee	yes	1.0	9.007726016033653	224.60711568677652
14397	48	Used household and office goods moving	47	484210	113	47113	Madison County, Tennessee	no	3.5	10.5	428.5
14398	48	Used household and office goods moving	47	484210	113	47113	Madison County, Tennessee	yes	2.0	23.15753968253968	686.3603174603174
14399	48	Used household and office goods moving	47	484210	119	47119	Maury County, Tennessee	yes	1.0	9.007726016033653	224.60711568677652
14400	48	Used household and office goods moving	47	484210	125	47125	Montgomery County, Tennessee	no	7.166666666666667	85.5	2806.5
14401	48	Used household and office goods moving	47	484210	131	47131	Obion County, Tennessee	yes	1.0	9.007726016033653	224.60711568677652
14402	48	Used household and office goods moving	47	484210	135	47135	Perry County, Tennessee	yes	1.0	11.57876984126984	343.1801587301587
14403	48	Used household and office goods moving	47	484210	141	47141	Putnam County, Tennessee	yes	1.3333333333333333	11.428375525837575	279.78052254952166
14404	48	Used household and office goods moving	47	484210	149	47149	Rutherford County, Tennessee	no	7.666666666666667	135.0	5104.5
14405	48	Used household and office goods moving	47	484210	155	47155	Sevier County, Tennessee	yes	1.5	14.101690963123602	369.86508526349616
14406	48	Used household and office goods moving	47	484210	157	47157	Shelby County, Tennessee	no	22.5	456.5	19416.0
14407	48	Used household and office goods moving	47	484210	159	47159	Smith County, Tennessee	yes	1.6666666666666667	18.334193121693122	514.7402116402117
14408	48	Used household and office goods moving	47	484210	161	47161	Stewart County, Tennessee	yes	1.0	9.007726016033653	224.60711568677652
14409	48	Used household and office goods moving	47	484210	163	47163	Sullivan County, Tennessee	yes	1.8333333333333333	16.52234047292752	425.0384921262412
14410	48	Used household and office goods moving	47	484210	165	47165	Sumner County, Tennessee	yes	1.5	14.053590472927523	363.3093254595745
14411	48	Used household and office goods moving	47	484210	177	47177	Warren County, Tennessee	yes	1.0	9.007726016033653	224.60711568677652
14412	48	Used household and office goods moving	47	484210	179	47179	Washington County, Tennessee	yes	1.5	12.876292192504243	308.363855882855
14413	48	Used household and office goods moving	47	484210	187	47187	Williamson County, Tennessee	yes	4.166666666666667	38.74941439389376	984.1054313750589
14414	48	Used household and office goods moving	47	484210	189	47189	Wilson County, Tennessee	yes	1.0	8.182459677419354	165.1209677419355
14415	49	Couriers and express delivery services	47	492110	1	47001	Anderson County, Tennessee	yes	1.0	-6.455867048958138	-257.7669652007714
14416	49	Couriers and express delivery services	47	492110	5	47005	Benton County, Tennessee	yes	1.0	-10.50199406519536	-425.62266842620744
14417	49	Couriers and express delivery services	47	492110	9	47009	Blount County, Tennessee	no	9.333333333333334	292.6666666666667	10297.0
14418	49	Couriers and express delivery services	47	492110	11	47011	Bradley County, Tennessee	no	3.0	142.33333333333334	6350.666666666667
14419	49	Couriers and express delivery services	47	492110	11	47011	Bradley County, Tennessee	yes	2.0	-4.819480065441832	-179.82252395067061
14420	49	Couriers and express delivery services	47	492110	13	47013	Campbell County, Tennessee	yes	1.0	-2.409740032720916	-89.91126197533531
14421	49	Couriers and express delivery services	47	492110	19	47019	Carter County, Tennessee	yes	1.0	-8.634670487106018	-345.00143266475646
14422	49	Couriers and express delivery services	47	492110	31	47031	Coffee County, Tennessee	yes	1.0	-6.455867048958138	-257.7669652007714
14423	49	Couriers and express delivery services	47	492110	37	47037	Davidson County, Tennessee	no	48.666666666666664	4406.666666666667	178920.66666666666
14424	49	Couriers and express delivery services	47	492110	37	47037	Davidson County, Tennessee	yes	32.0	-76.62632257703216	-2866.1247736336622
14425	49	Couriers and express delivery services	47	492110	41	47041	DeKalb County, Tennessee	yes	1.0	-6.455867048958138	-257.7669652007714
14426	49	Couriers and express delivery services	47	492110	43	47043	Dickson County, Tennessee	yes	3.0	-19.367601146874417	-773.3008956023141
14427	49	Couriers and express delivery services	47	492110	45	47045	Dyer County, Tennessee	yes	2.0	-12.911734097916275	-515.5339304015428
14428	49	Couriers and express delivery services	47	492110	47	47047	Fayette County, Tennessee	yes	1.0	-8.37538443778541	-338.86589020854444
14429	49	Couriers and express delivery services	47	492110	53	47053	Gibson County, Tennessee	yes	2.3333333333333335	-13.784011521684143	-547.3903021299511
14430	49	Couriers and express delivery services	47	492110	63	47063	Hamblen County, Tennessee	yes	2.6666666666666665	-18.495323723106548	-741.4445238739057
14431	49	Couriers and express delivery services	47	492110	65	47065	Hamilton County, Tennessee	yes	9.166666666666666	-62.67217391388474	-2504.8779867184344
14432	49	Couriers and express delivery services	47	492110	79	47079	Henry County, Tennessee	yes	1.0	-6.455867048958138	-257.7669652007714
14433	49	Couriers and express delivery services	47	492110	93	47093	Knox County, Tennessee	yes	9.166666666666666	-62.68861528803575	-2506.515502501528
14434	49	Couriers and express delivery services	47	492110	97	47097	Lauderdale County, Tennessee	yes	1.0	-6.455867048958138	-257.7669652007714
14435	49	Couriers and express delivery services	47	492110	99	47099	Lawrence County, Tennessee	yes	2.0	-12.911734097916275	-515.5339304015428
14436	49	Couriers and express delivery services	47	492110	107	47107	McMinn County, Tennessee	yes	1.0	-6.455867048958138	-257.7669652007714
14437	49	Couriers and express delivery services	47	492110	109	47109	McNairy County, Tennessee	yes	1.0	-6.455867048958138	-257.7669652007714
14438	49	Couriers and express delivery services	47	492110	113	47113	Madison County, Tennessee	no	5.333333333333333	165.16666666666666	7659.5
14439	49	Couriers and express delivery services	47	492110	119	47119	Maury County, Tennessee	yes	3.0	-19.367601146874417	-773.3008956023141
14440	49	Couriers and express delivery services	47	492110	125	47125	Montgomery County, Tennessee	no	3.6666666666666665	130.0	6305.333333333333
14441	49	Couriers and express delivery services	47	492110	125	47125	Montgomery County, Tennessee	yes	3.0	-7.229220098162749	-269.73378592600596
14442	49	Couriers and express delivery services	47	492110	141	47141	Putnam County, Tennessee	no	5.0	161.5	6697.0
14443	49	Couriers and express delivery services	47	492110	143	47143	Rhea County, Tennessee	yes	1.0	-2.6702127659574466	-95.35904255319149
14444	49	Couriers and express delivery services	47	492110	147	47147	Robertson County, Tennessee	yes	1.0	-10.50199406519536	-425.62266842620744
14445	49	Couriers and express delivery services	47	492110	149	47149	Rutherford County, Tennessee	no	9.666666666666666	417.3333333333333	14980.166666666666
14446	49	Couriers and express delivery services	47	492110	155	47155	Sevier County, Tennessee	yes	1.0	-14.236641221374047	-586.8651399491094
14447	49	Couriers and express delivery services	47	492110	157	47157	Shelby County, Tennessee	yes	306.0	-1960.972746043278	-78383.65794412747
14448	49	Couriers and express delivery services	47	492110	163	47163	Sullivan County, Tennessee	no	5.0	152.0	4344.0
14449	49	Couriers and express delivery services	47	492110	163	47163	Sullivan County, Tennessee	yes	5.25	-45.43608249427056	-1841.0457360299997
14450	49	Couriers and express delivery services	47	492110	165	47165	Sumner County, Tennessee	yes	1.0	-6.265216184526449	-253.7466277739746
14451	49	Couriers and express delivery services	47	492110	167	47167	Tipton County, Tennessee	yes	1.0	-2.616832271303596	-95.56911518522517
14452	49	Couriers and express delivery services	47	492110	175	47175	Van Buren County, Tennessee	yes	1.0	-8.1160983884648	-332.7303477523325
14453	49	Couriers and express delivery services	47	492110	179	47179	Washington County, Tennessee	yes	6.5	-43.98619932634651	-1759.4131254177319
14454	49	Couriers and express delivery services	47	492110	185	47185	White County, Tennessee	yes	1.0	-6.455867048958138	-257.7669652007714
14455	49	Couriers and express delivery services	47	492110	187	47187	Williamson County, Tennessee	yes	3.1666666666666665	-21.91323204998383	-875.2021138979738
14456	49	Couriers and express delivery services	47	492110	189	47189	Wilson County, Tennessee	yes	2.1666666666666665	-17.290453706746092	-696.488892886238
14457	49	Farm product warehousing and storage	47	493130	31	47031	Coffee County, Tennessee	yes	1.0	9.435185185185185	332.380787037037
14458	49	Farm product warehousing and storage	47	493130	45	47045	Dyer County, Tennessee	yes	1.0	9.435185185185185	332.380787037037
14459	49	Farm product warehousing and storage	47	493130	47	47047	Fayette County, Tennessee	yes	1.0	9.435185185185185	332.380787037037
14460	49	Farm product warehousing and storage	47	493130	53	47053	Gibson County, Tennessee	yes	1.0	9.435185185185185	332.380787037037
14461	49	Farm product warehousing and storage	47	493130	75	47075	Haywood County, Tennessee	yes	1.0	9.435185185185185	332.380787037037
14462	49	Farm product warehousing and storage	47	493130	125	47125	Montgomery County, Tennessee	yes	1.0	9.435185185185185	332.380787037037
14463	49	Farm product warehousing and storage	47	493130	147	47147	Robertson County, Tennessee	yes	1.0	9.435185185185185	332.380787037037
14464	49	Farm product warehousing and storage	47	493130	157	47157	Shelby County, Tennessee	no	9.0	82.66666666666667	3345.6666666666665
14465	49	Farm product warehousing and storage	47	493130	167	47167	Tipton County, Tennessee	yes	1.6666666666666667	14.953703703703704	547.2511574074074
14466	49	General warehousing and storage	47	493110	1	47001	Anderson County, Tennessee	yes	1.8333333333333333	161.32508359201375	5266.299879858595
14467	49	General warehousing and storage	47	493110	3	47003	Bedford County, Tennessee	yes	4.166666666666667	326.07304606042925	10999.833505024819
14468	49	General warehousing and storage	47	493110	9	47009	Blount County, Tennessee	no	4.833333333333333	28.0	1108.5
14469	49	General warehousing and storage	47	493110	11	47011	Bradley County, Tennessee	no	7.666666666666667	927.6666666666666	40597.333333333336
14470	49	General warehousing and storage	47	493110	11	47011	Bradley County, Tennessee	yes	8.333333333333334	771.7415331369906	24550.64507229738
14471	49	General warehousing and storage	47	493110	13	47013	Campbell County, Tennessee	no	3.0	0.0	46.0
14472	49	General warehousing and storage	47	493110	13	47013	Campbell County, Tennessee	yes	1.4	104.08337241144977	3514.9822898142397
14473	49	General warehousing and storage	47	493110	15	47015	Cannon County, Tennessee	yes	1.0	81.16104425291137	2747.460921072663
14474	49	General warehousing and storage	47	493110	19	47019	Carter County, Tennessee	yes	1.3333333333333333	100.3126010607862	3467.907401472699
14475	49	General warehousing and storage	47	493110	23	47023	Chester County, Tennessee	no	3.0	15.0	388.0
14476	49	General warehousing and storage	47	493110	23	47023	Chester County, Tennessee	yes	2.4	190.08520016107954	6488.208903797898
14477	49	General warehousing and storage	47	493110	31	47031	Coffee County, Tennessee	yes	2.0	157.4828998418088	5315.753709034149
14478	49	General warehousing and storage	47	493110	33	47033	Crockett County, Tennessee	yes	1.0	85.75544817153391	2771.7694613421754
14479	49	General warehousing and storage	47	493110	35	47035	Cumberland County, Tennessee	yes	2.0	157.4828998418088	5315.753709034149
14480	49	General warehousing and storage	47	493110	37	47037	Davidson County, Tennessee	no	31.5	1284.6666666666667	49886.5
14481	49	General warehousing and storage	47	493110	45	47045	Dyer County, Tennessee	yes	1.3333333333333333	109.27406943204436	3634.752692717378
14482	49	General warehousing and storage	47	493110	49	47049	Fentress County, Tennessee	yes	1.0	78.7414499209044	2657.8768545170747
14483	49	General warehousing and storage	47	493110	53	47053	Gibson County, Tennessee	yes	1.0	66.64347826086957	2209.9565217391305
14484	49	General warehousing and storage	47	493110	59	47059	Greene County, Tennessee	no	5.0	1239.6666666666667	48195.0
14485	49	General warehousing and storage	47	493110	59	47059	Greene County, Tennessee	yes	4.333333333333333	413.6142664603404	13124.095951679728
14486	49	General warehousing and storage	47	493110	63	47063	Hamblen County, Tennessee	yes	1.0	78.7414499209044	2657.8768545170747
14487	49	General warehousing and storage	47	493110	65	47065	Hamilton County, Tennessee	no	26.333333333333332	3416.0	110900.33333333333
14488	49	General warehousing and storage	47	493110	65	47065	Hamilton County, Tennessee	yes	28.666666666666668	2640.726225061981	84055.48690161236
14489	49	General warehousing and storage	47	493110	75	47075	Haywood County, Tennessee	yes	2.0	157.4828998418088	5315.753709034149
14490	49	General warehousing and storage	47	493110	77	47077	Henderson County, Tennessee	yes	1.8333333333333333	146.3756534649972	4947.427622077626
14491	49	General warehousing and storage	47	493110	85	47085	Humphreys County, Tennessee	yes	2.8333333333333335	216.79897662838485	7365.080812307442
14492	49	General warehousing and storage	47	493110	93	47093	Knox County, Tennessee	no	17.5	740.0	28127.166666666668
14493	49	General warehousing and storage	47	493110	99	47099	Lawrence County, Tennessee	yes	2.75	241.77905637900852	7776.100756907881
14494	49	General warehousing and storage	47	493110	103	47103	Lincoln County, Tennessee	yes	1.1666666666666667	89.848696297716	3026.2029414735957
14495	49	General warehousing and storage	47	493110	105	47105	Loudon County, Tennessee	no	4.0	24.5	962.5
14496	49	General warehousing and storage	47	493110	105	47105	Loudon County, Tennessee	yes	3.25	244.92971190204332	8371.597160296966
14497	49	General warehousing and storage	47	493110	107	47107	McMinn County, Tennessee	yes	6.0	478.43666128118474	16099.288093638736
14498	49	General warehousing and storage	47	493110	109	47109	McNairy County, Tennessee	yes	1.0	81.16104425291137	2747.460921072663
14499	49	General warehousing and storage	47	493110	113	47113	Madison County, Tennessee	no	7.333333333333333	287.0	8219.0
14500	49	General warehousing and storage	47	493110	117	47117	Marshall County, Tennessee	yes	1.3333333333333333	100.3126010607862	3467.907401472699
14501	49	General warehousing and storage	47	493110	119	47119	Maury County, Tennessee	yes	1.0	78.7414499209044	2657.8768545170747
14502	49	General warehousing and storage	47	493110	123	47123	Monroe County, Tennessee	yes	1.8333333333333333	147.01899507873858	4874.049249035047
14503	49	General warehousing and storage	47	493110	125	47125	Montgomery County, Tennessee	yes	1.5	110.63745981784832	3827.3791528851284
14504	49	General warehousing and storage	47	493110	131	47131	Obion County, Tennessee	yes	1.0	66.64347826086957	2209.9565217391305
14505	49	General warehousing and storage	47	493110	139	47139	Polk County, Tennessee	yes	1.0	66.64347826086957	2209.9565217391305
14506	49	General warehousing and storage	47	493110	141	47141	Putnam County, Tennessee	yes	1.5	111.41984743759777	3836.23348842922
14507	49	General warehousing and storage	47	493110	143	47143	Rhea County, Tennessee	yes	1.0	78.7414499209044	2657.8768545170747
14508	49	General warehousing and storage	47	493110	147	47147	Robertson County, Tennessee	yes	2.5	204.32833986576927	6804.128265183171
14509	49	General warehousing and storage	47	493110	149	47149	Rutherford County, Tennessee	no	24.75	2436.75	96379.25
14510	49	General warehousing and storage	47	493110	149	47149	Rutherford County, Tennessee	yes	23.5	2505.5361653272103	78526.6874282434
14511	49	General warehousing and storage	47	493110	151	47151	Scott County, Tennessee	yes	1.3333333333333333	106.1615168105365	3537.7016594223146
14512	49	General warehousing and storage	47	493110	153	47153	Sequatchie County, Tennessee	yes	1.0	81.9930485484203	2837.160596398811
14513	49	General warehousing and storage	47	493110	155	47155	Sevier County, Tennessee	yes	1.0	78.7414499209044	2657.8768545170747
14514	49	General warehousing and storage	47	493110	157	47157	Shelby County, Tennessee	no	98.0	5983.0	268677.0
14515	49	General warehousing and storage	47	493110	159	47159	Smith County, Tennessee	yes	1.0	78.7414499209044	2657.8768545170747
14516	49	General warehousing and storage	47	493110	163	47163	Sullivan County, Tennessee	no	6.5	556.75	18556.25
14517	49	General warehousing and storage	47	493110	163	47163	Sullivan County, Tennessee	yes	7.5	699.4611291369241	22340.041855937703
14518	49	General warehousing and storage	47	493110	165	47165	Sumner County, Tennessee	no	7.666666666666667	919.0	36677.666666666664
14519	49	General warehousing and storage	47	493110	165	47165	Sumner County, Tennessee	yes	7.0	632.9068101474376	20409.22915539642
14520	49	General warehousing and storage	47	493110	167	47167	Tipton County, Tennessee	yes	1.0	89.25069567417151	2904.064507968631
14521	49	General warehousing and storage	47	493110	177	47177	Warren County, Tennessee	no	3.0	48.0	1528.0
14522	49	General warehousing and storage	47	493110	177	47177	Warren County, Tennessee	yes	2.0	171.51089634306783	5543.538922684351
14523	49	General warehousing and storage	47	493110	179	47179	Washington County, Tennessee	no	3.0	106.0	4179.5
14524	49	General warehousing and storage	47	493110	179	47179	Washington County, Tennessee	yes	2.0	153.9641490938169	5334.156148835504
14525	49	General warehousing and storage	47	493110	183	47183	Weakley County, Tennessee	yes	1.0	65.35679503338677	2356.7132678242924
14526	49	General warehousing and storage	47	493110	185	47185	White County, Tennessee	yes	1.0	89.25069567417151	2904.064507968631
14527	49	General warehousing and storage	47	493110	187	47187	Williamson County, Tennessee	no	3.5	45.666666666666664	2142.6666666666665
14528	49	General warehousing and storage	47	493110	189	47189	Wilson County, Tennessee	no	14.666666666666666	1167.1666666666667	69099.0
14529	49	Local messengers and local delivery	47	492210	3	47003	Bedford County, Tennessee	yes	1.0	6.729638009049774	173.54411764705884
14530	49	Local messengers and local delivery	47	492210	9	47009	Blount County, Tennessee	yes	1.1666666666666667	5.5541063354045095	184.30734757016705
14531	49	Local messengers and local delivery	47	492210	11	47011	Bradley County, Tennessee	yes	1.0	2.8339238539238543	113.87858585858585
14532	49	Local messengers and local delivery	47	492210	13	47013	Campbell County, Tennessee	yes	1.0	4.806631587929762	169.8780546408741
14533	49	Local messengers and local delivery	47	492210	15	47015	Cannon County, Tennessee	yes	1.0	6.2278325123152705	229.02216748768473
14534	49	Local messengers and local delivery	47	492210	19	47019	Carter County, Tennessee	yes	1.0	4.806631587929762	169.8780546408741
14535	49	Local messengers and local delivery	47	492210	21	47021	Cheatham County, Tennessee	yes	1.0	4.806631587929762	169.8780546408741
14536	49	Local messengers and local delivery	47	492210	37	47037	Davidson County, Tennessee	no	10.166666666666666	20.333333333333332	1201.8333333333333
14537	49	Local messengers and local delivery	47	492210	45	47045	Dyer County, Tennessee	yes	1.0	4.096031125737008	140.3059982174688
14538	49	Local messengers and local delivery	47	492210	47	47047	Fayette County, Tennessee	yes	1.0	4.870988208546018	186.53851405389742
14539	49	Local messengers and local delivery	47	492210	53	47053	Gibson County, Tennessee	yes	1.0	2.8339238539238543	113.87858585858585
14540	49	Local messengers and local delivery	47	492210	59	47059	Greene County, Tennessee	yes	1.0	5.5769230769230775	127.5
14541	49	Local messengers and local delivery	47	492210	65	47065	Hamilton County, Tennessee	no	4.0	13.0	542.0
14542	49	Local messengers and local delivery	47	492210	65	47065	Hamilton County, Tennessee	yes	1.5	4.82724324694913	193.8399376114082
14543	49	Local messengers and local delivery	47	492210	69	47069	Hardeman County, Tennessee	yes	1.0	4.806631587929762	169.8780546408741
14544	49	Local messengers and local delivery	47	492210	71	47071	Hardin County, Tennessee	yes	1.0	6.2278325123152705	229.02216748768473
14545	49	Local messengers and local delivery	47	492210	93	47093	Knox County, Tennessee	no	5.4	12.0	346.8
14546	49	Local messengers and local delivery	47	492210	93	47093	Knox County, Tennessee	yes	5.0	22.424242424242426	432.8787878787879
14547	49	Local messengers and local delivery	47	492210	113	47113	Madison County, Tennessee	yes	1.0	1.4624242424242426	107.06787878787878
14548	49	Local messengers and local delivery	47	492210	119	47119	Maury County, Tennessee	yes	1.0	4.096031125737008	140.3059982174688
14549	49	Local messengers and local delivery	47	492210	125	47125	Montgomery County, Tennessee	yes	1.6666666666666667	10.467800173682527	260.25074272133094
14550	49	Local messengers and local delivery	47	492210	141	47141	Putnam County, Tennessee	yes	1.6666666666666667	7.370050506176267	281.90807006606195
14551	49	Local messengers and local delivery	47	492210	149	47149	Rutherford County, Tennessee	no	5.666666666666667	21.0	757.3333333333334
14552	49	Local messengers and local delivery	47	492210	149	47149	Rutherford County, Tennessee	yes	2.3333333333333335	7.526822066822067	270.25717171717173
14553	49	Local messengers and local delivery	47	492210	155	47155	Sevier County, Tennessee	yes	1.0	4.806631587929762	169.8780546408741
14554	49	Local messengers and local delivery	47	492210	157	47157	Shelby County, Tennessee	no	5.5	77.25	2430.5
14555	49	Local messengers and local delivery	47	492210	157	47157	Shelby County, Tennessee	yes	4.0	8.872121212121213	407.7793939393939
14556	49	Local messengers and local delivery	47	492210	163	47163	Sullivan County, Tennessee	yes	1.0	4.806631587929762	169.8780546408741
14557	49	Local messengers and local delivery	47	492210	165	47165	Sumner County, Tennessee	no	3.0	14.0	794.0
14558	49	Local messengers and local delivery	47	492210	165	47165	Sumner County, Tennessee	yes	1.5	9.843554265207409	288.0552013909012
14559	49	Local messengers and local delivery	47	492210	179	47179	Washington County, Tennessee	no	4.0	11.333333333333334	386.0
14560	49	Local messengers and local delivery	47	492210	179	47179	Washington County, Tennessee	yes	1.6666666666666667	3.8088733488733495	185.2571717171717
14561	49	Local messengers and local delivery	47	492210	185	47185	White County, Tennessee	yes	1.0	6.2278325123152705	229.02216748768473
14562	49	Local messengers and local delivery	47	492210	187	47187	Williamson County, Tennessee	no	3.6666666666666665	23.666666666666668	422.3333333333333
14563	49	Local messengers and local delivery	47	492210	187	47187	Williamson County, Tennessee	yes	1.3333333333333333	4.692898212898213	156.37858585858586
14564	49	Other warehousing and storage	47	493190	9	47009	Blount County, Tennessee	yes	1.0	31.5402183600713	1483.8173908199644
14565	49	Other warehousing and storage	47	493190	11	47011	Bradley County, Tennessee	yes	1.25	44.58817055692056	2016.3294302825552
14566	49	Other warehousing and storage	47	493190	25	47025	Claiborne County, Tennessee	yes	1.0	35.05378557032969	1612.9604382959162
14567	49	Other warehousing and storage	47	493190	37	47037	Davidson County, Tennessee	no	10.666666666666666	63.666666666666664	4572.0
14568	49	Other warehousing and storage	47	493190	37	47037	Davidson County, Tennessee	yes	10.0	405.23986486486484	18453.631193693695
14569	49	Other warehousing and storage	47	493190	43	47043	Dickson County, Tennessee	yes	1.0	35.05378557032969	1612.9604382959162
14570	49	Other warehousing and storage	47	493190	59	47059	Greene County, Tennessee	yes	1.0	30.39126559714795	1473.425579322638
14571	49	Other warehousing and storage	47	493190	63	47063	Hamblen County, Tennessee	yes	1.0	35.05378557032969	1612.9604382959162
14572	49	Other warehousing and storage	47	493190	65	47065	Hamilton County, Tennessee	no	6.333333333333333	26.5	2052.5
14573	49	Other warehousing and storage	47	493190	73	47073	Hawkins County, Tennessee	yes	1.0	29.205288175876415	1370.9920528817586
14574	49	Other warehousing and storage	47	493190	85	47085	Humphreys County, Tennessee	yes	1.0	36.30204268439562	1668.6712759550996
14575	49	Other warehousing and storage	47	493190	93	47093	Knox County, Tennessee	yes	7.666666666666667	264.5848323256411	12180.327234738079
14576	49	Other warehousing and storage	47	493190	105	47105	Loudon County, Tennessee	yes	1.5	47.417780748663105	2257.8829656862745
14577	49	Other warehousing and storage	47	493190	119	47119	Maury County, Tennessee	yes	1.0	32.22214795008912	1521.1701760249555
14578	49	Other warehousing and storage	47	493190	141	47141	Putnam County, Tennessee	yes	1.1666666666666667	39.52600779255191	1807.314604962583
14579	49	Other warehousing and storage	47	493190	149	47149	Rutherford County, Tennessee	yes	1.8333333333333333	65.30548780732605	3003.519834925166
14580	49	Other warehousing and storage	47	493190	157	47157	Shelby County, Tennessee	no	11.75	823.0	41439.5
14581	49	Other warehousing and storage	47	493190	157	47157	Shelby County, Tennessee	yes	10.5	484.4336609336609	21994.267813267812
14582	49	Other warehousing and storage	47	493190	163	47163	Sullivan County, Tennessee	yes	1.2	41.66870935106229	1901.8962759550996
14583	49	Other warehousing and storage	47	493190	179	47179	Washington County, Tennessee	yes	1.0	26.833333333333332	1166.125
14584	49	Other warehousing and storage	47	493190	187	47187	Williamson County, Tennessee	yes	1.0	40.71706081081081	1796.540962837838
14585	49	Other warehousing and storage	47	493190	189	47189	Wilson County, Tennessee	yes	1.5	55.504927052721165	2540.4248501509533
14586	49	Refrigerated warehousing and storage	47	493120	37	47037	Davidson County, Tennessee	yes	2.8333333333333335	107.32151835093013	4234.283006535948
14587	49	Refrigerated warehousing and storage	47	493120	53	47053	Gibson County, Tennessee	yes	1.0	30.78974358974359	1165.1478632478631
14588	49	Refrigerated warehousing and storage	47	493120	65	47065	Hamilton County, Tennessee	yes	3.0	108.80000000000001	2952.6000000000004
14589	49	Refrigerated warehousing and storage	47	493120	79	47079	Henry County, Tennessee	yes	1.0	31.025641025641026	1169.5275641025642
14590	49	Refrigerated warehousing and storage	47	493120	107	47107	McMinn County, Tennessee	yes	1.0	36.266666666666666	984.1999999999999
14591	49	Refrigerated warehousing and storage	47	493120	113	47113	Madison County, Tennessee	yes	2.3333333333333335	91.43775766716944	3739.2035193564607
14592	49	Refrigerated warehousing and storage	47	493120	123	47123	Monroe County, Tennessee	yes	1.0	37.62569130216189	1495.2702614379086
14593	49	Refrigerated warehousing and storage	47	493120	141	47141	Putnam County, Tennessee	yes	1.0	37.89749622926094	1597.4843137254902
14594	49	Refrigerated warehousing and storage	47	493120	149	47149	Rutherford County, Tennessee	no	4.0	285.4	15524.6
14595	49	Refrigerated warehousing and storage	47	493120	149	47149	Rutherford County, Tennessee	yes	4.0	133.33333333333331	6036.666666666666
14596	49	Refrigerated warehousing and storage	47	493120	157	47157	Shelby County, Tennessee	yes	1.3333333333333333	48.47013574660633	1943.9091503267975
14597	49	Refrigerated warehousing and storage	47	493120	167	47167	Tipton County, Tennessee	yes	1.0	44.46163901458019	1825.3926596279537
14598	49	Refrigerated warehousing and storage	47	493120	179	47179	Washington County, Tennessee	yes	1.0	37.62569130216189	1495.2702614379086
14599	49	Refrigerated warehousing and storage	47	493120	183	47183	Weakley County, Tennessee	yes	1.0	37.62569130216189	1495.2702614379086
14600	49	Refrigerated warehousing and storage	47	493120	189	47189	Wilson County, Tennessee	yes	1.1666666666666667	43.18124685771745	1746.7980392156862
14601	51	All other information services	47	519190	37	47037	Davidson County, Tennessee	yes	1.0	4.555555555555555	1135.3333333333333
14602	51	All other information services	47	519190	93	47093	Knox County, Tennessee	yes	1.0	38.18888888888889	1037.5740740740741
14603	51	All other information services	47	519190	113	47113	Madison County, Tennessee	yes	1.0	38.18888888888889	1037.5740740740741
14604	51	All other information services	47	519190	141	47141	Putnam County, Tennessee	yes	1.0	38.18888888888889	1037.5740740740741
14605	51	All other information services	47	519190	157	47157	Shelby County, Tennessee	yes	1.5	53.27777777777777	1148.488888888889
14606	51	All other information services	47	519190	165	47165	Sumner County, Tennessee	yes	1.3333333333333333	45.155555555555566	1447.674074074074
14607	51	All other information services	47	519190	187	47187	Williamson County, Tennessee	no	3.3333333333333335	5.0	763.6666666666666
14608	51	All other information services	47	519190	187	47187	Williamson County, Tennessee	yes	3.0	30.333333333333332	1964.4444444444441
14609	51	All other publishers	47	511199	37	47037	Davidson County, Tennessee	yes	1.25	6.020833333333333	208.97916666666666
14610	51	All other publishers	47	511199	47	47047	Fayette County, Tennessee	yes	1.0	6.21875	234.59375
14611	51	All other publishers	47	511199	93	47093	Knox County, Tennessee	yes	1.0	5.784722222222221	205.00694444444443
14612	51	All other publishers	47	511199	149	47149	Rutherford County, Tennessee	yes	1.0	5.784722222222221	205.00694444444443
14613	51	All other publishers	47	511199	157	47157	Shelby County, Tennessee	yes	1.0	5.3125	197.0625
14614	51	All other publishers	47	511199	165	47165	Sumner County, Tennessee	yes	1.0	5.784722222222221	205.00694444444443
14615	51	All other publishers	47	511199	167	47167	Tipton County, Tennessee	yes	1.0	6.583333333333333	250.04166666666666
14616	51	All other publishers	47	511199	179	47179	Washington County, Tennessee	yes	1.0	5.784722222222221	205.00694444444443
14617	51	All other publishers	47	511199	187	47187	Williamson County, Tennessee	yes	1.1666666666666667	6.638888888888888	236.38194444444443
14618	51	All other telecommunications	47	517919	1	47001	Anderson County, Tennessee	yes	1.0	4.405572755417957	195.7797987616099
14619	51	All other telecommunications	47	517919	11	47011	Bradley County, Tennessee	yes	1.75	6.911525136370337	348.44646542827655
14620	51	All other telecommunications	47	517919	19	47019	Carter County, Tennessee	yes	1.0	2.275	374.3554347826087
14621	51	All other telecommunications	47	517919	31	47031	Coffee County, Tennessee	yes	1.0	2.5325396825396824	311.72902001380265
14622	51	All other telecommunications	47	517919	37	47037	Davidson County, Tennessee	no	15.5	157.25	3020.75
14623	51	All other telecommunications	47	517919	37	47037	Davidson County, Tennessee	yes	2.5	4.55	1027.841304347826
14624	51	All other telecommunications	47	517919	39	47039	Decatur County, Tennessee	yes	1.0	3.3895559978377316	260.7434905464856
14625	51	All other telecommunications	47	517919	55	47055	Giles County, Tennessee	yes	1.0	2.826190476190476	328.8083850931677
14626	51	All other telecommunications	47	517919	65	47065	Hamilton County, Tennessee	no	4.6	10.8	519.2
14627	51	All other telecommunications	47	517919	65	47065	Hamilton County, Tennessee	yes	3.0	0.0	1674.782608695652
14628	51	All other telecommunications	47	517919	73	47073	Hawkins County, Tennessee	yes	1.0	3.3895559978377316	260.7434905464856
14629	51	All other telecommunications	47	517919	81	47081	Hickman County, Tennessee	yes	1.0	2.9646911396137403	284.07416439115696
14630	51	All other telecommunications	47	517919	89	47089	Jefferson County, Tennessee	yes	1.0	4.405572755417957	195.7797987616099
14631	51	All other telecommunications	47	517919	93	47093	Knox County, Tennessee	no	6.0	23.0	852.0
14632	51	All other telecommunications	47	517919	93	47093	Knox County, Tennessee	yes	1.75	5.387499999999999	445.8920031055901
14633	51	All other telecommunications	47	517919	105	47105	Loudon County, Tennessee	yes	1.0	3.0476190476190474	186.47619047619045
14634	51	All other telecommunications	47	517919	107	47107	McMinn County, Tennessee	yes	1.0	4.405572755417957	195.7797987616099
14635	51	All other telecommunications	47	517919	113	47113	Madison County, Tennessee	yes	1.0	3.340286377708978	285.0676167721093
14636	51	All other telecommunications	47	517919	119	47119	Maury County, Tennessee	yes	1.0	4.239285714285714	214.08214285714286
14637	51	All other telecommunications	47	517919	125	47125	Montgomery County, Tennessee	no	3.0	8.0	76.0
14638	51	All other telecommunications	47	517919	125	47125	Montgomery County, Tennessee	yes	2.0	6.095238095238095	372.9523809523809
14639	51	All other telecommunications	47	517919	141	47141	Putnam County, Tennessee	yes	1.0	2.826190476190476	328.8083850931677
14640	51	All other telecommunications	47	517919	149	47149	Rutherford County, Tennessee	no	4.0	3.0	59.0
14641	51	All other telecommunications	47	517919	149	47149	Rutherford County, Tennessee	yes	1.0	3.0476190476190474	186.47619047619045
14642	51	All other telecommunications	47	517919	151	47151	Scott County, Tennessee	yes	1.0	4.405572755417957	195.7797987616099
14643	51	All other telecommunications	47	517919	155	47155	Sevier County, Tennessee	no	3.0	4.0	141.0
14644	51	All other telecommunications	47	517919	155	47155	Sevier County, Tennessee	yes	2.6	8.935258735072974	646.3058206257331
14645	51	All other telecommunications	47	517919	157	47157	Shelby County, Tennessee	no	8.166666666666666	20.833333333333332	1674.1666666666667
14646	51	All other telecommunications	47	517919	163	47163	Sullivan County, Tennessee	yes	1.3333333333333333	4.968794535358003	254.83732615853356
14647	51	All other telecommunications	47	517919	165	47165	Sumner County, Tennessee	yes	1.3333333333333333	4.802651235932969	332.10420483219985
14648	51	All other telecommunications	47	517919	179	47179	Washington County, Tennessee	yes	1.3333333333333333	4.147889331171065	385.52863547402177
14649	51	All other telecommunications	47	517919	185	47185	White County, Tennessee	yes	1.0	2.275	374.3554347826087
14650	51	All other telecommunications	47	517919	187	47187	Williamson County, Tennessee	no	3.0	15.333333333333334	859.3333333333334
14651	51	All other telecommunications	47	517919	187	47187	Williamson County, Tennessee	yes	1.3333333333333333	4.135714285714285	408.04648033126296
14652	51	All other telecommunications	47	517919	189	47189	Wilson County, Tennessee	yes	1.0	3.3895559978377316	260.7434905464856
14653	51	Book publishers	47	511130	1	47001	Anderson County, Tennessee	yes	1.0	3.3999999999999995	723.0111111111111
14654	51	Book publishers	47	511130	3	47003	Bedford County, Tennessee	yes	1.0	11.318178344338468	741.7383478709817
14655	51	Book publishers	47	511130	9	47009	Blount County, Tennessee	yes	1.0	8.833333333333332	297.72222222222223
14656	51	Book publishers	47	511130	11	47011	Bradley County, Tennessee	yes	2.5	26.08612028205755	1891.51421347246
14657	51	Book publishers	47	511130	13	47013	Campbell County, Tennessee	yes	1.0	11.318178344338468	741.7383478709817
14658	51	Book publishers	47	511130	31	47031	Coffee County, Tennessee	yes	1.0	25.689655172413794	1283.4827586206895
14659	51	Book publishers	47	511130	37	47037	Davidson County, Tennessee	no	12.25	480.0	34364.25
14660	51	Book publishers	47	511130	37	47037	Davidson County, Tennessee	yes	12.0	141.93793103448277	14590.696551724137
14661	51	Book publishers	47	511130	55	47055	Giles County, Tennessee	yes	1.0	11.318178344338468	741.7383478709817
14662	51	Book publishers	47	511130	65	47065	Hamilton County, Tennessee	yes	2.5	27.897231393168664	1749.7512505094971
14663	51	Book publishers	47	511130	89	47089	Jefferson County, Tennessee	no	3.0	8.0	62.0
14664	51	Book publishers	47	511130	89	47089	Jefferson County, Tennessee	yes	1.0	17.26149425287356	790.6024904214559
14665	51	Book publishers	47	511130	93	47093	Knox County, Tennessee	no	3.0	19.0	741.0
14666	51	Book publishers	47	511130	93	47093	Knox County, Tennessee	yes	2.8	30.30751100513573	2234.9281672780626
14667	51	Book publishers	47	511130	101	47101	Lewis County, Tennessee	yes	1.0	11.318178344338468	741.7383478709817
14668	51	Book publishers	47	511130	125	47125	Montgomery County, Tennessee	yes	1.0	11.318178344338468	741.7383478709817
14669	51	Book publishers	47	511130	141	47141	Putnam County, Tennessee	yes	1.0	11.318178344338468	741.7383478709817
14670	51	Book publishers	47	511130	147	47147	Robertson County, Tennessee	yes	1.0	19.188577586206897	852.2413793103448
14671	51	Book publishers	47	511130	149	47149	Rutherford County, Tennessee	yes	1.0	11.318178344338468	741.7383478709817
14672	51	Book publishers	47	511130	155	47155	Sevier County, Tennessee	yes	1.0	10.521749408983451	532.549109535067
14673	51	Book publishers	47	511130	157	47157	Shelby County, Tennessee	no	3.25	9.0	678.75
14674	51	Book publishers	47	511130	157	47157	Shelby County, Tennessee	yes	3.0	34.09787234042553	1949.887659574468
14675	51	Book publishers	47	511130	165	47165	Sumner County, Tennessee	yes	1.5	13.065957446808511	1011.4681087470449
14676	51	Book publishers	47	511130	171	47171	Unicoi County, Tennessee	yes	1.0	11.318178344338468	741.7383478709817
14677	51	Book publishers	47	511130	179	47179	Washington County, Tennessee	yes	2.0	22.73191489361702	1299.9251063829788
14678	51	Book publishers	47	511130	187	47187	Williamson County, Tennessee	no	7.333333333333333	68.83333333333333	5359.833333333333
14679	51	Cable and other subscription programming	47	515210	31	47031	Coffee County, Tennessee	yes	1.0	0.0	0.0
14680	51	Cable and other subscription programming	47	515210	37	47037	Davidson County, Tennessee	yes	1.1666666666666667	0.0	0.0
14681	51	Cable and other subscription programming	47	515210	61	47061	Grundy County, Tennessee	yes	1.0	0.0	0.0
14682	51	Cable and other subscription programming	47	515210	93	47093	Knox County, Tennessee	yes	2.0	0.0	0.0
14683	51	Cable and other subscription programming	47	515210	115	47115	Marion County, Tennessee	yes	1.0	0.0	0.0
14684	51	Cable and other subscription programming	47	515210	165	47165	Sumner County, Tennessee	yes	1.0	0.0	0.0
14685	51	Cable and other subscription programming	47	515210	187	47187	Williamson County, Tennessee	yes	1.5	0.0	0.0
14686	51	Data processing, hosting, and related services	47	518210	9	47009	Blount County, Tennessee	yes	1.0	19.439493433395874	806.8222326454035
14687	51	Data processing, hosting, and related services	47	518210	11	47011	Bradley County, Tennessee	yes	1.0	22.609756097560975	538.6829268292684
14688	51	Data processing, hosting, and related services	47	518210	21	47021	Cheatham County, Tennessee	yes	1.0	18.09293512249504	845.5218248573233
14689	51	Data processing, hosting, and related services	47	518210	23	47023	Chester County, Tennessee	yes	1.0	18.63821138211382	673.693315266486
14690	51	Data processing, hosting, and related services	47	518210	27	47027	Clay County, Tennessee	yes	1.0	22.609756097560975	538.6829268292684
14691	51	Data processing, hosting, and related services	47	518210	31	47031	Coffee County, Tennessee	yes	2.0	45.21951219512195	1077.3658536585367
14692	51	Data processing, hosting, and related services	47	518210	35	47035	Cumberland County, Tennessee	yes	1.0	18.476798886994157	1016.6713403221438
14693	51	Data processing, hosting, and related services	47	518210	37	47037	Davidson County, Tennessee	no	54.666666666666664	2696.3333333333335	189903.5
14694	51	Data processing, hosting, and related services	47	518210	39	47039	Decatur County, Tennessee	yes	1.0	18.70083657358313	769.0419203225848
14695	51	Data processing, hosting, and related services	47	518210	41	47041	DeKalb County, Tennessee	yes	1.0	16.26923076923077	1074.9615384615386
14696	51	Data processing, hosting, and related services	47	518210	49	47049	Fentress County, Tennessee	yes	1.0	18.476798886994157	1016.6713403221438
14697	51	Data processing, hosting, and related services	47	518210	55	47055	Giles County, Tennessee	yes	2.0	36.953597773988314	2033.3426806442876
14698	51	Data processing, hosting, and related services	47	518210	59	47059	Greene County, Tennessee	yes	1.1666666666666667	22.245091569920984	1106.451828127022
14699	51	Data processing, hosting, and related services	47	518210	63	47063	Hamblen County, Tennessee	yes	1.0	18.09293512249504	845.5218248573233
14700	51	Data processing, hosting, and related services	47	518210	65	47065	Hamilton County, Tennessee	no	11.333333333333334	267.0	15306.0
14701	51	Data processing, hosting, and related services	47	518210	93	47093	Knox County, Tennessee	no	19.833333333333332	183.16666666666666	12779.5
14702	51	Data processing, hosting, and related services	47	518210	99	47099	Lawrence County, Tennessee	yes	1.0	18.476798886994157	1016.6713403221438
14703	51	Data processing, hosting, and related services	47	518210	107	47107	McMinn County, Tennessee	yes	1.0	22.609756097560975	538.6829268292684
14704	51	Data processing, hosting, and related services	47	518210	119	47119	Maury County, Tennessee	yes	1.3333333333333333	24.689536014365427	1241.235778744306
14705	51	Data processing, hosting, and related services	47	518210	123	47123	Monroe County, Tennessee	yes	1.0	20.717921527041355	749.2110286320255
14706	51	Data processing, hosting, and related services	47	518210	131	47131	Obion County, Tennessee	yes	1.0	18.476798886994157	1016.6713403221438
14707	51	Data processing, hosting, and related services	47	518210	133	47133	Overton County, Tennessee	yes	1.0	18.09293512249504	845.5218248573233
14708	51	Data processing, hosting, and related services	47	518210	141	47141	Putnam County, Tennessee	yes	1.8333333333333333	34.018021625860875	2101.8118442335904
14709	51	Data processing, hosting, and related services	47	518210	143	47143	Rhea County, Tennessee	yes	1.0	18.476798886994157	1016.6713403221438
14710	51	Data processing, hosting, and related services	47	518210	147	47147	Robertson County, Tennessee	yes	1.0	22.609756097560975	538.6829268292684
14711	51	Data processing, hosting, and related services	47	518210	149	47149	Rutherford County, Tennessee	no	6.25	43.25	3873.25
14712	51	Data processing, hosting, and related services	47	518210	149	47149	Rutherford County, Tennessee	yes	7.0	130.46747967479675	4715.853206865402
14713	51	Data processing, hosting, and related services	47	518210	155	47155	Sevier County, Tennessee	yes	1.6666666666666667	31.30648316432241	1922.6515878233338
14714	51	Data processing, hosting, and related services	47	518210	157	47157	Shelby County, Tennessee	no	39.166666666666664	329.3333333333333	24486.5
14715	51	Data processing, hosting, and related services	47	518210	163	47163	Sullivan County, Tennessee	yes	1.3333333333333333	26.237421939436786	948.6028959323411
14716	51	Data processing, hosting, and related services	47	518210	165	47165	Sumner County, Tennessee	no	3.8333333333333335	24.833333333333332	2026.8333333333333
14717	51	Data processing, hosting, and related services	47	518210	167	47167	Tipton County, Tennessee	yes	1.0	18.09293512249504	845.5218248573233
14718	51	Data processing, hosting, and related services	47	518210	177	47177	Warren County, Tennessee	yes	1.0	18.476798886994157	1016.6713403221438
14719	51	Data processing, hosting, and related services	47	518210	179	47179	Washington County, Tennessee	no	5.0	15.0	1110.6666666666667
14720	51	Data processing, hosting, and related services	47	518210	179	47179	Washington County, Tennessee	yes	4.0	73.01104480162071	5057.203041286811
14721	51	Data processing, hosting, and related services	47	518210	187	47187	Williamson County, Tennessee	no	29.666666666666668	1253.1666666666667	118243.83333333333
14722	51	Data processing, hosting, and related services	47	518210	189	47189	Wilson County, Tennessee	no	4.0	0.0	1904.0
14723	51	Data processing, hosting, and related services	47	518210	189	47189	Wilson County, Tennessee	yes	3.0	58.30583403759854	2930.8908658895916
14724	51	Directory and mailing list publishers	47	511140	9	47009	Blount County, Tennessee	yes	1.0	0.0	1547.6000000000001
14725	51	Directory and mailing list publishers	47	511140	37	47037	Davidson County, Tennessee	no	3.0	117.0	7304.0
14726	51	Directory and mailing list publishers	47	511140	37	47037	Davidson County, Tennessee	yes	2.4	55.34285714285714	4392.871904761904
14727	51	Directory and mailing list publishers	47	511140	65	47065	Hamilton County, Tennessee	yes	1.0	23.587301587301585	1785.1697751322752
14728	51	Directory and mailing list publishers	47	511140	79	47079	Henry County, Tennessee	yes	1.0	23.587301587301585	1785.1697751322752
14729	51	Directory and mailing list publishers	47	511140	93	47093	Knox County, Tennessee	yes	1.3333333333333333	30.476190476190478	2283.753108465609
14730	51	Directory and mailing list publishers	47	511140	125	47125	Montgomery County, Tennessee	yes	1.0	20.666666666666664	1495.75
14731	51	Directory and mailing list publishers	47	511140	141	47141	Putnam County, Tennessee	yes	1.0	23.587301587301585	1785.1697751322752
14732	51	Directory and mailing list publishers	47	511140	157	47157	Shelby County, Tennessee	yes	2.0	41.33333333333333	2991.5
14733	51	Directory and mailing list publishers	47	511140	163	47163	Sullivan County, Tennessee	yes	1.0	22.875	1914.524074074074
14734	51	Directory and mailing list publishers	47	511140	179	47179	Washington County, Tennessee	yes	1.0	20.666666666666664	1495.75
14735	51	Directory and mailing list publishers	47	511140	187	47187	Williamson County, Tennessee	yes	1.1666666666666667	27.031746031746028	2034.4614417989421
14736	51	Drive-in motion picture theaters	47	512132	9	47009	Blount County, Tennessee	yes	1.0	4.059523809523809	53.99702380952382
14737	51	Drive-in motion picture theaters	47	512132	19	47019	Carter County, Tennessee	yes	1.0	4.059523809523809	53.99702380952382
14738	51	Drive-in motion picture theaters	47	512132	51	47051	Franklin County, Tennessee	yes	1.0	4.059523809523809	53.99702380952382
14739	51	Drive-in motion picture theaters	47	512132	85	47085	Humphreys County, Tennessee	yes	1.0	4.059523809523809	53.99702380952382
14740	51	Drive-in motion picture theaters	47	512132	117	47117	Marshall County, Tennessee	yes	1.0	4.242857142857143	55.625
14741	51	Drive-in motion picture theaters	47	512132	123	47123	Monroe County, Tennessee	yes	1.0	4.059523809523809	53.99702380952382
14742	51	Drive-in motion picture theaters	47	512132	145	47145	Roane County, Tennessee	yes	1.0	3.321428571428571	43.49107142857143
14743	51	Drive-in motion picture theaters	47	512132	185	47185	White County, Tennessee	yes	1.0	4.059523809523809	53.99702380952382
14744	51	Greeting card publishers	47	511191	97	47097	Lauderdale County, Tennessee	yes	1.0	0.0	0.0
14745	51	Integrated record production/distribution	47	512220	37	47037	Davidson County, Tennessee	no	27.833333333333332	574.5	56429.166666666664
14746	51	Integrated record production/distribution	47	512220	113	47113	Madison County, Tennessee	yes	1.0	8.656666666666666	529.3842424242424
14747	51	Integrated record production/distribution	47	512220	157	47157	Shelby County, Tennessee	yes	1.0	9.694444444444445	293.30555555555554
14748	51	Integrated record production/distribution	47	512220	165	47165	Sumner County, Tennessee	yes	1.8333333333333333	16.63611111111111	945.1820707070707
14749	51	Integrated record production/distribution	47	512220	187	47187	Williamson County, Tennessee	no	7.166666666666667	103.83333333333333	8265.166666666666
14750	51	Integrated record production/distribution	47	512220	189	47189	Wilson County, Tennessee	yes	2.0	18.844444444444445	1008.0570707070707
14751	51	Internet publishing and broadcasting and web search portals	47	519130	3	47003	Bedford County, Tennessee	yes	1.0	19.94457757296467	1337.7114644137225
14752	51	Internet publishing and broadcasting and web search portals	47	519130	9	47009	Blount County, Tennessee	yes	1.0	29.66857142857143	1999.786984126984
14753	51	Internet publishing and broadcasting and web search portals	47	519130	37	47037	Davidson County, Tennessee	no	25.666666666666668	162.5	10767.5
14754	51	Internet publishing and broadcasting and web search portals	47	519130	41	47041	DeKalb County, Tennessee	yes	1.0	9.365437788018433	550.4769585253456
14755	51	Internet publishing and broadcasting and web search portals	47	519130	59	47059	Greene County, Tennessee	yes	1.0	11.387250384024577	652.3026113671275
14756	51	Internet publishing and broadcasting and web search portals	47	519130	65	47065	Hamilton County, Tennessee	no	6.6	25.8	1185.4
14757	51	Internet publishing and broadcasting and web search portals	47	519130	65	47065	Hamilton County, Tennessee	yes	3.0	42.214285714285715	1700.142857142857
14758	51	Internet publishing and broadcasting and web search portals	47	519130	81	47081	Hickman County, Tennessee	yes	1.0	6.800000000000001	175.0
14759	51	Internet publishing and broadcasting and web search portals	47	519130	93	47093	Knox County, Tennessee	no	8.166666666666666	56.333333333333336	5151.833333333333
14760	51	Internet publishing and broadcasting and web search portals	47	519130	145	47145	Roane County, Tennessee	yes	1.0	19.94457757296467	1337.7114644137225
14761	51	Internet publishing and broadcasting and web search portals	47	519130	149	47149	Rutherford County, Tennessee	no	5.0	49.0	4390.166666666667
14762	51	Internet publishing and broadcasting and web search portals	47	519130	157	47157	Shelby County, Tennessee	no	6.0	8.333333333333334	975.6666666666666
14763	51	Internet publishing and broadcasting and web search portals	47	519130	157	47157	Shelby County, Tennessee	yes	9.666666666666666	340.15619047619043	23589.110476190475
14764	51	Internet publishing and broadcasting and web search portals	47	519130	161	47161	Stewart County, Tennessee	yes	1.0	21.11920737327189	1491.9109001536096
14765	51	Internet publishing and broadcasting and web search portals	47	519130	163	47163	Sullivan County, Tennessee	yes	1.3333333333333333	22.709631336405533	1581.0770558115719
14766	51	Internet publishing and broadcasting and web search portals	47	519130	165	47165	Sumner County, Tennessee	yes	1.0	10.435714285714287	370.85714285714283
14767	51	Internet publishing and broadcasting and web search portals	47	519130	167	47167	Tipton County, Tennessee	yes	1.0	19.94457757296467	1337.7114644137225
14768	51	Internet publishing and broadcasting and web search portals	47	519130	177	47177	Warren County, Tennessee	yes	1.0	21.11920737327189	1491.9109001536096
14769	51	Internet publishing and broadcasting and web search portals	47	519130	179	47179	Washington County, Tennessee	yes	1.6666666666666667	18.344393241167435	899.5407066052227
14770	51	Internet publishing and broadcasting and web search portals	47	519130	185	47185	White County, Tennessee	yes	1.0	28.501904761904765	2023.1203174603172
14771	51	Internet publishing and broadcasting and web search portals	47	519130	187	47187	Williamson County, Tennessee	no	20.2	264.0	20948.8
14772	51	Internet publishing and broadcasting and web search portals	47	519130	187	47187	Williamson County, Tennessee	yes	19.0	252.51612903225808	23088.67741935484
14773	51	Internet publishing and broadcasting and web search portals	47	519130	189	47189	Wilson County, Tennessee	yes	1.5	25.638202764976956	1663.8627700972859
14774	51	Libraries and archives	47	519120	9	47009	Blount County, Tennessee	yes	1.0	6.63846153846154	174.30833333333334
14775	51	Libraries and archives	47	519120	17	47017	Carroll County, Tennessee	yes	1.0	8.392307692307693	265.6722222222223
14776	51	Libraries and archives	47	519120	37	47037	Davidson County, Tennessee	yes	1.0	8.392307692307693	265.6722222222223
14777	51	Libraries and archives	47	519120	55	47055	Giles County, Tennessee	yes	1.0	8.392307692307693	265.6722222222223
14778	51	Libraries and archives	47	519120	65	47065	Hamilton County, Tennessee	yes	1.1666666666666667	9.751282051282052	291.5055555555556
14779	51	Libraries and archives	47	519120	69	47069	Hardeman County, Tennessee	yes	1.0	6.63846153846154	174.30833333333334
14780	51	Libraries and archives	47	519120	77	47077	Henderson County, Tennessee	yes	1.0	4.0769230769230775	158.41666666666666
14781	51	Libraries and archives	47	519120	93	47093	Knox County, Tennessee	yes	1.3333333333333333	9.751282051282052	318.4777777777778
14782	51	Libraries and archives	47	519120	107	47107	McMinn County, Tennessee	yes	1.0	8.392307692307693	265.6722222222223
14783	51	Libraries and archives	47	519120	111	47111	Macon County, Tennessee	yes	1.0	11.9	448.40000000000003
14784	51	Libraries and archives	47	519120	149	47149	Rutherford County, Tennessee	yes	1.0	11.9	448.40000000000003
14785	51	Libraries and archives	47	519120	177	47177	Warren County, Tennessee	yes	1.0	8.392307692307693	265.6722222222223
14786	51	Libraries and archives	47	519120	179	47179	Washington County, Tennessee	yes	1.0	8.392307692307693	265.6722222222223
14787	51	Motion picture and video distribution	47	512120	37	47037	Davidson County, Tennessee	yes	1.0	0.0	0.0
14788	51	Motion picture and video distribution	47	512120	91	47091	Johnson County, Tennessee	yes	1.0	0.0	0.0
14789	51	Motion picture and video distribution	47	512120	165	47165	Sumner County, Tennessee	yes	1.0	0.0	0.0
14790	51	Motion picture and video production	47	512110	1	47001	Anderson County, Tennessee	yes	1.1666666666666667	9.070790798705167	291.60580651886625
14791	51	Motion picture and video production	47	512110	3	47003	Bedford County, Tennessee	yes	1.0	10.595847852193085	326.90964962792344
14792	51	Motion picture and video production	47	512110	9	47009	Blount County, Tennessee	no	3.0	0.0	90.0
14793	51	Motion picture and video production	47	512110	9	47009	Blount County, Tennessee	yes	2.0	18.4901986687721	569.4975446678354
14794	51	Motion picture and video production	47	512110	19	47019	Carter County, Tennessee	yes	1.0	23.294117647058822	241.52941176470588
14795	51	Motion picture and video production	47	512110	33	47033	Crockett County, Tennessee	yes	1.0	6.363091253904507	355.3697289156626
14796	51	Motion picture and video production	47	512110	37	47037	Davidson County, Tennessee	no	59.0	444.1666666666667	22314.666666666668
14797	51	Motion picture and video production	47	512110	43	47043	Dickson County, Tennessee	yes	1.3333333333333333	9.796981274895643	326.57009223315197
14798	51	Motion picture and video production	47	512110	65	47065	Hamilton County, Tennessee	no	12.333333333333334	88.66666666666667	2757.5
14799	51	Motion picture and video production	47	512110	93	47093	Knox County, Tennessee	no	25.166666666666668	188.0	16208.833333333334
14800	51	Motion picture and video production	47	512110	99	47099	Lawrence County, Tennessee	yes	1.0	9.151119219617671	229.85509730207872
14801	51	Motion picture and video production	47	512110	113	47113	Madison County, Tennessee	yes	1.0	23.294117647058822	241.52941176470588
14802	51	Motion picture and video production	47	512110	119	47119	Maury County, Tennessee	yes	1.1666666666666667	9.282291773364035	330.92159599255046
14803	51	Motion picture and video production	47	512110	125	47125	Montgomery County, Tennessee	yes	1.0	4.099624060150376	162.9454887218045
14804	51	Motion picture and video production	47	512110	139	47139	Polk County, Tennessee	yes	1.0	8.430439921512182	272.2549293258838
14805	51	Motion picture and video production	47	512110	141	47141	Putnam County, Tennessee	yes	1.0	9.094305683592399	256.30591519106054
14806	51	Motion picture and video production	47	512110	149	47149	Rutherford County, Tennessee	yes	2.0	16.860879843024364	544.5098586517676
14807	51	Motion picture and video production	47	512110	157	47157	Shelby County, Tennessee	no	20.833333333333332	106.66666666666667	5710.5
14808	51	Motion picture and video production	47	512110	163	47163	Sullivan County, Tennessee	yes	1.0	8.430439921512182	272.2549293258838
14809	51	Motion picture and video production	47	512110	165	47165	Sumner County, Tennessee	no	4.833333333333333	5.666666666666667	253.33333333333334
14810	51	Motion picture and video production	47	512110	169	47169	Trousdale County, Tennessee	yes	1.1666666666666667	9.070790798705167	291.60580651886625
14811	51	Motion picture and video production	47	512110	179	47179	Washington County, Tennessee	yes	1.5	11.611985548464437	449.9397937837152
14812	51	Motion picture and video production	47	512110	181	47181	Wayne County, Tennessee	yes	1.0	3.8421052631578947	116.10526315789473
14813	51	Motion picture and video production	47	512110	185	47185	White County, Tennessee	yes	1.0	5.111111111111111	352.0
14814	51	Motion picture and video production	47	512110	187	47187	Williamson County, Tennessee	no	19.666666666666668	89.33333333333333	9048.5
14815	51	Motion picture and video production	47	512110	189	47189	Wilson County, Tennessee	yes	1.0	8.430439921512182	272.2549293258838
14816	51	Motion picture theaters (except drive-ins)	47	512131	1	47001	Anderson County, Tennessee	yes	1.0	23.76034940029264	237.0689160672695
14817	51	Motion picture theaters (except drive-ins)	47	512131	3	47003	Bedford County, Tennessee	yes	1.0	23.76034940029264	237.0689160672695
14818	51	Motion picture theaters (except drive-ins)	47	512131	9	47009	Blount County, Tennessee	yes	1.1666666666666667	27.232571622514865	271.02169384504725
14819	51	Motion picture theaters (except drive-ins)	47	512131	11	47011	Bradley County, Tennessee	yes	2.0	47.52069880058528	474.137832134539
14820	51	Motion picture theaters (except drive-ins)	47	512131	13	47013	Campbell County, Tennessee	yes	1.0	22.072756993596222	210.3695205594877
14821	51	Motion picture theaters (except drive-ins)	47	512131	17	47017	Carroll County, Tennessee	yes	1.0	23.76034940029264	237.0689160672695
14822	51	Motion picture theaters (except drive-ins)	47	512131	19	47019	Carter County, Tennessee	yes	1.0	22.29266149870801	202.35501291989667
14823	51	Motion picture theaters (except drive-ins)	47	512131	29	47029	Cocke County, Tennessee	yes	1.0	23.76034940029264	237.0689160672695
14824	51	Motion picture theaters (except drive-ins)	47	512131	31	47031	Coffee County, Tennessee	yes	1.0	23.76034940029264	237.0689160672695
14825	51	Motion picture theaters (except drive-ins)	47	512131	35	47035	Cumberland County, Tennessee	yes	1.0	23.76034940029264	237.0689160672695
14826	51	Motion picture theaters (except drive-ins)	47	512131	37	47037	Davidson County, Tennessee	no	7.833333333333333	268.5	3431.1666666666665
14827	51	Motion picture theaters (except drive-ins)	47	512131	43	47043	Dickson County, Tennessee	yes	1.0	23.76034940029264	237.0689160672695
14828	51	Motion picture theaters (except drive-ins)	47	512131	45	47045	Dyer County, Tennessee	yes	1.0	23.76034940029264	237.0689160672695
14829	51	Motion picture theaters (except drive-ins)	47	512131	51	47051	Franklin County, Tennessee	yes	1.0	23.76034940029264	237.0689160672695
14830	51	Motion picture theaters (except drive-ins)	47	512131	53	47053	Gibson County, Tennessee	yes	2.0	47.52069880058528	474.137832134539
14831	51	Motion picture theaters (except drive-ins)	47	512131	59	47059	Greene County, Tennessee	yes	1.0	23.76034940029264	237.0689160672695
14832	51	Motion picture theaters (except drive-ins)	47	512131	61	47061	Grundy County, Tennessee	yes	1.0	22.072756993596222	210.3695205594877
14833	51	Motion picture theaters (except drive-ins)	47	512131	63	47063	Hamblen County, Tennessee	yes	1.0	23.76034940029264	237.0689160672695
14834	51	Motion picture theaters (except drive-ins)	47	512131	65	47065	Hamilton County, Tennessee	no	6.333333333333333	239.66666666666666	2750.3333333333335
14835	51	Motion picture theaters (except drive-ins)	47	512131	69	47069	Hardeman County, Tennessee	yes	1.0	23.76034940029264	237.0689160672695
14836	51	Motion picture theaters (except drive-ins)	47	512131	71	47071	Hardin County, Tennessee	yes	1.0	27.135534213685474	290.4677070828331
14837	51	Motion picture theaters (except drive-ins)	47	512131	77	47077	Henderson County, Tennessee	yes	1.0	21.718992248062015	195.10251937984498
14838	51	Motion picture theaters (except drive-ins)	47	512131	79	47079	Henry County, Tennessee	yes	1.0	23.76034940029264	237.0689160672695
14839	51	Motion picture theaters (except drive-ins)	47	512131	85	47085	Humphreys County, Tennessee	yes	1.0	23.76034940029264	237.0689160672695
14840	51	Motion picture theaters (except drive-ins)	47	512131	93	47093	Knox County, Tennessee	no	10.0	310.0	2848.0
14841	51	Motion picture theaters (except drive-ins)	47	512131	93	47093	Knox County, Tennessee	yes	9.0	215.92340143013726	2224.665223759069
14842	51	Motion picture theaters (except drive-ins)	47	512131	103	47103	Lincoln County, Tennessee	yes	1.0	23.76034940029264	237.0689160672695
14843	51	Motion picture theaters (except drive-ins)	47	512131	107	47107	McMinn County, Tennessee	yes	1.0	24.427263230873745	242.78511323133904
14844	51	Motion picture theaters (except drive-ins)	47	512131	113	47113	Madison County, Tennessee	yes	1.3333333333333333	30.704793844737086	304.97447162282504
14845	51	Motion picture theaters (except drive-ins)	47	512131	119	47119	Maury County, Tennessee	yes	1.0	25.22803730187727	271.78281921464236
14846	51	Motion picture theaters (except drive-ins)	47	512131	125	47125	Montgomery County, Tennessee	yes	2.0	47.52069880058528	474.137832134539
14847	51	Motion picture theaters (except drive-ins)	47	512131	131	47131	Obion County, Tennessee	yes	1.3333333333333333	29.237105943152454	270.2605684754522
14848	51	Motion picture theaters (except drive-ins)	47	512131	141	47141	Putnam County, Tennessee	yes	1.0	23.76034940029264	237.0689160672695
14849	51	Motion picture theaters (except drive-ins)	47	512131	147	47147	Robertson County, Tennessee	yes	1.0	23.76034940029264	237.0689160672695
14850	51	Motion picture theaters (except drive-ins)	47	512131	149	47149	Rutherford County, Tennessee	no	3.0	118.33333333333333	1115.3333333333333
14851	51	Motion picture theaters (except drive-ins)	47	512131	149	47149	Rutherford County, Tennessee	yes	2.3333333333333335	52.398656330749354	476.99669250645996
14852	51	Motion picture theaters (except drive-ins)	47	512131	151	47151	Scott County, Tennessee	yes	1.0	23.99148904779303	247.18502486211872
14853	51	Motion picture theaters (except drive-ins)	47	512131	155	47155	Sevier County, Tennessee	yes	1.0	23.76034940029264	237.0689160672695
14854	51	Motion picture theaters (except drive-ins)	47	512131	157	47157	Shelby County, Tennessee	no	15.5	468.8333333333333	4244.5
14855	51	Motion picture theaters (except drive-ins)	47	512131	163	47163	Sullivan County, Tennessee	yes	1.5	36.27774969374335	367.84426287265825
14856	51	Motion picture theaters (except drive-ins)	47	512131	165	47165	Sumner County, Tennessee	yes	2.0	47.52069880058528	474.137832134539
14857	51	Motion picture theaters (except drive-ins)	47	512131	171	47171	Unicoi County, Tennessee	yes	1.0	23.76034940029264	237.0689160672695
14858	51	Motion picture theaters (except drive-ins)	47	512131	177	47177	Warren County, Tennessee	yes	1.0	23.76034940029264	237.0689160672695
14859	51	Motion picture theaters (except drive-ins)	47	512131	179	47179	Washington County, Tennessee	no	3.0	79.5	702.0
14860	51	Motion picture theaters (except drive-ins)	47	512131	179	47179	Washington County, Tennessee	yes	2.0	48.85452646174749	485.5702264626781
14861	51	Motion picture theaters (except drive-ins)	47	512131	183	47183	Weakley County, Tennessee	yes	1.0	23.76034940029264	237.0689160672695
14862	51	Motion picture theaters (except drive-ins)	47	512131	187	47187	Williamson County, Tennessee	yes	1.0	23.76034940029264	237.0689160672695
14863	51	Motion picture theaters (except drive-ins)	47	512131	189	47189	Wilson County, Tennessee	no	3.2	53.8	622.0
14864	51	Motion picture theaters (except drive-ins)	47	512131	189	47189	Wilson County, Tennessee	yes	2.0	41.666666666666664	407.43333333333334
14865	51	Music publishers	47	512230	37	47037	Davidson County, Tennessee	no	71.5	1113.6666666666667	72718.0
14866	51	Music publishers	47	512230	43	47043	Dickson County, Tennessee	yes	1.0	10.833333333333332	106.41666666666666
14867	51	Music publishers	47	512230	65	47065	Hamilton County, Tennessee	yes	1.0	9.397655634357761	220.31136721828207
14868	51	Music publishers	47	512230	93	47093	Knox County, Tennessee	yes	1.1666666666666667	11.203211189913317	238.04747832939321
14869	51	Music publishers	47	512230	125	47125	Montgomery County, Tennessee	yes	1.0	5.813829787234042	321.4468085106383
14870	51	Music publishers	47	512230	147	47147	Robertson County, Tennessee	yes	1.0	5.813829787234042	321.4468085106383
14871	51	Music publishers	47	512230	149	47149	Rutherford County, Tennessee	yes	1.0	12.027777777777777	122.37499999999999
14872	51	Music publishers	47	512230	155	47155	Sevier County, Tennessee	yes	1.0	9.397655634357761	220.31136721828207
14873	51	Music publishers	47	512230	157	47157	Shelby County, Tennessee	yes	3.5	31.0998817966903	821.6575059101655
14874	51	Music publishers	47	512230	165	47165	Sumner County, Tennessee	yes	1.0	9.397655634357761	220.31136721828207
14875	51	Music publishers	47	512230	169	47169	Trousdale County, Tennessee	yes	1.0	9.397655634357761	220.31136721828207
14876	51	Music publishers	47	512230	187	47187	Williamson County, Tennessee	no	15.5	24.166666666666668	3517.5
14877	51	Music publishers	47	512230	189	47189	Wilson County, Tennessee	yes	1.0	8.632742316784869	236.70697399527188
14878	51	News syndicates	47	519110	37	47037	Davidson County, Tennessee	yes	1.5	6.366666666666667	583.4666666666667
14879	51	News syndicates	47	519110	65	47065	Hamilton County, Tennessee	yes	1.0	0.0	111.0
14880	51	News syndicates	47	519110	93	47093	Knox County, Tennessee	yes	1.0	3.6999999999999997	331.3
14881	51	News syndicates	47	519110	157	47157	Shelby County, Tennessee	yes	1.0	3.6999999999999997	331.3
14882	51	News syndicates	47	519110	187	47187	Williamson County, Tennessee	yes	2.0	7.3999999999999995	662.6
14883	51	Newspaper publishers	47	511110	1	47001	Anderson County, Tennessee	no	4.0	0.0	742.5
14884	51	Newspaper publishers	47	511110	1	47001	Anderson County, Tennessee	yes	2.25	61.36251167722679	2074.8710488558413
14885	51	Newspaper publishers	47	511110	3	47003	Bedford County, Tennessee	yes	2.0	57.664123487297196	1942.3485183373193
14886	51	Newspaper publishers	47	511110	5	47005	Benton County, Tennessee	yes	1.0	28.832061743648598	971.1742591686597
14887	51	Newspaper publishers	47	511110	9	47009	Blount County, Tennessee	yes	1.0	32.19834710743802	1083.7851239669421
14888	51	Newspaper publishers	47	511110	11	47011	Bradley County, Tennessee	yes	2.0	57.664123487297196	1942.3485183373193
14889	51	Newspaper publishers	47	511110	13	47013	Campbell County, Tennessee	yes	1.8333333333333333	56.05017744612795	1891.9756893798624
14890	51	Newspaper publishers	47	511110	15	47015	Cannon County, Tennessee	yes	1.0	28.832061743648598	971.1742591686597
14891	51	Newspaper publishers	47	511110	17	47017	Carroll County, Tennessee	no	3.0	32.5	768.5
14892	51	Newspaper publishers	47	511110	19	47019	Carter County, Tennessee	yes	1.1666666666666667	33.65072841031526	1124.0542591686597
14893	51	Newspaper publishers	47	511110	21	47021	Cheatham County, Tennessee	no	3.0	8.0	185.0
14894	51	Newspaper publishers	47	511110	21	47021	Cheatham County, Tennessee	yes	2.5	80.83276033057851	2720.7780096418733
14895	51	Newspaper publishers	47	511110	23	47023	Chester County, Tennessee	yes	1.0	28.832061743648598	971.1742591686597
14896	51	Newspaper publishers	47	511110	25	47025	Claiborne County, Tennessee	yes	2.0	57.664123487297196	1942.3485183373193
14897	51	Newspaper publishers	47	511110	27	47027	Clay County, Tennessee	yes	1.0	33.1935	1152.54
14898	51	Newspaper publishers	47	511110	29	47029	Cocke County, Tennessee	yes	1.0	28.832061743648598	971.1742591686597
14899	51	Newspaper publishers	47	511110	31	47031	Coffee County, Tennessee	yes	3.0	86.4961852309458	2913.5227775059793
14900	51	Newspaper publishers	47	511110	33	47033	Crockett County, Tennessee	yes	1.1666666666666667	34.1984529282216	1151.80511316315
14901	51	Newspaper publishers	47	511110	35	47035	Cumberland County, Tennessee	yes	1.0	28.832061743648598	971.1742591686597
14902	51	Newspaper publishers	47	511110	37	47037	Davidson County, Tennessee	no	16.0	601.0	27504.0
14903	51	Newspaper publishers	47	511110	37	47037	Davidson County, Tennessee	yes	10.75	352.00629132231404	11907.490788567493
14904	51	Newspaper publishers	47	511110	39	47039	Decatur County, Tennessee	yes	1.0	28.832061743648598	971.1742591686597
14905	51	Newspaper publishers	47	511110	41	47041	DeKalb County, Tennessee	yes	1.25	40.82717355371901	1381.2021453168045
14906	51	Newspaper publishers	47	511110	45	47045	Dyer County, Tennessee	yes	1.0	28.832061743648598	971.1742591686597
14907	51	Newspaper publishers	47	511110	47	47047	Fayette County, Tennessee	yes	1.0	28.832061743648598	971.1742591686597
14908	51	Newspaper publishers	47	511110	49	47049	Fentress County, Tennessee	yes	1.0	28.832061743648598	971.1742591686597
14909	51	Newspaper publishers	47	511110	51	47051	Franklin County, Tennessee	yes	2.3333333333333335	64.64446071303945	2173.3522012892663
14910	51	Newspaper publishers	47	511110	53	47053	Gibson County, Tennessee	no	7.5	23.666666666666668	2206.5
14911	51	Newspaper publishers	47	511110	55	47055	Giles County, Tennessee	yes	2.0	57.664123487297196	1942.3485183373193
14912	51	Newspaper publishers	47	511110	57	47057	Grainger County, Tennessee	yes	1.0	28.832061743648598	971.1742591686597
14913	51	Newspaper publishers	47	511110	59	47059	Greene County, Tennessee	yes	1.6666666666666667	46.87689896939086	1586.3579421206068
14914	51	Newspaper publishers	47	511110	61	47061	Grundy County, Tennessee	yes	1.0	28.832061743648598	971.1742591686597
14915	51	Newspaper publishers	47	511110	63	47063	Hamblen County, Tennessee	yes	3.5	102.98151856427914	3473.0624997282016
14916	51	Newspaper publishers	47	511110	65	47065	Hamilton County, Tennessee	yes	2.1666666666666665	63.03051467187021	2122.9793723318094
14917	51	Newspaper publishers	47	511110	69	47069	Hardeman County, Tennessee	yes	1.8333333333333333	52.29773230272419	1761.717664342829
14918	51	Newspaper publishers	47	511110	71	47071	Hardin County, Tennessee	yes	1.0	28.832061743648598	971.1742591686597
14919	51	Newspaper publishers	47	511110	73	47073	Hawkins County, Tennessee	yes	1.0	28.832061743648598	971.1742591686597
14920	51	Newspaper publishers	47	511110	75	47075	Haywood County, Tennessee	yes	1.5	42.05823230272419	1433.4779421206067
14921	51	Newspaper publishers	47	511110	77	47077	Henderson County, Tennessee	yes	1.0	28.832061743648598	971.1742591686597
14922	51	Newspaper publishers	47	511110	79	47079	Henry County, Tennessee	yes	1.0	28.832061743648598	971.1742591686597
14923	51	Newspaper publishers	47	511110	81	47081	Hickman County, Tennessee	yes	1.0	28.832061743648598	971.1742591686597
14924	51	Newspaper publishers	47	511110	85	47085	Humphreys County, Tennessee	yes	1.0	28.832061743648598	971.1742591686597
14925	51	Newspaper publishers	47	511110	89	47089	Jefferson County, Tennessee	yes	1.5	44.4379529282216	1480.0448353853724
14926	51	Newspaper publishers	47	511110	91	47091	Johnson County, Tennessee	yes	1.0	28.832061743648598	971.1742591686597
14927	51	Newspaper publishers	47	511110	93	47093	Knox County, Tennessee	yes	7.0	189.84921936486066	6366.880286819746
14928	51	Newspaper publishers	47	511110	95	47095	Lake County, Tennessee	yes	1.0	31.211782369146004	1017.7411524334251
14929	51	Newspaper publishers	47	511110	97	47097	Lauderdale County, Tennessee	yes	1.5	45.04011959488827	1502.5245576075947
14930	51	Newspaper publishers	47	511110	99	47099	Lawrence County, Tennessee	no	3.0	22.0	735.5
14931	51	Newspaper publishers	47	511110	101	47101	Lewis County, Tennessee	yes	1.0	28.832061743648598	971.1742591686597
14932	51	Newspaper publishers	47	511110	103	47103	Lincoln County, Tennessee	yes	1.0	28.832061743648598	971.1742591686597
14933	51	Newspaper publishers	47	511110	105	47105	Loudon County, Tennessee	yes	1.0	28.832061743648598	971.1742591686597
14934	51	Newspaper publishers	47	511110	107	47107	McMinn County, Tennessee	yes	1.0	28.832061743648598	971.1742591686597
14935	51	Newspaper publishers	47	511110	109	47109	McNairy County, Tennessee	yes	1.0	28.816074092378322	981.9531110023916
14936	51	Newspaper publishers	47	511110	111	47111	Macon County, Tennessee	no	3.0	0.0	426.0
14937	51	Newspaper publishers	47	511110	111	47111	Macon County, Tennessee	yes	2.0	56.31760934178144	1897.3041724180064
14938	51	Newspaper publishers	47	511110	113	47113	Madison County, Tennessee	yes	3.1666666666666665	87.23068912335471	2913.2264604579264
14939	51	Newspaper publishers	47	511110	115	47115	Marion County, Tennessee	yes	1.0	28.832061743648598	971.1742591686597
14940	51	Newspaper publishers	47	511110	117	47117	Marshall County, Tennessee	yes	1.0	27.067255838613395	922.7755244279206
14941	51	Newspaper publishers	47	511110	119	47119	Maury County, Tennessee	yes	1.0	28.832061743648598	971.1742591686597
14942	51	Newspaper publishers	47	511110	123	47123	Monroe County, Tennessee	yes	2.3333333333333335	68.45134800520354	2298.339094554032
14943	51	Newspaper publishers	47	511110	125	47125	Montgomery County, Tennessee	yes	1.6666666666666667	46.5996234872972	1558.1685183373193
14944	51	Newspaper publishers	47	511110	129	47129	Morgan County, Tennessee	yes	1.3333333333333333	39.8965617436486	1355.3542591686596
14945	51	Newspaper publishers	47	511110	131	47131	Obion County, Tennessee	yes	1.0	28.832061743648598	971.1742591686597
14946	51	Newspaper publishers	47	511110	133	47133	Overton County, Tennessee	yes	2.0	57.664123487297196	1942.3485183373193
14947	51	Newspaper publishers	47	511110	135	47135	Perry County, Tennessee	yes	1.0	28.832061743648598	971.1742591686597
14948	51	Newspaper publishers	47	511110	137	47137	Pickett County, Tennessee	yes	1.0	28.832061743648598	971.1742591686597
14949	51	Newspaper publishers	47	511110	139	47139	Polk County, Tennessee	yes	1.0	28.832061743648598	971.1742591686597
14950	51	Newspaper publishers	47	511110	141	47141	Putnam County, Tennessee	yes	1.0	28.832061743648598	971.1742591686597
14951	51	Newspaper publishers	47	511110	143	47143	Rhea County, Tennessee	yes	1.0	28.832061743648598	971.1742591686597
14952	51	Newspaper publishers	47	511110	145	47145	Roane County, Tennessee	yes	1.0	28.832061743648598	971.1742591686597
14953	51	Newspaper publishers	47	511110	147	47147	Robertson County, Tennessee	yes	1.0	20.94101167722679	693.0110488558412
14954	51	Newspaper publishers	47	511110	149	47149	Rutherford County, Tennessee	yes	3.6666666666666665	104.26374697459441	3500.517036674639
14955	51	Newspaper publishers	47	511110	151	47151	Scott County, Tennessee	yes	1.0	28.832061743648598	971.1742591686597
14956	51	Newspaper publishers	47	511110	155	47155	Sevier County, Tennessee	yes	2.5	73.27001467187019	2451.219094554032
14957	51	Newspaper publishers	47	511110	157	47157	Shelby County, Tennessee	no	12.666666666666666	568.1666666666666	27116.5
14958	51	Newspaper publishers	47	511110	159	47159	Smith County, Tennessee	yes	1.0	28.832061743648598	971.1742591686597
14959	51	Newspaper publishers	47	511110	161	47161	Stewart County, Tennessee	yes	1.0	26.452341118151196	924.6073659038942
14960	51	Newspaper publishers	47	511110	163	47163	Sullivan County, Tennessee	yes	3.8333333333333335	109.9618557900214	3704.0661826801484
14961	51	Newspaper publishers	47	511110	165	47165	Sumner County, Tennessee	no	3.8333333333333335	17.666666666666668	1013.6666666666666
14962	51	Newspaper publishers	47	511110	167	47167	Tipton County, Tennessee	yes	1.0	28.832061743648598	971.1742591686597
14963	51	Newspaper publishers	47	511110	171	47171	Unicoi County, Tennessee	yes	1.0	28.832061743648598	971.1742591686597
14964	51	Newspaper publishers	47	511110	173	47173	Union County, Tennessee	yes	1.0	28.832061743648598	971.1742591686597
14965	51	Newspaper publishers	47	511110	177	47177	Warren County, Tennessee	yes	1.0	28.832061743648598	971.1742591686597
14966	51	Newspaper publishers	47	511110	179	47179	Washington County, Tennessee	yes	1.0	28.832061743648598	971.1742591686597
14967	51	Newspaper publishers	47	511110	181	47181	Wayne County, Tennessee	yes	1.0	28.832061743648598	971.1742591686597
14968	51	Newspaper publishers	47	511110	183	47183	Weakley County, Tennessee	yes	2.0	57.664123487297196	1942.3485183373193
14969	51	Newspaper publishers	47	511110	185	47185	White County, Tennessee	yes	1.0	28.832061743648598	971.1742591686597
14970	51	Newspaper publishers	47	511110	187	47187	Williamson County, Tennessee	no	4.666666666666667	39.333333333333336	1666.0
14971	51	Newspaper publishers	47	511110	189	47189	Wilson County, Tennessee	no	5.0	75.0	1895.0
14972	51	Newspaper publishers	47	511110	189	47189	Wilson County, Tennessee	yes	2.75	77.9592616772268	2651.1410488558413
14973	51	Other motion picture and video industries	47	512199	37	47037	Davidson County, Tennessee	yes	1.0	3.5555555555555554	170.0
14974	51	Other motion picture and video industries	47	512199	93	47093	Knox County, Tennessee	yes	1.0	2.1333333333333333	102.0
14975	51	Other motion picture and video industries	47	512199	187	47187	Williamson County, Tennessee	yes	1.0	2.6666666666666665	127.5
14976	51	Other sound recording industries	47	512290	1	47001	Anderson County, Tennessee	yes	1.0	3.125	49.625
14977	51	Other sound recording industries	47	512290	37	47037	Davidson County, Tennessee	no	5.6	18.8	880.8
14978	51	Other sound recording industries	47	512290	37	47037	Davidson County, Tennessee	yes	4.0	0.0	1644.0
14979	51	Other sound recording industries	47	512290	65	47065	Hamilton County, Tennessee	yes	1.0	1.7100000000000002	123.69000000000001
14980	51	Other sound recording industries	47	512290	149	47149	Rutherford County, Tennessee	yes	1.0	3.125	49.625
14981	51	Other sound recording industries	47	512290	157	47157	Shelby County, Tennessee	no	3.0	4.0	475.3333333333333
14982	51	Other sound recording industries	47	512290	157	47157	Shelby County, Tennessee	yes	2.0	2.6444444444444444	133.6888888888889
14983	51	Other sound recording industries	47	512290	159	47159	Smith County, Tennessee	yes	1.0	1.1500000000000001	54.1
14984	51	Other sound recording industries	47	512290	187	47187	Williamson County, Tennessee	yes	1.0	1.7027777777777777	118.4638888888889
14985	51	Periodical publishers	47	511120	9	47009	Blount County, Tennessee	yes	1.0	30.77936507936508	1515.8688492063493
14986	51	Periodical publishers	47	511120	15	47015	Cannon County, Tennessee	yes	1.0	30.77936507936508	1515.8688492063493
14987	51	Periodical publishers	47	511120	17	47017	Carroll County, Tennessee	yes	1.0	12.594143023062884	715.7362037497925
14988	51	Periodical publishers	47	511120	35	47035	Cumberland County, Tennessee	no	3.0	189.0	8687.0
14989	51	Periodical publishers	47	511120	35	47035	Cumberland County, Tennessee	yes	3.0	74.27270615563299	3435.524528164924
14990	51	Periodical publishers	47	511120	37	47037	Davidson County, Tennessee	no	25.0	351.6	23653.0
14991	51	Periodical publishers	47	511120	37	47037	Davidson County, Tennessee	yes	28.0	1180.4444444444443	60855.555555555555
14992	51	Periodical publishers	47	511120	43	47043	Dickson County, Tennessee	yes	1.0	19.167970982430912	969.7529563722509
14993	51	Periodical publishers	47	511120	45	47045	Dyer County, Tennessee	yes	2.0	38.335941964861824	1939.5059127445018
14994	51	Periodical publishers	47	511120	59	47059	Greene County, Tennessee	yes	1.0	7.988775510204082	618.9091836734693
14995	51	Periodical publishers	47	511120	63	47063	Hamblen County, Tennessee	yes	1.0	19.167970982430912	969.7529563722509
14996	51	Periodical publishers	47	511120	65	47065	Hamilton County, Tennessee	no	8.75	125.75	7540.25
14997	51	Periodical publishers	47	511120	65	47065	Hamilton County, Tennessee	yes	7.5	153.91707317073173	6616.165853658536
14998	51	Periodical publishers	47	511120	75	47075	Haywood County, Tennessee	yes	1.0	42.15873015873016	2173.4126984126983
14999	51	Periodical publishers	47	511120	79	47079	Henry County, Tennessee	yes	1.0	19.400000000000002	858.325
15000	51	Periodical publishers	47	511120	85	47085	Humphreys County, Tennessee	yes	1.0	19.167970982430912	969.7529563722509
15001	51	Periodical publishers	47	511120	89	47089	Jefferson County, Tennessee	yes	1.0	15.666666666666666	639.5714285714286
15002	51	Periodical publishers	47	511120	93	47093	Knox County, Tennessee	no	9.666666666666666	20.833333333333332	945.3333333333334
15003	51	Periodical publishers	47	511120	101	47101	Lewis County, Tennessee	yes	1.0	13.362273933963829	696.6950099552016
15004	51	Periodical publishers	47	511120	103	47103	Lincoln County, Tennessee	no	3.3333333333333335	45.0	1922.3333333333333
15005	51	Periodical publishers	47	511120	103	47103	Lincoln County, Tennessee	yes	2.0	55.5757388050071	2627.418628210092
15006	51	Periodical publishers	47	511120	113	47113	Madison County, Tennessee	yes	2.5	44.23220046826319	2288.863140635658
15007	51	Periodical publishers	47	511120	125	47125	Montgomery County, Tennessee	yes	1.0	19.167970982430912	969.7529563722509
15008	51	Periodical publishers	47	511120	139	47139	Polk County, Tennessee	yes	1.0	19.167970982430912	969.7529563722509
15009	51	Periodical publishers	47	511120	141	47141	Putnam County, Tennessee	yes	2.0	38.335941964861824	1939.5059127445018
15010	51	Periodical publishers	47	511120	149	47149	Rutherford County, Tennessee	yes	1.0	7.988775510204082	618.9091836734693
15011	51	Periodical publishers	47	511120	155	47155	Sevier County, Tennessee	yes	1.0	19.167970982430912	969.7529563722509
15012	51	Periodical publishers	47	511120	157	47157	Shelby County, Tennessee	no	15.333333333333334	96.16666666666667	5621.5
15013	51	Periodical publishers	47	511120	163	47163	Sullivan County, Tennessee	yes	1.0	19.167970982430912	969.7529563722509
15014	51	Periodical publishers	47	511120	165	47165	Sumner County, Tennessee	no	3.0	0.0	628.0
15015	51	Periodical publishers	47	511120	165	47165	Sumner County, Tennessee	yes	2.6	54.16918533266964	2728.551969470715
15016	51	Periodical publishers	47	511120	179	47179	Washington County, Tennessee	no	4.5	4.833333333333333	202.5
15017	51	Periodical publishers	47	511120	185	47185	White County, Tennessee	yes	1.0	21.804878048780488	909.390243902439
15018	51	Periodical publishers	47	511120	187	47187	Williamson County, Tennessee	no	11.333333333333334	239.0	14246.666666666666
15019	51	Periodical publishers	47	511120	187	47187	Williamson County, Tennessee	yes	10.333333333333334	291.93160407794556	13861.564040521358
15020	51	Radio networks	47	515111	9	47009	Blount County, Tennessee	yes	1.0	4.194444444444444	158.39444444444445
15021	51	Radio networks	47	515111	19	47019	Carter County, Tennessee	yes	1.0	6.228174603174604	171.86031746031745
15022	51	Radio networks	47	515111	31	47031	Coffee County, Tennessee	yes	1.0	5.041666666666667	200.59166666666667
15023	51	Radio networks	47	515111	37	47037	Davidson County, Tennessee	no	8.666666666666666	97.83333333333333	4703.833333333333
15024	51	Radio networks	47	515111	43	47043	Dickson County, Tennessee	yes	1.0	6.821428571428571	157.49464285714285
15025	51	Radio networks	47	515111	65	47065	Hamilton County, Tennessee	yes	2.0	12.456349206349207	343.7206349206349
15026	51	Radio networks	47	515111	93	47093	Knox County, Tennessee	yes	1.0	8.261904761904761	185.32619047619048
15027	51	Radio networks	47	515111	97	47097	Lauderdale County, Tennessee	yes	1.0	5.645833333333333	140.99583333333334
15028	51	Radio networks	47	515111	111	47111	Macon County, Tennessee	yes	1.0	6.228174603174604	171.86031746031745
15029	51	Radio networks	47	515111	115	47115	Marion County, Tennessee	yes	1.0	5.041666666666667	200.59166666666667
15030	51	Radio networks	47	515111	117	47117	Marshall County, Tennessee	yes	1.0	5.816666666666667	128.94666666666666
15031	51	Radio networks	47	515111	149	47149	Rutherford County, Tennessee	yes	1.75	8.791666666666666	259.7916666666667
15032	51	Radio networks	47	515111	157	47157	Shelby County, Tennessee	no	3.5	23.0	1363.8333333333333
15033	51	Radio networks	47	515111	165	47165	Sumner County, Tennessee	yes	1.0	5.041666666666667	200.59166666666667
15034	51	Radio networks	47	515111	169	47169	Trousdale County, Tennessee	yes	1.0	6.821428571428571	157.49464285714285
15035	51	Radio networks	47	515111	187	47187	Williamson County, Tennessee	no	4.5	7.666666666666667	975.6666666666666
15036	51	Radio networks	47	515111	189	47189	Wilson County, Tennessee	yes	1.0	2.5	74.0
15037	51	Radio stations	47	515112	1	47001	Anderson County, Tennessee	yes	1.3333333333333333	15.000976902870192	429.8009599567259
15038	51	Radio stations	47	515112	3	47003	Bedford County, Tennessee	yes	1.0	11.28019768209097	306.4773668831328
15039	51	Radio stations	47	515112	5	47005	Benton County, Tennessee	yes	1.0	11.28019768209097	306.4773668831328
15040	51	Radio stations	47	515112	9	47009	Blount County, Tennessee	yes	1.1666666666666667	13.08632013107056	360.99947572667025
15041	51	Radio stations	47	515112	11	47011	Bradley County, Tennessee	yes	1.0	11.28019768209097	306.4773668831328
15042	51	Radio stations	47	515112	13	47013	Campbell County, Tennessee	yes	2.0	22.56039536418194	612.9547337662656
15043	51	Radio stations	47	515112	17	47017	Carroll County, Tennessee	yes	1.0	11.368890279733655	302.3463096475145
15044	51	Radio stations	47	515112	19	47019	Carter County, Tennessee	yes	1.0	11.28019768209097	306.4773668831328
15045	51	Radio stations	47	515112	21	47021	Cheatham County, Tennessee	yes	1.0	11.28019768209097	306.4773668831328
15046	51	Radio stations	47	515112	25	47025	Claiborne County, Tennessee	yes	1.0	11.28019768209097	306.4773668831328
15047	51	Radio stations	47	515112	29	47029	Cocke County, Tennessee	yes	1.0	11.28019768209097	306.4773668831328
15048	51	Radio stations	47	515112	31	47031	Coffee County, Tennessee	no	3.0	13.8	464.8
15049	51	Radio stations	47	515112	31	47031	Coffee County, Tennessee	yes	2.0	21.6734693877551	654.2653061224489
15050	51	Radio stations	47	515112	35	47035	Cumberland County, Tennessee	yes	2.6666666666666665	29.820665883488605	811.1305305263996
15051	51	Radio stations	47	515112	37	47037	Davidson County, Tennessee	no	31.166666666666668	491.0	29318.0
15052	51	Radio stations	47	515112	39	47039	Decatur County, Tennessee	yes	1.0	11.28019768209097	306.4773668831328
15053	51	Radio stations	47	515112	41	47041	DeKalb County, Tennessee	yes	1.0	11.28019768209097	306.4773668831328
15054	51	Radio stations	47	515112	43	47043	Dickson County, Tennessee	yes	2.0	22.56039536418194	612.9547337662656
15055	51	Radio stations	47	515112	49	47049	Fentress County, Tennessee	yes	2.0	22.56039536418194	612.9547337662656
15056	51	Radio stations	47	515112	51	47051	Franklin County, Tennessee	no	3.0	13.0	191.0
15057	51	Radio stations	47	515112	51	47051	Franklin County, Tennessee	yes	2.0	22.678255383935248	549.4613214286192
15058	51	Radio stations	47	515112	53	47053	Gibson County, Tennessee	yes	1.0	11.28019768209097	306.4773668831328
15059	51	Radio stations	47	515112	55	47055	Giles County, Tennessee	no	3.0	33.0	197.0
15060	51	Radio stations	47	515112	55	47055	Giles County, Tennessee	yes	2.2	26.67884152565736	685.1342050949623
15061	51	Radio stations	47	515112	59	47059	Greene County, Tennessee	yes	1.0	11.28019768209097	306.4773668831328
15062	51	Radio stations	47	515112	61	47061	Grundy County, Tennessee	yes	1.0	11.28019768209097	306.4773668831328
15063	51	Radio stations	47	515112	63	47063	Hamblen County, Tennessee	yes	2.0	22.56039536418194	612.9547337662656
15064	51	Radio stations	47	515112	65	47065	Hamilton County, Tennessee	no	14.166666666666666	141.5	8701.166666666666
15065	51	Radio stations	47	515112	69	47069	Hardeman County, Tennessee	yes	2.0	22.56039536418194	612.9547337662656
15066	51	Radio stations	47	515112	71	47071	Hardin County, Tennessee	yes	2.0	22.56039536418194	612.9547337662656
15067	51	Radio stations	47	515112	73	47073	Hawkins County, Tennessee	yes	2.0	22.56039536418194	612.9547337662656
15068	51	Radio stations	47	515112	75	47075	Haywood County, Tennessee	yes	1.0	11.28019768209097	306.4773668831328
15069	51	Radio stations	47	515112	77	47077	Henderson County, Tennessee	yes	1.0	11.28019768209097	306.4773668831328
15070	51	Radio stations	47	515112	79	47079	Henry County, Tennessee	yes	1.8333333333333333	20.346590650377227	559.1752724868044
15071	51	Radio stations	47	515112	81	47081	Hickman County, Tennessee	yes	1.0	11.28019768209097	306.4773668831328
15072	51	Radio stations	47	515112	85	47085	Humphreys County, Tennessee	yes	1.0	11.28019768209097	306.4773668831328
15073	51	Radio stations	47	515112	89	47089	Jefferson County, Tennessee	yes	1.0	11.28019768209097	306.4773668831328
15074	51	Radio stations	47	515112	91	47091	Johnson County, Tennessee	yes	1.0	11.28019768209097	306.4773668831328
15075	51	Radio stations	47	515112	93	47093	Knox County, Tennessee	no	13.0	238.0	10976.5
15076	51	Radio stations	47	515112	93	47093	Knox County, Tennessee	yes	14.0	168.8369408369408	4548.665945165945
15077	51	Radio stations	47	515112	97	47097	Lauderdale County, Tennessee	yes	1.0	11.28019768209097	306.4773668831328
15078	51	Radio stations	47	515112	99	47099	Lawrence County, Tennessee	yes	1.3333333333333333	15.000976902870192	429.8009599567259
15079	51	Radio stations	47	515112	103	47103	Lincoln County, Tennessee	yes	2.0	22.56039536418194	612.9547337662656
15080	51	Radio stations	47	515112	105	47105	Loudon County, Tennessee	yes	1.0	11.28019768209097	306.4773668831328
15081	51	Radio stations	47	515112	107	47107	McMinn County, Tennessee	yes	1.8333333333333333	21.05342085720743	543.4106019721338
15082	51	Radio stations	47	515112	113	47113	Madison County, Tennessee	no	3.0	75.0	2463.0
15083	51	Radio stations	47	515112	113	47113	Madison County, Tennessee	yes	3.3333333333333335	41.450786862146586	1002.8020782366739
15084	51	Radio stations	47	515112	115	47115	Marion County, Tennessee	yes	1.0	11.28019768209097	306.4773668831328
15085	51	Radio stations	47	515112	117	47117	Marshall County, Tennessee	yes	1.1666666666666667	13.08632013107056	360.99947572667025
15086	51	Radio stations	47	515112	119	47119	Maury County, Tennessee	no	3.0	8.5	244.0
15087	51	Radio stations	47	515112	119	47119	Maury County, Tennessee	yes	3.0	32.955627705627705	949.72335997336
15088	51	Radio stations	47	515112	125	47125	Montgomery County, Tennessee	yes	2.3333333333333335	26.924802487625204	707.6398175356868
15089	51	Radio stations	47	515112	129	47129	Morgan County, Tennessee	yes	1.0	11.28019768209097	306.4773668831328
15090	51	Radio stations	47	515112	131	47131	Obion County, Tennessee	yes	1.0	11.28019768209097	306.4773668831328
15091	51	Radio stations	47	515112	133	47133	Overton County, Tennessee	yes	1.5	17.151579312508748	470.7065824466858
15092	51	Radio stations	47	515112	135	47135	Perry County, Tennessee	yes	1.0	11.162337662337663	369.97077922077926
15093	51	Radio stations	47	515112	139	47139	Polk County, Tennessee	yes	1.0	10.83673469387755	327.13265306122446
15094	51	Radio stations	47	515112	141	47141	Putnam County, Tennessee	yes	2.1666666666666665	23.94928425307083	646.9013149628469
15095	51	Radio stations	47	515112	149	47149	Rutherford County, Tennessee	no	3.0	37.666666666666664	1240.6666666666667
15096	51	Radio stations	47	515112	149	47149	Rutherford County, Tennessee	yes	2.0	24.68211828969144	596.8287704518342
15097	51	Radio stations	47	515112	151	47151	Scott County, Tennessee	yes	1.0	11.28019768209097	306.4773668831328
15098	51	Radio stations	47	515112	155	47155	Sevier County, Tennessee	yes	1.0	11.28019768209097	306.4773668831328
15099	51	Radio stations	47	515112	157	47157	Shelby County, Tennessee	no	19.666666666666668	322.5	12977.666666666666
15100	51	Radio stations	47	515112	159	47159	Smith County, Tennessee	yes	1.0	11.28019768209097	306.4773668831328
15101	51	Radio stations	47	515112	163	47163	Sullivan County, Tennessee	yes	2.0	22.56039536418194	612.9547337662656
15102	51	Radio stations	47	515112	165	47165	Sumner County, Tennessee	yes	2.1666666666666665	23.94928425307083	646.9013149628469
15103	51	Radio stations	47	515112	167	47167	Tipton County, Tennessee	yes	1.0	11.28019768209097	306.4773668831328
15104	51	Radio stations	47	515112	171	47171	Unicoi County, Tennessee	yes	1.0	11.28019768209097	306.4773668831328
15105	51	Radio stations	47	515112	179	47179	Washington County, Tennessee	yes	2.0	22.56039536418194	612.9547337662656
15106	51	Radio stations	47	515112	183	47183	Weakley County, Tennessee	yes	1.0	11.28019768209097	306.4773668831328
15107	51	Radio stations	47	515112	187	47187	Williamson County, Tennessee	yes	1.6666666666666667	18.83961614340272	489.6311406926725
15108	51	Radio stations	47	515112	189	47189	Wilson County, Tennessee	yes	1.0	11.28019768209097	306.4773668831328
15109	51	Record production	47	512210	37	47037	Davidson County, Tennessee	no	21.166666666666668	49.0	4769.5
15110	51	Record production	47	512210	93	47093	Knox County, Tennessee	yes	1.3333333333333333	1.2833333333333334	93.22539682539683
15111	51	Record production	47	512210	119	47119	Maury County, Tennessee	yes	1.0	0.9916666666666667	75.81706349206348
15112	51	Record production	47	512210	147	47147	Robertson County, Tennessee	yes	1.0	0.5833333333333334	53.911904761904765
15113	51	Record production	47	512210	157	47157	Shelby County, Tennessee	yes	1.0	0.0	57.82857142857142
15114	51	Record production	47	512210	165	47165	Sumner County, Tennessee	yes	1.0	0.0	60.64285714285714
15115	51	Record production	47	512210	187	47187	Williamson County, Tennessee	no	8.0	4.75	701.5
15116	51	Record production	47	512210	187	47187	Williamson County, Tennessee	yes	9.5	0.0	577.7857142857142
15117	51	Satellite telecommunications	47	517410	65	47065	Hamilton County, Tennessee	yes	1.0	10.25	487.75
15118	51	Satellite telecommunications	47	517410	87	47087	Jackson County, Tennessee	yes	1.0	5.222222222222222	198.80555555555554
15119	51	Satellite telecommunications	47	517410	119	47119	Maury County, Tennessee	yes	1.0	0.0	124.75
15120	51	Satellite telecommunications	47	517410	133	47133	Overton County, Tennessee	yes	1.0	10.25	487.75
15121	51	Satellite telecommunications	47	517410	165	47165	Sumner County, Tennessee	yes	1.0	6.027777777777778	261.9861111111111
15122	51	Satellite telecommunications	47	517410	189	47189	Wilson County, Tennessee	yes	1.0	7.2333333333333325	314.3833333333333
15123	51	Software publishers	47	511210	1	47001	Anderson County, Tennessee	yes	1.6666666666666667	67.46949558449334	7071.645624407523
15124	51	Software publishers	47	511210	11	47011	Bradley County, Tennessee	yes	2.0	64.20565783565335	7040.0134710372695
15125	51	Software publishers	47	511210	27	47027	Clay County, Tennessee	yes	1.0	53.775000000000006	5622.483333333334
15126	51	Software publishers	47	511210	37	47037	Davidson County, Tennessee	no	39.666666666666664	488.5	51145.0
15127	51	Software publishers	47	511210	65	47065	Hamilton County, Tennessee	no	4.0	16.0	1227.0
15128	51	Software publishers	47	511210	65	47065	Hamilton County, Tennessee	yes	1.5	66.95073529411765	6977.401960784314
15129	51	Software publishers	47	511210	89	47089	Jefferson County, Tennessee	yes	1.0	30.095419847328245	3267.6865738661877
15130	51	Software publishers	47	511210	93	47093	Knox County, Tennessee	no	11.0	98.33333333333333	6676.833333333333
15131	51	Software publishers	47	511210	119	47119	Maury County, Tennessee	yes	1.0	40.77169735069601	4360.997374644515
15132	51	Software publishers	47	511210	143	47143	Rhea County, Tennessee	yes	1.0	32.10282891782668	3520.0067355186347
15133	51	Software publishers	47	511210	147	47147	Robertson County, Tennessee	yes	1.0	42.62641445891334	4399.281145537095
15134	51	Software publishers	47	511210	149	47149	Rutherford County, Tennessee	yes	2.6666666666666665	117.84743676096393	12108.61457865589
15135	51	Software publishers	47	511210	157	47157	Shelby County, Tennessee	no	13.5	248.66666666666666	21870.5
15136	51	Software publishers	47	511210	163	47163	Sullivan County, Tennessee	yes	1.8333333333333333	71.48169435713218	7490.099972558997
15137	51	Software publishers	47	511210	165	47165	Sumner County, Tennessee	yes	1.0	30.095419847328245	3267.6865738661877
15138	51	Software publishers	47	511210	179	47179	Washington County, Tennessee	yes	1.0	42.62641445891334	4399.281145537095
15139	51	Software publishers	47	511210	187	47187	Williamson County, Tennessee	no	15.5	395.6666666666667	51752.666666666664
15140	51	Software publishers	47	511210	189	47189	Wilson County, Tennessee	no	3.0	2.5	256.0
15141	51	Software publishers	47	511210	189	47189	Wilson County, Tennessee	yes	2.0	74.10424337674002	7575.3601032779525
15142	51	Sound recording studios	47	512240	37	47037	Davidson County, Tennessee	no	48.166666666666664	137.83333333333334	9484.5
15143	51	Sound recording studios	47	512240	65	47065	Hamilton County, Tennessee	yes	1.3333333333333333	3.9267928472153826	104.10930786740646
15144	51	Sound recording studios	47	512240	93	47093	Knox County, Tennessee	yes	1.6666666666666667	5.627353300064567	107.95541150946082
15145	51	Sound recording studios	47	512240	119	47119	Maury County, Tennessee	yes	1.0	3.1847153824266505	70.6882397922891
15146	51	Sound recording studios	47	512240	147	47147	Robertson County, Tennessee	yes	1.0	4.427272727272728	76.05151515151516
15147	51	Sound recording studios	47	512240	149	47149	Rutherford County, Tennessee	no	3.0	2.0	60.0
15148	51	Sound recording studios	47	512240	149	47149	Rutherford County, Tennessee	yes	2.0	5.467521367521368	102.64444444444445
15149	51	Sound recording studios	47	512240	155	47155	Sevier County, Tennessee	yes	1.0	6.454545454545455	69.63636363636364
15150	51	Sound recording studios	47	512240	157	47157	Shelby County, Tennessee	yes	1.1666666666666667	3.58471538242665	84.43268423673352
15151	51	Sound recording studios	47	512240	165	47165	Sumner County, Tennessee	yes	1.6666666666666667	5.627353300064567	107.95541150946082
15152	51	Sound recording studios	47	512240	173	47173	Union County, Tennessee	yes	1.0	3.1847153824266505	70.6882397922891
15153	51	Sound recording studios	47	512240	177	47177	Warren County, Tennessee	yes	1.0	3.1847153824266505	70.6882397922891
15154	51	Sound recording studios	47	512240	187	47187	Williamson County, Tennessee	no	12.5	13.666666666666666	646.6666666666666
15155	51	Sound recording studios	47	512240	189	47189	Wilson County, Tennessee	yes	1.6666666666666667	4.995299145299145	92.81111111111112
15156	51	Telecommunications resellers	47	517911	1	47001	Anderson County, Tennessee	yes	1.5	10.242283312326387	790.4865381163908
15157	51	Telecommunications resellers	47	517911	9	47009	Blount County, Tennessee	yes	1.3333333333333333	6.703030303030303	487.36666666666673
15158	51	Telecommunications resellers	47	517911	37	47037	Davidson County, Tennessee	no	4.0	32.333333333333336	2744.3333333333335
15159	51	Telecommunications resellers	47	517911	37	47037	Davidson County, Tennessee	yes	3.6666666666666665	14.709090909090909	1244.9151515151516
15160	51	Telecommunications resellers	47	517911	65	47065	Hamilton County, Tennessee	yes	2.0	8.1	742.0954545454546
15161	51	Telecommunications resellers	47	517911	77	47077	Henderson County, Tennessee	yes	1.0	2.4598930481283423	245.58823529411765
15162	51	Telecommunications resellers	47	517911	81	47081	Hickman County, Tennessee	yes	1.0	3.909090909090909	255.45454545454547
15163	51	Telecommunications resellers	47	517911	93	47093	Knox County, Tennessee	yes	1.6666666666666667	7.930277128533959	635.1273376856464
15164	51	Telecommunications resellers	47	517911	113	47113	Madison County, Tennessee	yes	1.4	9.97662232773284	814.9209045631982
15165	51	Telecommunications resellers	47	517911	129	47129	Morgan County, Tennessee	yes	1.0	6.121899231920769	478.372435724862
15166	51	Telecommunications resellers	47	517911	141	47141	Putnam County, Tennessee	yes	1.0	8.1	464.55
15167	51	Telecommunications resellers	47	517911	149	47149	Rutherford County, Tennessee	yes	1.8333333333333333	10.89379846384154	879.319871449724
15168	51	Telecommunications resellers	47	517911	157	47157	Shelby County, Tennessee	no	4.75	14.25	593.0
15169	51	Telecommunications resellers	47	517911	157	47157	Shelby County, Tennessee	yes	2.0	21.251716247139587	1668.9199084668192
15170	51	Telecommunications resellers	47	517911	165	47165	Sumner County, Tennessee	yes	4.0	24.487596927683075	1913.489742899448
15171	51	Telecommunications resellers	47	517911	179	47179	Washington County, Tennessee	yes	1.5	12.470777909666051	949.2647670676342
15172	51	Telecommunications resellers	47	517911	187	47187	Williamson County, Tennessee	no	3.0	18.0	1863.0
15173	51	Telecommunications resellers	47	517911	187	47187	Williamson County, Tennessee	yes	2.2	14.08614104431038	1117.6788724776366
15174	51	Telecommunications resellers	47	517911	189	47189	Wilson County, Tennessee	yes	1.1666666666666667	6.700330604469788	512.3332200385875
15175	51	Teleproduction and other postproduction services	47	512191	9	47009	Blount County, Tennessee	yes	1.0	12.103968253968254	278.9626984126984
15176	51	Teleproduction and other postproduction services	47	512191	37	47037	Davidson County, Tennessee	no	12.666666666666666	61.833333333333336	4865.833333333333
15177	51	Teleproduction and other postproduction services	47	512191	65	47065	Hamilton County, Tennessee	yes	1.0	12.103968253968254	278.9626984126984
15178	51	Teleproduction and other postproduction services	47	512191	81	47081	Hickman County, Tennessee	yes	1.0	15.905952380952382	361.9940476190476
15179	51	Teleproduction and other postproduction services	47	512191	93	47093	Knox County, Tennessee	no	3.5	30.333333333333332	1726.6666666666667
15180	51	Teleproduction and other postproduction services	47	512191	155	47155	Sevier County, Tennessee	yes	1.0	12.103968253968254	278.9626984126984
15181	51	Teleproduction and other postproduction services	47	512191	157	47157	Shelby County, Tennessee	yes	1.0	5.5555555555555545	136.82222222222222
15182	51	Teleproduction and other postproduction services	47	512191	179	47179	Washington County, Tennessee	yes	1.0	12.103968253968254	278.9626984126984
15183	51	Teleproduction and other postproduction services	47	512191	187	47187	Williamson County, Tennessee	yes	1.0	20.833333333333332	336.16666666666663
15184	51	Television broadcasting	47	515120	37	47037	Davidson County, Tennessee	no	9.333333333333334	645.3333333333334	48189.0
15185	51	Television broadcasting	47	515120	65	47065	Hamilton County, Tennessee	no	8.0	322.5	16983.25
15186	51	Television broadcasting	47	515120	65	47065	Hamilton County, Tennessee	yes	8.0	274.9473684210526	10468.0
15187	51	Television broadcasting	47	515120	71	47071	Hardin County, Tennessee	yes	1.3333333333333333	42.01270332694481	1860.9092562064695
15188	51	Television broadcasting	47	515120	93	47093	Knox County, Tennessee	no	10.333333333333334	429.0	23176.833333333332
15189	51	Television broadcasting	47	515120	105	47105	Loudon County, Tennessee	yes	1.0	31.17489802938719	1305.3702125188192
15190	51	Television broadcasting	47	515120	113	47113	Madison County, Tennessee	yes	1.5	45.89365570789719	2011.5283038255172
15191	51	Television broadcasting	47	515120	125	47125	Montgomery County, Tennessee	yes	1.0	31.17489802938719	1305.3702125188192
15192	51	Television broadcasting	47	515120	131	47131	Obion County, Tennessee	yes	1.0	32.91228070175438	1198.4242424242423
15193	51	Television broadcasting	47	515120	141	47141	Putnam County, Tennessee	yes	1.0	31.17489802938719	1305.3702125188192
15194	51	Television broadcasting	47	515120	155	47155	Sevier County, Tennessee	yes	1.0	29.43751535702	1412.3161826133962
15195	51	Television broadcasting	47	515120	157	47157	Shelby County, Tennessee	no	9.333333333333334	568.8333333333334	32302.833333333332
15196	51	Television broadcasting	47	515120	163	47163	Sullivan County, Tennessee	yes	1.5	45.89365570789719	2011.5283038255172
15197	51	Television broadcasting	47	515120	165	47165	Sumner County, Tennessee	yes	2.0	62.34979605877438	2610.7404250376385
15198	51	Television broadcasting	47	515120	179	47179	Washington County, Tennessee	yes	1.0	31.17489802938719	1305.3702125188192
15199	51	Television broadcasting	47	515120	183	47183	Weakley County, Tennessee	yes	1.0	31.17489802938719	1305.3702125188192
15200	51	Television broadcasting	47	515120	187	47187	Williamson County, Tennessee	yes	1.0	29.43751535702	1412.3161826133962
15201	51	Television broadcasting	47	515120	189	47189	Wilson County, Tennessee	no	3.0	5.5	427.75
15202	51	Television broadcasting	47	515120	189	47189	Wilson County, Tennessee	yes	2.0	65.02683178534572	3333.2342621259027
15203	51	Wired telecommunications carriers	47	517110	1	47001	Anderson County, Tennessee	no	7.0	110.33333333333333	6570.666666666667
15204	51	Wired telecommunications carriers	47	517110	1	47001	Anderson County, Tennessee	yes	9.666666666666666	142.9729781971737	8425.729580540508
15205	51	Wired telecommunications carriers	47	517110	3	47003	Bedford County, Tennessee	yes	1.6666666666666667	23.699026361844798	1359.7968502770002
15206	51	Wired telecommunications carriers	47	517110	5	47005	Benton County, Tennessee	yes	2.0	28.830795149761972	1613.448019287318
15207	51	Wired telecommunications carriers	47	517110	7	47007	Bledsoe County, Tennessee	yes	1.6666666666666667	24.376789902372106	1314.7825135452808
15208	51	Wired telecommunications carriers	47	517110	9	47009	Blount County, Tennessee	no	12.833333333333334	208.66666666666666	12282.666666666666
15209	51	Wired telecommunications carriers	47	517110	11	47011	Bradley County, Tennessee	yes	5.333333333333333	76.97736021846453	4281.989864437465
15210	51	Wired telecommunications carriers	47	517110	13	47013	Campbell County, Tennessee	yes	4.333333333333333	62.649221215794775	3530.7366879574934
15211	51	Wired telecommunications carriers	47	517110	15	47015	Cannon County, Tennessee	yes	1.0	14.415397574880986	806.724009643659
15212	51	Wired telecommunications carriers	47	517110	17	47017	Carroll County, Tennessee	no	4.333333333333333	73.83333333333333	3080.5
15213	51	Wired telecommunications carriers	47	517110	19	47019	Carter County, Tennessee	yes	1.3333333333333333	19.403028491151805	1110.5646590265162
15214	51	Wired telecommunications carriers	47	517110	21	47021	Cheatham County, Tennessee	yes	2.3333333333333335	33.81149131350753	1867.4772712381289
15215	51	Wired telecommunications carriers	47	517110	23	47023	Chester County, Tennessee	yes	1.0	14.415397574880986	806.724009643659
15216	51	Wired telecommunications carriers	47	517110	25	47025	Claiborne County, Tennessee	no	3.6	24.6	1351.4
15217	51	Wired telecommunications carriers	47	517110	25	47025	Claiborne County, Tennessee	yes	3.0	40.02439024390244	2245.5365853658536
15218	51	Wired telecommunications carriers	47	517110	27	47027	Clay County, Tennessee	yes	1.0	14.962892748812454	911.521948148572
15219	51	Wired telecommunications carriers	47	517110	29	47029	Cocke County, Tennessee	yes	1.6666666666666667	23.850098986016416	1359.4187673365068
15220	51	Wired telecommunications carriers	47	517110	31	47031	Coffee County, Tennessee	no	6.75	136.25	6168.0
15221	51	Wired telecommunications carriers	47	517110	31	47031	Coffee County, Tennessee	yes	6.0	89.77735649287472	5469.131688891432
15222	51	Wired telecommunications carriers	47	517110	33	47033	Crockett County, Tennessee	yes	1.3333333333333333	19.547166362798162	1060.3751786539767
15223	51	Wired telecommunications carriers	47	517110	35	47035	Cumberland County, Tennessee	no	7.5	59.0	2956.0
15224	51	Wired telecommunications carriers	47	517110	37	47037	Davidson County, Tennessee	no	71.83333333333333	3074.3333333333335	185411.5
15225	51	Wired telecommunications carriers	47	517110	39	47039	Decatur County, Tennessee	yes	3.0	43.24619272464296	2420.1720289309765
15226	51	Wired telecommunications carriers	47	517110	41	47041	DeKalb County, Tennessee	yes	4.333333333333333	62.649221215794775	3530.7366879574934
15227	51	Wired telecommunications carriers	47	517110	43	47043	Dickson County, Tennessee	yes	5.5	78.99290155395002	4512.130336703851
15228	51	Wired telecommunications carriers	47	517110	45	47045	Dyer County, Tennessee	yes	3.3333333333333335	48.233823640913776	2724.0126783138344
15229	51	Wired telecommunications carriers	47	517110	47	47047	Fayette County, Tennessee	yes	1.0	14.415397574880986	806.724009643659
15230	51	Wired telecommunications carriers	47	517110	49	47049	Fentress County, Tennessee	yes	1.0	14.962892748812454	911.521948148572
15231	51	Wired telecommunications carriers	47	517110	51	47051	Franklin County, Tennessee	no	5.0	28.0	1195.0
15232	51	Wired telecommunications carriers	47	517110	51	47051	Franklin County, Tennessee	yes	2.25	31.845274765746478	1695.2110051521527
15233	51	Wired telecommunications carriers	47	517110	53	47053	Gibson County, Tennessee	no	7.666666666666667	36.333333333333336	2085.0
15234	51	Wired telecommunications carriers	47	517110	53	47053	Gibson County, Tennessee	yes	7.333333333333333	107.72414405154143	5546.392720588664
15235	51	Wired telecommunications carriers	47	517110	55	47055	Giles County, Tennessee	yes	2.1666666666666665	31.205445009705954	1737.8219688671497
15236	51	Wired telecommunications carriers	47	517110	57	47057	Grainger County, Tennessee	yes	1.0	14.415397574880986	806.724009643659
15237	51	Wired telecommunications carriers	47	517110	59	47059	Greene County, Tennessee	no	5.0	63.0	3083.0
15238	51	Wired telecommunications carriers	47	517110	59	47059	Greene County, Tennessee	yes	5.0	73.88489619378649	4153.690481928049
15239	51	Wired telecommunications carriers	47	517110	61	47061	Grundy County, Tennessee	yes	1.0	14.415397574880986	806.724009643659
15240	51	Wired telecommunications carriers	47	517110	63	47063	Hamblen County, Tennessee	yes	6.166666666666667	89.55173360228247	4969.515068142114
15241	51	Wired telecommunications carriers	47	517110	65	47065	Hamilton County, Tennessee	no	34.0	500.8333333333333	27333.833333333332
15242	51	Wired telecommunications carriers	47	517110	69	47069	Hardeman County, Tennessee	yes	4.166666666666667	60.03624015946793	3351.269988154468
15243	51	Wired telecommunications carriers	47	517110	71	47071	Hardin County, Tennessee	no	3.0	23.333333333333332	1198.1666666666667
15244	51	Wired telecommunications carriers	47	517110	73	47073	Hawkins County, Tennessee	no	4.0	9.833333333333334	956.6666666666666
15245	51	Wired telecommunications carriers	47	517110	75	47075	Haywood County, Tennessee	yes	2.1666666666666665	31.205445009705954	1737.8219688671497
15246	51	Wired telecommunications carriers	47	517110	77	47077	Henderson County, Tennessee	yes	3.0	43.24619272464296	2420.1720289309765
15247	51	Wired telecommunications carriers	47	517110	79	47079	Henry County, Tennessee	yes	2.6666666666666665	38.114423936725785	2166.5208599206594
15248	51	Wired telecommunications carriers	47	517110	81	47081	Hickman County, Tennessee	yes	1.6666666666666667	23.699026361844798	1359.7968502770002
15249	51	Wired telecommunications carriers	47	517110	83	47083	Houston County, Tennessee	yes	1.0	14.415397574880986	806.724009643659
15250	51	Wired telecommunications carriers	47	517110	85	47085	Humphreys County, Tennessee	yes	2.0	28.830795149761972	1613.448019287318
15251	51	Wired telecommunications carriers	47	517110	87	47087	Jackson County, Tennessee	yes	2.3333333333333335	33.81842606603279	1917.2886686701752
15252	51	Wired telecommunications carriers	47	517110	89	47089	Jefferson County, Tennessee	yes	3.1666666666666665	45.31861335956359	2544.6521876611355
15253	51	Wired telecommunications carriers	47	517110	91	47091	Johnson County, Tennessee	yes	1.0	14.415397574880986	806.724009643659
15254	51	Wired telecommunications carriers	47	517110	93	47093	Knox County, Tennessee	no	58.666666666666664	1500.0	79529.5
15255	51	Wired telecommunications carriers	47	517110	97	47097	Lauderdale County, Tennessee	yes	4.166666666666667	60.18731278363955	3350.891905213975
15256	51	Wired telecommunications carriers	47	517110	99	47099	Lawrence County, Tennessee	no	3.0	21.5	2498.8333333333335
15257	51	Wired telecommunications carriers	47	517110	101	47101	Lewis County, Tennessee	yes	2.0	28.830795149761972	1613.448019287318
15258	51	Wired telecommunications carriers	47	517110	103	47103	Lincoln County, Tennessee	yes	2.0	28.830795149761972	1613.448019287318
15259	51	Wired telecommunications carriers	47	517110	105	47105	Loudon County, Tennessee	no	4.2	64.0	3102.0
15260	51	Wired telecommunications carriers	47	517110	105	47105	Loudon County, Tennessee	yes	4.0	56.99159663865546	2984.974789915966
15261	51	Wired telecommunications carriers	47	517110	107	47107	McMinn County, Tennessee	no	4.0	36.75	2225.0
15262	51	Wired telecommunications carriers	47	517110	107	47107	McMinn County, Tennessee	yes	5.0	74.81446374406227	4557.609740742861
15263	51	Wired telecommunications carriers	47	517110	109	47109	McNairy County, Tennessee	yes	3.0	43.24619272464296	2420.1720289309765
15264	51	Wired telecommunications carriers	47	517110	111	47111	Macon County, Tennessee	yes	1.6666666666666667	23.843164233491155	1309.6073699044605
15265	51	Wired telecommunications carriers	47	517110	113	47113	Madison County, Tennessee	no	11.833333333333334	197.66666666666666	10821.833333333334
15266	51	Wired telecommunications carriers	47	517110	115	47115	Marion County, Tennessee	yes	2.1666666666666665	31.205445009705954	1737.8219688671497
15267	51	Wired telecommunications carriers	47	517110	117	47117	Marshall County, Tennessee	no	7.0	56.0	3494.0
15268	51	Wired telecommunications carriers	47	517110	117	47117	Marshall County, Tennessee	yes	4.0	55.53955251208217	3010.104570514319
15269	51	Wired telecommunications carriers	47	517110	119	47119	Maury County, Tennessee	no	6.333333333333333	179.33333333333334	13486.0
15270	51	Wired telecommunications carriers	47	517110	119	47119	Maury County, Tennessee	yes	8.0	117.79649241943673	6851.433583403028
15271	51	Wired telecommunications carriers	47	517110	123	47123	Monroe County, Tennessee	no	5.0	16.0	954.0
15272	51	Wired telecommunications carriers	47	517110	123	47123	Monroe County, Tennessee	yes	7.25	102.55352470532273	5466.836207108165
15273	51	Wired telecommunications carriers	47	517110	125	47125	Montgomery County, Tennessee	no	9.25	175.25	9464.0
15274	51	Wired telecommunications carriers	47	517110	125	47125	Montgomery County, Tennessee	yes	7.5	114.89109412609264	5699.796397956166
15275	51	Wired telecommunications carriers	47	517110	129	47129	Morgan County, Tennessee	yes	2.0	28.830795149761972	1613.448019287318
15276	51	Wired telecommunications carriers	47	517110	131	47131	Obion County, Tennessee	yes	3.1666666666666665	45.62084258458694	2544.5459785108087
15277	51	Wired telecommunications carriers	47	517110	133	47133	Overton County, Tennessee	yes	1.3333333333333333	19.403028491151805	1110.5646590265162
15278	51	Wired telecommunications carriers	47	517110	135	47135	Perry County, Tennessee	yes	1.0	14.141649987915255	754.3250403912024
15279	51	Wired telecommunications carriers	47	517110	137	47137	Pickett County, Tennessee	yes	1.0	14.962892748812454	911.521948148572
15280	51	Wired telecommunications carriers	47	517110	139	47139	Polk County, Tennessee	yes	3.0	43.24619272464296	2420.1720289309765
15281	51	Wired telecommunications carriers	47	517110	141	47141	Putnam County, Tennessee	no	10.0	133.5	6900.166666666667
15282	51	Wired telecommunications carriers	47	517110	143	47143	Rhea County, Tennessee	no	6.5	25.0	2461.0
15283	51	Wired telecommunications carriers	47	517110	145	47145	Roane County, Tennessee	no	4.333333333333333	31.333333333333332	1461.3333333333333
15284	51	Wired telecommunications carriers	47	517110	147	47147	Robertson County, Tennessee	yes	3.0	43.102054852996595	2470.3615093035164
15285	51	Wired telecommunications carriers	47	517110	149	47149	Rutherford County, Tennessee	no	21.5	399.1666666666667	21528.833333333332
15286	51	Wired telecommunications carriers	47	517110	151	47151	Scott County, Tennessee	yes	3.0	43.24619272464296	2420.1720289309765
15287	51	Wired telecommunications carriers	47	517110	153	47153	Sequatchie County, Tennessee	yes	1.0	14.415397574880986	806.724009643659
15288	51	Wired telecommunications carriers	47	517110	155	47155	Sevier County, Tennessee	no	8.5	71.33333333333333	4312.666666666667
15289	51	Wired telecommunications carriers	47	517110	157	47157	Shelby County, Tennessee	no	76.83333333333333	1767.6666666666667	101280.83333333333
15290	51	Wired telecommunications carriers	47	517110	159	47159	Smith County, Tennessee	yes	2.0	28.830795149761972	1613.448019287318
15291	51	Wired telecommunications carriers	47	517110	161	47161	Stewart County, Tennessee	yes	1.0	14.415397574880986	806.724009643659
15292	51	Wired telecommunications carriers	47	517110	163	47163	Sullivan County, Tennessee	yes	23.166666666666668	333.08608841245723	18624.795796192106
15293	51	Wired telecommunications carriers	47	517110	165	47165	Sumner County, Tennessee	yes	11.666666666666666	168.94097372931222	9586.17146956071
15294	51	Wired telecommunications carriers	47	517110	167	47167	Tipton County, Tennessee	yes	2.5	36.33721379762313	1991.4731378774675
15295	51	Wired telecommunications carriers	47	517110	171	47171	Unicoi County, Tennessee	yes	1.0	14.415397574880986	806.724009643659
15296	51	Wired telecommunications carriers	47	517110	173	47173	Union County, Tennessee	yes	1.3333333333333333	19.403028491151805	1110.5646590265162
15297	51	Wired telecommunications carriers	47	517110	177	47177	Warren County, Tennessee	yes	4.5	65.01693632321349	3605.2992401052793
15298	51	Wired telecommunications carriers	47	517110	179	47179	Washington County, Tennessee	no	22.0	543.3333333333334	26598.0
15299	51	Wired telecommunications carriers	47	517110	179	47179	Washington County, Tennessee	yes	18.333333333333332	268.1725279399663	13862.968946323474
15300	51	Wired telecommunications carriers	47	517110	181	47181	Wayne County, Tennessee	yes	2.0	28.830795149761972	1613.448019287318
15301	51	Wired telecommunications carriers	47	517110	183	47183	Weakley County, Tennessee	no	5.0	31.75	1616.0
15302	51	Wired telecommunications carriers	47	517110	183	47183	Weakley County, Tennessee	yes	4.5	62.30267472842796	3362.6336339413815
15303	51	Wired telecommunications carriers	47	517110	185	47185	White County, Tennessee	yes	2.0	28.830795149761972	1613.448019287318
15304	51	Wired telecommunications carriers	47	517110	187	47187	Williamson County, Tennessee	no	27.5	910.6666666666666	56630.333333333336
15305	51	Wired telecommunications carriers	47	517110	189	47189	Wilson County, Tennessee	no	9.166666666666666	80.33333333333333	4804.5
15306	51	Wireless telecommunications carriers (except satellite)	47	517210	1	47001	Anderson County, Tennessee	no	4.0	23.0	1078.0
15307	51	Wireless telecommunications carriers (except satellite)	47	517210	1	47001	Anderson County, Tennessee	yes	1.0	26.098980304988913	1112.6994425702305
15308	51	Wireless telecommunications carriers (except satellite)	47	517210	3	47003	Bedford County, Tennessee	yes	2.6666666666666665	61.097453908441366	2737.959634295958
15309	51	Wireless telecommunications carriers (except satellite)	47	517210	5	47005	Benton County, Tennessee	yes	1.0	21.207602339181285	1019.7171052631579
15310	51	Wireless telecommunications carriers (except satellite)	47	517210	9	47009	Blount County, Tennessee	no	7.0	47.0	1907.0
15311	51	Wireless telecommunications carriers (except satellite)	47	517210	9	47009	Blount County, Tennessee	yes	2.25	61.02767075490536	2644.290189488287
15312	51	Wireless telecommunications carriers (except satellite)	47	517210	11	47011	Bradley County, Tennessee	no	5.0	37.0	2008.0
15313	51	Wireless telecommunications carriers (except satellite)	47	517210	11	47011	Bradley County, Tennessee	yes	2.5	69.85738089983289	3063.181493836113
15314	51	Wireless telecommunications carriers (except satellite)	47	517210	13	47013	Campbell County, Tennessee	yes	1.0	21.207602339181285	1019.7171052631579
15315	51	Wireless telecommunications carriers (except satellite)	47	517210	15	47015	Cannon County, Tennessee	yes	1.0	21.207602339181285	1019.7171052631579
15316	51	Wireless telecommunications carriers (except satellite)	47	517210	17	47017	Carroll County, Tennessee	yes	1.0	24.468520983053036	1081.7053301345397
15317	51	Wireless telecommunications carriers (except satellite)	47	517210	19	47019	Carter County, Tennessee	yes	1.0	21.207602339181285	1019.7171052631579
15318	51	Wireless telecommunications carriers (except satellite)	47	517210	25	47025	Claiborne County, Tennessee	yes	1.0	21.207602339181285	1019.7171052631579
15319	51	Wireless telecommunications carriers (except satellite)	47	517210	29	47029	Cocke County, Tennessee	yes	1.0	21.207602339181285	1019.7171052631579
15320	51	Wireless telecommunications carriers (except satellite)	47	517210	31	47031	Coffee County, Tennessee	no	4.0	30.0	1380.0
15321	51	Wireless telecommunications carriers (except satellite)	47	517210	31	47031	Coffee County, Tennessee	yes	1.25	34.928690449916445	1531.5907469180565
15322	51	Wireless telecommunications carriers (except satellite)	47	517210	35	47035	Cumberland County, Tennessee	yes	1.3333333333333333	31.537721762780134	1421.6110318889257
15323	51	Wireless telecommunications carriers (except satellite)	47	517210	37	47037	Davidson County, Tennessee	no	44.5	1101.0	54452.25
15324	51	Wireless telecommunications carriers (except satellite)	47	517210	37	47037	Davidson County, Tennessee	yes	27.5	332.6244600687329	15594.141091528203
15325	51	Wireless telecommunications carriers (except satellite)	47	517210	41	47041	DeKalb County, Tennessee	yes	1.0	21.207602339181285	1019.7171052631579
15326	51	Wireless telecommunications carriers (except satellite)	47	517210	43	47043	Dickson County, Tennessee	yes	3.0	73.4055629491591	3245.115990403619
15327	51	Wireless telecommunications carriers (except satellite)	47	517210	45	47045	Dyer County, Tennessee	yes	1.3333333333333333	31.537721762780134	1421.6110318889257
15328	51	Wireless telecommunications carriers (except satellite)	47	517210	47	47047	Fayette County, Tennessee	yes	1.0	21.207602339181285	1019.7171052631579
15329	51	Wireless telecommunications carriers (except satellite)	47	517210	49	47049	Fentress County, Tennessee	yes	1.0	21.207602339181285	1019.7171052631579
15330	51	Wireless telecommunications carriers (except satellite)	47	517210	51	47051	Franklin County, Tennessee	yes	1.0	21.207602339181285	1019.7171052631579
15331	51	Wireless telecommunications carriers (except satellite)	47	517210	53	47053	Gibson County, Tennessee	yes	3.0	63.622807017543856	3059.1513157894733
15332	51	Wireless telecommunications carriers (except satellite)	47	517210	55	47055	Giles County, Tennessee	yes	1.0	21.207602339181285	1019.7171052631579
15333	51	Wireless telecommunications carriers (except satellite)	47	517210	59	47059	Greene County, Tennessee	yes	1.0	24.468520983053036	1081.7053301345397
15334	51	Wireless telecommunications carriers (except satellite)	47	517210	63	47063	Hamblen County, Tennessee	no	4.0	36.0	2136.0
15335	51	Wireless telecommunications carriers (except satellite)	47	517210	63	47063	Hamblen County, Tennessee	yes	2.25	61.02767075490536	2644.290189488287
15336	51	Wireless telecommunications carriers (except satellite)	47	517210	65	47065	Hamilton County, Tennessee	no	26.666666666666668	896.0	41505.0
15337	51	Wireless telecommunications carriers (except satellite)	47	517210	65	47065	Hamilton County, Tennessee	yes	19.0	396.8063898435119	15746.02182678059
15338	51	Wireless telecommunications carriers (except satellite)	47	517210	69	47069	Hardeman County, Tennessee	yes	1.6666666666666667	43.07119312233846	1975.0882575618034
15339	51	Wireless telecommunications carriers (except satellite)	47	517210	71	47071	Hardin County, Tennessee	yes	1.0	21.207602339181285	1019.7171052631579
15340	51	Wireless telecommunications carriers (except satellite)	47	517210	73	47073	Hawkins County, Tennessee	yes	1.0	21.207602339181285	1019.7171052631579
15341	51	Wireless telecommunications carriers (except satellite)	47	517210	75	47075	Haywood County, Tennessee	yes	1.0	21.207602339181285	1019.7171052631579
15342	51	Wireless telecommunications carriers (except satellite)	47	517210	77	47077	Henderson County, Tennessee	yes	1.0	21.207602339181285	1019.7171052631579
15343	51	Wireless telecommunications carriers (except satellite)	47	517210	79	47079	Henry County, Tennessee	yes	1.0	21.207602339181285	1019.7171052631579
15344	51	Wireless telecommunications carriers (except satellite)	47	517210	81	47081	Hickman County, Tennessee	yes	1.0	24.468520983053036	1081.7053301345397
15345	51	Wireless telecommunications carriers (except satellite)	47	517210	85	47085	Humphreys County, Tennessee	yes	1.0	21.207602339181285	1019.7171052631579
15346	51	Wireless telecommunications carriers (except satellite)	47	517210	89	47089	Jefferson County, Tennessee	yes	1.6666666666666667	40.04974997881177	1918.1445461479786
15347	51	Wireless telecommunications carriers (except satellite)	47	517210	93	47093	Knox County, Tennessee	no	27.0	859.1666666666666	51616.5
15348	51	Wireless telecommunications carriers (except satellite)	47	517210	97	47097	Lauderdale County, Tennessee	yes	1.0	21.207602339181285	1019.7171052631579
15349	51	Wireless telecommunications carriers (except satellite)	47	517210	99	47099	Lawrence County, Tennessee	yes	1.0	21.207602339181285	1019.7171052631579
15350	51	Wireless telecommunications carriers (except satellite)	47	517210	103	47103	Lincoln County, Tennessee	yes	1.0	12.54787702476722	590.5762089233235
15351	51	Wireless telecommunications carriers (except satellite)	47	517210	105	47105	Loudon County, Tennessee	yes	1.0	21.207602339181285	1019.7171052631579
15352	51	Wireless telecommunications carriers (except satellite)	47	517210	107	47107	McMinn County, Tennessee	no	3.0	26.0	1274.0
15353	51	Wireless telecommunications carriers (except satellite)	47	517210	107	47107	McMinn County, Tennessee	yes	2.0	52.19796060997783	2225.398885140461
15354	51	Wireless telecommunications carriers (except satellite)	47	517210	111	47111	Macon County, Tennessee	yes	1.0	21.207602339181285	1019.7171052631579
15355	51	Wireless telecommunications carriers (except satellite)	47	517210	113	47113	Madison County, Tennessee	no	5.333333333333333	60.0	3067.6666666666665
15356	51	Wireless telecommunications carriers (except satellite)	47	517210	113	47113	Madison County, Tennessee	yes	5.666666666666667	126.86016542127777	5002.032393563914
15357	51	Wireless telecommunications carriers (except satellite)	47	517210	115	47115	Marion County, Tennessee	yes	1.0	21.207602339181285	1019.7171052631579
15358	51	Wireless telecommunications carriers (except satellite)	47	517210	119	47119	Maury County, Tennessee	no	5.0	40.0	2736.0
15359	51	Wireless telecommunications carriers (except satellite)	47	517210	119	47119	Maury County, Tennessee	yes	4.0	104.39592121995565	4450.797770280922
15360	51	Wireless telecommunications carriers (except satellite)	47	517210	123	47123	Monroe County, Tennessee	yes	3.0	63.622807017543856	3059.1513157894733
15361	51	Wireless telecommunications carriers (except satellite)	47	517210	125	47125	Montgomery County, Tennessee	no	5.333333333333333	65.0	3639.6666666666665
15362	51	Wireless telecommunications carriers (except satellite)	47	517210	125	47125	Montgomery County, Tennessee	yes	4.333333333333333	105.42499640921623	4166.19007051949
15363	51	Wireless telecommunications carriers (except satellite)	47	517210	131	47131	Obion County, Tennessee	yes	1.3333333333333333	31.537721762780134	1421.6110318889257
15364	51	Wireless telecommunications carriers (except satellite)	47	517210	133	47133	Overton County, Tennessee	yes	1.0	21.207602339181285	1019.7171052631579
15365	51	Wireless telecommunications carriers (except satellite)	47	517210	141	47141	Putnam County, Tennessee	no	3.0	33.0	1978.0
15366	51	Wireless telecommunications carriers (except satellite)	47	517210	141	47141	Putnam County, Tennessee	yes	1.0	26.098980304988913	1112.6994425702305
15367	51	Wireless telecommunications carriers (except satellite)	47	517210	143	47143	Rhea County, Tennessee	yes	1.0	21.207602339181285	1019.7171052631579
15368	51	Wireless telecommunications carriers (except satellite)	47	517210	145	47145	Roane County, Tennessee	yes	1.0	21.207602339181285	1019.7171052631579
15369	51	Wireless telecommunications carriers (except satellite)	47	517210	147	47147	Robertson County, Tennessee	no	3.0	8.0	311.0
15370	51	Wireless telecommunications carriers (except satellite)	47	517210	147	47147	Robertson County, Tennessee	yes	1.0	35.31884057971015	1675.5652173913043
15371	51	Wireless telecommunications carriers (except satellite)	47	517210	149	47149	Rutherford County, Tennessee	yes	9.666666666666666	234.3550904069315	10415.15937471963
15372	51	Wireless telecommunications carriers (except satellite)	47	517210	151	47151	Scott County, Tennessee	yes	1.0	21.207602339181285	1019.7171052631579
15373	51	Wireless telecommunications carriers (except satellite)	47	517210	153	47153	Sequatchie County, Tennessee	yes	1.0	21.207602339181285	1019.7171052631579
15374	51	Wireless telecommunications carriers (except satellite)	47	517210	155	47155	Sevier County, Tennessee	no	3.0	42.8	2412.8
15375	51	Wireless telecommunications carriers (except satellite)	47	517210	155	47155	Sevier County, Tennessee	yes	2.0	70.6376811594203	3351.1304347826085
15376	51	Wireless telecommunications carriers (except satellite)	47	517210	157	47157	Shelby County, Tennessee	no	57.666666666666664	1136.6666666666667	59085.0
15377	51	Wireless telecommunications carriers (except satellite)	47	517210	157	47157	Shelby County, Tennessee	yes	57.666666666666664	1302.4836417904173	51665.62207228511
15378	51	Wireless telecommunications carriers (except satellite)	47	517210	159	47159	Smith County, Tennessee	yes	1.0	21.207602339181285	1019.7171052631579
15379	51	Wireless telecommunications carriers (except satellite)	47	517210	163	47163	Sullivan County, Tennessee	no	8.0	522.0	9597.0
15380	51	Wireless telecommunications carriers (except satellite)	47	517210	163	47163	Sullivan County, Tennessee	yes	5.75	148.92612820674506	6187.824046725731
15381	51	Wireless telecommunications carriers (except satellite)	47	517210	165	47165	Sumner County, Tennessee	no	8.0	53.0	2773.0
15382	51	Wireless telecommunications carriers (except satellite)	47	517210	165	47165	Sumner County, Tennessee	yes	3.75	104.78607134974935	4594.77224075417
15383	51	Wireless telecommunications carriers (except satellite)	47	517210	167	47167	Tipton County, Tennessee	yes	1.3333333333333333	31.537721762780134	1421.6110318889257
15384	51	Wireless telecommunications carriers (except satellite)	47	517210	177	47177	Warren County, Tennessee	yes	2.0	42.41520467836257	2039.4342105263158
15385	51	Wireless telecommunications carriers (except satellite)	47	517210	179	47179	Washington County, Tennessee	no	9.0	468.0	19084.0
15386	51	Wireless telecommunications carriers (except satellite)	47	517210	179	47179	Washington County, Tennessee	yes	6.75	175.3843217622516	7308.0902594822965
15387	51	Wireless telecommunications carriers (except satellite)	47	517210	183	47183	Weakley County, Tennessee	yes	2.0	42.41520467836257	2039.4342105263158
15388	51	Wireless telecommunications carriers (except satellite)	47	517210	185	47185	White County, Tennessee	yes	1.0	21.207602339181285	1019.7171052631579
15389	51	Wireless telecommunications carriers (except satellite)	47	517210	187	47187	Williamson County, Tennessee	no	11.0	1157.0	56718.2
15390	51	Wireless telecommunications carriers (except satellite)	47	517210	187	47187	Williamson County, Tennessee	yes	14.0	-66.80203045685279	-3747.878172588833
15391	51	Wireless telecommunications carriers (except satellite)	47	517210	189	47189	Wilson County, Tennessee	no	6.0	54.0	2996.0
15392	51	Wireless telecommunications carriers (except satellite)	47	517210	189	47189	Wilson County, Tennessee	yes	5.25	140.48656819161124	5912.9072128511525
15393	52	All other insurance related activities	47	524298	1	47001	Anderson County, Tennessee	yes	1.0	9.981944444444443	684.6550000000001
15394	52	All other insurance related activities	47	524298	37	47037	Davidson County, Tennessee	no	11.333333333333334	97.66666666666667	7881.0
15395	52	All other insurance related activities	47	524298	37	47037	Davidson County, Tennessee	yes	7.666666666666667	46.666666666666664	4152.936666666667
15396	52	All other insurance related activities	47	524298	65	47065	Hamilton County, Tennessee	yes	2.6666666666666665	32.65277777777778	2162.7727777777777
15397	52	All other insurance related activities	47	524298	93	47093	Knox County, Tennessee	yes	1.8333333333333333	19.963888888888885	1369.3100000000002
15398	52	All other insurance related activities	47	524298	107	47107	McMinn County, Tennessee	yes	1.0	13.297222222222222	776.0333333333333
15399	52	All other insurance related activities	47	524298	113	47113	Madison County, Tennessee	yes	1.1666666666666667	9.981944444444443	684.6550000000001
15400	52	All other insurance related activities	47	524298	125	47125	Montgomery County, Tennessee	yes	1.0	10.912500000000001	683.0833333333333
15401	52	All other insurance related activities	47	524298	149	47149	Rutherford County, Tennessee	yes	1.3333333333333333	13.619444444444445	912.3494444444444
15402	52	All other insurance related activities	47	524298	157	47157	Shelby County, Tennessee	no	5.666666666666667	43.333333333333336	2879.3333333333335
15403	52	All other insurance related activities	47	524298	157	47157	Shelby County, Tennessee	yes	3.0	26.666666666666668	2132.19
15404	52	All other insurance related activities	47	524298	165	47165	Sumner County, Tennessee	yes	2.0	19.963888888888885	1369.3100000000002
15405	52	All other insurance related activities	47	524298	187	47187	Williamson County, Tennessee	no	5.75	64.5	4831.0
15406	52	All other insurance related activities	47	524298	187	47187	Williamson County, Tennessee	yes	7.0	0.0	2529.625
15407	52	All other insurance related activities	47	524298	189	47189	Wilson County, Tennessee	yes	2.3333333333333335	29.94583333333333	1813.0483333333332
15408	52	All other nondepository credit intermediation	47	522298	1	47001	Anderson County, Tennessee	no	4.0	11.333333333333334	376.0
15409	52	All other nondepository credit intermediation	47	522298	1	47001	Anderson County, Tennessee	yes	4.0	36.76466269063892	327.6555715177107
15410	52	All other nondepository credit intermediation	47	522298	3	47003	Bedford County, Tennessee	no	3.5	6.833333333333333	330.3333333333333
15411	52	All other nondepository credit intermediation	47	522298	5	47005	Benton County, Tennessee	yes	1.0	6.146473954570122	87.3821815222765
15412	52	All other nondepository credit intermediation	47	522298	7	47007	Bledsoe County, Tennessee	yes	1.0	6.146473954570122	87.3821815222765
15413	52	All other nondepository credit intermediation	47	522298	9	47009	Blount County, Tennessee	no	6.166666666666667	29.5	1180.8333333333333
15414	52	All other nondepository credit intermediation	47	522298	11	47011	Bradley County, Tennessee	no	13.833333333333334	16.833333333333332	1140.3333333333333
15415	52	All other nondepository credit intermediation	47	522298	13	47013	Campbell County, Tennessee	no	3.0	10.0	202.0
15416	52	All other nondepository credit intermediation	47	522298	13	47013	Campbell County, Tennessee	yes	2.0	13.589037490968291	182.8672356534636
15417	52	All other nondepository credit intermediation	47	522298	19	47019	Carter County, Tennessee	no	4.2	10.4	292.4
15418	52	All other nondepository credit intermediation	47	522298	19	47019	Carter County, Tennessee	yes	4.0	35.719298245614034	322.59649122807014
15419	52	All other nondepository credit intermediation	47	522298	25	47025	Claiborne County, Tennessee	yes	1.0	6.146473954570122	87.3821815222765
15420	52	All other nondepository credit intermediation	47	522298	29	47029	Cocke County, Tennessee	no	3.1666666666666665	15.166666666666666	379.3333333333333
15421	52	All other nondepository credit intermediation	47	522298	31	47031	Coffee County, Tennessee	no	6.0	27.0	1072.5
15422	52	All other nondepository credit intermediation	47	522298	35	47035	Cumberland County, Tennessee	no	3.0	5.833333333333333	375.8333333333333
15423	52	All other nondepository credit intermediation	47	522298	37	47037	Davidson County, Tennessee	no	51.666666666666664	209.0	8106.666666666667
15424	52	All other nondepository credit intermediation	47	522298	41	47041	DeKalb County, Tennessee	yes	1.5	12.110085202537983	118.81741189978669
15425	52	All other nondepository credit intermediation	47	522298	43	47043	Dickson County, Tennessee	no	3.5	11.166666666666666	389.0
15426	52	All other nondepository credit intermediation	47	522298	45	47045	Dyer County, Tennessee	yes	1.1666666666666667	7.74862449220453	101.27196646851307
15427	52	All other nondepository credit intermediation	47	522298	49	47049	Fentress County, Tennessee	yes	1.1666666666666667	7.651602159698328	101.00782254791754
15428	52	All other nondepository credit intermediation	47	522298	51	47051	Franklin County, Tennessee	yes	2.0	12.292947909140244	174.764363044553
15429	52	All other nondepository credit intermediation	47	522298	53	47053	Gibson County, Tennessee	no	3.6666666666666665	10.333333333333334	282.6666666666667
15430	52	All other nondepository credit intermediation	47	522298	53	47053	Gibson County, Tennessee	yes	3.3333333333333335	30.55010520511369	272.6247195739556
15431	52	All other nondepository credit intermediation	47	522298	55	47055	Giles County, Tennessee	no	4.0	0.0	170.0
15432	52	All other nondepository credit intermediation	47	522298	55	47055	Giles County, Tennessee	yes	3.25	14.478649455158077	287.01019248691665
15433	52	All other nondepository credit intermediation	47	522298	59	47059	Greene County, Tennessee	no	5.666666666666667	8.0	478.0
15434	52	All other nondepository credit intermediation	47	522298	61	47061	Grundy County, Tennessee	yes	1.0	3.101782236480512	92.85047016512533
15435	52	All other nondepository credit intermediation	47	522298	63	47063	Hamblen County, Tennessee	no	5.0	22.666666666666668	760.3333333333334
15436	52	All other nondepository credit intermediation	47	522298	63	47063	Hamblen County, Tennessee	yes	6.333333333333333	58.12360222309288	518.3663982122386
15437	52	All other nondepository credit intermediation	47	522298	65	47065	Hamilton County, Tennessee	no	22.666666666666668	99.5	5262.5
15438	52	All other nondepository credit intermediation	47	522298	69	47069	Hardeman County, Tennessee	yes	1.0	3.1995483547207684	105.713205247688
15439	52	All other nondepository credit intermediation	47	522298	71	47071	Hardin County, Tennessee	no	3.0	4.0	69.16666666666667
15440	52	All other nondepository credit intermediation	47	522298	73	47073	Hawkins County, Tennessee	yes	2.0	12.292947909140244	174.764363044553
15441	52	All other nondepository credit intermediation	47	522298	77	47077	Henderson County, Tennessee	yes	1.3333333333333333	7.212990072810378	122.61991660483916
15442	52	All other nondepository credit intermediation	47	522298	79	47079	Henry County, Tennessee	no	3.4	17.4	639.0
15443	52	All other nondepository credit intermediation	47	522298	79	47079	Henry County, Tennessee	yes	3.0	28.838709677419352	250.01612903225805
15444	52	All other nondepository credit intermediation	47	522298	81	47081	Hickman County, Tennessee	yes	2.0	6.399096709441537	211.426410495376
15445	52	All other nondepository credit intermediation	47	522298	89	47089	Jefferson County, Tennessee	yes	1.0	6.146473954570122	87.3821815222765
15446	52	All other nondepository credit intermediation	47	522298	93	47093	Knox County, Tennessee	no	26.0	163.16666666666666	7255.666666666667
15447	52	All other nondepository credit intermediation	47	522298	99	47099	Lawrence County, Tennessee	no	3.25	6.5	185.5
15448	52	All other nondepository credit intermediation	47	522298	99	47099	Lawrence County, Tennessee	yes	2.0	18.643672456575683	165.0925558312655
15449	52	All other nondepository credit intermediation	47	522298	103	47103	Lincoln County, Tennessee	yes	1.0	6.146473954570122	87.3821815222765
15450	52	All other nondepository credit intermediation	47	522298	105	47105	Loudon County, Tennessee	no	4.166666666666667	8.0	347.3333333333333
15451	52	All other nondepository credit intermediation	47	522298	107	47107	McMinn County, Tennessee	no	4.0	21.333333333333332	813.6666666666666
15452	52	All other nondepository credit intermediation	47	522298	109	47109	McNairy County, Tennessee	yes	1.1666666666666667	7.74862449220453	101.27196646851307
15453	52	All other nondepository credit intermediation	47	522298	113	47113	Madison County, Tennessee	no	8.166666666666666	24.5	712.3333333333334
15454	52	All other nondepository credit intermediation	47	522298	115	47115	Marion County, Tennessee	yes	1.0	6.146473954570122	87.3821815222765
15455	52	All other nondepository credit intermediation	47	522298	117	47117	Marshall County, Tennessee	yes	1.0	6.146473954570122	87.3821815222765
15456	52	All other nondepository credit intermediation	47	522298	119	47119	Maury County, Tennessee	no	6.0	9.6	388.4
15457	52	All other nondepository credit intermediation	47	522298	119	47119	Maury County, Tennessee	yes	7.0	63.21538461538462	572.2769230769231
15458	52	All other nondepository credit intermediation	47	522298	121	47121	Meigs County, Tennessee	yes	1.0	6.146473954570122	87.3821815222765
15459	52	All other nondepository credit intermediation	47	522298	123	47123	Monroe County, Tennessee	no	3.0	9.333333333333334	164.66666666666666
15460	52	All other nondepository credit intermediation	47	522298	123	47123	Monroe County, Tennessee	yes	2.0	18.38233134531946	163.82778575885536
15461	52	All other nondepository credit intermediation	47	522298	125	47125	Montgomery County, Tennessee	no	10.833333333333334	27.5	1747.1666666666667
15462	52	All other nondepository credit intermediation	47	522298	131	47131	Obion County, Tennessee	yes	2.0	12.292947909140244	174.764363044553
15463	52	All other nondepository credit intermediation	47	522298	141	47141	Putnam County, Tennessee	no	5.5	6.833333333333333	524.3333333333334
15464	52	All other nondepository credit intermediation	47	522298	143	47143	Rhea County, Tennessee	no	3.8333333333333335	5.5	561.8333333333334
15465	52	All other nondepository credit intermediation	47	522298	145	47145	Roane County, Tennessee	no	3.0	10.666666666666666	241.33333333333334
15466	52	All other nondepository credit intermediation	47	522298	145	47145	Roane County, Tennessee	yes	4.333333333333333	39.96896376590774	355.43514141018386
15467	52	All other nondepository credit intermediation	47	522298	147	47147	Robertson County, Tennessee	no	4.0	7.5	325.3333333333333
15468	52	All other nondepository credit intermediation	47	522298	149	47149	Rutherford County, Tennessee	no	15.333333333333334	26.0	1690.3333333333333
15469	52	All other nondepository credit intermediation	47	522298	151	47151	Scott County, Tennessee	yes	1.0	6.146473954570122	87.3821815222765
15470	52	All other nondepository credit intermediation	47	522298	153	47153	Sequatchie County, Tennessee	yes	1.0	6.146473954570122	87.3821815222765
15471	52	All other nondepository credit intermediation	47	522298	155	47155	Sevier County, Tennessee	no	3.5	19.0	390.3333333333333
15472	52	All other nondepository credit intermediation	47	522298	157	47157	Shelby County, Tennessee	no	73.16666666666667	383.1666666666667	17634.333333333332
15473	52	All other nondepository credit intermediation	47	522298	161	47161	Stewart County, Tennessee	yes	1.0	6.146473954570122	87.3821815222765
15474	52	All other nondepository credit intermediation	47	522298	163	47163	Sullivan County, Tennessee	no	8.833333333333334	37.166666666666664	2074.0
15475	52	All other nondepository credit intermediation	47	522298	165	47165	Sumner County, Tennessee	no	7.0	17.833333333333332	651.5
15476	52	All other nondepository credit intermediation	47	522298	167	47167	Tipton County, Tennessee	no	3.0	8.0	99.0
15477	52	All other nondepository credit intermediation	47	522298	167	47167	Tipton County, Tennessee	yes	2.0	13.589037490968291	182.8672356534636
15478	52	All other nondepository credit intermediation	47	522298	171	47171	Unicoi County, Tennessee	yes	1.0	6.146473954570122	87.3821815222765
15479	52	All other nondepository credit intermediation	47	522298	177	47177	Warren County, Tennessee	no	3.0	7.8	236.6
15480	52	All other nondepository credit intermediation	47	522298	177	47177	Warren County, Tennessee	yes	2.0	19.225806451612904	166.67741935483872
15481	52	All other nondepository credit intermediation	47	522298	179	47179	Washington County, Tennessee	no	6.666666666666667	22.166666666666668	1003.8333333333334
15482	52	All other nondepository credit intermediation	47	522298	183	47183	Weakley County, Tennessee	yes	1.3333333333333333	9.253752697332736	114.89760749415409
15483	52	All other nondepository credit intermediation	47	522298	185	47185	White County, Tennessee	yes	1.0	9.612903225806452	83.33870967741936
15484	52	All other nondepository credit intermediation	47	522298	187	47187	Williamson County, Tennessee	no	4.333333333333333	11.666666666666666	780.0
15485	52	All other nondepository credit intermediation	47	522298	189	47189	Wilson County, Tennessee	yes	2.6666666666666665	17.372905745470106	226.90880948426684
15486	52	Claims adjusting	47	524291	9	47009	Blount County, Tennessee	yes	1.0	5.734493177387915	258.0554507797271
15487	52	Claims adjusting	47	524291	21	47021	Cheatham County, Tennessee	yes	1.0	8.403333333333334	531.165
15488	52	Claims adjusting	47	524291	35	47035	Cumberland County, Tennessee	yes	1.1666666666666667	6.383615984405459	279.97650341130606
15489	52	Claims adjusting	47	524291	37	47037	Davidson County, Tennessee	no	12.166666666666666	344.5	17171.5
15490	52	Claims adjusting	47	524291	43	47043	Dickson County, Tennessee	yes	1.0	6.846666666666667	388.3544444444445
15491	52	Claims adjusting	47	524291	45	47045	Dyer County, Tennessee	yes	1.0	4.400073099415205	121.50067616959063
15492	52	Claims adjusting	47	524291	53	47053	Gibson County, Tennessee	yes	1.0	5.734493177387915	258.0554507797271
15493	52	Claims adjusting	47	524291	55	47055	Giles County, Tennessee	yes	1.0	5.734493177387915	258.0554507797271
15494	52	Claims adjusting	47	524291	63	47063	Hamblen County, Tennessee	yes	1.0	5.734493177387915	258.0554507797271
15495	52	Claims adjusting	47	524291	65	47065	Hamilton County, Tennessee	no	5.0	26.333333333333332	1562.8333333333333
15496	52	Claims adjusting	47	524291	77	47077	Henderson County, Tennessee	yes	1.0	5.734493177387915	258.0554507797271
15497	52	Claims adjusting	47	524291	81	47081	Hickman County, Tennessee	yes	1.0	5.222222222222222	153.05555555555554
15498	52	Claims adjusting	47	524291	93	47093	Knox County, Tennessee	no	9.333333333333334	68.33333333333333	5513.333333333333
15499	52	Claims adjusting	47	524291	113	47113	Madison County, Tennessee	yes	2.0	11.46898635477583	516.1109015594542
15500	52	Claims adjusting	47	524291	119	47119	Maury County, Tennessee	yes	1.0	5.734493177387915	258.0554507797271
15501	52	Claims adjusting	47	524291	147	47147	Robertson County, Tennessee	yes	1.0	4.322368421052632	115.10690789473684
15502	52	Claims adjusting	47	524291	149	47149	Rutherford County, Tennessee	yes	2.0	8.959551656920079	266.459186159844
15503	52	Claims adjusting	47	524291	155	47155	Sevier County, Tennessee	yes	1.0	4.400073099415205	121.50067616959063
15504	52	Claims adjusting	47	524291	157	47157	Shelby County, Tennessee	no	13.833333333333334	58.833333333333336	3613.6666666666665
15505	52	Claims adjusting	47	524291	163	47163	Sullivan County, Tennessee	no	3.3333333333333335	3.5	305.6666666666667
15506	52	Claims adjusting	47	524291	165	47165	Sumner County, Tennessee	no	5.75	13.5	1465.25
15507	52	Claims adjusting	47	524291	165	47165	Sumner County, Tennessee	yes	6.0	50.42	3186.99
15508	52	Claims adjusting	47	524291	179	47179	Washington County, Tennessee	yes	1.8333333333333333	10.819863547758283	494.1898489278753
15509	52	Claims adjusting	47	524291	187	47187	Williamson County, Tennessee	no	7.0	94.16666666666667	6377.666666666667
15510	52	Claims adjusting	47	524291	189	47189	Wilson County, Tennessee	yes	1.3333333333333333	7.2539863547758285	305.4857626705653
15511	52	Commercial banking	47	522110	1	47001	Anderson County, Tennessee	no	17.333333333333332	161.83333333333334	6627.0
15512	52	Commercial banking	47	522110	3	47003	Bedford County, Tennessee	no	7.166666666666667	149.5	7274.0
15513	52	Commercial banking	47	522110	5	47005	Benton County, Tennessee	no	7.333333333333333	100.33333333333333	3611.6666666666665
15514	52	Commercial banking	47	522110	5	47005	Benton County, Tennessee	yes	8.0	182.2492138094109	4875.282937017056
15515	52	Commercial banking	47	522110	7	47007	Bledsoe County, Tennessee	yes	2.0	35.3963852524908	1290.084439523804
15516	52	Commercial banking	47	522110	9	47009	Blount County, Tennessee	no	51.833333333333336	500.6666666666667	24700.333333333332
15517	52	Commercial banking	47	522110	11	47011	Bradley County, Tennessee	no	34.5	371.6666666666667	18295.333333333332
15518	52	Commercial banking	47	522110	13	47013	Campbell County, Tennessee	no	15.666666666666666	139.0	5697.333333333333
15519	52	Commercial banking	47	522110	15	47015	Cannon County, Tennessee	no	3.0	26.333333333333332	1288.0
15520	52	Commercial banking	47	522110	17	47017	Carroll County, Tennessee	no	17.166666666666668	215.16666666666666	10330.833333333334
15521	52	Commercial banking	47	522110	19	47019	Carter County, Tennessee	no	9.75	132.0	6069.25
15522	52	Commercial banking	47	522110	19	47019	Carter County, Tennessee	yes	10.0	224.39295156832114	6367.398750150222
15523	52	Commercial banking	47	522110	21	47021	Cheatham County, Tennessee	no	10.166666666666666	85.0	3740.6666666666665
15524	52	Commercial banking	47	522110	23	47023	Chester County, Tennessee	no	8.0	76.0	2447.6666666666665
15525	52	Commercial banking	47	522110	23	47023	Chester County, Tennessee	yes	8.0	182.2492138094109	4875.282937017056
15526	52	Commercial banking	47	522110	25	47025	Claiborne County, Tennessee	no	11.0	207.16666666666666	9809.333333333334
15527	52	Commercial banking	47	522110	27	47027	Clay County, Tennessee	yes	2.5	41.70400201564802	1630.42147572214
15528	52	Commercial banking	47	522110	29	47029	Cocke County, Tennessee	no	6.333333333333333	76.0	3070.5
15529	52	Commercial banking	47	522110	31	47031	Coffee County, Tennessee	no	19.0	319.6666666666667	14258.666666666666
15530	52	Commercial banking	47	522110	33	47033	Crockett County, Tennessee	no	10.0	67.83333333333333	1915.6666666666667
15531	52	Commercial banking	47	522110	35	47035	Cumberland County, Tennessee	no	17.5	150.33333333333334	7189.333333333333
15532	52	Commercial banking	47	522110	37	47037	Davidson County, Tennessee	no	236.33333333333334	3687.6666666666665	314679.3333333333
15533	52	Commercial banking	47	522110	39	47039	Decatur County, Tennessee	no	5.666666666666667	57.0	3185.1666666666665
15534	52	Commercial banking	47	522110	41	47041	DeKalb County, Tennessee	no	6.5	59.833333333333336	2419.3333333333335
15535	52	Commercial banking	47	522110	43	47043	Dickson County, Tennessee	no	13.0	167.16666666666666	7153.333333333333
15536	52	Commercial banking	47	522110	45	47045	Dyer County, Tennessee	no	16.0	296.1666666666667	15151.333333333334
15537	52	Commercial banking	47	522110	47	47047	Fayette County, Tennessee	no	25.0	123.0	8417.75
15538	52	Commercial banking	47	522110	47	47047	Fayette County, Tennessee	yes	20.5	422.93768485466603	11588.285415604285
15539	52	Commercial banking	47	522110	49	47049	Fentress County, Tennessee	no	6.666666666666667	130.5	5509.0
15540	52	Commercial banking	47	522110	51	47051	Franklin County, Tennessee	no	9.166666666666666	117.0	5084.833333333333
15541	52	Commercial banking	47	522110	53	47053	Gibson County, Tennessee	no	23.333333333333332	194.0	7831.666666666667
15542	52	Commercial banking	47	522110	55	47055	Giles County, Tennessee	no	13.0	204.66666666666666	9006.333333333334
15543	52	Commercial banking	47	522110	57	47057	Grainger County, Tennessee	yes	5.0	88.49096313122702	3225.21109880951
15544	52	Commercial banking	47	522110	59	47059	Greene County, Tennessee	no	21.666666666666668	127.5	10709.5
15545	52	Commercial banking	47	522110	61	47061	Grundy County, Tennessee	yes	9.0	159.2837336362086	5805.379977857118
15546	52	Commercial banking	47	522110	63	47063	Hamblen County, Tennessee	no	18.833333333333332	46.5	5450.333333333333
15547	52	Commercial banking	47	522110	65	47065	Hamilton County, Tennessee	no	114.5	1495.0	93815.5
15548	52	Commercial banking	47	522110	67	47067	Hancock County, Tennessee	yes	2.0	35.3963852524908	1290.084439523804
15549	52	Commercial banking	47	522110	69	47069	Hardeman County, Tennessee	no	11.0	94.66666666666667	3856.6666666666665
15550	52	Commercial banking	47	522110	69	47069	Hardeman County, Tennessee	yes	10.333333333333334	236.88582724053222	6326.483713734165
15551	52	Commercial banking	47	522110	71	47071	Hardin County, Tennessee	no	8.333333333333334	139.5	6717.5
15552	52	Commercial banking	47	522110	73	47073	Hawkins County, Tennessee	no	17.0	100.5	4262.666666666667
15553	52	Commercial banking	47	522110	75	47075	Haywood County, Tennessee	no	5.166666666666667	75.66666666666667	3829.0
15554	52	Commercial banking	47	522110	77	47077	Henderson County, Tennessee	no	22.6	213.0	17253.4
15555	52	Commercial banking	47	522110	77	47077	Henderson County, Tennessee	yes	23.0	406.0801886792453	13255.811320754718
15556	52	Commercial banking	47	522110	79	47079	Henry County, Tennessee	no	16.0	179.0	8679.166666666666
15557	52	Commercial banking	47	522110	81	47081	Hickman County, Tennessee	yes	4.0	70.7927705049816	2580.168879047608
15558	52	Commercial banking	47	522110	83	47083	Houston County, Tennessee	no	3.0	27.2	1206.0
15559	52	Commercial banking	47	522110	83	47083	Houston County, Tennessee	yes	2.0	46.92972972972973	1109.5027027027027
15560	52	Commercial banking	47	522110	85	47085	Humphreys County, Tennessee	no	4.333333333333333	29.333333333333332	1442.0
15561	52	Commercial banking	47	522110	87	47087	Jackson County, Tennessee	yes	1.8333333333333333	31.48557444167999	1197.6258809652454
15562	52	Commercial banking	47	522110	89	47089	Jefferson County, Tennessee	no	18.833333333333332	110.83333333333333	4659.0
15563	52	Commercial banking	47	522110	91	47091	Johnson County, Tennessee	yes	4.0	70.7927705049816	2580.168879047608
15564	52	Commercial banking	47	522110	93	47093	Knox County, Tennessee	no	161.66666666666666	2002.8333333333333	114800.5
15565	52	Commercial banking	47	522110	95	47095	Lake County, Tennessee	yes	3.0	53.09457787873621	1935.1266592857062
15566	52	Commercial banking	47	522110	97	47097	Lauderdale County, Tennessee	no	11.0	126.66666666666667	5308.5
15567	52	Commercial banking	47	522110	99	47099	Lawrence County, Tennessee	no	12.333333333333334	55.5	3097.1666666666665
15568	52	Commercial banking	47	522110	101	47101	Lewis County, Tennessee	no	8.0	36.333333333333336	1504.0
15569	52	Commercial banking	47	522110	103	47103	Lincoln County, Tennessee	no	11.0	118.33333333333333	5207.5
15570	52	Commercial banking	47	522110	105	47105	Loudon County, Tennessee	no	18.666666666666668	155.5	7656.833333333333
15571	52	Commercial banking	47	522110	107	47107	McMinn County, Tennessee	no	19.2	185.0	11235.8
15572	52	Commercial banking	47	522110	107	47107	McMinn County, Tennessee	yes	16.0	435.5668789808917	11154.242038216562
15573	52	Commercial banking	47	522110	109	47109	McNairy County, Tennessee	no	8.5	90.0	3587.8333333333335
15574	52	Commercial banking	47	522110	111	47111	Macon County, Tennessee	no	10.0	181.0	8241.0
15575	52	Commercial banking	47	522110	111	47111	Macon County, Tennessee	yes	10.0	188.63918108016225	6636.245767577607
15576	52	Commercial banking	47	522110	113	47113	Madison County, Tennessee	no	41.166666666666664	406.6666666666667	24074.5
15577	52	Commercial banking	47	522110	115	47115	Marion County, Tennessee	no	14.333333333333334	103.33333333333333	4231.833333333333
15578	52	Commercial banking	47	522110	117	47117	Marshall County, Tennessee	no	10.333333333333334	92.5	4553.0
15579	52	Commercial banking	47	522110	119	47119	Maury County, Tennessee	no	31.25	287.5	19949.5
15580	52	Commercial banking	47	522110	119	47119	Maury County, Tennessee	yes	30.0	616.8078786333504	16966.36460989291
15581	52	Commercial banking	47	522110	121	47121	Meigs County, Tennessee	yes	4.333333333333333	75.12212639857361	2828.484176115509
15582	52	Commercial banking	47	522110	123	47123	Monroe County, Tennessee	no	18.333333333333332	150.5	5050.833333333333
15583	52	Commercial banking	47	522110	125	47125	Montgomery County, Tennessee	no	57.0	636.0	36020.666666666664
15584	52	Commercial banking	47	522110	127	47127	Moore County, Tennessee	yes	2.0	35.3963852524908	1290.084439523804
15585	52	Commercial banking	47	522110	129	47129	Morgan County, Tennessee	no	3.0	22.333333333333332	1763.8333333333333
15586	52	Commercial banking	47	522110	131	47131	Obion County, Tennessee	no	16.333333333333332	231.5	10347.833333333334
15587	52	Commercial banking	47	522110	133	47133	Overton County, Tennessee	no	6.0	109.0	5696.0
15588	52	Commercial banking	47	522110	133	47133	Overton County, Tennessee	yes	6.0	136.68691035705817	3656.462202762792
15589	52	Commercial banking	47	522110	135	47135	Perry County, Tennessee	yes	3.0	53.09457787873621	1935.1266592857062
15590	52	Commercial banking	47	522110	137	47137	Pickett County, Tennessee	no	3.0	38.0	1448.6666666666667
15591	52	Commercial banking	47	522110	137	47137	Pickett County, Tennessee	yes	2.3333333333333335	54.636613431121305	1451.200776717109
15592	52	Commercial banking	47	522110	139	47139	Polk County, Tennessee	no	6.166666666666667	26.833333333333332	1142.5
15593	52	Commercial banking	47	522110	141	47141	Putnam County, Tennessee	no	33.0	665.6666666666666	41420.666666666664
15594	52	Commercial banking	47	522110	141	47141	Putnam County, Tennessee	yes	33.666666666666664	767.4212502070632	20480.37634942959
15595	52	Commercial banking	47	522110	143	47143	Rhea County, Tennessee	no	9.0	113.0	5279.166666666667
15596	52	Commercial banking	47	522110	145	47145	Roane County, Tennessee	no	13.833333333333334	39.5	2884.8333333333335
15597	52	Commercial banking	47	522110	147	47147	Robertson County, Tennessee	no	19.166666666666668	86.5	10224.166666666666
15598	52	Commercial banking	47	522110	149	47149	Rutherford County, Tennessee	no	79.5	688.6666666666666	38278.333333333336
15599	52	Commercial banking	47	522110	151	47151	Scott County, Tennessee	no	8.5	102.5	3512.0
15600	52	Commercial banking	47	522110	153	47153	Sequatchie County, Tennessee	no	7.0	148.0	5431.333333333333
15601	52	Commercial banking	47	522110	153	47153	Sequatchie County, Tennessee	yes	7.0	159.4680620832345	4265.872569889924
15602	52	Commercial banking	47	522110	155	47155	Sevier County, Tennessee	no	57.0	654.3333333333334	29691.833333333332
15603	52	Commercial banking	47	522110	157	47157	Shelby County, Tennessee	no	275.8333333333333	5217.5	422254.8333333333
15604	52	Commercial banking	47	522110	159	47159	Smith County, Tennessee	no	10.666666666666666	89.66666666666667	4185.166666666667
15605	52	Commercial banking	47	522110	161	47161	Stewart County, Tennessee	no	4.5	28.833333333333332	1223.8333333333333
15606	52	Commercial banking	47	522110	163	47163	Sullivan County, Tennessee	no	52.333333333333336	531.8333333333334	25069.0
15607	52	Commercial banking	47	522110	165	47165	Sumner County, Tennessee	no	65.33333333333333	614.1666666666666	32713.833333333332
15608	52	Commercial banking	47	522110	167	47167	Tipton County, Tennessee	no	20.0	164.5	6412.166666666667
15609	52	Commercial banking	47	522110	169	47169	Trousdale County, Tennessee	no	3.0	55.0	2315.0
15610	52	Commercial banking	47	522110	169	47169	Trousdale County, Tennessee	yes	2.0	33.08971635704302	1326.2007868880241
15611	52	Commercial banking	47	522110	171	47171	Unicoi County, Tennessee	no	4.2	17.4	864.0
15612	52	Commercial banking	47	522110	171	47171	Unicoi County, Tennessee	yes	4.0	93.85945945945946	2219.0054054054053
15613	52	Commercial banking	47	522110	173	47173	Union County, Tennessee	no	4.333333333333333	24.333333333333332	744.3333333333334
15614	52	Commercial banking	47	522110	175	47175	Van Buren County, Tennessee	yes	1.0	17.6981926262454	645.042219761902
15615	52	Commercial banking	47	522110	177	47177	Warren County, Tennessee	no	16.5	201.83333333333334	8788.0
15616	52	Commercial banking	47	522110	179	47179	Washington County, Tennessee	no	53.833333333333336	747.5	31351.0
15617	52	Commercial banking	47	522110	181	47181	Wayne County, Tennessee	no	10.0	159.5	5376.25
15618	52	Commercial banking	47	522110	181	47181	Wayne County, Tennessee	yes	7.0	90.9164737654321	5214.621238425925
15619	52	Commercial banking	47	522110	183	47183	Weakley County, Tennessee	no	12.5	190.33333333333334	6872.666666666667
15620	52	Commercial banking	47	522110	185	47185	White County, Tennessee	no	8.5	86.5	3360.8333333333335
15621	52	Commercial banking	47	522110	187	47187	Williamson County, Tennessee	no	115.66666666666667	1243.1666666666667	93012.5
15622	52	Commercial banking	47	522110	189	47189	Wilson County, Tennessee	no	45.166666666666664	557.3333333333334	33611.333333333336
15623	52	Commodity contracts brokerage	47	523140	9	47009	Blount County, Tennessee	yes	1.0	4.333333333333333	1331.3333333333333
15624	52	Commodity contracts brokerage	47	523140	37	47037	Davidson County, Tennessee	no	3.0	0.0	2529.0
15625	52	Commodity contracts brokerage	47	523140	37	47037	Davidson County, Tennessee	yes	2.2	13.160714285714286	2559.2738095238096
15626	52	Commodity contracts brokerage	47	523140	51	47051	Franklin County, Tennessee	yes	1.0	4.023809523809524	584.3214285714286
15627	52	Commodity contracts brokerage	47	523140	75	47075	Haywood County, Tennessee	yes	1.0	5.028769841269841	1132.8154761904761
15628	52	Commodity contracts brokerage	47	523140	157	47157	Shelby County, Tennessee	no	10.166666666666666	58.166666666666664	8153.833333333333
15629	52	Commodity contracts brokerage	47	523140	187	47187	Williamson County, Tennessee	yes	3.0	16.821428571428573	3736.4365079365075
15630	52	Commodity contracts dealing	47	523130	157	47157	Shelby County, Tennessee	no	4.0	0.0	527.0
15631	52	Commodity contracts dealing	47	523130	157	47157	Shelby County, Tennessee	yes	5.2	10.114285714285714	2447.485714285714
15632	52	Commodity contracts dealing	47	523130	187	47187	Williamson County, Tennessee	yes	1.0	8.428571428571429	2039.5714285714284
15633	52	Consumer lending	47	522291	1	47001	Anderson County, Tennessee	no	4.8	8.0	438.8
15634	52	Consumer lending	47	522291	1	47001	Anderson County, Tennessee	yes	3.0	130.62162162162164	594.4864864864866
15635	52	Consumer lending	47	522291	3	47003	Bedford County, Tennessee	no	7.833333333333333	33.666666666666664	1035.8333333333333
15636	52	Consumer lending	47	522291	5	47005	Benton County, Tennessee	no	3.0	5.25	274.75
15637	52	Consumer lending	47	522291	5	47005	Benton County, Tennessee	yes	2.0	66.73284823284823	517.9313929313929
15638	52	Consumer lending	47	522291	9	47009	Blount County, Tennessee	no	17.0	36.0	1846.6666666666667
15639	52	Consumer lending	47	522291	11	47011	Bradley County, Tennessee	no	22.2	96.2	7343.2
15640	52	Consumer lending	47	522291	11	47011	Bradley County, Tennessee	yes	24.0	556.6153846153846	7674.461538461539
15641	52	Consumer lending	47	522291	13	47013	Campbell County, Tennessee	no	10.166666666666666	34.0	1178.6666666666667
15642	52	Consumer lending	47	522291	17	47017	Carroll County, Tennessee	no	3.8333333333333335	7.833333333333333	275.1666666666667
15643	52	Consumer lending	47	522291	19	47019	Carter County, Tennessee	no	12.166666666666666	33.333333333333336	1414.6666666666667
15644	52	Consumer lending	47	522291	21	47021	Cheatham County, Tennessee	yes	1.6666666666666667	28.528121653016484	552.1348030528306
15645	52	Consumer lending	47	522291	23	47023	Chester County, Tennessee	no	4.0	18.666666666666668	501.0
15646	52	Consumer lending	47	522291	23	47023	Chester County, Tennessee	yes	4.0	143.4130284130284	973.6521136521137
15647	52	Consumer lending	47	522291	25	47025	Claiborne County, Tennessee	no	6.0	12.333333333333334	633.6666666666666
15648	52	Consumer lending	47	522291	27	47027	Clay County, Tennessee	yes	1.0	13.054485210656338	349.35967817319886
15649	52	Consumer lending	47	522291	29	47029	Cocke County, Tennessee	no	8.166666666666666	17.5	839.0
15650	52	Consumer lending	47	522291	31	47031	Coffee County, Tennessee	no	17.5	26.666666666666668	1818.8333333333333
15651	52	Consumer lending	47	522291	35	47035	Cumberland County, Tennessee	no	13.666666666666666	32.833333333333336	1386.3333333333333
15652	52	Consumer lending	47	522291	37	47037	Davidson County, Tennessee	no	39.0	173.66666666666666	7565.5
15653	52	Consumer lending	47	522291	41	47041	DeKalb County, Tennessee	no	3.1666666666666665	8.333333333333334	347.3333333333333
15654	52	Consumer lending	47	522291	43	47043	Dickson County, Tennessee	no	15.0	45.166666666666664	1513.3333333333333
15655	52	Consumer lending	47	522291	45	47045	Dyer County, Tennessee	no	9.5	24.0	1342.3333333333333
15656	52	Consumer lending	47	522291	47	47047	Fayette County, Tennessee	yes	1.0	34.67761607761607	250.57713097713096
15657	52	Consumer lending	47	522291	49	47049	Fentress County, Tennessee	no	3.6666666666666665	8.5	297.8333333333333
15658	52	Consumer lending	47	522291	51	47051	Franklin County, Tennessee	no	12.166666666666666	23.833333333333332	1183.0
15659	52	Consumer lending	47	522291	53	47053	Gibson County, Tennessee	no	14.833333333333334	44.333333333333336	1379.3333333333333
15660	52	Consumer lending	47	522291	55	47055	Giles County, Tennessee	no	6.5	12.333333333333334	514.1666666666666
15661	52	Consumer lending	47	522291	59	47059	Greene County, Tennessee	no	12.666666666666666	38.5	2301.5
15662	52	Consumer lending	47	522291	61	47061	Grundy County, Tennessee	yes	1.0	19.825131512578928	319.2283509373647
15663	52	Consumer lending	47	522291	63	47063	Hamblen County, Tennessee	no	15.833333333333334	66.83333333333333	2278.6666666666665
15664	52	Consumer lending	47	522291	65	47065	Hamilton County, Tennessee	no	45.833333333333336	144.66666666666666	7842.333333333333
15665	52	Consumer lending	47	522291	69	47069	Hardeman County, Tennessee	no	6.5	14.666666666666666	670.6666666666666
15666	52	Consumer lending	47	522291	71	47071	Hardin County, Tennessee	no	4.666666666666667	12.333333333333334	409.1666666666667
15667	52	Consumer lending	47	522291	73	47073	Hawkins County, Tennessee	no	5.666666666666667	9.333333333333334	511.8333333333333
15668	52	Consumer lending	47	522291	75	47075	Haywood County, Tennessee	no	8.0	18.5	848.25
15669	52	Consumer lending	47	522291	75	47075	Haywood County, Tennessee	yes	5.5	188.60239085239087	1393.9095634095636
15670	52	Consumer lending	47	522291	77	47077	Henderson County, Tennessee	no	7.333333333333333	16.5	753.0
15671	52	Consumer lending	47	522291	79	47079	Henry County, Tennessee	no	8.166666666666666	24.0	993.6666666666666
15672	52	Consumer lending	47	522291	81	47081	Hickman County, Tennessee	yes	1.6666666666666667	28.528121653016484	552.1348030528306
15673	52	Consumer lending	47	522291	83	47083	Houston County, Tennessee	yes	1.0	13.054485210656338	349.35967817319886
15674	52	Consumer lending	47	522291	85	47085	Humphreys County, Tennessee	no	4.0	8.0	362.0
15675	52	Consumer lending	47	522291	87	47087	Jackson County, Tennessee	yes	1.0	13.054485210656338	349.35967817319886
15676	52	Consumer lending	47	522291	89	47089	Jefferson County, Tennessee	no	6.666666666666667	12.5	603.0
15677	52	Consumer lending	47	522291	91	47091	Johnson County, Tennessee	no	8.0	19.8	727.8
15678	52	Consumer lending	47	522291	91	47091	Johnson County, Tennessee	yes	7.0	304.7837837837838	1387.1351351351352
15679	52	Consumer lending	47	522291	93	47093	Knox County, Tennessee	no	45.0	486.8333333333333	22306.166666666668
15680	52	Consumer lending	47	522291	97	47097	Lauderdale County, Tennessee	no	4.0	6.666666666666667	288.6666666666667
15681	52	Consumer lending	47	522291	99	47099	Lawrence County, Tennessee	no	9.0	18.0	827.1666666666666
15682	52	Consumer lending	47	522291	101	47101	Lewis County, Tennessee	no	4.666666666666667	9.0	320.8333333333333
15683	52	Consumer lending	47	522291	103	47103	Lincoln County, Tennessee	no	6.833333333333333	13.833333333333334	619.5
15684	52	Consumer lending	47	522291	105	47105	Loudon County, Tennessee	no	10.0	19.166666666666668	1051.5
15685	52	Consumer lending	47	522291	107	47107	McMinn County, Tennessee	no	12.333333333333334	34.333333333333336	1180.8333333333333
15686	52	Consumer lending	47	522291	109	47109	McNairy County, Tennessee	no	3.0	7.333333333333333	195.33333333333334
15687	52	Consumer lending	47	522291	109	47109	McNairy County, Tennessee	yes	3.0	104.03284823284825	751.7313929313931
15688	52	Consumer lending	47	522291	111	47111	Macon County, Tennessee	no	7.166666666666667	13.666666666666666	598.8333333333334
15689	52	Consumer lending	47	522291	113	47113	Madison County, Tennessee	no	22.333333333333332	79.33333333333333	2632.8333333333335
15690	52	Consumer lending	47	522291	115	47115	Marion County, Tennessee	no	4.4	8.2	333.8
15691	52	Consumer lending	47	522291	115	47115	Marion County, Tennessee	yes	2.0	87.08108108108108	396.3243243243243
15692	52	Consumer lending	47	522291	117	47117	Marshall County, Tennessee	no	5.666666666666667	11.833333333333334	572.6666666666666
15693	52	Consumer lending	47	522291	119	47119	Maury County, Tennessee	no	17.5	43.5	1724.1666666666667
15694	52	Consumer lending	47	522291	123	47123	Monroe County, Tennessee	no	5.8	10.0	411.2
15695	52	Consumer lending	47	522291	123	47123	Monroe County, Tennessee	yes	5.0	115.96153846153847	1598.846153846154
15696	52	Consumer lending	47	522291	125	47125	Montgomery County, Tennessee	no	21.5	97.0	3561.1666666666665
15697	52	Consumer lending	47	522291	129	47129	Morgan County, Tennessee	yes	1.0	34.67761607761607	250.57713097713096
15698	52	Consumer lending	47	522291	131	47131	Obion County, Tennessee	no	9.166666666666666	26.333333333333332	1214.1666666666667
15699	52	Consumer lending	47	522291	133	47133	Overton County, Tennessee	no	3.6666666666666665	5.833333333333333	261.8333333333333
15700	52	Consumer lending	47	522291	135	47135	Perry County, Tennessee	yes	1.0	13.054485210656338	349.35967817319886
15701	52	Consumer lending	47	522291	137	47137	Pickett County, Tennessee	yes	1.0	13.054485210656338	349.35967817319886
15702	52	Consumer lending	47	522291	139	47139	Polk County, Tennessee	yes	1.0	13.054485210656338	349.35967817319886
15703	52	Consumer lending	47	522291	141	47141	Putnam County, Tennessee	no	19.833333333333332	59.666666666666664	2101.0
15704	52	Consumer lending	47	522291	143	47143	Rhea County, Tennessee	no	12.166666666666666	33.166666666666664	1402.8333333333333
15705	52	Consumer lending	47	522291	145	47145	Roane County, Tennessee	no	7.5	21.166666666666668	689.6666666666666
15706	52	Consumer lending	47	522291	147	47147	Robertson County, Tennessee	no	11.5	29.833333333333332	1012.5
15707	52	Consumer lending	47	522291	149	47149	Rutherford County, Tennessee	no	36.0	139.83333333333334	4335.0
15708	52	Consumer lending	47	522291	151	47151	Scott County, Tennessee	yes	2.0	39.650263025157855	638.4567018747294
15709	52	Consumer lending	47	522291	153	47153	Sequatchie County, Tennessee	yes	1.0	13.054485210656338	349.35967817319886
15710	52	Consumer lending	47	522291	155	47155	Sevier County, Tennessee	no	7.666666666666667	22.666666666666668	883.8333333333334
15711	52	Consumer lending	47	522291	157	47157	Shelby County, Tennessee	no	40.833333333333336	115.5	6572.666666666667
15712	52	Consumer lending	47	522291	159	47159	Smith County, Tennessee	no	3.0	6.333333333333333	208.66666666666666
15713	52	Consumer lending	47	522291	159	47159	Smith County, Tennessee	yes	2.3333333333333335	81.78856548856548	579.0875952875953
15714	52	Consumer lending	47	522291	161	47161	Stewart County, Tennessee	yes	1.0	13.054485210656338	349.35967817319886
15715	52	Consumer lending	47	522291	163	47163	Sullivan County, Tennessee	no	35.166666666666664	119.5	4677.5
15716	52	Consumer lending	47	522291	165	47165	Sumner County, Tennessee	no	22.666666666666668	85.83333333333333	4108.5
15717	52	Consumer lending	47	522291	167	47167	Tipton County, Tennessee	no	8.166666666666666	33.166666666666664	1344.6666666666667
15718	52	Consumer lending	47	522291	169	47169	Trousdale County, Tennessee	yes	1.0	13.054485210656338	349.35967817319886
15719	52	Consumer lending	47	522291	171	47171	Unicoi County, Tennessee	no	4.666666666666667	7.666666666666667	366.3333333333333
15720	52	Consumer lending	47	522291	173	47173	Union County, Tennessee	yes	1.0	19.825131512578928	319.2283509373647
15721	52	Consumer lending	47	522291	177	47177	Warren County, Tennessee	no	10.333333333333334	18.166666666666668	1006.1666666666666
15722	52	Consumer lending	47	522291	179	47179	Washington County, Tennessee	no	24.333333333333332	85.83333333333333	3063.5
15723	52	Consumer lending	47	522291	183	47183	Weakley County, Tennessee	no	5.333333333333333	14.333333333333334	524.3333333333334
15724	52	Consumer lending	47	522291	185	47185	White County, Tennessee	no	5.166666666666667	5.333333333333333	370.5
15725	52	Consumer lending	47	522291	187	47187	Williamson County, Tennessee	no	10.0	20.833333333333332	1552.1666666666667
15726	52	Consumer lending	47	522291	189	47189	Wilson County, Tennessee	no	17.5	45.5	1896.5
15727	52	Credit card issuing	47	522210	9	47009	Blount County, Tennessee	yes	1.0	-6.533333333333333	3879.2
15728	52	Credit card issuing	47	522210	37	47037	Davidson County, Tennessee	yes	2.0	-13.066666666666666	7758.4
15729	52	Credit card issuing	47	522210	41	47041	DeKalb County, Tennessee	yes	1.0	-3.2666666666666666	1939.6
15730	52	Credit card issuing	47	522210	65	47065	Hamilton County, Tennessee	no	5.0	98.0	6129.0
15731	52	Credit card issuing	47	522210	65	47065	Hamilton County, Tennessee	yes	1.2	0.0	-6.5
15732	52	Credit card issuing	47	522210	93	47093	Knox County, Tennessee	no	4.0	0.0	195.0
15733	52	Credit card issuing	47	522210	93	47093	Knox County, Tennessee	yes	3.2	-6.533333333333333	3879.2
15734	52	Credit card issuing	47	522210	99	47099	Lawrence County, Tennessee	yes	1.0	-3.2666666666666666	1939.6
15735	52	Credit card issuing	47	522210	157	47157	Shelby County, Tennessee	no	5.0	0.0	357.0
15736	52	Credit card issuing	47	522210	157	47157	Shelby County, Tennessee	yes	2.5	0.0	-32.5
15737	52	Credit card issuing	47	522210	179	47179	Washington County, Tennessee	yes	1.1666666666666667	-2.1777777777777776	1287.6499999999999
15738	52	Credit card issuing	47	522210	187	47187	Williamson County, Tennessee	yes	2.0	-6.533333333333334	3857.5333333333333
15739	52	Credit unions	47	522130	1	47001	Anderson County, Tennessee	no	17.166666666666668	392.5	19175.166666666668
15740	52	Credit unions	47	522130	3	47003	Bedford County, Tennessee	yes	1.0	15.216799057826611	444.01973450532614
15741	52	Credit unions	47	522130	5	47005	Benton County, Tennessee	yes	1.0	15.216799057826611	444.01973450532614
15742	52	Credit unions	47	522130	9	47009	Blount County, Tennessee	no	11.0	111.0	4133.833333333333
15743	52	Credit unions	47	522130	11	47011	Bradley County, Tennessee	no	9.0	58.666666666666664	2042.3333333333333
15744	52	Credit unions	47	522130	11	47011	Bradley County, Tennessee	yes	10.0	189.70729751403368	3891.8482742420197
15745	52	Credit unions	47	522130	13	47013	Campbell County, Tennessee	yes	3.0	45.650397173479824	1332.0592035159784
15746	52	Credit unions	47	522130	17	47017	Carroll County, Tennessee	yes	1.0	15.216799057826611	444.01973450532614
15747	52	Credit unions	47	522130	19	47019	Carter County, Tennessee	yes	3.0	45.650397173479824	1332.0592035159784
15748	52	Credit unions	47	522130	21	47021	Cheatham County, Tennessee	yes	1.0	12.937267552257154	472.2805160735587
15749	52	Credit unions	47	522130	25	47025	Claiborne County, Tennessee	yes	1.0	15.216799057826611	444.01973450532614
15750	52	Credit unions	47	522130	29	47029	Cocke County, Tennessee	yes	1.0	15.216799057826611	444.01973450532614
15751	52	Credit unions	47	522130	31	47031	Coffee County, Tennessee	yes	4.0	60.867196231306444	1776.0789380213046
15752	52	Credit unions	47	522130	35	47035	Cumberland County, Tennessee	yes	2.0	34.187528809229974	833.2045619295282
15753	52	Credit unions	47	522130	37	47037	Davidson County, Tennessee	no	42.5	468.8333333333333	20780.5
15754	52	Credit unions	47	522130	41	47041	DeKalb County, Tennessee	yes	1.0	15.216799057826611	444.01973450532614
15755	52	Credit unions	47	522130	43	47043	Dickson County, Tennessee	yes	1.0	15.216799057826611	444.01973450532614
15756	52	Credit unions	47	522130	45	47045	Dyer County, Tennessee	yes	1.0	15.216799057826611	444.01973450532614
15757	52	Credit unions	47	522130	51	47051	Franklin County, Tennessee	yes	1.0	15.216799057826611	444.01973450532614
15758	52	Credit unions	47	522130	59	47059	Greene County, Tennessee	yes	5.333333333333333	79.91402102055373	2389.8734111602316
15759	52	Credit unions	47	522130	63	47063	Hamblen County, Tennessee	no	8.0	60.0	2307.3333333333335
15760	52	Credit unions	47	522130	65	47065	Hamilton County, Tennessee	no	34.333333333333336	297.8333333333333	10668.333333333334
15761	52	Credit unions	47	522130	71	47071	Hardin County, Tennessee	yes	2.0	30.433598115653222	888.0394690106523
15762	52	Credit unions	47	522130	73	47073	Hawkins County, Tennessee	no	4.0	30.0	933.0
15763	52	Credit unions	47	522130	73	47073	Hawkins County, Tennessee	yes	4.0	58.19925616722289	1809.152196889933
15764	52	Credit unions	47	522130	77	47077	Henderson County, Tennessee	yes	1.0	18.551724137931036	402.67816091954023
15765	52	Credit unions	47	522130	79	47079	Henry County, Tennessee	yes	1.0	15.216799057826611	444.01973450532614
15766	52	Credit unions	47	522130	85	47085	Humphreys County, Tennessee	yes	4.0	60.867196231306444	1776.0789380213046
15767	52	Credit unions	47	522130	89	47089	Jefferson County, Tennessee	yes	2.0	30.433598115653222	888.0394690106523
15768	52	Credit unions	47	522130	93	47093	Knox County, Tennessee	no	72.5	775.5	33958.166666666664
15769	52	Credit unions	47	522130	99	47099	Lawrence County, Tennessee	yes	1.0	15.216799057826611	444.01973450532614
15770	52	Credit unions	47	522130	103	47103	Lincoln County, Tennessee	yes	1.0	15.216799057826611	444.01973450532614
15771	52	Credit unions	47	522130	105	47105	Loudon County, Tennessee	no	6.0	53.5	1736.3333333333333
15772	52	Credit unions	47	522130	107	47107	McMinn County, Tennessee	no	5.0	41.0	1468.0
15773	52	Credit unions	47	522130	107	47107	McMinn County, Tennessee	yes	4.4	66.59925616722289	1958.0794696172059
15774	52	Credit unions	47	522130	109	47109	McNairy County, Tennessee	yes	1.0	15.216799057826611	444.01973450532614
15775	52	Credit unions	47	522130	113	47113	Madison County, Tennessee	no	11.0	117.83333333333333	5829.333333333333
15776	52	Credit unions	47	522130	115	47115	Marion County, Tennessee	yes	1.0	15.216799057826611	444.01973450532614
15777	52	Credit unions	47	522130	117	47117	Marshall County, Tennessee	yes	2.0	30.433598115653222	888.0394690106523
15778	52	Credit unions	47	522130	119	47119	Maury County, Tennessee	yes	2.0	30.433598115653222	888.0394690106523
15779	52	Credit unions	47	522130	121	47121	Meigs County, Tennessee	yes	1.0	15.216799057826611	444.01973450532614
15780	52	Credit unions	47	522130	123	47123	Monroe County, Tennessee	yes	2.0	30.433598115653222	888.0394690106523
15781	52	Credit unions	47	522130	125	47125	Montgomery County, Tennessee	no	12.4	152.6	8156.6
15782	52	Credit unions	47	522130	125	47125	Montgomery County, Tennessee	yes	8.0	148.41379310344828	3221.425287356322
15783	52	Credit unions	47	522130	131	47131	Obion County, Tennessee	yes	1.0	15.216799057826611	444.01973450532614
15784	52	Credit unions	47	522130	139	47139	Polk County, Tennessee	yes	1.0	15.216799057826611	444.01973450532614
15785	52	Credit unions	47	522130	141	47141	Putnam County, Tennessee	yes	5.0	76.08399528913303	2220.098672526631
15786	52	Credit unions	47	522130	143	47143	Rhea County, Tennessee	yes	1.0	15.216799057826611	444.01973450532614
15787	52	Credit unions	47	522130	145	47145	Roane County, Tennessee	no	6.666666666666667	21.333333333333332	1611.3333333333333
15788	52	Credit unions	47	522130	147	47147	Robertson County, Tennessee	yes	1.0	15.216799057826611	444.01973450532614
15789	52	Credit unions	47	522130	149	47149	Rutherford County, Tennessee	no	8.333333333333334	63.833333333333336	3713.3333333333335
15790	52	Credit unions	47	522130	155	47155	Sevier County, Tennessee	no	5.0	21.166666666666668	892.6666666666666
15791	52	Credit unions	47	522130	157	47157	Shelby County, Tennessee	no	83.0	657.0	29571.5
15792	52	Credit unions	47	522130	161	47161	Stewart County, Tennessee	yes	1.0	15.216799057826611	444.01973450532614
15793	52	Credit unions	47	522130	163	47163	Sullivan County, Tennessee	no	21.0	298.0	33187.5
15794	52	Credit unions	47	522130	165	47165	Sumner County, Tennessee	no	5.333333333333333	16.833333333333332	856.3333333333334
15795	52	Credit unions	47	522130	167	47167	Tipton County, Tennessee	yes	1.3333333333333333	21.808753080815112	573.1857916282798
15796	52	Credit unions	47	522130	171	47171	Unicoi County, Tennessee	yes	1.0	15.216799057826611	444.01973450532614
15797	52	Credit unions	47	522130	173	47173	Union County, Tennessee	yes	1.0	15.216799057826611	444.01973450532614
15798	52	Credit unions	47	522130	177	47177	Warren County, Tennessee	yes	1.0	15.216799057826611	444.01973450532614
15799	52	Credit unions	47	522130	179	47179	Washington County, Tennessee	no	23.0	194.33333333333334	7428.5
15800	52	Credit unions	47	522130	183	47183	Weakley County, Tennessee	yes	2.0	30.433598115653222	888.0394690106523
15801	52	Credit unions	47	522130	185	47185	White County, Tennessee	yes	1.0	15.216799057826611	444.01973450532614
15802	52	Credit unions	47	522130	187	47187	Williamson County, Tennessee	no	6.0	55.333333333333336	2490.0
15803	52	Credit unions	47	522130	189	47189	Wilson County, Tennessee	no	4.0	51.666666666666664	1536.0
15804	52	Credit unions	47	522130	189	47189	Wilson County, Tennessee	yes	3.0	56.9121892542101	1167.5544822726058
15805	52	Direct health and medical insurance carriers	47	524114	37	47037	Davidson County, Tennessee	no	27.5	2816.0	209188.16666666666
15806	52	Direct health and medical insurance carriers	47	524114	43	47043	Dickson County, Tennessee	yes	1.0	133.88047138047136	9477.443322109988
15807	52	Direct health and medical insurance carriers	47	524114	65	47065	Hamilton County, Tennessee	yes	15.333333333333334	1314.1196459444322	91812.1730951859
15808	52	Direct health and medical insurance carriers	47	524114	93	47093	Knox County, Tennessee	no	17.0	279.0	27723.5
15809	52	Direct health and medical insurance carriers	47	524114	93	47093	Knox County, Tennessee	yes	18.0	-726.9329805996472	-54926.44268077601
15810	52	Direct health and medical insurance carriers	47	524114	113	47113	Madison County, Tennessee	yes	2.6666666666666665	250.6362491576167	17553.81946559297
15811	52	Direct health and medical insurance carriers	47	524114	115	47115	Marion County, Tennessee	yes	1.0	138.45686649532803	9771.973812749453
15812	52	Direct health and medical insurance carriers	47	524114	119	47119	Maury County, Tennessee	yes	1.3333333333333333	89.97859294867841	6234.511054472593
15813	52	Direct health and medical insurance carriers	47	524114	125	47125	Montgomery County, Tennessee	yes	1.5	209.97349730042038	14805.225964443911
15814	52	Direct health and medical insurance carriers	47	524114	149	47149	Rutherford County, Tennessee	yes	1.0	138.45686649532803	9771.973812749453
15815	52	Direct health and medical insurance carriers	47	524114	157	47157	Shelby County, Tennessee	no	28.666666666666668	508.0	40169.333333333336
15816	52	Direct health and medical insurance carriers	47	524114	157	47157	Shelby County, Tennessee	yes	20.333333333333332	118.68900646678419	5394.453262786599
15817	52	Direct health and medical insurance carriers	47	524114	163	47163	Sullivan County, Tennessee	no	3.0	150.0	7423.0
15818	52	Direct health and medical insurance carriers	47	524114	163	47163	Sullivan County, Tennessee	yes	2.0	94.4642456309123	6492.251082251081
15819	52	Direct health and medical insurance carriers	47	524114	165	47165	Sumner County, Tennessee	yes	3.4	431.69054421362114	30434.68128016333
15820	52	Direct health and medical insurance carriers	47	524114	177	47177	Warren County, Tennessee	yes	1.0	2.673133450911228	37.12698412698379
15821	52	Direct health and medical insurance carriers	47	524114	179	47179	Washington County, Tennessee	yes	3.6666666666666665	329.802084904649	23073.404594139636
15822	52	Direct health and medical insurance carriers	47	524114	187	47187	Williamson County, Tennessee	no	21.25	1311.25	105056.0
15823	52	Direct health and medical insurance carriers	47	524114	187	47187	Williamson County, Tennessee	yes	22.5	757.0679012345678	50225.99382716049
15824	52	Direct life insurance carriers	47	524113	9	47009	Blount County, Tennessee	yes	1.8333333333333333	171.1579178231499	11461.365444371133
15825	52	Direct life insurance carriers	47	524113	11	47011	Bradley County, Tennessee	yes	1.6666666666666667	159.87286401934605	11098.0824113381
15826	52	Direct life insurance carriers	47	524113	21	47021	Cheatham County, Tennessee	yes	1.0	94.78041060735671	6849.855688622754
15827	52	Direct life insurance carriers	47	524113	35	47035	Cumberland County, Tennessee	yes	1.0	102.5028774561559	7187.535969142797
15828	52	Direct life insurance carriers	47	524113	37	47037	Davidson County, Tennessee	no	39.25	1020.5	93538.75
15829	52	Direct life insurance carriers	47	524113	37	47037	Davidson County, Tennessee	yes	37.5	2435.4264423076925	166096.88846153847
15830	52	Direct life insurance carriers	47	524113	43	47043	Dickson County, Tennessee	yes	1.0	95.73316711089916	6690.68382043951
15831	52	Direct life insurance carriers	47	524113	49	47049	Fentress County, Tennessee	yes	1.0	97.66597222222222	6104.416666666667
15832	52	Direct life insurance carriers	47	524113	51	47051	Franklin County, Tennessee	yes	1.0	61.88461538461538	4206.423076923077
15833	52	Direct life insurance carriers	47	524113	59	47059	Greene County, Tennessee	yes	1.0	96.20954536267037	6611.097886347887
15834	52	Direct life insurance carriers	47	524113	63	47063	Hamblen County, Tennessee	yes	1.0	95.73316711089916	6690.68382043951
15835	52	Direct life insurance carriers	47	524113	65	47065	Hamilton County, Tennessee	yes	14.833333333333334	1446.7058458710405	102172.32964832634
15836	52	Direct life insurance carriers	47	524113	77	47077	Henderson County, Tennessee	yes	1.0	105.72748094544501	7909.615504126882
15837	52	Direct life insurance carriers	47	524113	93	47093	Knox County, Tennessee	no	16.166666666666668	98.66666666666667	8426.833333333334
15838	52	Direct life insurance carriers	47	524113	113	47113	Madison County, Tennessee	no	4.5	181.0	9204.166666666666
15839	52	Direct life insurance carriers	47	524113	119	47119	Maury County, Tennessee	yes	1.0	64.9860576923077	4432.261538461538
15840	52	Direct life insurance carriers	47	524113	125	47125	Montgomery County, Tennessee	yes	1.4	141.5692663450448	9629.302635809463
15841	52	Direct life insurance carriers	47	524113	137	47137	Pickett County, Tennessee	yes	1.0	97.66597222222222	6104.416666666667
15842	52	Direct life insurance carriers	47	524113	141	47141	Putnam County, Tennessee	yes	1.0	94.78041060735671	6849.855688622754
15843	52	Direct life insurance carriers	47	524113	147	47147	Robertson County, Tennessee	yes	1.0	97.66597222222222	6104.416666666667
15844	52	Direct life insurance carriers	47	524113	149	47149	Rutherford County, Tennessee	yes	2.6666666666666665	255.6060311302452	17788.76623177761
15845	52	Direct life insurance carriers	47	524113	153	47153	Sequatchie County, Tennessee	yes	1.0	127.24444444444445	7550.733333333334
15846	52	Direct life insurance carriers	47	524113	157	47157	Shelby County, Tennessee	no	27.0	354.3333333333333	30986.666666666668
15847	52	Direct life insurance carriers	47	524113	163	47163	Sullivan County, Tennessee	yes	3.8333333333333335	350.625172868137	23886.309394170774
15848	52	Direct life insurance carriers	47	524113	165	47165	Sumner County, Tennessee	no	4.0	0.0	386.0
15849	52	Direct life insurance carriers	47	524113	165	47165	Sumner County, Tennessee	yes	2.0	202.43824878902723	13805.890175657001
15850	52	Direct life insurance carriers	47	524113	177	47177	Warren County, Tennessee	yes	1.0	61.88461538461538	4206.423076923077
15851	52	Direct life insurance carriers	47	524113	179	47179	Washington County, Tennessee	yes	2.8333333333333335	246.00346625619832	16375.732538388227
15852	52	Direct life insurance carriers	47	524113	187	47187	Williamson County, Tennessee	no	39.0	960.5	103599.66666666667
15853	52	Direct life insurance carriers	47	524113	189	47189	Wilson County, Tennessee	yes	2.1666666666666665	212.74570186014796	14963.582357599424
15854	52	Direct property and casualty insurance carriers	47	524126	3	47003	Bedford County, Tennessee	yes	1.0	57.88635483365259	3954.5464976166095
15855	52	Direct property and casualty insurance carriers	47	524126	9	47009	Blount County, Tennessee	no	3.5	18.0	527.25
15856	52	Direct property and casualty insurance carriers	47	524126	9	47009	Blount County, Tennessee	yes	4.0	162.41091623538432	10038.923567184203
15857	52	Direct property and casualty insurance carriers	47	524126	11	47011	Bradley County, Tennessee	no	3.0	6.0	313.0
15858	52	Direct property and casualty insurance carriers	47	524126	11	47011	Bradley County, Tennessee	yes	2.0	110.43672443487507	7459.629035361833
15859	52	Direct property and casualty insurance carriers	47	524126	13	47013	Campbell County, Tennessee	yes	1.0	62.12152275692685	4281.101003914345
15860	52	Direct property and casualty insurance carriers	47	524126	25	47025	Claiborne County, Tennessee	yes	2.0	104.64922231434785	6959.904076014741
15861	52	Direct property and casualty insurance carriers	47	524126	29	47029	Cocke County, Tennessee	yes	1.0	37.85585585585586	2230.6396396396394
15862	52	Direct property and casualty insurance carriers	47	524126	31	47031	Coffee County, Tennessee	yes	2.6666666666666665	142.85741173794136	9640.718413262419
15863	52	Direct property and casualty insurance carriers	47	524126	33	47033	Crockett County, Tennessee	yes	1.0	42.52769955742099	2678.803072100396
15864	52	Direct property and casualty insurance carriers	47	524126	37	47037	Davidson County, Tennessee	no	48.666666666666664	1996.5	125427.16666666667
15865	52	Direct property and casualty insurance carriers	47	524126	39	47039	Decatur County, Tennessee	yes	1.0	52.324611157173926	3479.9520380073704
15866	52	Direct property and casualty insurance carriers	47	524126	45	47045	Dyer County, Tennessee	yes	1.0	52.324611157173926	3479.9520380073704
15867	52	Direct property and casualty insurance carriers	47	524126	47	47047	Fayette County, Tennessee	yes	1.0	49.83077466806574	3209.317304075297
15868	52	Direct property and casualty insurance carriers	47	524126	63	47063	Hamblen County, Tennessee	yes	1.0	52.324611157173926	3479.9520380073704
15869	52	Direct property and casualty insurance carriers	47	524126	65	47065	Hamilton County, Tennessee	no	7.0	44.333333333333336	3641.6666666666665
15870	52	Direct property and casualty insurance carriers	47	524126	65	47065	Hamilton County, Tennessee	yes	10.666666666666666	443.40072404055735	27578.879268608376
15871	52	Direct property and casualty insurance carriers	47	524126	73	47073	Hawkins County, Tennessee	yes	1.0	52.324611157173926	3479.9520380073704
15872	52	Direct property and casualty insurance carriers	47	524126	89	47089	Jefferson County, Tennessee	yes	2.0	104.64922231434785	6959.904076014741
15873	52	Direct property and casualty insurance carriers	47	524126	91	47091	Johnson County, Tennessee	yes	1.0	41.20112380421659	2530.763118788892
15874	52	Direct property and casualty insurance carriers	47	524126	93	47093	Knox County, Tennessee	no	24.666666666666668	814.6666666666666	49143.666666666664
15875	52	Direct property and casualty insurance carriers	47	524126	93	47093	Knox County, Tennessee	yes	33.666666666666664	1423.556506056396	89343.43345275523
15876	52	Direct property and casualty insurance carriers	47	524126	103	47103	Lincoln County, Tennessee	yes	1.5	77.73801517828	5192.132479904482
15877	52	Direct property and casualty insurance carriers	47	524126	105	47105	Loudon County, Tennessee	yes	1.0	52.324611157173926	3479.9520380073704
15878	52	Direct property and casualty insurance carriers	47	524126	113	47113	Madison County, Tennessee	no	4.2	11.4	794.2
15879	52	Direct property and casualty insurance carriers	47	524126	113	47113	Madison County, Tennessee	yes	5.0	189.27927927927928	11153.198198198197
15880	52	Direct property and casualty insurance carriers	47	524126	119	47119	Maury County, Tennessee	yes	2.0	104.64922231434785	6959.904076014741
15881	52	Direct property and casualty insurance carriers	47	524126	123	47123	Monroe County, Tennessee	yes	1.0	52.324611157173926	3479.9520380073704
15882	52	Direct property and casualty insurance carriers	47	524126	125	47125	Montgomery County, Tennessee	yes	1.0	49.83077466806574	3209.317304075297
15883	52	Direct property and casualty insurance carriers	47	524126	131	47131	Obion County, Tennessee	yes	1.0	52.324611157173926	3479.9520380073704
15884	52	Direct property and casualty insurance carriers	47	524126	141	47141	Putnam County, Tennessee	yes	2.0	104.64922231434785	6959.904076014741
15885	52	Direct property and casualty insurance carriers	47	524126	145	47145	Roane County, Tennessee	yes	1.0	49.83077466806574	3209.317304075297
15886	52	Direct property and casualty insurance carriers	47	524126	149	47149	Rutherford County, Tennessee	yes	13.833333333333334	703.7443536853158	46284.23564646754
15887	52	Direct property and casualty insurance carriers	47	524126	155	47155	Sevier County, Tennessee	no	3.0	5.25	367.25
15888	52	Direct property and casualty insurance carriers	47	524126	155	47155	Sevier County, Tennessee	yes	2.0	114.62456827078057	8042.443011743035
15889	52	Direct property and casualty insurance carriers	47	524126	157	47157	Shelby County, Tennessee	no	20.666666666666668	189.33333333333334	14455.666666666666
15890	52	Direct property and casualty insurance carriers	47	524126	163	47163	Sullivan County, Tennessee	no	4.5	4.75	451.0
15891	52	Direct property and casualty insurance carriers	47	524126	163	47163	Sullivan County, Tennessee	yes	3.0	171.93685240617086	12063.664517614552
15892	52	Direct property and casualty insurance carriers	47	524126	165	47165	Sumner County, Tennessee	no	5.666666666666667	129.0	8548.333333333334
15893	52	Direct property and casualty insurance carriers	47	524126	165	47165	Sumner County, Tennessee	yes	7.0	376.75689990494993	24748.802345543616
15894	52	Direct property and casualty insurance carriers	47	524126	167	47167	Tipton County, Tennessee	yes	1.0	37.85585585585586	2230.6396396396394
15895	52	Direct property and casualty insurance carriers	47	524126	179	47179	Washington County, Tennessee	yes	2.6666666666666665	133.72018451732944	8726.670039551358
15896	52	Direct property and casualty insurance carriers	47	524126	185	47185	White County, Tennessee	yes	1.0	52.324611157173926	3479.9520380073704
15897	52	Direct property and casualty insurance carriers	47	524126	187	47187	Williamson County, Tennessee	no	25.0	1068.1666666666667	90425.16666666667
15898	52	Direct property and casualty insurance carriers	47	524126	189	47189	Wilson County, Tennessee	yes	1.0	48.441533388608704	3215.7704456088445
15899	52	Direct title insurance carriers	47	524127	1	47001	Anderson County, Tennessee	yes	1.2	16.629401709401712	724.1553846153845
15900	52	Direct title insurance carriers	47	524127	37	47037	Davidson County, Tennessee	no	4.833333333333333	67.66666666666667	4358.333333333333
15901	52	Direct title insurance carriers	47	524127	65	47065	Hamilton County, Tennessee	yes	1.6666666666666667	11.677350427350428	765.5021367521367
15902	52	Direct title insurance carriers	47	524127	93	47093	Knox County, Tennessee	no	6.0	24.5	1113.5
15903	52	Direct title insurance carriers	47	524127	93	47093	Knox County, Tennessee	yes	2.25	15.958333333333334	891.4839743589744
15904	52	Direct title insurance carriers	47	524127	119	47119	Maury County, Tennessee	yes	1.0	13.06042735042735	600.2289743589743
15905	52	Direct title insurance carriers	47	524127	147	47147	Robertson County, Tennessee	yes	1.6666666666666667	21.86994301994302	938.7598290598293
15906	52	Direct title insurance carriers	47	524127	149	47149	Rutherford County, Tennessee	yes	1.0	12.127279202279203	548.1267094017094
15907	52	Direct title insurance carriers	47	524127	157	47157	Shelby County, Tennessee	yes	3.0	34.825427350427354	1569.2160256410255
15908	52	Direct title insurance carriers	47	524127	163	47163	Sullivan County, Tennessee	yes	1.0	8.997179487179489	475.55205128205125
15909	52	Direct title insurance carriers	47	524127	167	47167	Tipton County, Tennessee	yes	1.0	12.127279202279203	548.1267094017094
15910	52	Direct title insurance carriers	47	524127	187	47187	Williamson County, Tennessee	no	6.333333333333333	21.833333333333332	2278.1666666666665
15911	52	Financial transactions processing, reserve, and clearinghouse activities	47	522320	9	47009	Blount County, Tennessee	yes	1.0	42.5735294117647	2352.573529411765
15912	52	Financial transactions processing, reserve, and clearinghouse activities	47	522320	37	47037	Davidson County, Tennessee	no	21.666666666666668	546.3333333333334	56380.0
15913	52	Financial transactions processing, reserve, and clearinghouse activities	47	522320	37	47037	Davidson County, Tennessee	yes	18.0	1111.9942577030813	68640.5942577031
15914	52	Financial transactions processing, reserve, and clearinghouse activities	47	522320	63	47063	Hamblen County, Tennessee	yes	1.0	81.40052521008404	4954.100525210084
15915	52	Financial transactions processing, reserve, and clearinghouse activities	47	522320	65	47065	Hamilton County, Tennessee	no	6.4	111.8	7801.2
15916	52	Financial transactions processing, reserve, and clearinghouse activities	47	522320	65	47065	Hamilton County, Tennessee	yes	4.0	170.2941176470588	9410.29411764706
15917	52	Financial transactions processing, reserve, and clearinghouse activities	47	522320	93	47093	Knox County, Tennessee	yes	2.8333333333333335	249.07408475828143	14781.916041640536
15918	52	Financial transactions processing, reserve, and clearinghouse activities	47	522320	97	47097	Lauderdale County, Tennessee	yes	1.0	93.85573985813232	5543.543384965927
15919	52	Financial transactions processing, reserve, and clearinghouse activities	47	522320	101	47101	Lewis County, Tennessee	yes	1.0	93.85573985813232	5543.543384965927
15920	52	Financial transactions processing, reserve, and clearinghouse activities	47	522320	105	47105	Loudon County, Tennessee	yes	1.0	118.76616915422885	6722.429104477612
15921	52	Financial transactions processing, reserve, and clearinghouse activities	47	522320	113	47113	Madison County, Tennessee	yes	1.0	93.85573985813232	5543.543384965927
15922	52	Financial transactions processing, reserve, and clearinghouse activities	47	522320	119	47119	Maury County, Tennessee	yes	1.0	93.85573985813232	5543.543384965927
15923	52	Financial transactions processing, reserve, and clearinghouse activities	47	522320	125	47125	Montgomery County, Tennessee	yes	1.0	72.11428571428571	4594.5142857142855
15924	52	Financial transactions processing, reserve, and clearinghouse activities	47	522320	147	47147	Robertson County, Tennessee	yes	1.0	55.80105042016807	3266.101050420168
15925	52	Financial transactions processing, reserve, and clearinghouse activities	47	522320	149	47149	Rutherford County, Tennessee	yes	1.0	62.267366946778715	3847.2007002801124
15926	52	Financial transactions processing, reserve, and clearinghouse activities	47	522320	155	47155	Sevier County, Tennessee	yes	1.0	138.8	8274.8
15927	52	Financial transactions processing, reserve, and clearinghouse activities	47	522320	157	47157	Shelby County, Tennessee	no	22.2	290.8	20121.4
15928	52	Financial transactions processing, reserve, and clearinghouse activities	47	522320	157	47157	Shelby County, Tennessee	yes	24.0	1021.764705882353	56461.76470588236
15929	52	Financial transactions processing, reserve, and clearinghouse activities	47	522320	187	47187	Williamson County, Tennessee	yes	6.333333333333333	561.7749878060678	33336.14654667838
15930	52	Financial transactions processing, reserve, and clearinghouse activities	47	522320	189	47189	Wilson County, Tennessee	yes	1.0	42.5735294117647	2352.573529411765
15931	52	Insurance agencies and brokerages	47	524210	1	47001	Anderson County, Tennessee	no	29.5	331.3333333333333	16307.833333333334
15932	52	Insurance agencies and brokerages	47	524210	3	47003	Bedford County, Tennessee	no	14.166666666666666	38.333333333333336	1244.1666666666667
15933	52	Insurance agencies and brokerages	47	524210	5	47005	Benton County, Tennessee	no	8.5	15.0	1208.8333333333333
15934	52	Insurance agencies and brokerages	47	524210	7	47007	Bledsoe County, Tennessee	no	3.2	3.2	122.0
15935	52	Insurance agencies and brokerages	47	524210	7	47007	Bledsoe County, Tennessee	yes	3.0	39.9264705882353	886.0588235294118
15936	52	Insurance agencies and brokerages	47	524210	9	47009	Blount County, Tennessee	no	38.166666666666664	288.0	11786.166666666666
15937	52	Insurance agencies and brokerages	47	524210	11	47011	Bradley County, Tennessee	no	31.5	152.5	6760.0
15938	52	Insurance agencies and brokerages	47	524210	13	47013	Campbell County, Tennessee	no	7.833333333333333	29.166666666666668	2313.3333333333335
15939	52	Insurance agencies and brokerages	47	524210	15	47015	Cannon County, Tennessee	no	4.166666666666667	6.333333333333333	335.8333333333333
15940	52	Insurance agencies and brokerages	47	524210	17	47017	Carroll County, Tennessee	no	8.666666666666666	26.5	1371.6666666666667
15941	52	Insurance agencies and brokerages	47	524210	19	47019	Carter County, Tennessee	no	11.2	31.4	1126.0
15942	52	Insurance agencies and brokerages	47	524210	19	47019	Carter County, Tennessee	yes	10.0	189.0909090909091	5299.39393939394
15943	52	Insurance agencies and brokerages	47	524210	21	47021	Cheatham County, Tennessee	no	11.166666666666666	20.833333333333332	892.6666666666666
15944	52	Insurance agencies and brokerages	47	524210	23	47023	Chester County, Tennessee	no	3.0	7.333333333333333	272.8333333333333
15945	52	Insurance agencies and brokerages	47	524210	25	47025	Claiborne County, Tennessee	no	5.166666666666667	5.0	507.0
15946	52	Insurance agencies and brokerages	47	524210	27	47027	Clay County, Tennessee	no	3.3333333333333335	10.0	297.8333333333333
15947	52	Insurance agencies and brokerages	47	524210	29	47029	Cocke County, Tennessee	no	7.333333333333333	29.0	689.3333333333334
15948	52	Insurance agencies and brokerages	47	524210	31	47031	Coffee County, Tennessee	no	17.333333333333332	69.33333333333333	3604.0
15949	52	Insurance agencies and brokerages	47	524210	33	47033	Crockett County, Tennessee	yes	2.0	35.0066284837047	1480.2979118883406
15950	52	Insurance agencies and brokerages	47	524210	35	47035	Cumberland County, Tennessee	no	12.833333333333334	44.166666666666664	1371.8333333333333
15951	52	Insurance agencies and brokerages	47	524210	37	47037	Davidson County, Tennessee	no	307.3333333333333	2787.5	197946.83333333334
15952	52	Insurance agencies and brokerages	47	524210	39	47039	Decatur County, Tennessee	no	3.8333333333333335	7.166666666666667	356.1666666666667
15953	52	Insurance agencies and brokerages	47	524210	41	47041	DeKalb County, Tennessee	no	4.0	7.666666666666667	405.5
15954	52	Insurance agencies and brokerages	47	524210	43	47043	Dickson County, Tennessee	no	14.666666666666666	99.66666666666667	5309.0
15955	52	Insurance agencies and brokerages	47	524210	43	47043	Dickson County, Tennessee	yes	12.333333333333334	214.50209253661941	5672.256296985197
15956	52	Insurance agencies and brokerages	47	524210	45	47045	Dyer County, Tennessee	no	12.833333333333334	92.16666666666667	6092.0
15957	52	Insurance agencies and brokerages	47	524210	47	47047	Fayette County, Tennessee	no	9.833333333333334	17.166666666666668	1109.3333333333333
15958	52	Insurance agencies and brokerages	47	524210	49	47049	Fentress County, Tennessee	no	6.833333333333333	31.0	1449.3333333333333
15959	52	Insurance agencies and brokerages	47	524210	51	47051	Franklin County, Tennessee	no	9.666666666666666	49.333333333333336	1712.8333333333333
15960	52	Insurance agencies and brokerages	47	524210	53	47053	Gibson County, Tennessee	no	18.333333333333332	56.166666666666664	2507.5
15961	52	Insurance agencies and brokerages	47	524210	55	47055	Giles County, Tennessee	no	9.0	28.5	842.8333333333334
15962	52	Insurance agencies and brokerages	47	524210	57	47057	Grainger County, Tennessee	yes	1.6666666666666667	29.63697607728759	1342.7491893690299
15963	52	Insurance agencies and brokerages	47	524210	59	47059	Greene County, Tennessee	no	19.666666666666668	94.5	3472.1666666666665
15964	52	Insurance agencies and brokerages	47	524210	61	47061	Grundy County, Tennessee	no	4.0	5.8	152.8
15965	52	Insurance agencies and brokerages	47	524210	61	47061	Grundy County, Tennessee	yes	4.0	53.23529411764706	1181.4117647058824
15966	52	Insurance agencies and brokerages	47	524210	63	47063	Hamblen County, Tennessee	no	27.666666666666668	106.16666666666667	4610.333333333333
15967	52	Insurance agencies and brokerages	47	524210	65	47065	Hamilton County, Tennessee	no	162.33333333333334	594.3333333333334	28970.5
15968	52	Insurance agencies and brokerages	47	524210	69	47069	Hardeman County, Tennessee	no	7.333333333333333	22.333333333333332	688.3333333333334
15969	52	Insurance agencies and brokerages	47	524210	71	47071	Hardin County, Tennessee	no	8.0	23.5	1225.3333333333333
15970	52	Insurance agencies and brokerages	47	524210	73	47073	Hawkins County, Tennessee	no	10.0	32.166666666666664	1143.0
15971	52	Insurance agencies and brokerages	47	524210	75	47075	Haywood County, Tennessee	no	8.833333333333334	33.666666666666664	1757.1666666666667
15972	52	Insurance agencies and brokerages	47	524210	77	47077	Henderson County, Tennessee	no	10.666666666666666	29.0	1346.6666666666667
15973	52	Insurance agencies and brokerages	47	524210	79	47079	Henry County, Tennessee	no	7.333333333333333	23.833333333333332	949.6666666666666
15974	52	Insurance agencies and brokerages	47	524210	81	47081	Hickman County, Tennessee	no	3.0	10.0	400.0
15975	52	Insurance agencies and brokerages	47	524210	81	47081	Hickman County, Tennessee	yes	2.0	32.217914438502675	825.2923351158646
15976	52	Insurance agencies and brokerages	47	524210	83	47083	Houston County, Tennessee	no	3.0	6.666666666666667	626.6666666666666
15977	52	Insurance agencies and brokerages	47	524210	85	47085	Humphreys County, Tennessee	no	6.166666666666667	16.333333333333332	1082.1666666666667
15978	52	Insurance agencies and brokerages	47	524210	87	47087	Jackson County, Tennessee	yes	1.6666666666666667	29.112681468278808	1133.4202123578243
15979	52	Insurance agencies and brokerages	47	524210	89	47089	Jefferson County, Tennessee	no	11.333333333333334	35.833333333333336	1333.3333333333333
15980	52	Insurance agencies and brokerages	47	524210	91	47091	Johnson County, Tennessee	yes	1.3333333333333333	23.014929757623875	880.5700983141618
15981	52	Insurance agencies and brokerages	47	524210	93	47093	Knox County, Tennessee	no	211.16666666666666	1329.0	91213.66666666667
15982	52	Insurance agencies and brokerages	47	524210	95	47095	Lake County, Tennessee	yes	1.6666666666666667	29.112681468278808	1133.4202123578243
15983	52	Insurance agencies and brokerages	47	524210	97	47097	Lauderdale County, Tennessee	no	5.5	19.833333333333332	612.5
15984	52	Insurance agencies and brokerages	47	524210	99	47099	Lawrence County, Tennessee	no	14.5	32.333333333333336	4224.0
15985	52	Insurance agencies and brokerages	47	524210	101	47101	Lewis County, Tennessee	no	3.0	5.5	225.66666666666666
15986	52	Insurance agencies and brokerages	47	524210	103	47103	Lincoln County, Tennessee	no	9.833333333333334	21.5	1430.5
15987	52	Insurance agencies and brokerages	47	524210	105	47105	Loudon County, Tennessee	no	13.666666666666666	44.5	2255.0
15988	52	Insurance agencies and brokerages	47	524210	107	47107	McMinn County, Tennessee	no	14.0	81.75	3265.25
15989	52	Insurance agencies and brokerages	47	524210	107	47107	McMinn County, Tennessee	yes	14.5	232.1798128342246	5924.722816399287
15990	52	Insurance agencies and brokerages	47	524210	109	47109	McNairy County, Tennessee	no	11.0	16.333333333333332	647.8333333333334
15991	52	Insurance agencies and brokerages	47	524210	111	47111	Macon County, Tennessee	no	8.833333333333334	20.5	1092.1666666666667
15992	52	Insurance agencies and brokerages	47	524210	113	47113	Madison County, Tennessee	no	44.666666666666664	167.16666666666666	6320.0
15993	52	Insurance agencies and brokerages	47	524210	115	47115	Marion County, Tennessee	yes	3.5	61.37687808807278	2355.1636570388805
15994	52	Insurance agencies and brokerages	47	524210	117	47117	Marshall County, Tennessee	no	7.666666666666667	29.666666666666668	956.8333333333334
15995	52	Insurance agencies and brokerages	47	524210	119	47119	Maury County, Tennessee	no	33.833333333333336	113.5	4632.166666666667
15996	52	Insurance agencies and brokerages	47	524210	121	47121	Meigs County, Tennessee	yes	1.0	17.414050839639692	589.9068846204808
15997	52	Insurance agencies and brokerages	47	524210	123	47123	Monroe County, Tennessee	no	17.166666666666668	45.166666666666664	1334.0
15998	52	Insurance agencies and brokerages	47	524210	125	47125	Montgomery County, Tennessee	no	39.666666666666664	139.66666666666666	5215.0
15999	52	Insurance agencies and brokerages	47	524210	127	47127	Moore County, Tennessee	yes	1.0	17.50331424185235	740.1489559441703
16000	52	Insurance agencies and brokerages	47	524210	129	47129	Morgan County, Tennessee	no	4.8	8.6	172.8
16001	52	Insurance agencies and brokerages	47	524210	129	47129	Morgan County, Tennessee	yes	5.0	98.80434782608695	2735.869565217391
16002	52	Insurance agencies and brokerages	47	524210	131	47131	Obion County, Tennessee	no	10.166666666666666	70.16666666666667	2853.3333333333335
16003	52	Insurance agencies and brokerages	47	524210	133	47133	Overton County, Tennessee	no	4.833333333333333	14.0	1010.3333333333334
16004	52	Insurance agencies and brokerages	47	524210	135	47135	Perry County, Tennessee	no	4.166666666666667	6.666666666666667	365.8333333333333
16005	52	Insurance agencies and brokerages	47	524210	137	47137	Pickett County, Tennessee	yes	2.0	35.0066284837047	1480.2979118883406
16006	52	Insurance agencies and brokerages	47	524210	139	47139	Polk County, Tennessee	no	3.0	14.0	619.0
16007	52	Insurance agencies and brokerages	47	524210	139	47139	Polk County, Tennessee	yes	2.75	48.914946636566135	1695.8824185673247
16008	52	Insurance agencies and brokerages	47	524210	141	47141	Putnam County, Tennessee	no	28.5	134.83333333333334	6205.666666666667
16009	52	Insurance agencies and brokerages	47	524210	143	47143	Rhea County, Tennessee	no	8.833333333333334	21.833333333333332	704.6666666666666
16010	52	Insurance agencies and brokerages	47	524210	145	47145	Roane County, Tennessee	no	17.666666666666668	40.333333333333336	1912.5
16011	52	Insurance agencies and brokerages	47	524210	147	47147	Robertson County, Tennessee	no	19.666666666666668	67.66666666666667	2433.5
16012	52	Insurance agencies and brokerages	47	524210	149	47149	Rutherford County, Tennessee	no	85.0	283.8333333333333	12502.333333333334
16013	52	Insurance agencies and brokerages	47	524210	151	47151	Scott County, Tennessee	no	4.166666666666667	5.0	258.1666666666667
16014	52	Insurance agencies and brokerages	47	524210	153	47153	Sequatchie County, Tennessee	no	4.5	11.5	568.3333333333334
16015	52	Insurance agencies and brokerages	47	524210	155	47155	Sevier County, Tennessee	no	21.833333333333332	100.83333333333333	6521.666666666667
16016	52	Insurance agencies and brokerages	47	524210	157	47157	Shelby County, Tennessee	no	375.0	1754.1666666666667	112359.33333333333
16017	52	Insurance agencies and brokerages	47	524210	159	47159	Smith County, Tennessee	yes	2.3333333333333335	40.17100229774645	1694.0502838048494
16018	52	Insurance agencies and brokerages	47	524210	161	47161	Stewart County, Tennessee	no	4.833333333333333	17.5	957.5
16019	52	Insurance agencies and brokerages	47	524210	163	47163	Sullivan County, Tennessee	no	72.16666666666667	290.5	15042.166666666666
16020	52	Insurance agencies and brokerages	47	524210	165	47165	Sumner County, Tennessee	no	68.66666666666667	203.5	9189.5
16021	52	Insurance agencies and brokerages	47	524210	167	47167	Tipton County, Tennessee	no	13.0	50.666666666666664	2664.1666666666665
16022	52	Insurance agencies and brokerages	47	524210	169	47169	Trousdale County, Tennessee	no	3.0	6.0	203.0
16023	52	Insurance agencies and brokerages	47	524210	169	47169	Trousdale County, Tennessee	yes	2.3333333333333335	41.25320741654227	2374.6720884446463
16024	52	Insurance agencies and brokerages	47	524210	171	47171	Unicoi County, Tennessee	no	4.6	8.4	276.6
16025	52	Insurance agencies and brokerages	47	524210	171	47171	Unicoi County, Tennessee	yes	6.0	79.8529411764706	1772.1176470588236
16026	52	Insurance agencies and brokerages	47	524210	173	47173	Union County, Tennessee	no	3.0	5.0	171.0
16027	52	Insurance agencies and brokerages	47	524210	173	47173	Union County, Tennessee	yes	2.0	34.828101679279385	1179.8137692409616
16028	52	Insurance agencies and brokerages	47	524210	175	47175	Van Buren County, Tennessee	yes	1.3333333333333333	22.872966648269458	877.6976784634811
16029	52	Insurance agencies and brokerages	47	524210	177	47177	Warren County, Tennessee	no	15.166666666666666	34.666666666666664	1865.1666666666667
16030	52	Insurance agencies and brokerages	47	524210	179	47179	Washington County, Tennessee	no	57.666666666666664	165.66666666666666	7414.0
16031	52	Insurance agencies and brokerages	47	524210	181	47181	Wayne County, Tennessee	no	3.5	11.833333333333334	501.1666666666667
16032	52	Insurance agencies and brokerages	47	524210	183	47183	Weakley County, Tennessee	no	13.166666666666666	37.166666666666664	1766.3333333333333
16033	52	Insurance agencies and brokerages	47	524210	185	47185	White County, Tennessee	no	3.0	0.0	352.0
16034	52	Insurance agencies and brokerages	47	524210	185	47185	White County, Tennessee	yes	2.4	43.757161187192	2074.4695572320406
16035	52	Insurance agencies and brokerages	47	524210	187	47187	Williamson County, Tennessee	no	182.33333333333334	1171.8333333333333	83709.5
16036	52	Insurance agencies and brokerages	47	524210	189	47189	Wilson County, Tennessee	no	41.833333333333336	117.66666666666667	4540.0
16037	52	International trade financing	47	522293	65	47065	Hamilton County, Tennessee	yes	1.0	0.0	0.0
16038	52	International trade financing	47	522293	163	47163	Sullivan County, Tennessee	yes	1.0	0.0	0.0
16039	52	Investment advice	47	523930	1	47001	Anderson County, Tennessee	yes	2.1666666666666665	10.522042091191027	953.5350827059892
16040	52	Investment advice	47	523930	3	47003	Bedford County, Tennessee	yes	1.3333333333333333	6.47524181300777	577.5004700673063
16041	52	Investment advice	47	523930	9	47009	Blount County, Tennessee	no	3.0	19.0	1789.0
16042	52	Investment advice	47	523930	9	47009	Blount County, Tennessee	yes	2.25	10.021396396396398	881.9541866280997
16043	52	Investment advice	47	523930	11	47011	Bradley County, Tennessee	no	3.0	0.0	83.0
16044	52	Investment advice	47	523930	11	47011	Bradley County, Tennessee	yes	1.2	6.025391103050677	514.0830067383259
16045	52	Investment advice	47	523930	17	47017	Carroll County, Tennessee	yes	1.0	8.91025641025641	909.7435897435897
16046	52	Investment advice	47	523930	31	47031	Coffee County, Tennessee	yes	1.75	7.103541860190797	585.0568758201737
16047	52	Investment advice	47	523930	37	47037	Davidson County, Tennessee	no	44.666666666666664	210.66666666666666	27819.5
16048	52	Investment advice	47	523930	45	47045	Dyer County, Tennessee	yes	1.6666666666666667	7.256039181571097	629.4504013014651
16049	52	Investment advice	47	523930	47	47047	Fayette County, Tennessee	yes	2.0	9.651292864058822	861.0820457901865
16050	52	Investment advice	47	523930	55	47055	Giles County, Tennessee	yes	1.0	4.825646432029411	430.54102289509325
16051	52	Investment advice	47	523930	59	47059	Greene County, Tennessee	yes	1.6666666666666667	7.582916795682753	652.8131866300229
16052	52	Investment advice	47	523930	63	47063	Hamblen County, Tennessee	yes	1.0	8.91025641025641	909.7435897435897
16053	52	Investment advice	47	523930	65	47065	Hamilton County, Tennessee	no	23.5	51.0	4714.666666666667
16054	52	Investment advice	47	523930	69	47069	Hardeman County, Tennessee	no	3.0	0.0	123.0
16055	52	Investment advice	47	523930	69	47069	Hardeman County, Tennessee	yes	2.4	10.304378437357162	921.8532565583446
16056	52	Investment advice	47	523930	71	47071	Hardin County, Tennessee	yes	1.0	4.825646432029411	430.54102289509325
16057	52	Investment advice	47	523930	79	47079	Henry County, Tennessee	yes	1.3333333333333333	6.47524181300777	577.5004700673063
16058	52	Investment advice	47	523930	93	47093	Knox County, Tennessee	no	25.333333333333332	91.0	13650.333333333334
16059	52	Investment advice	47	523930	93	47093	Knox County, Tennessee	yes	14.0	75.48504273504273	6775.002415458937
16060	52	Investment advice	47	523930	99	47099	Lawrence County, Tennessee	yes	1.0	4.135905545480013	333.4082456023946
16061	52	Investment advice	47	523930	103	47103	Lincoln County, Tennessee	yes	1.0	3.9568484196143765	335.53150695703886
16062	52	Investment advice	47	523930	113	47113	Madison County, Tennessee	yes	2.3333333333333335	10.39917884332778	913.0624888746997
16063	52	Investment advice	47	523930	119	47119	Maury County, Tennessee	yes	2.0	9.396788359554318	825.2434245602608
16064	52	Investment advice	47	523930	123	47123	Monroe County, Tennessee	yes	1.1666666666666667	5.6044925858755645	485.0474331515034
16065	52	Investment advice	47	523930	125	47125	Montgomery County, Tennessee	no	5.4	7.2	284.4
16066	52	Investment advice	47	523930	125	47125	Montgomery County, Tennessee	yes	5.0	23.365384615384617	1635.1923076923078
16067	52	Investment advice	47	523930	131	47131	Obion County, Tennessee	yes	1.0	4.825646432029411	430.54102289509325
16068	52	Investment advice	47	523930	141	47141	Putnam County, Tennessee	no	4.0	3.0	110.0
16069	52	Investment advice	47	523930	141	47141	Putnam County, Tennessee	yes	2.0	6.764033264033265	527.8305763957939
16070	52	Investment advice	47	523930	143	47143	Rhea County, Tennessee	yes	1.0	4.135905545480013	333.4082456023946
16071	52	Investment advice	47	523930	145	47145	Roane County, Tennessee	yes	1.0	4.135905545480013	333.4082456023946
16072	52	Investment advice	47	523930	147	47147	Robertson County, Tennessee	yes	1.0	4.825646432029411	430.54102289509325
16073	52	Investment advice	47	523930	149	47149	Rutherford County, Tennessee	no	7.5	6.833333333333333	565.1666666666666
16074	52	Investment advice	47	523930	155	47155	Sevier County, Tennessee	yes	1.5	6.610298616947553	553.8474163607143
16075	52	Investment advice	47	523930	157	47157	Shelby County, Tennessee	no	39.333333333333336	142.83333333333334	11011.333333333334
16076	52	Investment advice	47	523930	163	47163	Sullivan County, Tennessee	no	5.333333333333333	8.5	256.3333333333333
16077	52	Investment advice	47	523930	165	47165	Sumner County, Tennessee	no	9.0	17.25	2770.5
16078	52	Investment advice	47	523930	165	47165	Sumner County, Tennessee	yes	6.0	37.23076923076923	3748.8394648829435
16079	52	Investment advice	47	523930	167	47167	Tipton County, Tennessee	yes	1.0	4.135905545480013	333.4082456023946
16080	52	Investment advice	47	523930	179	47179	Washington County, Tennessee	no	5.5	4.0	226.0
16081	52	Investment advice	47	523930	179	47179	Washington County, Tennessee	yes	6.0	30.949058919803598	2829.1982850636878
16082	52	Investment advice	47	523930	185	47185	White County, Tennessee	yes	1.1666666666666667	5.408979765362744	487.185950431325
16083	52	Investment advice	47	523930	187	47187	Williamson County, Tennessee	no	53.2	755.2	86493.2
16084	52	Investment advice	47	523930	187	47187	Williamson County, Tennessee	yes	34.0	302.94871794871796	30931.28205128205
16085	52	Investment advice	47	523930	189	47189	Wilson County, Tennessee	no	5.0	4.0	142.8
16086	52	Investment advice	47	523930	189	47189	Wilson County, Tennessee	yes	3.0	26.730769230769234	2729.2307692307695
16087	52	Investment banking and securities dealing	47	523110	11	47011	Bradley County, Tennessee	yes	1.0	16.863636363636363	862.3735177865613
16088	52	Investment banking and securities dealing	47	523110	37	47037	Davidson County, Tennessee	no	13.666666666666666	87.0	12389.0
16089	52	Investment banking and securities dealing	47	523110	37	47037	Davidson County, Tennessee	yes	16.333333333333332	236.76767676767676	16569.129117259552
16090	52	Investment banking and securities dealing	47	523110	65	47065	Hamilton County, Tennessee	no	6.0	27.833333333333332	2495.3333333333335
16091	52	Investment banking and securities dealing	47	523110	93	47093	Knox County, Tennessee	no	5.5	9.25	2269.0
16092	52	Investment banking and securities dealing	47	523110	93	47093	Knox County, Tennessee	yes	3.0	71.9625	13108.0125
16093	52	Investment banking and securities dealing	47	523110	113	47113	Madison County, Tennessee	yes	1.6666666666666667	26.163860830527497	1575.1276533450446
16094	52	Investment banking and securities dealing	47	523110	117	47117	Marshall County, Tennessee	yes	1.0	28.0	854.5652173913044
16095	52	Investment banking and securities dealing	47	523110	125	47125	Montgomery County, Tennessee	yes	1.3333333333333333	31.661097081930418	3820.592993339189
16096	52	Investment banking and securities dealing	47	523110	147	47147	Robertson County, Tennessee	yes	1.0	16.863636363636363	862.3735177865613
16097	52	Investment banking and securities dealing	47	523110	157	47157	Shelby County, Tennessee	no	14.333333333333334	221.0	70737.5
16098	52	Investment banking and securities dealing	47	523110	163	47163	Sullivan County, Tennessee	yes	1.0	28.0	854.5652173913044
16099	52	Investment banking and securities dealing	47	523110	165	47165	Sumner County, Tennessee	yes	1.0	37.26851851851852	5367.694444444444
16100	52	Investment banking and securities dealing	47	523110	187	47187	Williamson County, Tennessee	no	5.0	24.6	4372.0
16101	52	Investment banking and securities dealing	47	523110	187	47187	Williamson County, Tennessee	yes	6.0	66.22222222222221	7655.333333333333
16102	52	Miscellaneous financial investment activities	47	523999	1	47001	Anderson County, Tennessee	yes	1.0	7.62962962962963	647.7777777777777
16103	52	Miscellaneous financial investment activities	47	523999	9	47009	Blount County, Tennessee	yes	1.0	0.0	0.0
16104	52	Miscellaneous financial investment activities	47	523999	37	47037	Davidson County, Tennessee	yes	3.1666666666666665	22.888888888888886	1943.3333333333333
16105	52	Miscellaneous financial investment activities	47	523999	65	47065	Hamilton County, Tennessee	yes	1.0	11.444444444444445	971.6666666666666
16106	52	Miscellaneous financial investment activities	47	523999	93	47093	Knox County, Tennessee	yes	1.0	15.25925925925926	1295.5555555555554
16107	52	Miscellaneous financial investment activities	47	523999	157	47157	Shelby County, Tennessee	yes	2.0	45.77777777777778	3886.6666666666665
16108	52	Miscellaneous financial investment activities	47	523999	173	47173	Union County, Tennessee	yes	1.0	0.0	0.0
16109	52	Miscellaneous financial investment activities	47	523999	187	47187	Williamson County, Tennessee	yes	1.0	22.88888888888889	1943.3333333333333
16110	52	Miscellaneous intermediation	47	523910	1	47001	Anderson County, Tennessee	yes	1.0	8.817434210526315	78.77302631578948
16111	52	Miscellaneous intermediation	47	523910	11	47011	Bradley County, Tennessee	no	3.0	2.0	7.0
16112	52	Miscellaneous intermediation	47	523910	11	47011	Bradley County, Tennessee	yes	2.0	13.927141431878045	633.8723289967277
16113	52	Miscellaneous intermediation	47	523910	25	47025	Claiborne County, Tennessee	yes	1.0	2.9473684210526314	88.42105263157895
16114	52	Miscellaneous intermediation	47	523910	31	47031	Coffee County, Tennessee	yes	1.0	7.495080741626794	188.00242224880384
16115	52	Miscellaneous intermediation	47	523910	37	47037	Davidson County, Tennessee	no	12.5	68.0	17386.0
16116	52	Miscellaneous intermediation	47	523910	45	47045	Dyer County, Tennessee	yes	1.0	6.29420366679129	278.8503125205663
16117	52	Miscellaneous intermediation	47	523910	47	47047	Fayette County, Tennessee	yes	1.0	3.892449517120281	460.54609306409134
16118	52	Miscellaneous intermediation	47	523910	49	47049	Fentress County, Tennessee	yes	1.0	8.817434210526315	78.77302631578948
16119	52	Miscellaneous intermediation	47	523910	53	47053	Gibson County, Tennessee	yes	1.0	6.29420366679129	278.8503125205663
16120	52	Miscellaneous intermediation	47	523910	57	47057	Grainger County, Tennessee	yes	1.0	6.29420366679129	278.8503125205663
16121	52	Miscellaneous intermediation	47	523910	63	47063	Hamblen County, Tennessee	yes	1.0	2.5454545454545454	317.3636363636364
16122	52	Miscellaneous intermediation	47	523910	65	47065	Hamilton County, Tennessee	no	5.2	23.2	2648.4
16123	52	Miscellaneous intermediation	47	523910	65	47065	Hamilton County, Tennessee	yes	3.0	8.842105263157894	265.2631578947368
16124	52	Miscellaneous intermediation	47	523910	71	47071	Hardin County, Tennessee	yes	1.0	5.097607655502393	227.62822966507179
16125	52	Miscellaneous intermediation	47	523910	93	47093	Knox County, Tennessee	no	8.166666666666666	8.833333333333334	1064.1666666666667
16126	52	Miscellaneous intermediation	47	523910	111	47111	Macon County, Tennessee	yes	1.0	6.29420366679129	278.8503125205663
16127	52	Miscellaneous intermediation	47	523910	113	47113	Madison County, Tennessee	yes	2.0	12.58840733358258	557.7006250411326
16128	52	Miscellaneous intermediation	47	523910	115	47115	Marion County, Tennessee	yes	1.0	6.29420366679129	278.8503125205663
16129	52	Miscellaneous intermediation	47	523910	147	47147	Robertson County, Tennessee	yes	1.0	6.29420366679129	278.8503125205663
16130	52	Miscellaneous intermediation	47	523910	149	47149	Rutherford County, Tennessee	yes	1.0	6.29420366679129	278.8503125205663
16131	52	Miscellaneous intermediation	47	523910	157	47157	Shelby County, Tennessee	no	20.666666666666668	77.0	10739.666666666666
16132	52	Miscellaneous intermediation	47	523910	163	47163	Sullivan County, Tennessee	yes	1.0	6.29420366679129	278.8503125205663
16133	52	Miscellaneous intermediation	47	523910	165	47165	Sumner County, Tennessee	yes	1.6666666666666667	9.649262596740474	531.4429496025363
16134	52	Miscellaneous intermediation	47	523910	187	47187	Williamson County, Tennessee	no	6.0	28.0	3258.75
16135	52	Miscellaneous intermediation	47	523910	187	47187	Williamson County, Tennessee	yes	3.0	18.518181818181816	891.6954545454545
16136	52	Miscellaneous intermediation	47	523910	189	47189	Wilson County, Tennessee	yes	1.75	7.6151767898475535	688.5029112459094
16137	52	Monetary authorities - central bank	47	521110	37	47037	Davidson County, Tennessee	yes	1.0	0.0	0.0
16138	52	Monetary authorities - central bank	47	521110	157	47157	Shelby County, Tennessee	yes	1.0	0.0	0.0
16139	52	Mortgage and nonmortgage loan brokers	47	522310	1	47001	Anderson County, Tennessee	yes	1.0	3.0993382755677836	253.35536261207548
16140	52	Mortgage and nonmortgage loan brokers	47	522310	9	47009	Blount County, Tennessee	no	4.0	6.666666666666667	295.3333333333333
16141	52	Mortgage and nonmortgage loan brokers	47	522310	9	47009	Blount County, Tennessee	yes	3.0	7.7972027972027975	694.7442930632586
16142	52	Mortgage and nonmortgage loan brokers	47	522310	11	47011	Bradley County, Tennessee	yes	2.0	6.198676551135567	506.71072522415096
16143	52	Mortgage and nonmortgage loan brokers	47	522310	13	47013	Campbell County, Tennessee	yes	1.0	2.6917249417249414	236.4588005385419
16144	52	Mortgage and nonmortgage loan brokers	47	522310	17	47017	Carroll County, Tennessee	yes	1.0	3.0993382755677836	253.35536261207548
16145	52	Mortgage and nonmortgage loan brokers	47	522310	19	47019	Carter County, Tennessee	yes	1.0	3.6153846153846154	169.4423076923077
16146	52	Mortgage and nonmortgage loan brokers	47	522310	31	47031	Coffee County, Tennessee	yes	1.0	3.0993382755677836	253.35536261207548
16147	52	Mortgage and nonmortgage loan brokers	47	522310	35	47035	Cumberland County, Tennessee	yes	1.0	3.0993382755677836	253.35536261207548
16148	52	Mortgage and nonmortgage loan brokers	47	522310	37	47037	Davidson County, Tennessee	no	6.333333333333333	16.0	983.3333333333334
16149	52	Mortgage and nonmortgage loan brokers	47	522310	37	47037	Davidson County, Tennessee	yes	7.333333333333333	19.20979020979021	1651.6780202556067
16150	52	Mortgage and nonmortgage loan brokers	47	522310	63	47063	Hamblen County, Tennessee	yes	1.0	1.8076923076923077	223.84184350132625
16151	52	Mortgage and nonmortgage loan brokers	47	522310	65	47065	Hamilton County, Tennessee	no	6.0	0.0	1102.5
16152	52	Mortgage and nonmortgage loan brokers	47	522310	65	47065	Hamilton County, Tennessee	yes	3.75	13.899413428101951	971.603032213688
16153	52	Mortgage and nonmortgage loan brokers	47	522310	69	47069	Hardeman County, Tennessee	yes	1.0	3.745161259505522	268.11212216745
16154	52	Mortgage and nonmortgage loan brokers	47	522310	71	47071	Hardin County, Tennessee	yes	1.0	3.0993382755677836	253.35536261207548
16155	52	Mortgage and nonmortgage loan brokers	47	522310	75	47075	Haywood County, Tennessee	yes	1.0	3.0993382755677836	253.35536261207548
16156	52	Mortgage and nonmortgage loan brokers	47	522310	77	47077	Henderson County, Tennessee	yes	1.0	3.0993382755677836	253.35536261207548
16157	52	Mortgage and nonmortgage loan brokers	47	522310	79	47079	Henry County, Tennessee	yes	1.0	3.6153846153846154	169.4423076923077
16158	52	Mortgage and nonmortgage loan brokers	47	522310	81	47081	Hickman County, Tennessee	yes	1.0	3.0993382755677836	253.35536261207548
16159	52	Mortgage and nonmortgage loan brokers	47	522310	93	47093	Knox County, Tennessee	no	9.5	65.0	5854.5
16160	52	Mortgage and nonmortgage loan brokers	47	522310	93	47093	Knox County, Tennessee	yes	12.0	20.90909090909091	3182.992685475444
16161	52	Mortgage and nonmortgage loan brokers	47	522310	103	47103	Lincoln County, Tennessee	yes	1.0	3.7192059306813405	248.37815927242156
16162	52	Mortgage and nonmortgage loan brokers	47	522310	113	47113	Madison County, Tennessee	yes	1.3333333333333333	3.701902378131886	327.96931044585085
16163	52	Mortgage and nonmortgage loan brokers	47	522310	119	47119	Maury County, Tennessee	yes	1.0	3.0993382755677836	253.35536261207548
16164	52	Mortgage and nonmortgage loan brokers	47	522310	125	47125	Montgomery County, Tennessee	no	3.0	9.5	945.75
16165	52	Mortgage and nonmortgage loan brokers	47	522310	125	47125	Montgomery County, Tennessee	yes	3.0	10.727272727272727	747.2272727272727
16166	52	Mortgage and nonmortgage loan brokers	47	522310	149	47149	Rutherford County, Tennessee	yes	2.5	8.601045129733654	626.142193722677
16167	52	Mortgage and nonmortgage loan brokers	47	522310	155	47155	Sevier County, Tennessee	yes	1.0	3.0993382755677836	253.35536261207548
16168	52	Mortgage and nonmortgage loan brokers	47	522310	157	47157	Shelby County, Tennessee	no	8.0	31.333333333333332	2899.0
16169	52	Mortgage and nonmortgage loan brokers	47	522310	157	47157	Shelby County, Tennessee	yes	6.0	16.988344988344988	1379.0949950432707
16170	52	Mortgage and nonmortgage loan brokers	47	522310	163	47163	Sullivan County, Tennessee	yes	1.1666666666666667	3.0993382755677836	299.72892583046627
16171	52	Mortgage and nonmortgage loan brokers	47	522310	165	47165	Sumner County, Tennessee	no	4.0	0.0	1214.0
16172	52	Mortgage and nonmortgage loan brokers	47	522310	165	47165	Sumner County, Tennessee	yes	3.75	13.935190492567541	1010.6833371546487
16173	52	Mortgage and nonmortgage loan brokers	47	522310	173	47173	Union County, Tennessee	yes	1.0	2.599067599067599	231.58143102108616
16174	52	Mortgage and nonmortgage loan brokers	47	522310	179	47179	Washington County, Tennessee	yes	1.3333333333333333	3.701902378131886	327.96931044585085
16175	52	Mortgage and nonmortgage loan brokers	47	522310	187	47187	Williamson County, Tennessee	no	6.333333333333333	16.333333333333332	752.6666666666666
16176	52	Mortgage and nonmortgage loan brokers	47	522310	187	47187	Williamson County, Tennessee	yes	6.666666666666667	18.193473193473192	1528.3228907108216
16177	52	Mortgage and nonmortgage loan brokers	47	522310	189	47189	Wilson County, Tennessee	yes	1.0	1.8076923076923077	223.84184350132625
16178	52	Open-end investment funds	47	525910	37	47037	Davidson County, Tennessee	yes	2.0	0.0	0.0
16179	52	Open-end investment funds	47	525910	65	47065	Hamilton County, Tennessee	yes	1.0	0.0	0.0
16180	52	Other activities related to credit intermediation	47	522390	1	47001	Anderson County, Tennessee	no	5.25	10.75	374.5
16181	52	Other activities related to credit intermediation	47	522390	1	47001	Anderson County, Tennessee	yes	5.0	45.69801659320716	1038.4948146227637
16182	52	Other activities related to credit intermediation	47	522390	3	47003	Bedford County, Tennessee	no	5.0	7.666666666666667	238.33333333333334
16183	52	Other activities related to credit intermediation	47	522390	3	47003	Bedford County, Tennessee	yes	4.333333333333333	39.737441989182486	998.7854894915828
16184	52	Other activities related to credit intermediation	47	522390	5	47005	Benton County, Tennessee	no	3.0	6.0	142.0
16185	52	Other activities related to credit intermediation	47	522390	5	47005	Benton County, Tennessee	yes	2.0	18.30804847997136	471.42929445339377
16186	52	Other activities related to credit intermediation	47	522390	7	47007	Bledsoe County, Tennessee	yes	2.0	10.231918337510443	295.1188230994152
16187	52	Other activities related to credit intermediation	47	522390	9	47009	Blount County, Tennessee	no	8.833333333333334	22.333333333333332	508.0
16188	52	Other activities related to credit intermediation	47	522390	11	47011	Bradley County, Tennessee	no	11.666666666666666	797.5	28642.5
16189	52	Other activities related to credit intermediation	47	522390	13	47013	Campbell County, Tennessee	no	3.0	5.2	197.6
16190	52	Other activities related to credit intermediation	47	522390	13	47013	Campbell County, Tennessee	yes	2.0	18.59016393442623	543.5737704918033
16191	52	Other activities related to credit intermediation	47	522390	15	47015	Cannon County, Tennessee	yes	1.6666666666666667	9.837618497046584	286.6397553872276
16192	52	Other activities related to credit intermediation	47	522390	17	47017	Carroll County, Tennessee	yes	2.0	12.853958102419542	376.53362870817836
16193	52	Other activities related to credit intermediation	47	522390	19	47019	Carter County, Tennessee	no	3.75	7.5	197.5
16194	52	Other activities related to credit intermediation	47	522390	19	47019	Carter County, Tennessee	yes	4.0	36.333981505487856	870.7141128683777
16195	52	Other activities related to credit intermediation	47	522390	21	47021	Cheatham County, Tennessee	no	3.0	4.0	108.66666666666667
16196	52	Other activities related to credit intermediation	47	522390	21	47021	Cheatham County, Tennessee	yes	2.3333333333333335	21.429393509211128	527.3561950381891
16197	52	Other activities related to credit intermediation	47	522390	25	47025	Claiborne County, Tennessee	yes	1.6666666666666667	9.837618497046584	286.6397553872276
16198	52	Other activities related to credit intermediation	47	522390	29	47029	Cocke County, Tennessee	no	4.666666666666667	10.0	295.3333333333333
16199	52	Other activities related to credit intermediation	47	522390	31	47031	Coffee County, Tennessee	no	6.5	6.666666666666667	214.33333333333334
16200	52	Other activities related to credit intermediation	47	522390	33	47033	Crockett County, Tennessee	yes	1.0	6.426979051209771	188.26681435408918
16201	52	Other activities related to credit intermediation	47	522390	35	47035	Cumberland County, Tennessee	no	8.0	11.166666666666666	326.6666666666667
16202	52	Other activities related to credit intermediation	47	522390	37	47037	Davidson County, Tennessee	no	80.66666666666667	1060.0	36163.666666666664
16203	52	Other activities related to credit intermediation	47	522390	37	47037	Davidson County, Tennessee	yes	62.666666666666664	572.9981182936614	14928.560255453032
16204	52	Other activities related to credit intermediation	47	522390	39	47039	Decatur County, Tennessee	yes	1.0	5.1159591687552215	147.5594115497076
16205	52	Other activities related to credit intermediation	47	522390	41	47041	DeKalb County, Tennessee	no	3.0	4.333333333333333	150.66666666666666
16206	52	Other activities related to credit intermediation	47	522390	41	47041	DeKalb County, Tennessee	yes	2.3333333333333335	21.429393509211128	527.3561950381891
16207	52	Other activities related to credit intermediation	47	522390	43	47043	Dickson County, Tennessee	no	6.833333333333333	6.166666666666667	269.3333333333333
16208	52	Other activities related to credit intermediation	47	522390	45	47045	Dyer County, Tennessee	no	6.0	10.0	387.2
16209	52	Other activities related to credit intermediation	47	522390	45	47045	Dyer County, Tennessee	yes	4.0	37.18032786885246	1087.1475409836066
16210	52	Other activities related to credit intermediation	47	522390	47	47047	Fayette County, Tennessee	yes	2.5	14.797438270752252	430.3105106280162
16211	52	Other activities related to credit intermediation	47	522390	51	47051	Franklin County, Tennessee	no	4.0	5.333333333333333	151.33333333333334
16212	52	Other activities related to credit intermediation	47	522390	51	47051	Franklin County, Tennessee	yes	3.6666666666666665	33.51773630420502	852.2629604914869
16213	52	Other activities related to credit intermediation	47	522390	53	47053	Gibson County, Tennessee	no	6.0	13.25	323.75
16214	52	Other activities related to credit intermediation	47	522390	53	47053	Gibson County, Tennessee	yes	3.0	26.900993297262374	806.9395946055075
16215	52	Other activities related to credit intermediation	47	522390	55	47055	Giles County, Tennessee	no	4.166666666666667	5.166666666666667	135.5
16216	52	Other activities related to credit intermediation	47	522390	59	47059	Greene County, Tennessee	no	8.0	13.0	397.2
16217	52	Other activities related to credit intermediation	47	522390	59	47059	Greene County, Tennessee	yes	8.0	74.91228070175438	1342.2456140350876
16218	52	Other activities related to credit intermediation	47	522390	61	47061	Grundy County, Tennessee	yes	1.0	5.1159591687552215	147.5594115497076
16219	52	Other activities related to credit intermediation	47	522390	63	47063	Hamblen County, Tennessee	no	4.0	5.5	237.33333333333334
16220	52	Other activities related to credit intermediation	47	522390	65	47065	Hamilton County, Tennessee	no	35.333333333333336	116.33333333333333	3085.6666666666665
16221	52	Other activities related to credit intermediation	47	522390	65	47065	Hamilton County, Tennessee	yes	31.333333333333332	286.7748716288554	7048.255393760451
16222	52	Other activities related to credit intermediation	47	522390	67	47067	Hancock County, Tennessee	yes	1.0	3.6999338624338622	140.81898148148147
16223	52	Other activities related to credit intermediation	47	522390	69	47069	Hardeman County, Tennessee	yes	1.0	5.853358468009103	171.56280017572666
16224	52	Other activities related to credit intermediation	47	522390	71	47071	Hardin County, Tennessee	yes	1.0	5.1159591687552215	147.5594115497076
16225	52	Other activities related to credit intermediation	47	522390	73	47073	Hawkins County, Tennessee	no	6.0	11.333333333333334	275.6666666666667
16226	52	Other activities related to credit intermediation	47	522390	73	47073	Hawkins County, Tennessee	yes	5.333333333333333	48.891466229168174	1234.5001367182797
16227	52	Other activities related to credit intermediation	47	522390	75	47075	Haywood County, Tennessee	no	4.833333333333333	5.666666666666667	181.33333333333334
16228	52	Other activities related to credit intermediation	47	522390	77	47077	Henderson County, Tennessee	yes	1.0	6.426979051209771	188.26681435408918
16229	52	Other activities related to credit intermediation	47	522390	79	47079	Henry County, Tennessee	no	4.0	6.75	242.5
16230	52	Other activities related to credit intermediation	47	522390	79	47079	Henry County, Tennessee	yes	3.0	28.02315214265171	607.3482887546736
16231	52	Other activities related to credit intermediation	47	522390	81	47081	Hickman County, Tennessee	yes	1.0	6.426979051209771	188.26681435408918
16232	52	Other activities related to credit intermediation	47	522390	85	47085	Humphreys County, Tennessee	no	3.0	5.0	112.25
16233	52	Other activities related to credit intermediation	47	522390	85	47085	Humphreys County, Tennessee	yes	2.0	18.098037632237745	539.3632399257046
16234	52	Other activities related to credit intermediation	47	522390	89	47089	Jefferson County, Tennessee	no	3.0	8.0	199.33333333333334
16235	52	Other activities related to credit intermediation	47	522390	89	47089	Jefferson County, Tennessee	yes	1.6666666666666667	15.209687824233656	380.8336660380931
16236	52	Other activities related to credit intermediation	47	522390	91	47091	Johnson County, Tennessee	yes	1.0	5.853358468009103	171.56280017572666
16237	52	Other activities related to credit intermediation	47	522390	93	47093	Knox County, Tennessee	no	36.166666666666664	191.5	9566.5
16238	52	Other activities related to credit intermediation	47	522390	97	47097	Lauderdale County, Tennessee	no	3.0	12.5	330.5
16239	52	Other activities related to credit intermediation	47	522390	97	47097	Lauderdale County, Tennessee	yes	2.0	18.098037632237745	539.3632399257046
16240	52	Other activities related to credit intermediation	47	522390	99	47099	Lawrence County, Tennessee	no	6.833333333333333	8.333333333333334	265.0
16241	52	Other activities related to credit intermediation	47	522390	101	47101	Lewis County, Tennessee	no	3.0	6.0	109.66666666666667
16242	52	Other activities related to credit intermediation	47	522390	101	47101	Lewis County, Tennessee	yes	2.0	14.074290131458914	367.20100058575554
16243	52	Other activities related to credit intermediation	47	522390	103	47103	Lincoln County, Tennessee	no	3.0	3.1666666666666665	94.5
16244	52	Other activities related to credit intermediation	47	522390	105	47105	Loudon County, Tennessee	yes	2.0	12.853958102419542	376.53362870817836
16245	52	Other activities related to credit intermediation	47	522390	107	47107	McMinn County, Tennessee	no	7.166666666666667	11.166666666666666	348.8333333333333
16246	52	Other activities related to credit intermediation	47	522390	109	47109	McNairy County, Tennessee	no	3.0	3.0	116.25
16247	52	Other activities related to credit intermediation	47	522390	109	47109	McNairy County, Tennessee	yes	2.0	18.098037632237745	539.3632399257046
16248	52	Other activities related to credit intermediation	47	522390	111	47111	Macon County, Tennessee	yes	2.0	12.853958102419542	376.53362870817836
16249	52	Other activities related to credit intermediation	47	522390	113	47113	Madison County, Tennessee	no	11.5	90.33333333333333	2696.3333333333335
16250	52	Other activities related to credit intermediation	47	522390	115	47115	Marion County, Tennessee	no	5.0	7.333333333333333	267.6666666666667
16251	52	Other activities related to credit intermediation	47	522390	115	47115	Marion County, Tennessee	yes	3.0	27.508041466961163	637.8064860190801
16252	52	Other activities related to credit intermediation	47	522390	117	47117	Marshall County, Tennessee	yes	1.6666666666666667	11.494731911943353	325.36487870817837
16253	52	Other activities related to credit intermediation	47	522390	119	47119	Maury County, Tennessee	no	11.833333333333334	8.166666666666666	426.8333333333333
16254	52	Other activities related to credit intermediation	47	522390	123	47123	Monroe County, Tennessee	no	5.4	10.2	320.2
16255	52	Other activities related to credit intermediation	47	522390	123	47123	Monroe County, Tennessee	yes	5.0	44.01477832512315	1337.881773399015
16256	52	Other activities related to credit intermediation	47	522390	125	47125	Montgomery County, Tennessee	no	14.333333333333334	26.0	1227.5
16257	52	Other activities related to credit intermediation	47	522390	129	47129	Morgan County, Tennessee	yes	1.6666666666666667	9.837618497046584	286.6397553872276
16258	52	Other activities related to credit intermediation	47	522390	131	47131	Obion County, Tennessee	no	7.0	6.666666666666667	387.5
16259	52	Other activities related to credit intermediation	47	522390	139	47139	Polk County, Tennessee	yes	1.6666666666666667	10.802544847058918	329.32943767503997
16260	52	Other activities related to credit intermediation	47	522390	141	47141	Putnam County, Tennessee	no	9.666666666666666	29.333333333333332	2979.3333333333335
16261	52	Other activities related to credit intermediation	47	522390	141	47141	Putnam County, Tennessee	yes	8.666666666666666	79.28785750413344	2030.836196624971
16262	52	Other activities related to credit intermediation	47	522390	143	47143	Rhea County, Tennessee	no	4.5	7.0	207.83333333333334
16263	52	Other activities related to credit intermediation	47	522390	145	47145	Roane County, Tennessee	no	4.2	5.4	243.0
16264	52	Other activities related to credit intermediation	47	522390	145	47145	Roane County, Tennessee	yes	3.0	27.885245901639347	815.360655737705
16265	52	Other activities related to credit intermediation	47	522390	147	47147	Robertson County, Tennessee	no	6.0	10.666666666666666	359.6666666666667
16266	52	Other activities related to credit intermediation	47	522390	147	47147	Robertson County, Tennessee	yes	5.0	45.957147674159955	1145.3080184916787
16267	52	Other activities related to credit intermediation	47	522390	149	47149	Rutherford County, Tennessee	no	27.166666666666668	71.0	1922.5
16268	52	Other activities related to credit intermediation	47	522390	151	47151	Scott County, Tennessee	no	3.6	5.6	234.4
16269	52	Other activities related to credit intermediation	47	522390	151	47151	Scott County, Tennessee	yes	4.0	37.45614035087719	671.1228070175438
16270	52	Other activities related to credit intermediation	47	522390	153	47153	Sequatchie County, Tennessee	yes	2.0	12.853958102419542	376.53362870817836
16271	52	Other activities related to credit intermediation	47	522390	155	47155	Sevier County, Tennessee	no	10.666666666666666	21.166666666666668	618.6666666666666
16272	52	Other activities related to credit intermediation	47	522390	157	47157	Shelby County, Tennessee	no	126.16666666666667	282.3333333333333	18035.166666666668
16273	52	Other activities related to credit intermediation	47	522390	159	47159	Smith County, Tennessee	yes	1.0	6.426979051209771	188.26681435408918
16274	52	Other activities related to credit intermediation	47	522390	163	47163	Sullivan County, Tennessee	no	14.166666666666666	18.333333333333332	853.1666666666666
16275	52	Other activities related to credit intermediation	47	522390	165	47165	Sumner County, Tennessee	no	11.666666666666666	49.666666666666664	2366.1666666666665
16276	52	Other activities related to credit intermediation	47	522390	167	47167	Tipton County, Tennessee	no	4.0	8.333333333333334	148.66666666666666
16277	52	Other activities related to credit intermediation	47	522390	167	47167	Tipton County, Tennessee	yes	3.0	27.462072719957046	707.1439416800905
16278	52	Other activities related to credit intermediation	47	522390	173	47173	Union County, Tennessee	yes	1.0	3.6999338624338622	140.81898148148147
16279	52	Other activities related to credit intermediation	47	522390	177	47177	Warren County, Tennessee	no	3.0	6.333333333333333	132.0
16280	52	Other activities related to credit intermediation	47	522390	177	47177	Warren County, Tennessee	yes	3.6666666666666665	33.65879403143245	888.3351985106916
16281	52	Other activities related to credit intermediation	47	522390	179	47179	Washington County, Tennessee	no	10.5	24.666666666666668	678.3333333333334
16282	52	Other activities related to credit intermediation	47	522390	181	47181	Wayne County, Tennessee	yes	1.5	7.154798454469507	224.31253654970757
16283	52	Other activities related to credit intermediation	47	522390	183	47183	Weakley County, Tennessee	no	3.8	4.0	108.2
16284	52	Other activities related to credit intermediation	47	522390	183	47183	Weakley County, Tennessee	yes	2.0	18.59016393442623	543.5737704918033
16285	52	Other activities related to credit intermediation	47	522390	185	47185	White County, Tennessee	no	4.5	5.25	195.0
16286	52	Other activities related to credit intermediation	47	522390	185	47185	White County, Tennessee	yes	3.5	32.705169686511354	691.2386396318666
16287	52	Other activities related to credit intermediation	47	522390	187	47187	Williamson County, Tennessee	no	5.0	15.0	1128.0
16288	52	Other activities related to credit intermediation	47	522390	187	47187	Williamson County, Tennessee	yes	3.3333333333333335	30.58341774919681	763.0708422648859
16289	52	Other activities related to credit intermediation	47	522390	189	47189	Wilson County, Tennessee	no	11.0	26.0	990.0
16290	52	Other activities related to credit intermediation	47	522390	189	47189	Wilson County, Tennessee	yes	10.333333333333334	94.45157658136297	2481.0073183240747
16291	52	Other depository credit intermediation	47	522190	37	47037	Davidson County, Tennessee	yes	1.0	0.0	0.0
16292	52	Other depository credit intermediation	47	522190	65	47065	Hamilton County, Tennessee	yes	1.0	0.0	0.0
16293	52	Other depository credit intermediation	47	522190	79	47079	Henry County, Tennessee	yes	1.0	0.0	0.0
16294	52	Other depository credit intermediation	47	522190	157	47157	Shelby County, Tennessee	yes	1.0	0.0	0.0
16295	52	Other depository credit intermediation	47	522190	187	47187	Williamson County, Tennessee	yes	1.0	0.0	0.0
16296	52	Other direct insurance (except life, health, and medical) carriers	47	524128	35	47035	Cumberland County, Tennessee	yes	1.0	0.0	0.0
16297	52	Other direct insurance (except life, health, and medical) carriers	47	524128	37	47037	Davidson County, Tennessee	yes	13.166666666666666	0.0	0.0
16298	52	Other direct insurance (except life, health, and medical) carriers	47	524128	65	47065	Hamilton County, Tennessee	yes	1.0	0.0	0.0
16299	52	Other direct insurance (except life, health, and medical) carriers	47	524128	75	47075	Haywood County, Tennessee	yes	1.0	0.0	0.0
16300	52	Other direct insurance (except life, health, and medical) carriers	47	524128	93	47093	Knox County, Tennessee	yes	1.3333333333333333	0.0	0.0
16301	52	Other direct insurance (except life, health, and medical) carriers	47	524128	149	47149	Rutherford County, Tennessee	yes	1.6666666666666667	0.0	0.0
16302	52	Other direct insurance (except life, health, and medical) carriers	47	524128	157	47157	Shelby County, Tennessee	yes	1.3333333333333333	0.0	0.0
16303	52	Other direct insurance (except life, health, and medical) carriers	47	524128	187	47187	Williamson County, Tennessee	yes	1.6666666666666667	0.0	0.0
16304	52	Other direct insurance (except life, health, and medical) carriers	47	524128	189	47189	Wilson County, Tennessee	yes	1.0	0.0	0.0
16305	52	Other financial vehicles	47	525990	17	47017	Carroll County, Tennessee	yes	1.0	0.0	0.0
16306	52	Other financial vehicles	47	525990	33	47033	Crockett County, Tennessee	yes	1.0	-0.5	-91.5
16307	52	Other financial vehicles	47	525990	37	47037	Davidson County, Tennessee	yes	1.8	-0.1	-18.3
16308	52	Other financial vehicles	47	525990	51	47051	Franklin County, Tennessee	yes	1.0	-0.125	-22.875
16309	52	Other financial vehicles	47	525990	65	47065	Hamilton County, Tennessee	yes	1.0	0.0	0.0
16310	52	Other financial vehicles	47	525990	157	47157	Shelby County, Tennessee	no	3.0	2.0	366.0
16311	52	Other financial vehicles	47	525990	157	47157	Shelby County, Tennessee	yes	1.0	0.0	0.0
16312	52	Other financial vehicles	47	525990	187	47187	Williamson County, Tennessee	yes	1.0	-0.125	-22.875
16313	52	Other financial vehicles	47	525990	189	47189	Wilson County, Tennessee	yes	1.0	0.0	0.0
16314	52	Portfolio management	47	523920	1	47001	Anderson County, Tennessee	yes	1.6666666666666667	7.750682422409088	649.7635546640697
16315	52	Portfolio management	47	523920	3	47003	Bedford County, Tennessee	yes	1.0	5.215456894526661	165.84572599378802
16316	52	Portfolio management	47	523920	9	47009	Blount County, Tennessee	no	3.6	6.6	274.2
16317	52	Portfolio management	47	523920	9	47009	Blount County, Tennessee	yes	3.0	15.218181818181817	514.5818181818181
16318	52	Portfolio management	47	523920	11	47011	Bradley County, Tennessee	yes	1.0	3.8651761973679784	535.1956299387806
16319	52	Portfolio management	47	523920	13	47013	Campbell County, Tennessee	yes	1.0	6.1060606060606055	244.54124579124579
16320	52	Portfolio management	47	523920	25	47025	Claiborne County, Tennessee	yes	1.0	4.54031654594732	350.52067796628427
16321	52	Portfolio management	47	523920	31	47031	Coffee County, Tennessee	yes	2.0	9.08063309189464	701.0413559325685
16322	52	Portfolio management	47	523920	35	47035	Cumberland County, Tennessee	yes	1.0	4.54031654594732	350.52067796628427
16323	52	Portfolio management	47	523920	37	47037	Davidson County, Tennessee	no	55.0	239.0	46153.166666666664
16324	52	Portfolio management	47	523920	43	47043	Dickson County, Tennessee	yes	1.0	4.54031654594732	350.52067796628427
16325	52	Portfolio management	47	523920	45	47045	Dyer County, Tennessee	yes	2.0	9.08063309189464	701.0413559325685
16326	52	Portfolio management	47	523920	51	47051	Franklin County, Tennessee	yes	1.0	4.54031654594732	350.52067796628427
16327	52	Portfolio management	47	523920	53	47053	Gibson County, Tennessee	yes	1.5	7.421124626755401	460.6223053512451
16328	52	Portfolio management	47	523920	59	47059	Greene County, Tennessee	yes	1.5	6.19982501108656	590.939728547608
16329	52	Portfolio management	47	523920	65	47065	Hamilton County, Tennessee	no	27.833333333333332	182.83333333333334	36922.833333333336
16330	52	Portfolio management	47	523920	69	47069	Hardeman County, Tennessee	yes	1.0	4.54031654594732	350.52067796628427
16331	52	Portfolio management	47	523920	71	47071	Hardin County, Tennessee	yes	1.0	3.8651761973679784	535.1956299387806
16332	52	Portfolio management	47	523920	73	47073	Hawkins County, Tennessee	yes	1.0	4.54031654594732	350.52067796628427
16333	52	Portfolio management	47	523920	75	47075	Haywood County, Tennessee	yes	1.0	4.54031654594732	350.52067796628427
16334	52	Portfolio management	47	523920	79	47079	Henry County, Tennessee	yes	1.3333333333333333	5.715328887055551	568.2498060669877
16335	52	Portfolio management	47	523920	89	47089	Jefferson County, Tennessee	yes	1.0	4.54031654594732	350.52067796628427
16336	52	Portfolio management	47	523920	93	47093	Knox County, Tennessee	no	33.666666666666664	169.0	15355.166666666666
16337	52	Portfolio management	47	523920	103	47103	Lincoln County, Tennessee	yes	1.0	5.215456894526661	165.84572599378802
16338	52	Portfolio management	47	523920	107	47107	McMinn County, Tennessee	yes	1.4	6.276999315629452	654.6718603036412
16339	52	Portfolio management	47	523920	113	47113	Madison County, Tennessee	no	4.0	8.666666666666666	378.0
16340	52	Portfolio management	47	523920	113	47113	Madison County, Tennessee	yes	3.3333333333333335	18.201926239135542	560.8273014381541
16341	52	Portfolio management	47	523920	119	47119	Maury County, Tennessee	yes	2.0	9.08063309189464	701.0413559325685
16342	52	Portfolio management	47	523920	123	47123	Monroe County, Tennessee	yes	2.0	9.08063309189464	701.0413559325685
16343	52	Portfolio management	47	523920	125	47125	Montgomery County, Tennessee	no	4.0	5.0	64.0
16344	52	Portfolio management	47	523920	125	47125	Montgomery County, Tennessee	yes	3.4	16.87045949885708	958.5537239008536
16345	52	Portfolio management	47	523920	131	47131	Obion County, Tennessee	yes	1.1666666666666667	5.385771091401867	379.10855675416315
16346	52	Portfolio management	47	523920	141	47141	Putnam County, Tennessee	yes	2.0	9.08063309189464	701.0413559325685
16347	52	Portfolio management	47	523920	147	47147	Robertson County, Tennessee	yes	1.3333333333333333	5.870267215432874	401.7984792347832
16348	52	Portfolio management	47	523920	149	47149	Rutherford County, Tennessee	no	6.0	15.666666666666666	607.3333333333334
16349	52	Portfolio management	47	523920	149	47149	Rutherford County, Tennessee	yes	5.0	26.07728447263331	829.22862996894
16350	52	Portfolio management	47	523920	151	47151	Scott County, Tennessee	yes	1.0	4.54031654594732	350.52067796628427
16351	52	Portfolio management	47	523920	155	47155	Sevier County, Tennessee	yes	1.0	4.54031654594732	350.52067796628427
16352	52	Portfolio management	47	523920	157	47157	Shelby County, Tennessee	no	63.666666666666664	419.3333333333333	236341.83333333334
16353	52	Portfolio management	47	523920	163	47163	Sullivan County, Tennessee	no	4.833333333333333	17.166666666666668	2446.5
16354	52	Portfolio management	47	523920	171	47171	Unicoi County, Tennessee	yes	1.0	5.072727272727272	171.52727272727273
16355	52	Portfolio management	47	523920	179	47179	Washington County, Tennessee	no	6.0	23.75	1547.25
16356	52	Portfolio management	47	523920	179	47179	Washington County, Tennessee	yes	6.0	38.21818181818182	1084.1929292929292
16357	52	Portfolio management	47	523920	187	47187	Williamson County, Tennessee	no	37.833333333333336	102.33333333333333	13840.333333333334
16358	52	Portfolio management	47	523920	189	47189	Wilson County, Tennessee	yes	1.5	6.99310666483333	599.8948677953828
16359	52	Real estate credit	47	522292	1	47001	Anderson County, Tennessee	no	3.0	15.0	1701.25
16360	52	Real estate credit	47	522292	1	47001	Anderson County, Tennessee	yes	2.0	52.75720007629219	3459.1125309937056
16361	52	Real estate credit	47	522292	3	47003	Bedford County, Tennessee	yes	2.3333333333333335	55.13172604626811	3767.182897322665
16362	52	Real estate credit	47	522292	9	47009	Blount County, Tennessee	yes	7.0	168.8595117270251	11488.01479524099
16363	52	Real estate credit	47	522292	11	47011	Bradley County, Tennessee	yes	3.0	70.5502644187128	4776.164056122819
16364	52	Real estate credit	47	522292	13	47013	Campbell County, Tennessee	yes	1.0	23.6228074675785	1604.4617363597451
16365	52	Real estate credit	47	522292	21	47021	Cheatham County, Tennessee	yes	1.0	23.6228074675785	1604.4617363597451
16366	52	Real estate credit	47	522292	23	47023	Chester County, Tennessee	yes	1.0	19.623762376237625	1267.3366336633665
16367	52	Real estate credit	47	522292	25	47025	Claiborne County, Tennessee	yes	1.0	23.6228074675785	1604.4617363597451
16368	52	Real estate credit	47	522292	31	47031	Coffee County, Tennessee	yes	2.3333333333333335	54.18944461224235	3678.6070293104435
16369	52	Real estate credit	47	522292	35	47035	Cumberland County, Tennessee	no	4.0	8.666666666666666	871.3333333333334
16370	52	Real estate credit	47	522292	37	47037	Davidson County, Tennessee	no	39.666666666666664	657.0	61491.5
16371	52	Real estate credit	47	522292	43	47043	Dickson County, Tennessee	no	3.0	12.5	813.75
16372	52	Real estate credit	47	522292	43	47043	Dickson County, Tennessee	yes	2.5	63.52355521647911	4204.4443066946405
16373	52	Real estate credit	47	522292	45	47045	Dyer County, Tennessee	yes	1.0	23.6228074675785	1604.4617363597451
16374	52	Real estate credit	47	522292	47	47047	Fayette County, Tennessee	yes	1.0	23.6228074675785	1604.4617363597451
16375	52	Real estate credit	47	522292	49	47049	Fentress County, Tennessee	yes	1.0	20.83148903125607	1409.0506697728597
16376	52	Real estate credit	47	522292	51	47051	Franklin County, Tennessee	yes	1.0	19.623762376237625	1267.3366336633665
16377	52	Real estate credit	47	522292	53	47053	Gibson County, Tennessee	yes	2.0	47.245614935157	3208.9234727194903
16378	52	Real estate credit	47	522292	55	47055	Giles County, Tennessee	yes	1.0	19.623762376237625	1267.3366336633665
16379	52	Real estate credit	47	522292	59	47059	Greene County, Tennessee	yes	2.3333333333333335	55.13172604626811	3767.182897322665
16380	52	Real estate credit	47	522292	63	47063	Hamblen County, Tennessee	no	4.166666666666667	18.333333333333332	1086.5
16381	52	Real estate credit	47	522292	65	47065	Hamilton County, Tennessee	no	18.166666666666668	111.66666666666667	9766.666666666666
16382	52	Real estate credit	47	522292	69	47069	Hardeman County, Tennessee	yes	1.3333333333333333	30.88479512868656	2111.3664459071156
16383	52	Real estate credit	47	522292	71	47071	Hardin County, Tennessee	yes	1.0	23.6228074675785	1604.4617363597451
16384	52	Real estate credit	47	522292	77	47077	Henderson County, Tennessee	yes	1.0	19.623762376237625	1267.3366336633665
16385	52	Real estate credit	47	522292	79	47079	Henry County, Tennessee	yes	1.0	23.6228074675785	1604.4617363597451
16386	52	Real estate credit	47	522292	89	47089	Jefferson County, Tennessee	yes	1.5	34.15542219139283	2322.5892181843433
16387	52	Real estate credit	47	522292	93	47093	Knox County, Tennessee	no	36.833333333333336	1031.0	67580.66666666667
16388	52	Real estate credit	47	522292	97	47097	Lauderdale County, Tennessee	yes	1.0	23.6228074675785	1604.4617363597451
16389	52	Real estate credit	47	522292	99	47099	Lawrence County, Tennessee	yes	2.0	47.245614935157	3208.9234727194903
16390	52	Real estate credit	47	522292	101	47101	Lewis County, Tennessee	yes	1.0	24.040826905019436	1627.2213733513206
16391	52	Real estate credit	47	522292	103	47103	Lincoln County, Tennessee	yes	2.0	47.245614935157	3208.9234727194903
16392	52	Real estate credit	47	522292	105	47105	Loudon County, Tennessee	no	3.0	10.666666666666666	682.3333333333334
16393	52	Real estate credit	47	522292	105	47105	Loudon County, Tennessee	yes	1.6666666666666667	34.78405366649914	2355.588358670941
16394	52	Real estate credit	47	522292	107	47107	McMinn County, Tennessee	no	3.0	8.2	733.8
16395	52	Real estate credit	47	522292	107	47107	McMinn County, Tennessee	yes	3.0	64.59813084112149	4471.990654205608
16396	52	Real estate credit	47	522292	113	47113	Madison County, Tennessee	no	6.0	43.333333333333336	2816.0
16397	52	Real estate credit	47	522292	119	47119	Maury County, Tennessee	no	4.666666666666667	14.0	1515.3333333333333
16398	52	Real estate credit	47	522292	119	47119	Maury County, Tennessee	yes	3.0	72.8874678584305	4786.5503191375565
16399	52	Real estate credit	47	522292	123	47123	Monroe County, Tennessee	yes	1.0	23.65833333333333	1674.7782738095236
16400	52	Real estate credit	47	522292	125	47125	Montgomery County, Tennessee	no	10.5	39.166666666666664	3902.0
16401	52	Real estate credit	47	522292	131	47131	Obion County, Tennessee	yes	2.5	60.33580767892118	4095.257727254638
16402	52	Real estate credit	47	522292	141	47141	Putnam County, Tennessee	no	5.5	15.5	1420.5
16403	52	Real estate credit	47	522292	143	47143	Rhea County, Tennessee	yes	1.0	23.65833333333333	1674.7782738095236
16404	52	Real estate credit	47	522292	145	47145	Roane County, Tennessee	yes	1.5	34.15542219139283	2322.5892181843433
16405	52	Real estate credit	47	522292	147	47147	Robertson County, Tennessee	no	3.0	15.333333333333334	910.6666666666666
16406	52	Real estate credit	47	522292	147	47147	Robertson County, Tennessee	yes	2.3333333333333335	49.30802898871525	3369.3977777656823
16407	52	Real estate credit	47	522292	149	47149	Rutherford County, Tennessee	no	18.333333333333332	219.66666666666666	15293.833333333334
16408	52	Real estate credit	47	522292	151	47151	Scott County, Tennessee	yes	1.0	23.6228074675785	1604.4617363597451
16409	52	Real estate credit	47	522292	155	47155	Sevier County, Tennessee	no	6.333333333333333	13.333333333333334	1348.5
16410	52	Real estate credit	47	522292	157	47157	Shelby County, Tennessee	no	27.833333333333332	472.6666666666667	36717.333333333336
16411	52	Real estate credit	47	522292	163	47163	Sullivan County, Tennessee	no	7.666666666666667	21.333333333333332	1403.8333333333333
16412	52	Real estate credit	47	522292	165	47165	Sumner County, Tennessee	no	13.333333333333334	69.33333333333333	5975.833333333333
16413	52	Real estate credit	47	522292	167	47167	Tipton County, Tennessee	no	3.6666666666666665	19.333333333333332	1848.0
16414	52	Real estate credit	47	522292	167	47167	Tipton County, Tennessee	yes	2.0	42.13045889525731	2872.509927298392
16415	52	Real estate credit	47	522292	173	47173	Union County, Tennessee	yes	1.0	23.65833333333333	1674.7782738095236
16416	52	Real estate credit	47	522292	177	47177	Warren County, Tennessee	yes	2.0	47.245614935157	3208.9234727194903
16417	52	Real estate credit	47	522292	179	47179	Washington County, Tennessee	no	12.5	56.666666666666664	4313.166666666667
16418	52	Real estate credit	47	522292	183	47183	Weakley County, Tennessee	yes	1.0	23.6228074675785	1604.4617363597451
16419	52	Real estate credit	47	522292	185	47185	White County, Tennessee	yes	1.0	19.623762376237625	1267.3366336633665
16420	52	Real estate credit	47	522292	187	47187	Williamson County, Tennessee	no	51.666666666666664	909.3333333333334	99796.0
16421	52	Real estate credit	47	522292	187	47187	Williamson County, Tennessee	yes	36.333333333333336	769.0450803189169	52614.34550772284
16422	52	Real estate credit	47	522292	189	47189	Wilson County, Tennessee	no	12.0	70.33333333333333	6776.0
16423	52	Real estate credit	47	522292	189	47189	Wilson County, Tennessee	yes	12.666666666666666	266.6704127257146	18174.42667697226
16424	52	Reinsurance carriers	47	524130	1	47001	Anderson County, Tennessee	yes	1.0	2.925	215.47500000000002
16425	52	Reinsurance carriers	47	524130	9	47009	Blount County, Tennessee	yes	1.0	2.783333333333333	226.11666666666667
16426	52	Reinsurance carriers	47	524130	93	47093	Knox County, Tennessee	yes	1.0	2.783333333333333	226.11666666666667
16427	52	Reinsurance carriers	47	524130	187	47187	Williamson County, Tennessee	yes	1.75	3.2375	290.9125
16428	52	Sales financing	47	522220	9	47009	Blount County, Tennessee	no	3.0	0.0	488.0
16429	52	Sales financing	47	522220	9	47009	Blount County, Tennessee	yes	1.8	57.680052869675215	6326.2742454555455
16430	52	Sales financing	47	522220	11	47011	Bradley County, Tennessee	yes	1.0	31.545354601518028	3519.611983119861
16431	52	Sales financing	47	522220	19	47019	Carter County, Tennessee	yes	1.3333333333333333	42.35889866301827	4576.8009315215095
16432	52	Sales financing	47	522220	35	47035	Cumberland County, Tennessee	yes	1.0	37.96	3595.4
16433	52	Sales financing	47	522220	37	47037	Davidson County, Tennessee	yes	16.666666666666668	554.9696106046439	58788.837016421225
16434	52	Sales financing	47	522220	43	47043	Dickson County, Tennessee	yes	1.0	33.31661925125356	3525.3198244953655
16435	52	Sales financing	47	522220	59	47059	Greene County, Tennessee	yes	1.5	48.020188985598914	5272.494479908607
16436	52	Sales financing	47	522220	65	47065	Hamilton County, Tennessee	no	6.0	19.0	603.0
16437	52	Sales financing	47	522220	65	47065	Hamilton County, Tennessee	yes	5.666666666666667	209.7832729468599	20102.562801932367
16438	52	Sales financing	47	522220	69	47069	Hardeman County, Tennessee	yes	1.0	37.22609903381643	3556.2903381642514
16439	52	Sales financing	47	522220	89	47089	Jefferson County, Tennessee	yes	1.0	33.31661925125356	3525.3198244953655
16440	52	Sales financing	47	522220	93	47093	Knox County, Tennessee	no	5.666666666666667	16.5	996.1666666666666
16441	52	Sales financing	47	522220	97	47097	Lauderdale County, Tennessee	yes	1.0	35.479166666666664	3481.6666666666665
16442	52	Sales financing	47	522220	105	47105	Loudon County, Tennessee	yes	1.1666666666666667	39.229813695698006	4105.597602273144
16443	52	Sales financing	47	522220	113	47113	Madison County, Tennessee	no	3.0	10.0	775.0
16444	52	Sales financing	47	522220	113	47113	Madison County, Tennessee	yes	2.5	82.41556106138107	8459.546581947996
16445	52	Sales financing	47	522220	131	47131	Obion County, Tennessee	yes	1.0	33.186394714407506	3395.5515313299234
16446	52	Sales financing	47	522220	141	47141	Putnam County, Tennessee	yes	1.0	33.31661925125356	3525.3198244953655
16447	52	Sales financing	47	522220	143	47143	Rhea County, Tennessee	yes	1.0	36.41150975923329	3710.7580762038333
16448	52	Sales financing	47	522220	149	47149	Rutherford County, Tennessee	no	4.0	9.2	624.6
16449	52	Sales financing	47	522220	149	47149	Rutherford County, Tennessee	yes	4.0	151.84	14381.6
16450	52	Sales financing	47	522220	155	47155	Sevier County, Tennessee	yes	1.0	31.545354601518028	3519.611983119861
16451	52	Sales financing	47	522220	157	47157	Shelby County, Tennessee	no	23.833333333333332	384.5	34312.666666666664
16452	52	Sales financing	47	522220	163	47163	Sullivan County, Tennessee	yes	1.0	33.31661925125356	3525.3198244953655
16453	52	Sales financing	47	522220	165	47165	Sumner County, Tennessee	yes	1.0	29.4071394686907	3494.349310826481
16454	52	Sales financing	47	522220	179	47179	Washington County, Tennessee	no	3.0	9.166666666666666	686.8333333333334
16455	52	Sales financing	47	522220	183	47183	Weakley County, Tennessee	yes	1.0	35.479166666666664	3481.6666666666665
16456	52	Sales financing	47	522220	187	47187	Williamson County, Tennessee	no	12.0	742.0	50088.666666666664
16457	52	Sales financing	47	522220	187	47187	Williamson County, Tennessee	yes	7.666666666666667	285.88935990338166	27290.965700483095
16458	52	Sales financing	47	522220	189	47189	Wilson County, Tennessee	no	3.0	7.0	372.6666666666667
16459	52	Sales financing	47	522220	189	47189	Wilson County, Tennessee	yes	2.0	73.62525362318841	7074.669565217392
16460	52	Savings institutions	47	522120	1	47001	Anderson County, Tennessee	yes	1.0	10.419674250771813	611.6725515451126
16461	52	Savings institutions	47	522120	9	47009	Blount County, Tennessee	yes	1.0	10.419674250771813	611.6725515451126
16462	52	Savings institutions	47	522120	11	47011	Bradley County, Tennessee	yes	2.0	16.21752484191509	1129.8935028837468
16463	52	Savings institutions	47	522120	19	47019	Carter County, Tennessee	yes	4.0	41.67869700308725	2446.6902061804503
16464	52	Savings institutions	47	522120	21	47021	Cheatham County, Tennessee	yes	3.0	36.46666666666667	1528.6333333333332
16465	52	Savings institutions	47	522120	29	47029	Cocke County, Tennessee	yes	3.0	31.259022752315435	1835.0176546353377
16466	52	Savings institutions	47	522120	35	47035	Cumberland County, Tennessee	yes	2.0	20.839348501543626	1223.3451030902252
16467	52	Savings institutions	47	522120	37	47037	Davidson County, Tennessee	no	3.0	1.3333333333333333	748.3333333333334
16468	52	Savings institutions	47	522120	37	47037	Davidson County, Tennessee	yes	2.0	16.34239256678281	1188.9591113493552
16469	52	Savings institutions	47	522120	43	47043	Dickson County, Tennessee	yes	7.0	64.1710027100271	4012.7204450698355
16470	52	Savings institutions	47	522120	59	47059	Greene County, Tennessee	yes	3.0	31.259022752315435	1835.0176546353377
16471	52	Savings institutions	47	522120	63	47063	Hamblen County, Tennessee	yes	3.3333333333333335	33.06239663678688	1987.672806913051
16472	52	Savings institutions	47	522120	81	47081	Hickman County, Tennessee	yes	1.0	9.167286101432444	573.2457778671194
16473	52	Savings institutions	47	522120	83	47083	Houston County, Tennessee	yes	1.0	12.155555555555557	509.5444444444445
16474	52	Savings institutions	47	522120	85	47085	Humphreys County, Tennessee	yes	3.0	27.50185830429733	1719.737333601358
16475	52	Savings institutions	47	522120	91	47091	Johnson County, Tennessee	yes	1.0	10.419674250771813	611.6725515451126
16476	52	Savings institutions	47	522120	93	47093	Knox County, Tennessee	yes	20.0	208.3934850154362	12233.45103090225
16477	52	Savings institutions	47	522120	99	47099	Lawrence County, Tennessee	yes	1.0	10.419674250771813	611.6725515451126
16478	52	Savings institutions	47	522120	107	47107	McMinn County, Tennessee	yes	5.0	40.54381210478771	2824.733757209367
16479	52	Savings institutions	47	522120	109	47109	McNairy County, Tennessee	yes	1.0	12.223048135243259	561.8063363014583
16480	52	Savings institutions	47	522120	123	47123	Monroe County, Tennessee	yes	7.0	70.62680792558842	4234.982060712548
16481	52	Savings institutions	47	522120	125	47125	Montgomery County, Tennessee	yes	2.5	30.39647696476965	1307.9547425474257
16482	52	Savings institutions	47	522120	149	47149	Rutherford County, Tennessee	yes	1.5	18.240921409214096	798.4102981029811
16483	52	Savings institutions	47	522120	155	47155	Sevier County, Tennessee	yes	4.0	41.67869700308725	2446.6902061804503
16484	52	Savings institutions	47	522120	157	47157	Shelby County, Tennessee	no	10.0	127.0	12475.0
16485	52	Savings institutions	47	522120	157	47157	Shelby County, Tennessee	yes	1.0	10.072497989815064	632.0981729652461
16486	52	Savings institutions	47	522120	163	47163	Sullivan County, Tennessee	yes	1.0	12.155555555555557	509.5444444444445
16487	52	Savings institutions	47	522120	171	47171	Unicoi County, Tennessee	yes	1.0	12.155555555555557	509.5444444444445
16488	52	Savings institutions	47	522120	177	47177	Warren County, Tennessee	yes	1.5	15.248857917150602	845.0648158074987
16489	52	Savings institutions	47	522120	179	47179	Washington County, Tennessee	yes	2.1666666666666665	22.865274427469547	1308.2691771642992
16490	52	Savings institutions	47	522120	187	47187	Williamson County, Tennessee	yes	1.6666666666666667	16.53119831839344	993.8364034565255
16491	52	Secondary market financing	47	522294	37	47037	Davidson County, Tennessee	yes	1.3333333333333333	0.0	0.0
16492	52	Secondary market financing	47	522294	93	47093	Knox County, Tennessee	yes	1.25	0.0	0.0
16493	52	Secondary market financing	47	522294	157	47157	Shelby County, Tennessee	yes	1.0	0.0	0.0
16494	52	Securities and commodity exchanges	47	523210	37	47037	Davidson County, Tennessee	yes	1.0	0.0	0.0
16495	52	Securities brokerage	47	523120	1	47001	Anderson County, Tennessee	no	11.4	15.8	4609.2
16496	52	Securities brokerage	47	523120	1	47001	Anderson County, Tennessee	yes	10.0	55.74850299401198	1842.4550898203593
16497	52	Securities brokerage	47	523120	3	47003	Bedford County, Tennessee	yes	2.0	8.542116757172137	775.0479285458383
16498	52	Securities brokerage	47	523120	5	47005	Benton County, Tennessee	yes	1.0	4.271058378586068	387.52396427291916
16499	52	Securities brokerage	47	523120	9	47009	Blount County, Tennessee	no	11.666666666666666	15.5	2182.1666666666665
16500	52	Securities brokerage	47	523120	11	47011	Bradley County, Tennessee	no	13.666666666666666	32.666666666666664	2728.6666666666665
16501	52	Securities brokerage	47	523120	11	47011	Bradley County, Tennessee	yes	14.333333333333334	65.7927300298441	3402.0946352315023
16502	52	Securities brokerage	47	523120	13	47013	Campbell County, Tennessee	yes	1.6666666666666667	6.9845866659277185	552.1689730032252
16503	52	Securities brokerage	47	523120	17	47017	Carroll County, Tennessee	yes	2.0	8.542116757172137	775.0479285458383
16504	52	Securities brokerage	47	523120	19	47019	Carter County, Tennessee	yes	4.333333333333333	18.7961672954635	1762.3453497648752
16505	52	Securities brokerage	47	523120	21	47021	Cheatham County, Tennessee	yes	1.6666666666666667	7.386118561074905	833.2818753581454
16506	52	Securities brokerage	47	523120	23	47023	Chester County, Tennessee	yes	1.0	4.271058378586068	387.52396427291916
16507	52	Securities brokerage	47	523120	25	47025	Claiborne County, Tennessee	yes	1.0	4.672590273733256	668.6368666278393
16508	52	Securities brokerage	47	523120	29	47029	Cocke County, Tennessee	yes	1.0	4.271058378586068	387.52396427291916
16509	52	Securities brokerage	47	523120	31	47031	Coffee County, Tennessee	no	7.166666666666667	13.166666666666666	1783.5
16510	52	Securities brokerage	47	523120	35	47035	Cumberland County, Tennessee	yes	5.833333333333333	25.322060831321235	2258.431993277017
16511	52	Securities brokerage	47	523120	37	47037	Davidson County, Tennessee	no	91.66666666666667	1174.6666666666667	166035.66666666666
16512	52	Securities brokerage	47	523120	43	47043	Dickson County, Tennessee	yes	1.3333333333333333	5.658893225222921	474.3138785943418
16513	52	Securities brokerage	47	523120	45	47045	Dyer County, Tennessee	no	5.25	9.25	2852.0
16514	52	Securities brokerage	47	523120	45	47045	Dyer County, Tennessee	yes	5.0	23.362951368666277	3343.1843331391965
16515	52	Securities brokerage	47	523120	47	47047	Fayette County, Tennessee	yes	1.0	4.271058378586068	387.52396427291916
16516	52	Securities brokerage	47	523120	51	47051	Franklin County, Tennessee	no	5.0	0.0	328.0
16517	52	Securities brokerage	47	523120	51	47051	Franklin County, Tennessee	yes	3.2	12.692046480084414	1328.3606220442427
16518	52	Securities brokerage	47	523120	53	47053	Gibson County, Tennessee	yes	3.6666666666666665	15.526703423099855	1327.2169015490633
16519	52	Securities brokerage	47	523120	55	47055	Giles County, Tennessee	yes	1.8333333333333333	8.23782731697696	708.3361361853404
16520	52	Securities brokerage	47	523120	59	47059	Greene County, Tennessee	no	7.666666666666667	0.0	1363.6666666666667
16521	52	Securities brokerage	47	523120	59	47059	Greene County, Tennessee	yes	4.333333333333333	16.425757971334658	2254.5067401263454
16522	52	Securities brokerage	47	523120	63	47063	Hamblen County, Tennessee	no	7.333333333333333	27.333333333333332	2780.6666666666665
16523	52	Securities brokerage	47	523120	63	47063	Hamblen County, Tennessee	yes	6.666666666666667	30.57938845171833	1583.5498184639891
16524	52	Securities brokerage	47	523120	65	47065	Hamilton County, Tennessee	no	38.0	219.16666666666666	39677.5
16525	52	Securities brokerage	47	523120	69	47069	Hardeman County, Tennessee	yes	1.0	4.271058378586068	387.52396427291916
16526	52	Securities brokerage	47	523120	71	47071	Hardin County, Tennessee	yes	1.3333333333333333	5.828588469830486	610.4029198155322
16527	52	Securities brokerage	47	523120	73	47073	Hawkins County, Tennessee	yes	2.6666666666666665	11.957930281550288	1059.34205374913
16528	52	Securities brokerage	47	523120	77	47077	Henderson County, Tennessee	yes	2.0	8.542116757172137	775.0479285458383
16529	52	Securities brokerage	47	523120	79	47079	Henry County, Tennessee	yes	4.0	17.084233514344273	1550.0958570916766
16530	52	Securities brokerage	47	523120	85	47085	Humphreys County, Tennessee	yes	1.6666666666666667	7.062019626592531	707.8222970063695
16531	52	Securities brokerage	47	523120	89	47089	Jefferson County, Tennessee	yes	3.3333333333333335	14.201009982395057	1249.36180714018
16532	52	Securities brokerage	47	523120	93	47093	Knox County, Tennessee	no	55.833333333333336	371.1666666666667	47707.166666666664
16533	52	Securities brokerage	47	523120	97	47097	Lauderdale County, Tennessee	yes	1.0	4.271058378586068	387.52396427291916
16534	52	Securities brokerage	47	523120	99	47099	Lawrence County, Tennessee	yes	2.3333333333333335	10.099646848416555	997.9268840884514
16535	52	Securities brokerage	47	523120	101	47101	Lewis County, Tennessee	yes	1.0	5.574850299401198	184.24550898203594
16536	52	Securities brokerage	47	523120	103	47103	Lincoln County, Tennessee	yes	3.8333333333333335	16.155091797777406	1519.3882722613373
16537	52	Securities brokerage	47	523120	105	47105	Loudon County, Tennessee	yes	5.166666666666667	22.30777920209027	2255.2507704286454
16538	52	Securities brokerage	47	523120	107	47107	McMinn County, Tennessee	yes	3.6666666666666665	15.928235318247042	1608.3298039039837
16539	52	Securities brokerage	47	523120	109	47109	McNairy County, Tennessee	yes	1.6666666666666667	6.9845866659277185	552.1689730032252
16540	52	Securities brokerage	47	523120	113	47113	Madison County, Tennessee	no	14.5	50.833333333333336	7327.0
16541	52	Securities brokerage	47	523120	115	47115	Marion County, Tennessee	yes	1.0	4.633953126407437	234.99499830352397
16542	52	Securities brokerage	47	523120	117	47117	Marshall County, Tennessee	no	3.0	4.0	390.0
16543	52	Securities brokerage	47	523120	117	47117	Marshall County, Tennessee	yes	3.0	12.210877293037424	740.9025392863771
16544	52	Securities brokerage	47	523120	119	47119	Maury County, Tennessee	no	11.0	22.333333333333332	3237.6666666666665
16545	52	Securities brokerage	47	523120	119	47119	Maury County, Tennessee	yes	9.333333333333334	43.37933700291516	2215.498719956302
16546	52	Securities brokerage	47	523120	123	47123	Monroe County, Tennessee	yes	2.0	8.542116757172137	775.0479285458383
16547	52	Securities brokerage	47	523120	125	47125	Montgomery County, Tennessee	no	14.0	26.166666666666668	2306.0
16548	52	Securities brokerage	47	523120	131	47131	Obion County, Tennessee	yes	3.6666666666666665	16.05929341552879	1310.7769768008586
16549	52	Securities brokerage	47	523120	141	47141	Putnam County, Tennessee	no	10.0	18.833333333333332	3128.5
16550	52	Securities brokerage	47	523120	143	47143	Rhea County, Tennessee	yes	2.0	8.542116757172137	775.0479285458383
16551	52	Securities brokerage	47	523120	145	47145	Roane County, Tennessee	yes	2.8333333333333335	12.184786761080652	970.4005221064835
16552	52	Securities brokerage	47	523120	147	47147	Robertson County, Tennessee	no	7.333333333333333	15.166666666666666	1165.5
16553	52	Securities brokerage	47	523120	149	47149	Rutherford County, Tennessee	no	26.25	49.25	8112.75
16554	52	Securities brokerage	47	523120	149	47149	Rutherford County, Tennessee	yes	27.0	119.88786757694801	5445.276154696976
16555	52	Securities brokerage	47	523120	153	47153	Sequatchie County, Tennessee	yes	1.4	5.879336103916344	695.6344019822315
16556	52	Securities brokerage	47	523120	155	47155	Sevier County, Tennessee	no	6.666666666666667	11.5	959.5
16557	52	Securities brokerage	47	523120	157	47157	Shelby County, Tennessee	no	89.5	1623.0	287482.5
16558	52	Securities brokerage	47	523120	159	47159	Smith County, Tennessee	yes	1.0	5.574850299401198	184.24550898203594
16559	52	Securities brokerage	47	523120	161	47161	Stewart County, Tennessee	yes	1.0	4.271058378586068	387.52396427291916
16560	52	Securities brokerage	47	523120	163	47163	Sullivan County, Tennessee	no	24.8	45.8	12626.2
16561	52	Securities brokerage	47	523120	163	47163	Sullivan County, Tennessee	yes	21.0	105.44680851063829	6334.255319148936
16562	52	Securities brokerage	47	523120	165	47165	Sumner County, Tennessee	no	17.4	20.0	3335.8
16563	52	Securities brokerage	47	523120	165	47165	Sumner County, Tennessee	yes	15.0	83.62275449101796	2763.682634730539
16564	52	Securities brokerage	47	523120	167	47167	Tipton County, Tennessee	yes	2.0	8.542116757172137	775.0479285458383
16565	52	Securities brokerage	47	523120	171	47171	Unicoi County, Tennessee	yes	1.1666666666666667	4.822013792598807	424.0420109820487
16566	52	Securities brokerage	47	523120	177	47177	Warren County, Tennessee	yes	1.6666666666666667	7.386118561074905	833.2818753581454
16567	52	Securities brokerage	47	523120	179	47179	Washington County, Tennessee	no	19.5	63.666666666666664	10626.333333333334
16568	52	Securities brokerage	47	523120	181	47181	Wayne County, Tennessee	yes	1.0	3.568773141549567	267.87484779993343
16569	52	Securities brokerage	47	523120	183	47183	Weakley County, Tennessee	yes	1.5	6.588034941789787	505.02146342468114
16570	52	Securities brokerage	47	523120	185	47185	White County, Tennessee	no	3.0	2.5	152.0
16571	52	Securities brokerage	47	523120	185	47185	White County, Tennessee	yes	2.0	8.37288374401939	960.8949982003508
16572	52	Securities brokerage	47	523120	187	47187	Williamson County, Tennessee	no	55.0	338.1666666666667	45699.833333333336
16573	52	Securities brokerage	47	523120	189	47189	Wilson County, Tennessee	no	9.4	8.4	1500.8
16574	52	Securities brokerage	47	523120	189	47189	Wilson County, Tennessee	yes	8.0	26.445859872611468	1752.8662420382166
16575	52	Third party administration of insurance and pension funds	47	524292	1	47001	Anderson County, Tennessee	yes	1.0	52.41613761508304	2795.689653115925
16576	52	Third party administration of insurance and pension funds	47	524292	11	47011	Bradley County, Tennessee	yes	1.0	29.095	1960.071153846154
16577	52	Third party administration of insurance and pension funds	47	524292	19	47019	Carter County, Tennessee	yes	1.0	52.41613761508304	2795.689653115925
16578	52	Third party administration of insurance and pension funds	47	524292	37	47037	Davidson County, Tennessee	no	18.666666666666668	750.3333333333334	42455.0
16579	52	Third party administration of insurance and pension funds	47	524292	43	47043	Dickson County, Tennessee	yes	1.0	52.41613761508304	2795.689653115925
16580	52	Third party administration of insurance and pension funds	47	524292	65	47065	Hamilton County, Tennessee	no	5.5	46.333333333333336	3652.6666666666665
16581	52	Third party administration of insurance and pension funds	47	524292	71	47071	Hardin County, Tennessee	yes	1.0	157.39285714285714	5263.892857142857
16582	52	Third party administration of insurance and pension funds	47	524292	77	47077	Henderson County, Tennessee	yes	2.0	104.83227523016608	5591.37930623185
16583	52	Third party administration of insurance and pension funds	47	524292	89	47089	Jefferson County, Tennessee	yes	1.0	52.41613761508304	2795.689653115925
16584	52	Third party administration of insurance and pension funds	47	524292	93	47093	Knox County, Tennessee	no	11.0	716.0	28390.5
16585	52	Third party administration of insurance and pension funds	47	524292	93	47093	Knox County, Tennessee	yes	12.0	563.4838112858464	43473.38575393154
16586	52	Third party administration of insurance and pension funds	47	524292	119	47119	Maury County, Tennessee	yes	1.0	26.28686170212766	2090.6808306055646
16587	52	Third party administration of insurance and pension funds	47	524292	141	47141	Putnam County, Tennessee	yes	1.6666666666666667	69.94071208316814	4189.476873519635
16588	52	Third party administration of insurance and pension funds	47	524292	143	47143	Rhea County, Tennessee	yes	1.0	83.76894189683274	4169.819049821593
16589	52	Third party administration of insurance and pension funds	47	524292	149	47149	Rutherford County, Tennessee	no	3.3333333333333335	18.666666666666668	1073.6666666666667
16590	52	Third party administration of insurance and pension funds	47	524292	149	47149	Rutherford County, Tennessee	yes	2.0	129.05941368221661	7951.021331659398
16591	52	Third party administration of insurance and pension funds	47	524292	153	47153	Sequatchie County, Tennessee	yes	1.0	64.07670642262455	3213.49890275081
16592	52	Third party administration of insurance and pension funds	47	524292	157	47157	Shelby County, Tennessee	no	20.25	1132.5	112090.25
16593	52	Third party administration of insurance and pension funds	47	524292	157	47157	Shelby County, Tennessee	yes	19.0	897.1822386679	68357.60037002775
16594	52	Third party administration of insurance and pension funds	47	524292	163	47163	Sullivan County, Tennessee	yes	1.0	52.41613761508304	2795.689653115925
16595	52	Third party administration of insurance and pension funds	47	524292	165	47165	Sumner County, Tennessee	no	4.166666666666667	214.16666666666666	10923.833333333334
16596	52	Third party administration of insurance and pension funds	47	524292	179	47179	Washington County, Tennessee	yes	1.0	52.41613761508304	2795.689653115925
16597	52	Third party administration of insurance and pension funds	47	524292	187	47187	Williamson County, Tennessee	no	17.2	1761.8	137992.4
16598	52	Third party administration of insurance and pension funds	47	524292	187	47187	Williamson County, Tennessee	yes	14.0	2203.5	73694.5
16599	52	Third party administration of insurance and pension funds	47	524292	189	47189	Wilson County, Tennessee	yes	1.0	52.41613761508304	2795.689653115925
16600	52	Trust, fiduciary, and custody activities	47	523991	9	47009	Blount County, Tennessee	yes	1.1666666666666667	10.637344213047536	936.762434539033
16601	52	Trust, fiduciary, and custody activities	47	523991	11	47011	Bradley County, Tennessee	yes	1.0	9.405460155076524	794.8566374375837
16602	52	Trust, fiduciary, and custody activities	47	523991	29	47029	Cocke County, Tennessee	yes	1.0	9.795238095238094	700.2523809523809
16603	52	Trust, fiduciary, and custody activities	47	523991	35	47035	Cumberland County, Tennessee	yes	1.0	9.137254901960784	995.3354341736695
16604	52	Trust, fiduciary, and custody activities	47	523991	37	47037	Davidson County, Tennessee	no	6.666666666666667	28.666666666666668	9650.666666666666
16605	52	Trust, fiduciary, and custody activities	47	523991	37	47037	Davidson County, Tennessee	yes	6.333333333333333	53.79539641943734	5968.022896114967
16606	52	Trust, fiduciary, and custody activities	47	523991	51	47051	Franklin County, Tennessee	yes	1.0	11.176470588235293	526.5294117647059
16607	52	Trust, fiduciary, and custody activities	47	523991	65	47065	Hamilton County, Tennessee	no	4.166666666666667	55.833333333333336	3437.6666666666665
16608	52	Trust, fiduciary, and custody activities	47	523991	69	47069	Hardeman County, Tennessee	yes	1.0	11.176470588235293	526.5294117647059
16609	52	Trust, fiduciary, and custody activities	47	523991	93	47093	Knox County, Tennessee	yes	3.5	32.49401615718751	2858.2541874720905
16610	52	Trust, fiduciary, and custody activities	47	523991	113	47113	Madison County, Tennessee	yes	1.0	9.405460155076524	794.8566374375837
16611	52	Trust, fiduciary, and custody activities	47	523991	141	47141	Putnam County, Tennessee	yes	1.0	8.993926846100758	750.6465148378192
16612	52	Trust, fiduciary, and custody activities	47	523991	147	47147	Robertson County, Tennessee	yes	1.0	9.405460155076524	794.8566374375837
16613	52	Trust, fiduciary, and custody activities	47	523991	157	47157	Shelby County, Tennessee	no	8.833333333333334	107.16666666666667	15161.0
16614	52	Trust, fiduciary, and custody activities	47	523991	163	47163	Sullivan County, Tennessee	yes	1.0	9.051258068444767	848.5220825721593
16615	52	Trust, fiduciary, and custody activities	47	523991	165	47165	Sumner County, Tennessee	yes	1.3333333333333333	12.89042747533796	1000.7670949539237
16616	52	Trust, fiduciary, and custody activities	47	523991	179	47179	Washington County, Tennessee	no	3.0	8.5	288.0
16617	52	Trust, fiduciary, and custody activities	47	523991	179	47179	Washington County, Tennessee	yes	1.75	15.26624040920716	1598.2861588113506
16618	52	Trust, fiduciary, and custody activities	47	523991	185	47185	White County, Tennessee	yes	1.0	9.405460155076524	794.8566374375837
16619	52	Trust, fiduciary, and custody activities	47	523991	187	47187	Williamson County, Tennessee	yes	1.3333333333333333	13.130950351154953	970.3664413591524
16620	52	Trust, fiduciary, and custody activities	47	523991	189	47189	Wilson County, Tennessee	yes	1.5	16.10504201680672	872.3151260504201
16621	53	All other consumer goods rental	47	532299	1	47001	Anderson County, Tennessee	yes	1.1666666666666667	9.761815941773593	348.2552358710798
16622	53	All other consumer goods rental	47	532299	5	47005	Benton County, Tennessee	yes	1.0	6.105263157894736	141.80701754385964
16623	53	All other consumer goods rental	47	532299	9	47009	Blount County, Tennessee	yes	1.1666666666666667	9.761815941773593	348.2552358710798
16624	53	All other consumer goods rental	47	532299	11	47011	Bradley County, Tennessee	yes	1.3333333333333333	12.382115448782114	517.7952952952953
16625	53	All other consumer goods rental	47	532299	13	47013	Campbell County, Tennessee	yes	2.75	20.068941318814275	680.7860980036297
16626	53	All other consumer goods rental	47	532299	17	47017	Carroll County, Tennessee	yes	2.0	12.210526315789473	283.6140350877193
16627	53	All other consumer goods rental	47	532299	21	47021	Cheatham County, Tennessee	yes	1.0	9.859893226559892	401.3508508508508
16628	53	All other consumer goods rental	47	532299	31	47031	Coffee County, Tennessee	yes	1.0	6.105263157894736	141.80701754385964
16629	53	All other consumer goods rental	47	532299	35	47035	Cumberland County, Tennessee	yes	1.0	6.105263157894736	141.80701754385964
16630	53	All other consumer goods rental	47	532299	37	47037	Davidson County, Tennessee	no	15.166666666666666	156.33333333333334	5466.166666666667
16631	53	All other consumer goods rental	47	532299	43	47043	Dickson County, Tennessee	yes	1.0	6.105263157894736	141.80701754385964
16632	53	All other consumer goods rental	47	532299	45	47045	Dyer County, Tennessee	yes	1.0	7.6286509376890494	247.89061504335552
16633	53	All other consumer goods rental	47	532299	53	47053	Gibson County, Tennessee	no	3.0	0.0	586.0
16634	53	All other consumer goods rental	47	532299	53	47053	Gibson County, Tennessee	yes	2.0	18.544147733940836	722.3669520555038
16635	53	All other consumer goods rental	47	532299	55	47055	Giles County, Tennessee	yes	1.0	8.744272082124471	324.6207329471032
16636	53	All other consumer goods rental	47	532299	59	47059	Greene County, Tennessee	yes	1.0	8.744272082124471	324.6207329471032
16637	53	All other consumer goods rental	47	532299	63	47063	Hamblen County, Tennessee	yes	2.0	12.210526315789473	283.6140350877193
16638	53	All other consumer goods rental	47	532299	65	47065	Hamilton County, Tennessee	no	7.333333333333333	68.66666666666667	2187.8333333333335
16639	53	All other consumer goods rental	47	532299	69	47069	Hardeman County, Tennessee	yes	1.0	6.105263157894736	141.80701754385964
16640	53	All other consumer goods rental	47	532299	71	47071	Hardin County, Tennessee	yes	1.0	6.105263157894736	141.80701754385964
16641	53	All other consumer goods rental	47	532299	73	47073	Hawkins County, Tennessee	yes	1.0	6.105263157894736	141.80701754385964
16642	53	All other consumer goods rental	47	532299	75	47075	Haywood County, Tennessee	yes	2.0	12.210526315789473	283.6140350877193
16643	53	All other consumer goods rental	47	532299	77	47077	Henderson County, Tennessee	yes	2.0	12.210526315789473	283.6140350877193
16644	53	All other consumer goods rental	47	532299	79	47079	Henry County, Tennessee	no	3.0	0.0	303.0
16645	53	All other consumer goods rental	47	532299	79	47079	Henry County, Tennessee	yes	1.0	7.16	253.52
16646	53	All other consumer goods rental	47	532299	93	47093	Knox County, Tennessee	no	6.2	72.8	2690.2
16647	53	All other consumer goods rental	47	532299	93	47093	Knox County, Tennessee	yes	6.0	57.724137931034484	2090.0689655172414
16648	53	All other consumer goods rental	47	532299	97	47097	Lauderdale County, Tennessee	yes	1.0	6.105263157894736	141.80701754385964
16649	53	All other consumer goods rental	47	532299	103	47103	Lincoln County, Tennessee	yes	1.0	6.105263157894736	141.80701754385964
16650	53	All other consumer goods rental	47	532299	105	47105	Loudon County, Tennessee	yes	1.0	6.105263157894736	141.80701754385964
16651	53	All other consumer goods rental	47	532299	107	47107	McMinn County, Tennessee	no	3.0	6.833333333333333	326.6666666666667
16652	53	All other consumer goods rental	47	532299	111	47111	Macon County, Tennessee	yes	1.0	6.105263157894736	141.80701754385964
16653	53	All other consumer goods rental	47	532299	113	47113	Madison County, Tennessee	no	6.0	0.0	834.0
16654	53	All other consumer goods rental	47	532299	113	47113	Madison County, Tennessee	yes	1.0	9.272073866970418	361.1834760277519
16655	53	All other consumer goods rental	47	532299	117	47117	Marshall County, Tennessee	yes	1.0	9.272073866970418	361.1834760277519
16656	53	All other consumer goods rental	47	532299	119	47119	Maury County, Tennessee	yes	1.0	6.632631578947368	197.66350877192983
16657	53	All other consumer goods rental	47	532299	123	47123	Monroe County, Tennessee	yes	1.0	6.105263157894736	141.80701754385964
16658	53	All other consumer goods rental	47	532299	125	47125	Montgomery County, Tennessee	yes	1.6	13.016565095040594	465.4303532207343
16659	53	All other consumer goods rental	47	532299	131	47131	Obion County, Tennessee	yes	1.0	6.105263157894736	141.80701754385964
16660	53	All other consumer goods rental	47	532299	141	47141	Putnam County, Tennessee	yes	1.1666666666666667	9.761815941773593	348.2552358710798
16661	53	All other consumer goods rental	47	532299	143	47143	Rhea County, Tennessee	yes	1.0	6.105263157894736	141.80701754385964
16662	53	All other consumer goods rental	47	532299	147	47147	Robertson County, Tennessee	yes	1.4	13.463729101151966	509.7847233803677
16663	53	All other consumer goods rental	47	532299	149	47149	Rutherford County, Tennessee	no	8.0	66.0	3241.0
16664	53	All other consumer goods rental	47	532299	149	47149	Rutherford County, Tennessee	yes	3.4	32.218824203513854	1254.4942719270996
16665	53	All other consumer goods rental	47	532299	153	47153	Sequatchie County, Tennessee	yes	2.0	12.210526315789473	283.6140350877193
16666	53	All other consumer goods rental	47	532299	155	47155	Sevier County, Tennessee	no	3.0	0.0	124.0
16667	53	All other consumer goods rental	47	532299	155	47155	Sevier County, Tennessee	yes	2.8	24.27496570254465	908.9237420578472
16668	53	All other consumer goods rental	47	532299	157	47157	Shelby County, Tennessee	no	18.166666666666668	312.8333333333333	19476.666666666668
16669	53	All other consumer goods rental	47	532299	163	47163	Sullivan County, Tennessee	yes	3.0	18.31578947368421	425.4210526315789
16670	53	All other consumer goods rental	47	532299	165	47165	Sumner County, Tennessee	yes	2.0	17.31275469056473	630.6226354848496
16671	53	All other consumer goods rental	47	532299	167	47167	Tipton County, Tennessee	yes	2.0	12.210526315789473	283.6140350877193
16672	53	All other consumer goods rental	47	532299	177	47177	Warren County, Tennessee	yes	1.0	8.744272082124471	324.6207329471032
16673	53	All other consumer goods rental	47	532299	179	47179	Washington County, Tennessee	yes	1.25	10.447551498867288	371.9166469100679
16674	53	All other consumer goods rental	47	532299	183	47183	Weakley County, Tennessee	yes	1.0	6.105263157894736	141.80701754385964
16675	53	All other consumer goods rental	47	532299	187	47187	Williamson County, Tennessee	no	5.0	0.0	603.0
16676	53	All other consumer goods rental	47	532299	187	47187	Williamson County, Tennessee	yes	1.0	9.272073866970418	361.1834760277519
16677	53	All other consumer goods rental	47	532299	189	47189	Wilson County, Tennessee	no	3.0	0.0	300.0
16678	53	All other consumer goods rental	47	532299	189	47189	Wilson County, Tennessee	yes	1.6	14.141545131338233	551.42310821166
16679	53	Commercial air, rail, and water transportation equipment rental and leasing	47	532411	9	47009	Blount County, Tennessee	yes	1.0	4.766666666666667	206.8
16680	53	Commercial air, rail, and water transportation equipment rental and leasing	47	532411	11	47011	Bradley County, Tennessee	yes	1.0	0.0	128.42857142857142
16681	53	Commercial air, rail, and water transportation equipment rental and leasing	47	532411	45	47045	Dyer County, Tennessee	yes	1.0	1.357142857142857	117.14285714285714
16682	53	Commercial air, rail, and water transportation equipment rental and leasing	47	532411	93	47093	Knox County, Tennessee	yes	1.5	5.374603174603174	275.3698412698413
16683	53	Commercial air, rail, and water transportation equipment rental and leasing	47	532411	149	47149	Rutherford County, Tennessee	yes	1.1666666666666667	3.402380952380952	195.6079365079365
16684	53	Commercial air, rail, and water transportation equipment rental and leasing	47	532411	157	47157	Shelby County, Tennessee	yes	1.0	3.402380952380952	174.2031746031746
16685	53	Commercial air, rail, and water transportation equipment rental and leasing	47	532411	163	47163	Sullivan County, Tennessee	yes	1.0	3.6071428571428568	146.76190476190476
16686	53	Commercial air, rail, and water transportation equipment rental and leasing	47	532411	187	47187	Williamson County, Tennessee	yes	1.0	3.402380952380952	174.2031746031746
16687	53	Commercial air, rail, and water transportation equipment rental and leasing	47	532411	189	47189	Wilson County, Tennessee	yes	1.0	2.714285714285714	105.85714285714285
16688	53	Construction, mining, and forestry machinery and equipment rental and leasing	47	532412	3	47003	Bedford County, Tennessee	yes	1.0	7.333622449901519	515.441368063461
16689	53	Construction, mining, and forestry machinery and equipment rental and leasing	47	532412	7	47007	Bledsoe County, Tennessee	yes	1.0	7.333622449901519	515.441368063461
16690	53	Construction, mining, and forestry machinery and equipment rental and leasing	47	532412	9	47009	Blount County, Tennessee	yes	1.3333333333333333	11.42576063503011	913.7182374304139
16691	53	Construction, mining, and forestry machinery and equipment rental and leasing	47	532412	11	47011	Bradley County, Tennessee	yes	1.0	8.177696186400691	651.6553581669697
16692	53	Construction, mining, and forestry machinery and equipment rental and leasing	47	532412	13	47013	Campbell County, Tennessee	yes	1.0	9.74419334588826	786.1886377903327
16693	53	Construction, mining, and forestry machinery and equipment rental and leasing	47	532412	17	47017	Carroll County, Tennessee	yes	1.0	9.74419334588826	786.1886377903327
16694	53	Construction, mining, and forestry machinery and equipment rental and leasing	47	532412	35	47035	Cumberland County, Tennessee	yes	1.5	11.844507411351453	909.3760421987002
16695	53	Construction, mining, and forestry machinery and equipment rental and leasing	47	532412	37	47037	Davidson County, Tennessee	no	10.333333333333334	169.33333333333334	10605.0
16696	53	Construction, mining, and forestry machinery and equipment rental and leasing	47	532412	43	47043	Dickson County, Tennessee	yes	1.0	6.090909090909091	389.70454545454544
16697	53	Construction, mining, and forestry machinery and equipment rental and leasing	47	532412	59	47059	Greene County, Tennessee	yes	2.5	20.86627733425132	1697.2453904691783
16698	53	Construction, mining, and forestry machinery and equipment rental and leasing	47	532412	65	47065	Hamilton County, Tennessee	no	5.666666666666667	51.666666666666664	3495.3333333333335
16699	53	Construction, mining, and forestry machinery and equipment rental and leasing	47	532412	77	47077	Henderson County, Tennessee	yes	1.0	6.090909090909091	389.70454545454544
16700	53	Construction, mining, and forestry machinery and equipment rental and leasing	47	532412	93	47093	Knox County, Tennessee	no	10.333333333333334	112.33333333333333	7889.333333333333
16701	53	Construction, mining, and forestry machinery and equipment rental and leasing	47	532412	93	47093	Knox County, Tennessee	yes	11.0	79.93946621853598	5571.953145046168
16702	53	Construction, mining, and forestry machinery and equipment rental and leasing	47	532412	109	47109	McNairy County, Tennessee	yes	1.0	8.177696186400691	651.6553581669697
16703	53	Construction, mining, and forestry machinery and equipment rental and leasing	47	532412	113	47113	Madison County, Tennessee	yes	1.0	8.177696186400691	651.6553581669697
16704	53	Construction, mining, and forestry machinery and equipment rental and leasing	47	532412	119	47119	Maury County, Tennessee	yes	2.0	16.355392372801383	1303.3107163339394
16705	53	Construction, mining, and forestry machinery and equipment rental and leasing	47	532412	125	47125	Montgomery County, Tennessee	yes	1.0	8.177696186400691	651.6553581669697
16706	53	Construction, mining, and forestry machinery and equipment rental and leasing	47	532412	131	47131	Obion County, Tennessee	yes	1.0	6.090909090909091	389.70454545454544
16707	53	Construction, mining, and forestry machinery and equipment rental and leasing	47	532412	141	47141	Putnam County, Tennessee	yes	2.0	16.355392372801383	1303.3107163339394
16708	53	Construction, mining, and forestry machinery and equipment rental and leasing	47	532412	149	47149	Rutherford County, Tennessee	no	4.0	24.0	898.0
16709	53	Construction, mining, and forestry machinery and equipment rental and leasing	47	532412	149	47149	Rutherford County, Tennessee	yes	2.0	14.788895213313817	1168.7774367105762
16710	53	Construction, mining, and forestry machinery and equipment rental and leasing	47	532412	157	47157	Shelby County, Tennessee	no	5.0	75.0	5022.0
16711	53	Construction, mining, and forestry machinery and equipment rental and leasing	47	532412	157	47157	Shelby County, Tennessee	yes	3.0	25.78516081649704	2112.1365621283635
16712	53	Construction, mining, and forestry machinery and equipment rental and leasing	47	532412	159	47159	Smith County, Tennessee	yes	1.0	8.177696186400691	651.6553581669697
16713	53	Construction, mining, and forestry machinery and equipment rental and leasing	47	532412	163	47163	Sullivan County, Tennessee	yes	1.0	8.177696186400691	651.6553581669697
16714	53	Construction, mining, and forestry machinery and equipment rental and leasing	47	532412	165	47165	Sumner County, Tennessee	yes	1.0	7.627906976744186	473.2093023255814
16715	53	Construction, mining, and forestry machinery and equipment rental and leasing	47	532412	167	47167	Tipton County, Tennessee	yes	1.0	6.8594080338266386	431.4569238900634
16716	53	Construction, mining, and forestry machinery and equipment rental and leasing	47	532412	179	47179	Washington County, Tennessee	yes	1.6666666666666667	11.906561139119278	803.0793173235033
16717	53	Construction, mining, and forestry machinery and equipment rental and leasing	47	532412	181	47181	Wayne County, Tennessee	yes	1.0	8.177696186400691	651.6553581669697
16718	53	Construction, mining, and forestry machinery and equipment rental and leasing	47	532412	183	47183	Weakley County, Tennessee	yes	1.0	8.177696186400691	651.6553581669697
16719	53	Construction, mining, and forestry machinery and equipment rental and leasing	47	532412	187	47187	Williamson County, Tennessee	yes	2.0	16.355392372801383	1303.3107163339394
16720	53	Construction, mining, and forestry machinery and equipment rental and leasing	47	532412	189	47189	Wilson County, Tennessee	yes	2.1666666666666665	17.370543887952902	1368.2614739096969
16721	53	Consumer electronics and appliances rental	47	532210	1	47001	Anderson County, Tennessee	yes	2.6666666666666665	7.932638842331694	428.7262146084327
16722	53	Consumer electronics and appliances rental	47	532210	3	47003	Bedford County, Tennessee	yes	3.0	9.897083286776137	481.3217701639883
16723	53	Consumer electronics and appliances rental	47	532210	5	47005	Benton County, Tennessee	yes	1.0	2.7801666480437888	160.97137473226198
16724	53	Consumer electronics and appliances rental	47	532210	9	47009	Blount County, Tennessee	no	4.75	26.75	845.0
16725	53	Consumer electronics and appliances rental	47	532210	9	47009	Blount County, Tennessee	yes	5.0	-5.801096252080583	742.9252998909487
16726	53	Consumer electronics and appliances rental	47	532210	11	47011	Bradley County, Tennessee	no	4.0	24.0	582.0
16727	53	Consumer electronics and appliances rental	47	532210	11	47011	Bradley County, Tennessee	yes	2.75	5.200719813514402	423.5995749860112
16728	53	Consumer electronics and appliances rental	47	532210	13	47013	Campbell County, Tennessee	yes	1.8333333333333333	5.615833302295203	294.58340233154775
16729	53	Consumer electronics and appliances rental	47	532210	17	47017	Carroll County, Tennessee	yes	2.0	5.5603332960875775	321.94274946452396
16730	53	Consumer electronics and appliances rental	47	532210	19	47019	Carter County, Tennessee	yes	2.0	6.598055524517425	320.88118010932556
16731	53	Consumer electronics and appliances rental	47	532210	21	47021	Cheatham County, Tennessee	yes	1.0	3.2990277622587123	160.44059005466278
16732	53	Consumer electronics and appliances rental	47	532210	25	47025	Claiborne County, Tennessee	yes	1.0	3.2990277622587123	160.44059005466278
16733	53	Consumer electronics and appliances rental	47	532210	29	47029	Cocke County, Tennessee	yes	1.1666666666666667	3.1641677113681275	184.3260862378689
16734	53	Consumer electronics and appliances rental	47	532210	31	47031	Coffee County, Tennessee	no	4.0	22.666666666666668	783.6666666666666
16735	53	Consumer electronics and appliances rental	47	532210	31	47031	Coffee County, Tennessee	yes	2.6666666666666665	1.6084503880566559	402.36123106749056
16736	53	Consumer electronics and appliances rental	47	532210	35	47035	Cumberland County, Tennessee	no	4.0	9.4	537.8
16737	53	Consumer electronics and appliances rental	47	532210	35	47035	Cumberland County, Tennessee	yes	3.0	17.68	473.36
16738	53	Consumer electronics and appliances rental	47	532210	37	47037	Davidson County, Tennessee	no	30.333333333333332	113.5	6706.5
16739	53	Consumer electronics and appliances rental	47	532210	43	47043	Dickson County, Tennessee	yes	1.8333333333333333	5.615833302295203	294.58340233154775
16740	53	Consumer electronics and appliances rental	47	532210	45	47045	Dyer County, Tennessee	yes	1.8333333333333333	5.615833302295203	294.58340233154775
16741	53	Consumer electronics and appliances rental	47	532210	51	47051	Franklin County, Tennessee	yes	1.0	2.2246843822825784	154.34874721755932
16742	53	Consumer electronics and appliances rental	47	532210	53	47053	Gibson County, Tennessee	no	3.0	21.0	478.8
16743	53	Consumer electronics and appliances rental	47	532210	53	47053	Gibson County, Tennessee	yes	1.0	5.8933333333333335	157.7866666666667
16744	53	Consumer electronics and appliances rental	47	532210	55	47055	Giles County, Tennessee	yes	1.0	3.2990277622587123	160.44059005466278
16745	53	Consumer electronics and appliances rental	47	532210	59	47059	Greene County, Tennessee	yes	3.0	9.897083286776137	481.3217701639883
16746	53	Consumer electronics and appliances rental	47	532210	63	47063	Hamblen County, Tennessee	no	4.0	18.833333333333332	637.5
16747	53	Consumer electronics and appliances rental	47	532210	65	47065	Hamilton County, Tennessee	no	10.0	55.0	2003.0
16748	53	Consumer electronics and appliances rental	47	532210	65	47065	Hamilton County, Tennessee	yes	15.2	41.40024408155908	2445.3420495553582
16749	53	Consumer electronics and appliances rental	47	532210	69	47069	Hardeman County, Tennessee	yes	1.0	2.7801666480437888	160.97137473226198
16750	53	Consumer electronics and appliances rental	47	532210	71	47071	Hardin County, Tennessee	yes	2.3333333333333335	6.211315774378719	370.40953343538877
16751	53	Consumer electronics and appliances rental	47	532210	73	47073	Hawkins County, Tennessee	yes	1.0	-1.1602192504161166	148.58505997818975
16752	53	Consumer electronics and appliances rental	47	532210	75	47075	Haywood County, Tennessee	yes	2.0	5.5603332960875775	321.94274946452396
16753	53	Consumer electronics and appliances rental	47	532210	77	47077	Henderson County, Tennessee	yes	2.0	5.5603332960875775	321.94274946452396
16754	53	Consumer electronics and appliances rental	47	532210	79	47079	Henry County, Tennessee	no	3.0	15.0	451.0
16755	53	Consumer electronics and appliances rental	47	532210	79	47079	Henry County, Tennessee	yes	1.0	5.8933333333333335	157.7866666666667
16756	53	Consumer electronics and appliances rental	47	532210	89	47089	Jefferson County, Tennessee	no	3.0	0.0	122.0
16757	53	Consumer electronics and appliances rental	47	532210	89	47089	Jefferson County, Tennessee	yes	2.0	5.5603332960875775	321.94274946452396
16758	53	Consumer electronics and appliances rental	47	532210	93	47093	Knox County, Tennessee	no	16.333333333333332	79.0	2265.3333333333335
16759	53	Consumer electronics and appliances rental	47	532210	93	47093	Knox County, Tennessee	yes	13.333333333333334	0.8716797081762948	2004.361909608627
16760	53	Consumer electronics and appliances rental	47	532210	97	47097	Lauderdale County, Tennessee	yes	1.8333333333333333	5.615833302295203	294.58340233154775
16761	53	Consumer electronics and appliances rental	47	532210	99	47099	Lawrence County, Tennessee	yes	1.0	3.2990277622587123	160.44059005466278
16762	53	Consumer electronics and appliances rental	47	532210	103	47103	Lincoln County, Tennessee	yes	1.8333333333333333	5.615833302295203	294.58340233154775
16763	53	Consumer electronics and appliances rental	47	532210	105	47105	Loudon County, Tennessee	yes	1.3333333333333333	2.912288012120007	209.96894338072602
16764	53	Consumer electronics and appliances rental	47	532210	107	47107	McMinn County, Tennessee	no	4.0	21.0	481.2
16765	53	Consumer electronics and appliances rental	47	532210	107	47107	McMinn County, Tennessee	yes	2.0	11.786666666666667	315.5733333333334
16766	53	Consumer electronics and appliances rental	47	532210	109	47109	McNairy County, Tennessee	yes	1.0	3.2990277622587123	160.44059005466278
16767	53	Consumer electronics and appliances rental	47	532210	113	47113	Madison County, Tennessee	no	7.6	34.8	1026.6
16768	53	Consumer electronics and appliances rental	47	532210	113	47113	Madison County, Tennessee	yes	2.0	11.786666666666667	315.5733333333334
16769	53	Consumer electronics and appliances rental	47	532210	115	47115	Marion County, Tennessee	no	3.0	16.0	427.0
16770	53	Consumer electronics and appliances rental	47	532210	115	47115	Marion County, Tennessee	yes	1.0	2.7801666480437888	160.97137473226198
16771	53	Consumer electronics and appliances rental	47	532210	117	47117	Marshall County, Tennessee	yes	1.5	3.894510234342229	236.26672115850377
16772	53	Consumer electronics and appliances rental	47	532210	119	47119	Maury County, Tennessee	no	5.0	29.0	876.0
16773	53	Consumer electronics and appliances rental	47	532210	119	47119	Maury County, Tennessee	yes	4.0	0.06149138750183377	600.4746443717436
16774	53	Consumer electronics and appliances rental	47	532210	123	47123	Monroe County, Tennessee	yes	1.6	3.381247487203184	252.89303917297607
16775	53	Consumer electronics and appliances rental	47	532210	125	47125	Montgomery County, Tennessee	no	6.8	28.0	1214.0
16776	53	Consumer electronics and appliances rental	47	532210	125	47125	Montgomery County, Tennessee	yes	2.0	11.786666666666667	315.5733333333334
16777	53	Consumer electronics and appliances rental	47	532210	131	47131	Obion County, Tennessee	yes	1.8333333333333333	5.615833302295203	294.58340233154775
16778	53	Consumer electronics and appliances rental	47	532210	141	47141	Putnam County, Tennessee	yes	4.333333333333333	13.683332195517485	699.4241207567743
16779	53	Consumer electronics and appliances rental	47	532210	143	47143	Rhea County, Tennessee	yes	1.8333333333333333	5.615833302295203	294.58340233154775
16780	53	Consumer electronics and appliances rental	47	532210	145	47145	Roane County, Tennessee	yes	2.0	6.598055524517425	320.88118010932556
16781	53	Consumer electronics and appliances rental	47	532210	147	47147	Robertson County, Tennessee	yes	1.3333333333333333	2.912288012120007	209.96894338072602
16782	53	Consumer electronics and appliances rental	47	532210	149	47149	Rutherford County, Tennessee	no	8.0	45.666666666666664	1384.6666666666667
16783	53	Consumer electronics and appliances rental	47	532210	149	47149	Rutherford County, Tennessee	yes	7.333333333333333	0.8964622752810781	1101.8925820913607
16784	53	Consumer electronics and appliances rental	47	532210	151	47151	Scott County, Tennessee	yes	2.0	5.5603332960875775	321.94274946452396
16785	53	Consumer electronics and appliances rental	47	532210	153	47153	Sequatchie County, Tennessee	yes	1.6	3.381247487203184	252.89303917297607
16786	53	Consumer electronics and appliances rental	47	532210	155	47155	Sevier County, Tennessee	no	3.8333333333333335	20.5	887.6666666666666
16787	53	Consumer electronics and appliances rental	47	532210	157	47157	Shelby County, Tennessee	no	37.5	159.83333333333334	11250.666666666666
16788	53	Consumer electronics and appliances rental	47	532210	159	47159	Smith County, Tennessee	yes	1.0	5.8933333333333335	157.7866666666667
16789	53	Consumer electronics and appliances rental	47	532210	163	47163	Sullivan County, Tennessee	no	8.0	27.4	974.6
16790	53	Consumer electronics and appliances rental	47	532210	163	47163	Sullivan County, Tennessee	yes	3.0	17.68	473.36
16791	53	Consumer electronics and appliances rental	47	532210	165	47165	Sumner County, Tennessee	no	4.833333333333333	11.166666666666666	523.1666666666666
16792	53	Consumer electronics and appliances rental	47	532210	167	47167	Tipton County, Tennessee	no	3.0	0.0	436.5
16793	53	Consumer electronics and appliances rental	47	532210	167	47167	Tipton County, Tennessee	yes	1.75	9.58396920385892	293.29004351913187
16794	53	Consumer electronics and appliances rental	47	532210	173	47173	Union County, Tennessee	yes	1.0	3.2990277622587123	160.44059005466278
16795	53	Consumer electronics and appliances rental	47	532210	177	47177	Warren County, Tennessee	yes	1.0	3.2990277622587123	160.44059005466278
16796	53	Consumer electronics and appliances rental	47	532210	179	47179	Washington County, Tennessee	no	9.0	22.4	1075.0
16797	53	Consumer electronics and appliances rental	47	532210	179	47179	Washington County, Tennessee	yes	3.0	17.68	473.36
16798	53	Consumer electronics and appliances rental	47	532210	183	47183	Weakley County, Tennessee	yes	1.0	3.2990277622587123	160.44059005466278
16799	53	Consumer electronics and appliances rental	47	532210	187	47187	Williamson County, Tennessee	yes	5.4	13.436745540052499	864.2908976525857
16800	53	Consumer electronics and appliances rental	47	532210	189	47189	Wilson County, Tennessee	no	5.0	18.0	721.8
16801	53	Consumer electronics and appliances rental	47	532210	189	47189	Wilson County, Tennessee	yes	3.0	17.68	473.36
16802	53	Formal wear and costume rental	47	532220	19	47019	Carter County, Tennessee	yes	1.0	8.75628204041629	115.15061806372883
16803	53	Formal wear and costume rental	47	532220	37	47037	Davidson County, Tennessee	no	3.6666666666666665	30.0	340.3333333333333
16804	53	Formal wear and costume rental	47	532220	37	47037	Davidson County, Tennessee	yes	3.6666666666666665	28.691073853051687	433.4650942502605
16805	53	Formal wear and costume rental	47	532220	63	47063	Hamblen County, Tennessee	yes	1.0	8.75628204041629	115.15061806372883
16806	53	Formal wear and costume rental	47	532220	65	47065	Hamilton County, Tennessee	yes	1.0	8.75628204041629	115.15061806372883
16807	53	Formal wear and costume rental	47	532220	93	47093	Knox County, Tennessee	no	4.0	0.0	666.5
16808	53	Formal wear and costume rental	47	532220	93	47093	Knox County, Tennessee	yes	3.25	25.096652968136347	381.8466839355586
16809	53	Formal wear and costume rental	47	532220	113	47113	Madison County, Tennessee	yes	2.8	26.2405807072384	305.2832263950584
16810	53	Formal wear and costume rental	47	532220	125	47125	Montgomery County, Tennessee	yes	1.0	9.53545082750449	104.93727783511065
16811	53	Formal wear and costume rental	47	532220	149	47149	Rutherford County, Tennessee	yes	1.0	9.077908818869918	118.22518612091906
16812	53	Formal wear and costume rental	47	532220	155	47155	Sevier County, Tennessee	yes	2.0	17.51256408083258	230.30123612745766
16813	53	Formal wear and costume rental	47	532220	157	47157	Shelby County, Tennessee	no	6.0	34.333333333333336	1346.0
16814	53	Formal wear and costume rental	47	532220	157	47157	Shelby County, Tennessee	yes	3.3333333333333335	30.573175859037573	345.20009173259945
16815	53	Formal wear and costume rental	47	532220	163	47163	Sullivan County, Tennessee	yes	2.0	17.51256408083258	230.30123612745766
16816	53	Formal wear and costume rental	47	532220	187	47187	Williamson County, Tennessee	yes	2.0	17.51256408083258	230.30123612745766
16817	53	General rental centers	47	532310	1	47001	Anderson County, Tennessee	yes	1.0	6.491786882030785	222.2135573713622
16818	53	General rental centers	47	532310	3	47003	Bedford County, Tennessee	yes	1.0	6.491786882030785	222.2135573713622
16819	53	General rental centers	47	532310	9	47009	Blount County, Tennessee	no	3.0	20.0	861.6666666666666
16820	53	General rental centers	47	532310	11	47011	Bradley County, Tennessee	yes	3.0	19.47536064609235	666.6406721140868
16821	53	General rental centers	47	532310	13	47013	Campbell County, Tennessee	yes	1.0	6.213414634146341	189.21926829268293
16822	53	General rental centers	47	532310	19	47019	Carter County, Tennessee	yes	1.0	6.491786882030785	222.2135573713622
16823	53	General rental centers	47	532310	31	47031	Coffee County, Tennessee	yes	2.0	12.98357376406157	444.4271147427244
16824	53	General rental centers	47	532310	35	47035	Cumberland County, Tennessee	yes	1.0	6.491786882030785	222.2135573713622
16825	53	General rental centers	47	532310	37	47037	Davidson County, Tennessee	no	4.0	0.0	682.0
16826	53	General rental centers	47	532310	37	47037	Davidson County, Tennessee	yes	4.4	28.07008434325507	942.9736567111202
16827	53	General rental centers	47	532310	45	47045	Dyer County, Tennessee	yes	1.0	6.491786882030785	222.2135573713622
16828	53	General rental centers	47	532310	51	47051	Franklin County, Tennessee	yes	2.0	12.98357376406157	444.4271147427244
16829	53	General rental centers	47	532310	59	47059	Greene County, Tennessee	yes	1.0	6.491786882030785	222.2135573713622
16830	53	General rental centers	47	532310	63	47063	Hamblen County, Tennessee	yes	1.0	6.491786882030785	222.2135573713622
16831	53	General rental centers	47	532310	65	47065	Hamilton County, Tennessee	yes	1.8333333333333333	11.920067950555755	388.675218230828
16832	53	General rental centers	47	532310	69	47069	Hardeman County, Tennessee	yes	1.0	6.213414634146341	189.21926829268293
16833	53	General rental centers	47	532310	71	47071	Hardin County, Tennessee	yes	1.0	6.491786882030785	222.2135573713622
16834	53	General rental centers	47	532310	73	47073	Hawkins County, Tennessee	yes	1.0	6.630973005973006	238.7107019107019
16835	53	General rental centers	47	532310	77	47077	Henderson County, Tennessee	yes	1.0	6.460344960344961	244.69045969045973
16836	53	General rental centers	47	532310	79	47079	Henry County, Tennessee	yes	1.0	6.491786882030785	222.2135573713622
16837	53	General rental centers	47	532310	93	47093	Knox County, Tennessee	no	5.833333333333333	36.333333333333336	1407.6666666666667
16838	53	General rental centers	47	532310	97	47097	Lauderdale County, Tennessee	yes	1.0	6.491786882030785	222.2135573713622
16839	53	General rental centers	47	532310	99	47099	Lawrence County, Tennessee	yes	1.0	6.491786882030785	222.2135573713622
16840	53	General rental centers	47	532310	107	47107	McMinn County, Tennessee	yes	1.0	6.491786882030785	222.2135573713622
16841	53	General rental centers	47	532310	111	47111	Macon County, Tennessee	yes	1.0	6.523228803716608	199.7366550522648
16842	53	General rental centers	47	532310	113	47113	Madison County, Tennessee	yes	2.0	12.98357376406157	444.4271147427244
16843	53	General rental centers	47	532310	123	47123	Monroe County, Tennessee	yes	1.1666666666666667	7.577372467616368	261.3622060200109
16844	53	General rental centers	47	532310	125	47125	Montgomery County, Tennessee	yes	1.0	6.5	199.78
16845	53	General rental centers	47	532310	141	47141	Putnam County, Tennessee	yes	1.5	9.753401283889088	322.0818848974946
16846	53	General rental centers	47	532310	143	47143	Rhea County, Tennessee	yes	1.0	6.828185328185328	227.83166023166024
16847	53	General rental centers	47	532310	145	47145	Roane County, Tennessee	yes	1.0	6.491786882030785	222.2135573713622
16848	53	General rental centers	47	532310	155	47155	Sevier County, Tennessee	yes	1.0	6.5	199.78
16849	53	General rental centers	47	532310	157	47157	Shelby County, Tennessee	no	9.0	33.166666666666664	1168.6666666666667
16850	53	General rental centers	47	532310	159	47159	Smith County, Tennessee	yes	1.0	6.491786882030785	222.2135573713622
16851	53	General rental centers	47	532310	163	47163	Sullivan County, Tennessee	yes	1.0	6.491786882030785	222.2135573713622
16852	53	General rental centers	47	532310	177	47177	Warren County, Tennessee	yes	1.0	6.491786882030785	222.2135573713622
16853	53	General rental centers	47	532310	179	47179	Washington County, Tennessee	yes	1.0	6.491786882030785	222.2135573713622
16854	53	General rental centers	47	532310	187	47187	Williamson County, Tennessee	yes	1.0	6.213414634146341	189.21926829268293
16855	53	General rental centers	47	532310	189	47189	Wilson County, Tennessee	yes	1.6666666666666667	10.707511987999792	368.4832279988377
16856	53	Home health equipment rental	47	532291	1	47001	Anderson County, Tennessee	no	3.0	27.0	915.0
16857	53	Home health equipment rental	47	532291	1	47001	Anderson County, Tennessee	yes	2.0	23.74950551864504	894.0777787183409
16858	53	Home health equipment rental	47	532291	9	47009	Blount County, Tennessee	yes	1.5	18.43938252082223	696.4866500225138
16859	53	Home health equipment rental	47	532291	11	47011	Bradley County, Tennessee	no	3.0	9.166666666666666	534.5
16860	53	Home health equipment rental	47	532291	13	47013	Campbell County, Tennessee	yes	1.1666666666666667	14.636750941874864	545.4872950173539
16861	53	Home health equipment rental	47	532291	17	47017	Carroll County, Tennessee	yes	1.0	11.573258878382802	438.01705692211567
16862	53	Home health equipment rental	47	532291	19	47019	Carter County, Tennessee	yes	1.0	11.573258878382802	438.01705692211567
16863	53	Home health equipment rental	47	532291	25	47025	Claiborne County, Tennessee	yes	1.0	11.573258878382802	438.01705692211567
16864	53	Home health equipment rental	47	532291	29	47029	Cocke County, Tennessee	yes	1.0	11.573258878382802	438.01705692211567
16865	53	Home health equipment rental	47	532291	31	47031	Coffee County, Tennessee	no	3.0	3.3333333333333335	454.0
16866	53	Home health equipment rental	47	532291	31	47031	Coffee County, Tennessee	yes	2.0	18.82854094377348	718.189855286871
16867	53	Home health equipment rental	47	532291	35	47035	Cumberland County, Tennessee	yes	1.0	11.573258878382802	438.01705692211567
16868	53	Home health equipment rental	47	532291	37	47037	Davidson County, Tennessee	no	10.333333333333334	362.0	17536.333333333332
16869	53	Home health equipment rental	47	532291	37	47037	Davidson County, Tennessee	yes	17.333333333333332	236.97848788638262	8846.517138434321
16870	53	Home health equipment rental	47	532291	43	47043	Dickson County, Tennessee	yes	1.0	11.573258878382802	438.01705692211567
16871	53	Home health equipment rental	47	532291	45	47045	Dyer County, Tennessee	yes	1.0	11.573258878382802	438.01705692211567
16872	53	Home health equipment rental	47	532291	47	47047	Fayette County, Tennessee	yes	1.0	18.38095238095238	644.8214285714286
16873	53	Home health equipment rental	47	532291	49	47049	Fentress County, Tennessee	yes	1.0	11.573258878382802	438.01705692211567
16874	53	Home health equipment rental	47	532291	51	47051	Franklin County, Tennessee	yes	1.0	11.573258878382802	438.01705692211567
16875	53	Home health equipment rental	47	532291	53	47053	Gibson County, Tennessee	yes	1.0	11.573258878382802	438.01705692211567
16876	53	Home health equipment rental	47	532291	59	47059	Greene County, Tennessee	yes	1.5	16.280394114326175	617.5645207438334
16877	53	Home health equipment rental	47	532291	63	47063	Hamblen County, Tennessee	no	4.0	57.333333333333336	1904.3333333333333
16878	53	Home health equipment rental	47	532291	63	47063	Hamblen County, Tennessee	yes	3.0	41.19674185463659	1550.8175586023883
16879	53	Home health equipment rental	47	532291	65	47065	Hamilton County, Tennessee	no	7.166666666666667	60.333333333333336	2277.6666666666665
16880	53	Home health equipment rental	47	532291	67	47067	Hancock County, Tennessee	yes	1.0	14.223370927318296	518.8646616541353
16881	53	Home health equipment rental	47	532291	73	47073	Hawkins County, Tennessee	yes	1.0	11.573258878382802	438.01705692211567
16882	53	Home health equipment rental	47	532291	77	47077	Henderson County, Tennessee	yes	1.0	11.573258878382802	438.01705692211567
16883	53	Home health equipment rental	47	532291	79	47079	Henry County, Tennessee	yes	1.0	11.573258878382802	438.01705692211567
16884	53	Home health equipment rental	47	532291	89	47089	Jefferson County, Tennessee	yes	1.0	11.573258878382802	438.01705692211567
16885	53	Home health equipment rental	47	532291	91	47091	Johnson County, Tennessee	yes	1.0	9.41427047188674	359.0949276434355
16886	53	Home health equipment rental	47	532291	93	47093	Knox County, Tennessee	no	6.2	57.2	2167.4
16887	53	Home health equipment rental	47	532291	93	47093	Knox County, Tennessee	yes	5.0	63.75	2565.4411764705883
16888	53	Home health equipment rental	47	532291	99	47099	Lawrence County, Tennessee	yes	1.0	11.573258878382802	438.01705692211567
16889	53	Home health equipment rental	47	532291	103	47103	Lincoln County, Tennessee	yes	1.0	11.573258878382802	438.01705692211567
16890	53	Home health equipment rental	47	532291	105	47105	Loudon County, Tennessee	yes	1.0	11.573258878382802	438.01705692211567
16891	53	Home health equipment rental	47	532291	107	47107	McMinn County, Tennessee	yes	2.0	23.146517756765604	876.0341138442313
16892	53	Home health equipment rental	47	532291	109	47109	McNairy County, Tennessee	yes	1.0	11.573258878382802	438.01705692211567
16893	53	Home health equipment rental	47	532291	113	47113	Madison County, Tennessee	no	5.0	93.0	5492.0
16894	53	Home health equipment rental	47	532291	113	47113	Madison County, Tennessee	yes	5.4	69.17491294608202	2613.8607001953087
16895	53	Home health equipment rental	47	532291	125	47125	Montgomery County, Tennessee	no	4.833333333333333	22.5	985.3333333333334
16896	53	Home health equipment rental	47	532291	131	47131	Obion County, Tennessee	yes	1.0	18.38095238095238	644.8214285714286
16897	53	Home health equipment rental	47	532291	133	47133	Overton County, Tennessee	yes	1.0	11.573258878382802	438.01705692211567
16898	53	Home health equipment rental	47	532291	139	47139	Polk County, Tennessee	yes	1.0	12.203440782808084	455.74694284208636
16899	53	Home health equipment rental	47	532291	141	47141	Putnam County, Tennessee	no	3.75	11.0	548.5
16900	53	Home health equipment rental	47	532291	141	47141	Putnam County, Tennessee	yes	2.0	20.625790139064474	805.1145701643488
16901	53	Home health equipment rental	47	532291	143	47143	Rhea County, Tennessee	yes	1.0	11.573258878382802	438.01705692211567
16902	53	Home health equipment rental	47	532291	145	47145	Roane County, Tennessee	yes	1.0	10.144270250093319	392.72211426563905
16903	53	Home health equipment rental	47	532291	149	47149	Rutherford County, Tennessee	no	3.0	17.0	603.0
16904	53	Home health equipment rental	47	532291	149	47149	Rutherford County, Tennessee	yes	2.0	24.406881565616168	911.4938856841727
16905	53	Home health equipment rental	47	532291	151	47151	Scott County, Tennessee	yes	1.0	11.573258878382802	438.01705692211567
16906	53	Home health equipment rental	47	532291	153	47153	Sequatchie County, Tennessee	yes	1.0	11.573258878382802	438.01705692211567
16907	53	Home health equipment rental	47	532291	155	47155	Sevier County, Tennessee	no	3.0	16.0	562.0
16908	53	Home health equipment rental	47	532291	155	47155	Sevier County, Tennessee	yes	2.8	34.543519196220636	1310.9416302012187
16909	53	Home health equipment rental	47	532291	157	47157	Shelby County, Tennessee	no	7.833333333333333	111.16666666666667	4393.333333333333
16910	53	Home health equipment rental	47	532291	163	47163	Sullivan County, Tennessee	no	6.6	80.2	2705.4
16911	53	Home health equipment rental	47	532291	163	47163	Sullivan County, Tennessee	yes	5.0	91.9047619047619	3224.1071428571427
16912	53	Home health equipment rental	47	532291	165	47165	Sumner County, Tennessee	yes	2.0	28.446741854636592	1037.7293233082705
16913	53	Home health equipment rental	47	532291	167	47167	Tipton County, Tennessee	yes	1.0	11.573258878382802	438.01705692211567
16914	53	Home health equipment rental	47	532291	171	47171	Unicoi County, Tennessee	yes	2.0	23.146517756765604	876.0341138442313
16915	53	Home health equipment rental	47	532291	177	47177	Warren County, Tennessee	yes	1.0	11.573258878382802	438.01705692211567
16916	53	Home health equipment rental	47	532291	179	47179	Washington County, Tennessee	no	5.666666666666667	51.333333333333336	2078.6666666666665
16917	53	Home health equipment rental	47	532291	181	47181	Wayne County, Tennessee	yes	1.0	11.573258878382802	438.01705692211567
16918	53	Home health equipment rental	47	532291	183	47183	Weakley County, Tennessee	yes	1.0	11.573258878382802	438.01705692211567
16919	53	Home health equipment rental	47	532291	185	47185	White County, Tennessee	yes	1.0	11.573258878382802	438.01705692211567
16920	53	Home health equipment rental	47	532291	187	47187	Williamson County, Tennessee	yes	2.0	21.886153947915037	840.5743420042901
16921	53	Home health equipment rental	47	532291	189	47189	Wilson County, Tennessee	no	3.3333333333333335	38.666666666666664	1227.6666666666667
16922	53	Home health equipment rental	47	532291	189	47189	Wilson County, Tennessee	yes	2.0	18.82854094377348	718.189855286871
16923	53	Lessors of miniwarehouses and self-storage units	47	531130	1	47001	Anderson County, Tennessee	yes	2.1666666666666665	10.005237274368165	144.0653106475111
16924	53	Lessors of miniwarehouses and self-storage units	47	531130	3	47003	Bedford County, Tennessee	no	3.0	1.5	98.5
16925	53	Lessors of miniwarehouses and self-storage units	47	531130	3	47003	Bedford County, Tennessee	yes	2.0	9.479042352230215	133.11548009556043
16926	53	Lessors of miniwarehouses and self-storage units	47	531130	5	47005	Benton County, Tennessee	yes	1.5	5.527020074117067	106.46223469019786
16927	53	Lessors of miniwarehouses and self-storage units	47	531130	9	47009	Blount County, Tennessee	no	4.833333333333333	4.5	157.5
16928	53	Lessors of miniwarehouses and self-storage units	47	531130	11	47011	Bradley County, Tennessee	no	3.6	4.0	78.4
16929	53	Lessors of miniwarehouses and self-storage units	47	531130	11	47011	Bradley County, Tennessee	yes	4.0	30.64406779661017	179.38983050847457
16930	53	Lessors of miniwarehouses and self-storage units	47	531130	13	47013	Campbell County, Tennessee	no	3.0	2.6666666666666665	58.0
16931	53	Lessors of miniwarehouses and self-storage units	47	531130	13	47013	Campbell County, Tennessee	yes	1.3333333333333333	8.956434400502197	75.20615191462649
16932	53	Lessors of miniwarehouses and self-storage units	47	531130	19	47019	Carter County, Tennessee	no	3.0	4.0	25.0
16933	53	Lessors of miniwarehouses and self-storage units	47	531130	19	47019	Carter County, Tennessee	yes	2.6	13.725154785738974	160.12786430243705
16934	53	Lessors of miniwarehouses and self-storage units	47	531130	21	47021	Cheatham County, Tennessee	yes	1.5	6.433485861938787	100.4553294799028
16935	53	Lessors of miniwarehouses and self-storage units	47	531130	23	47023	Chester County, Tennessee	yes	1.0	6.51939736346516	49.01261770244821
16936	53	Lessors of miniwarehouses and self-storage units	47	531130	25	47025	Claiborne County, Tennessee	yes	1.0	4.426347450743404	66.71627114296459
16937	53	Lessors of miniwarehouses and self-storage units	47	531130	29	47029	Cocke County, Tennessee	yes	1.0	2.1909067590098754	78.79344619725535
16938	53	Lessors of miniwarehouses and self-storage units	47	531130	31	47031	Coffee County, Tennessee	no	3.2	5.2	197.6
16939	53	Lessors of miniwarehouses and self-storage units	47	531130	31	47031	Coffee County, Tennessee	yes	2.0	15.322033898305085	89.69491525423729
16940	53	Lessors of miniwarehouses and self-storage units	47	531130	33	47033	Crockett County, Tennessee	yes	1.0	4.426347450743404	66.71627114296459
16941	53	Lessors of miniwarehouses and self-storage units	47	531130	35	47035	Cumberland County, Tennessee	yes	1.1666666666666667	5.703183608935494	74.19084741415102
16942	53	Lessors of miniwarehouses and self-storage units	47	531130	37	47037	Davidson County, Tennessee	no	42.333333333333336	112.5	3275.0
16943	53	Lessors of miniwarehouses and self-storage units	47	531130	41	47041	DeKalb County, Tennessee	yes	1.0	6.651349654739485	53.94061519146265
16944	53	Lessors of miniwarehouses and self-storage units	47	531130	45	47045	Dyer County, Tennessee	yes	1.0	4.426347450743404	66.71627114296459
16945	53	Lessors of miniwarehouses and self-storage units	47	531130	47	47047	Fayette County, Tennessee	yes	1.0	4.426347450743404	66.71627114296459
16946	53	Lessors of miniwarehouses and self-storage units	47	531130	49	47049	Fentress County, Tennessee	yes	1.0	7.661016949152542	44.847457627118644
16947	53	Lessors of miniwarehouses and self-storage units	47	531130	51	47051	Franklin County, Tennessee	yes	1.3333333333333333	5.156649703746696	92.98075320871637
16948	53	Lessors of miniwarehouses and self-storage units	47	531130	53	47053	Gibson County, Tennessee	yes	2.0	6.627692697490729	146.20819823743113
16949	53	Lessors of miniwarehouses and self-storage units	47	531130	55	47055	Giles County, Tennessee	yes	1.0	3.3798224943825272	75.56809786322277
16950	53	Lessors of miniwarehouses and self-storage units	47	531130	57	47057	Grainger County, Tennessee	yes	1.0	4.426347450743404	66.71627114296459
16951	53	Lessors of miniwarehouses and self-storage units	47	531130	61	47061	Grundy County, Tennessee	yes	1.0	2.1909067590098754	78.79344619725535
16952	53	Lessors of miniwarehouses and self-storage units	47	531130	63	47063	Hamblen County, Tennessee	yes	2.0	8.852694901486808	133.43254228592917
16953	53	Lessors of miniwarehouses and self-storage units	47	531130	65	47065	Hamilton County, Tennessee	no	27.666666666666668	46.833333333333336	1161.1666666666667
16954	53	Lessors of miniwarehouses and self-storage units	47	531130	73	47073	Hawkins County, Tennessee	no	3.1666666666666665	6.166666666666667	195.33333333333334
16955	53	Lessors of miniwarehouses and self-storage units	47	531130	75	47075	Haywood County, Tennessee	yes	1.0	4.426347450743404	66.71627114296459
16956	53	Lessors of miniwarehouses and self-storage units	47	531130	77	47077	Henderson County, Tennessee	yes	1.0	4.426347450743404	66.71627114296459
16957	53	Lessors of miniwarehouses and self-storage units	47	531130	79	47079	Henry County, Tennessee	no	3.0	9.0	292.0
16958	53	Lessors of miniwarehouses and self-storage units	47	531130	79	47079	Henry County, Tennessee	yes	2.3333333333333335	15.095291902071564	125.60715630885123
16959	53	Lessors of miniwarehouses and self-storage units	47	531130	81	47081	Hickman County, Tennessee	yes	1.0	4.426347450743404	66.71627114296459
16960	53	Lessors of miniwarehouses and self-storage units	47	531130	93	47093	Knox County, Tennessee	no	40.166666666666664	77.16666666666667	1777.8333333333333
16961	53	Lessors of miniwarehouses and self-storage units	47	531130	97	47097	Lauderdale County, Tennessee	yes	1.0	4.426347450743404	66.71627114296459
16962	53	Lessors of miniwarehouses and self-storage units	47	531130	99	47099	Lawrence County, Tennessee	yes	1.0	4.426347450743404	66.71627114296459
16963	53	Lessors of miniwarehouses and self-storage units	47	531130	101	47101	Lewis County, Tennessee	yes	2.0	8.852694901486808	133.43254228592917
16964	53	Lessors of miniwarehouses and self-storage units	47	531130	105	47105	Loudon County, Tennessee	no	4.666666666666667	11.666666666666666	367.6666666666667
16965	53	Lessors of miniwarehouses and self-storage units	47	531130	105	47105	Loudon County, Tennessee	yes	3.0	19.954048964218455	161.82184557438794
16966	53	Lessors of miniwarehouses and self-storage units	47	531130	107	47107	McMinn County, Tennessee	yes	1.5	6.433485861938787	100.4553294799028
16967	53	Lessors of miniwarehouses and self-storage units	47	531130	111	47111	Macon County, Tennessee	yes	1.0	2.1909067590098754	78.79344619725535
16968	53	Lessors of miniwarehouses and self-storage units	47	531130	113	47113	Madison County, Tennessee	no	5.666666666666667	8.333333333333334	195.0
16969	53	Lessors of miniwarehouses and self-storage units	47	531130	113	47113	Madison County, Tennessee	yes	5.0	33.256748273697426	269.7030759573133
16970	53	Lessors of miniwarehouses and self-storage units	47	531130	115	47115	Marion County, Tennessee	yes	1.0	3.3798224943825272	75.56809786322277
16971	53	Lessors of miniwarehouses and self-storage units	47	531130	117	47117	Marshall County, Tennessee	yes	1.0	7.661016949152542	44.847457627118644
16972	53	Lessors of miniwarehouses and self-storage units	47	531130	119	47119	Maury County, Tennessee	yes	1.0	3.7794135510615776	71.09003384613378
16973	53	Lessors of miniwarehouses and self-storage units	47	531130	123	47123	Monroe County, Tennessee	no	3.5	5.0	80.5
16974	53	Lessors of miniwarehouses and self-storage units	47	531130	125	47125	Montgomery County, Tennessee	no	16.166666666666668	24.0	680.0
16975	53	Lessors of miniwarehouses and self-storage units	47	531130	141	47141	Putnam County, Tennessee	no	6.0	3.6666666666666665	108.83333333333333
16976	53	Lessors of miniwarehouses and self-storage units	47	531130	143	47143	Rhea County, Tennessee	yes	1.3333333333333333	6.855725981816851	84.82361577573296
16977	53	Lessors of miniwarehouses and self-storage units	47	531130	145	47145	Roane County, Tennessee	yes	1.0	4.426347450743404	66.71627114296459
16978	53	Lessors of miniwarehouses and self-storage units	47	531130	147	47147	Robertson County, Tennessee	no	5.666666666666667	6.333333333333333	290.1666666666667
16979	53	Lessors of miniwarehouses and self-storage units	47	531130	149	47149	Rutherford County, Tennessee	no	11.833333333333334	16.5	648.0
16980	53	Lessors of miniwarehouses and self-storage units	47	531130	153	47153	Sequatchie County, Tennessee	yes	1.0	2.2222222222222223	80.88888888888889
16981	53	Lessors of miniwarehouses and self-storage units	47	531130	155	47155	Sevier County, Tennessee	no	4.0	3.6666666666666665	94.66666666666667
16982	53	Lessors of miniwarehouses and self-storage units	47	531130	157	47157	Shelby County, Tennessee	no	62.333333333333336	91.33333333333333	3604.0
16983	53	Lessors of miniwarehouses and self-storage units	47	531130	161	47161	Stewart County, Tennessee	yes	1.0	3.3798224943825272	75.56809786322277
16984	53	Lessors of miniwarehouses and self-storage units	47	531130	163	47163	Sullivan County, Tennessee	no	6.333333333333333	7.5	226.33333333333334
16985	53	Lessors of miniwarehouses and self-storage units	47	531130	165	47165	Sumner County, Tennessee	no	8.6	14.4	777.0
16986	53	Lessors of miniwarehouses and self-storage units	47	531130	165	47165	Sumner County, Tennessee	yes	7.0	48.40677966101695	446.5762711864407
16987	53	Lessors of miniwarehouses and self-storage units	47	531130	167	47167	Tipton County, Tennessee	yes	1.0	4.23606138533653	69.42396981600196
16988	53	Lessors of miniwarehouses and self-storage units	47	531130	169	47169	Trousdale County, Tennessee	yes	1.0	2.1909067590098754	78.79344619725535
16989	53	Lessors of miniwarehouses and self-storage units	47	531130	177	47177	Warren County, Tennessee	yes	1.0	4.426347450743404	66.71627114296459
16990	53	Lessors of miniwarehouses and self-storage units	47	531130	179	47179	Washington County, Tennessee	no	7.666666666666667	26.333333333333332	840.0
16991	53	Lessors of miniwarehouses and self-storage units	47	531130	185	47185	White County, Tennessee	yes	2.1666666666666665	10.1295310596789	140.90711855711564
16992	53	Lessors of miniwarehouses and self-storage units	47	531130	187	47187	Williamson County, Tennessee	no	8.833333333333334	13.0	945.8333333333334
16993	53	Lessors of miniwarehouses and self-storage units	47	531130	189	47189	Wilson County, Tennessee	no	10.5	19.0	514.8333333333334
16994	53	Lessors of nonfinancial intangible assets (except copyrighted works)	47	533110	37	47037	Davidson County, Tennessee	no	6.833333333333333	157.33333333333334	10379.833333333334
16995	53	Lessors of nonfinancial intangible assets (except copyrighted works)	47	533110	45	47045	Dyer County, Tennessee	yes	1.0	32.43840069745643	2475.466167389542
16996	53	Lessors of nonfinancial intangible assets (except copyrighted works)	47	533110	51	47051	Franklin County, Tennessee	yes	1.0	32.43840069745643	2475.466167389542
16997	53	Lessors of nonfinancial intangible assets (except copyrighted works)	47	533110	65	47065	Hamilton County, Tennessee	no	4.0	11.833333333333334	1438.5
16998	53	Lessors of nonfinancial intangible assets (except copyrighted works)	47	533110	89	47089	Jefferson County, Tennessee	yes	1.0	32.43840069745643	2475.466167389542
16999	53	Lessors of nonfinancial intangible assets (except copyrighted works)	47	533110	93	47093	Knox County, Tennessee	yes	1.5	48.951292435348165	3678.3101844835596
17000	53	Lessors of nonfinancial intangible assets (except copyrighted works)	47	533110	119	47119	Maury County, Tennessee	yes	1.0	24.779545454545456	1722.590909090909
17001	53	Lessors of nonfinancial intangible assets (except copyrighted works)	47	533110	141	47141	Putnam County, Tennessee	yes	1.0	34.31788873894137	2689.7932973459287
17002	53	Lessors of nonfinancial intangible assets (except copyrighted works)	47	533110	149	47149	Rutherford County, Tennessee	yes	2.1666666666666665	71.2978540264918	5517.318299691364
17003	53	Lessors of nonfinancial intangible assets (except copyrighted works)	47	533110	155	47155	Sevier County, Tennessee	yes	1.5	47.717857025442164	3606.035686106119
17004	53	Lessors of nonfinancial intangible assets (except copyrighted works)	47	533110	157	47157	Shelby County, Tennessee	yes	6.0	201.85675984662052	15543.789029855592
17005	53	Lessors of nonfinancial intangible assets (except copyrighted works)	47	533110	163	47163	Sullivan County, Tennessee	yes	1.0	14.90909090909091	899.1818181818182
17006	53	Lessors of nonfinancial intangible assets (except copyrighted works)	47	533110	165	47165	Sumner County, Tennessee	yes	2.8333333333333335	94.83035360752079	7276.534865804989
17007	53	Lessors of nonfinancial intangible assets (except copyrighted works)	47	533110	187	47187	Williamson County, Tennessee	no	8.4	34.8	4075.2
17008	53	Lessors of nonfinancial intangible assets (except copyrighted works)	47	533110	187	47187	Williamson County, Tennessee	yes	6.0	89.45454545454545	5395.090909090909
17009	53	Lessors of nonresidential buildings (except miniwarehouses)	47	531120	1	47001	Anderson County, Tennessee	no	11.166666666666666	13.5	938.6666666666666
17010	53	Lessors of nonresidential buildings (except miniwarehouses)	47	531120	3	47003	Bedford County, Tennessee	yes	2.8333333333333335	20.958228900270203	715.8467040331401
17011	53	Lessors of nonresidential buildings (except miniwarehouses)	47	531120	9	47009	Blount County, Tennessee	no	5.8	22.8	667.6
17012	53	Lessors of nonresidential buildings (except miniwarehouses)	47	531120	9	47009	Blount County, Tennessee	yes	6.0	55.125	849.46875
17013	53	Lessors of nonresidential buildings (except miniwarehouses)	47	531120	11	47011	Bradley County, Tennessee	no	3.3333333333333335	6.666666666666667	158.66666666666666
17014	53	Lessors of nonresidential buildings (except miniwarehouses)	47	531120	11	47011	Bradley County, Tennessee	yes	5.333333333333333	45.17842347525892	952.2746308016876
17015	53	Lessors of nonresidential buildings (except miniwarehouses)	47	531120	13	47013	Campbell County, Tennessee	yes	1.6666666666666667	12.649737041327311	400.47525577385346
17016	53	Lessors of nonresidential buildings (except miniwarehouses)	47	531120	15	47015	Cannon County, Tennessee	yes	1.0	6.725386597938144	311.2221649484536
17017	53	Lessors of nonresidential buildings (except miniwarehouses)	47	531120	17	47017	Carroll County, Tennessee	yes	1.1666666666666667	9.195156219076354	256.70557183533947
17018	53	Lessors of nonresidential buildings (except miniwarehouses)	47	531120	19	47019	Carter County, Tennessee	yes	1.0	8.03422619047619	197.2295386904762
17019	53	Lessors of nonresidential buildings (except miniwarehouses)	47	531120	21	47021	Cheatham County, Tennessee	yes	2.1666666666666665	16.867206377546648	493.1517686706789
17020	53	Lessors of nonresidential buildings (except miniwarehouses)	47	531120	23	47023	Chester County, Tennessee	yes	1.0	9.1875	141.578125
17021	53	Lessors of nonresidential buildings (except miniwarehouses)	47	531120	25	47025	Claiborne County, Tennessee	no	3.1666666666666665	3.5	236.33333333333334
17022	53	Lessors of nonresidential buildings (except miniwarehouses)	47	531120	29	47029	Cocke County, Tennessee	yes	2.6666666666666665	20.749923124583017	595.5869313565339
17023	53	Lessors of nonresidential buildings (except miniwarehouses)	47	531120	35	47035	Cumberland County, Tennessee	no	4.2	7.2	174.8
17024	53	Lessors of nonresidential buildings (except miniwarehouses)	47	531120	35	47035	Cumberland County, Tennessee	yes	2.0	14.455696202531646	440.30379746835445
17025	53	Lessors of nonresidential buildings (except miniwarehouses)	47	531120	37	47037	Davidson County, Tennessee	no	93.0	409.6666666666667	31426.5
17026	53	Lessors of nonresidential buildings (except miniwarehouses)	47	531120	41	47041	DeKalb County, Tennessee	yes	1.0	7.663906219076355	233.1092176686728
17027	53	Lessors of nonresidential buildings (except miniwarehouses)	47	531120	43	47043	Dickson County, Tennessee	yes	2.0	14.455696202531646	440.30379746835445
17028	53	Lessors of nonresidential buildings (except miniwarehouses)	47	531120	45	47045	Dyer County, Tennessee	no	3.0	4.0	127.0
17029	53	Lessors of nonresidential buildings (except miniwarehouses)	47	531120	45	47045	Dyer County, Tennessee	yes	2.0	14.698829471237795	494.82212240481465
17030	53	Lessors of nonresidential buildings (except miniwarehouses)	47	531120	47	47047	Fayette County, Tennessee	yes	1.5	11.939191508681263	320.33088829103565
17031	53	Lessors of nonresidential buildings (except miniwarehouses)	47	531120	51	47051	Franklin County, Tennessee	yes	1.0	6.8809523809523805	252.88095238095238
17032	53	Lessors of nonresidential buildings (except miniwarehouses)	47	531120	53	47053	Gibson County, Tennessee	yes	1.0	9.236363636363636	161.6
17033	53	Lessors of nonresidential buildings (except miniwarehouses)	47	531120	55	47055	Giles County, Tennessee	yes	1.5	11.052527148547798	378.9967647149827
17034	53	Lessors of nonresidential buildings (except miniwarehouses)	47	531120	59	47059	Greene County, Tennessee	no	4.833333333333333	9.166666666666666	250.66666666666666
17035	53	Lessors of nonresidential buildings (except miniwarehouses)	47	531120	63	47063	Hamblen County, Tennessee	no	5.833333333333333	5.333333333333333	350.8333333333333
17036	53	Lessors of nonresidential buildings (except miniwarehouses)	47	531120	65	47065	Hamilton County, Tennessee	no	35.833333333333336	94.33333333333333	4393.666666666667
17037	53	Lessors of nonresidential buildings (except miniwarehouses)	47	531120	73	47073	Hawkins County, Tennessee	yes	2.0	15.32781243815271	466.2184353373456
17038	53	Lessors of nonresidential buildings (except miniwarehouses)	47	531120	79	47079	Henry County, Tennessee	yes	1.75	14.546093964052824	324.88524996232667
17039	53	Lessors of nonresidential buildings (except miniwarehouses)	47	531120	83	47083	Houston County, Tennessee	yes	1.0	8.55057057920982	174.44334124472573
17040	53	Lessors of nonresidential buildings (except miniwarehouses)	47	531120	85	47085	Humphreys County, Tennessee	yes	1.0	7.663906219076355	233.1092176686728
17041	53	Lessors of nonresidential buildings (except miniwarehouses)	47	531120	89	47089	Jefferson County, Tennessee	yes	1.1666666666666667	9.203300158470293	260.0425510020061
17042	53	Lessors of nonresidential buildings (except miniwarehouses)	47	531120	91	47091	Johnson County, Tennessee	yes	1.8333333333333333	14.180987041327311	424.07160994052015
17043	53	Lessors of nonresidential buildings (except miniwarehouses)	47	531120	93	47093	Knox County, Tennessee	no	56.5	269.6666666666667	10995.166666666666
17044	53	Lessors of nonresidential buildings (except miniwarehouses)	47	531120	99	47099	Lawrence County, Tennessee	yes	1.0	7.359187462891624	251.41543620240736
17045	53	Lessors of nonresidential buildings (except miniwarehouses)	47	531120	103	47103	Lincoln County, Tennessee	yes	1.5	11.939191508681263	320.33088829103565
17046	53	Lessors of nonresidential buildings (except miniwarehouses)	47	531120	105	47105	Loudon County, Tennessee	no	3.0	16.0	469.0
17047	53	Lessors of nonresidential buildings (except miniwarehouses)	47	531120	105	47105	Loudon County, Tennessee	yes	2.0	16.26633205929092	388.1054880575648
17048	53	Lessors of nonresidential buildings (except miniwarehouses)	47	531120	107	47107	McMinn County, Tennessee	yes	1.5	11.939191508681263	320.33088829103565
17049	53	Lessors of nonresidential buildings (except miniwarehouses)	47	531120	109	47109	McNairy County, Tennessee	yes	1.0	9.1875	141.578125
17050	53	Lessors of nonresidential buildings (except miniwarehouses)	47	531120	111	47111	Macon County, Tennessee	yes	1.0	6.725386597938144	311.2221649484536
17051	53	Lessors of nonresidential buildings (except miniwarehouses)	47	531120	113	47113	Madison County, Tennessee	no	8.0	44.0	869.0
17052	53	Lessors of nonresidential buildings (except miniwarehouses)	47	531120	115	47115	Marion County, Tennessee	yes	1.0	7.227848101265823	220.15189873417722
17053	53	Lessors of nonresidential buildings (except miniwarehouses)	47	531120	117	47117	Marshall County, Tennessee	yes	1.0	6.725386597938144	311.2221649484536
17054	53	Lessors of nonresidential buildings (except miniwarehouses)	47	531120	119	47119	Maury County, Tennessee	no	4.666666666666667	8.333333333333334	228.0
17055	53	Lessors of nonresidential buildings (except miniwarehouses)	47	531120	119	47119	Maury County, Tennessee	yes	5.333333333333333	45.16213559647104	945.6006724683544
17056	53	Lessors of nonresidential buildings (except miniwarehouses)	47	531120	123	47123	Monroe County, Tennessee	no	3.0	5.0	41.0
17057	53	Lessors of nonresidential buildings (except miniwarehouses)	47	531120	123	47123	Monroe County, Tennessee	yes	3.5	28.3102416570771	682.7037974683544
17058	53	Lessors of nonresidential buildings (except miniwarehouses)	47	531120	125	47125	Montgomery County, Tennessee	no	5.666666666666667	11.666666666666666	865.6666666666666
17059	53	Lessors of nonresidential buildings (except miniwarehouses)	47	531120	125	47125	Montgomery County, Tennessee	yes	5.333333333333333	45.8153528960491	919.409414556962
17060	53	Lessors of nonresidential buildings (except miniwarehouses)	47	531120	131	47131	Obion County, Tennessee	yes	1.1666666666666667	9.195156219076354	256.70557183533947
17061	53	Lessors of nonresidential buildings (except miniwarehouses)	47	531120	133	47133	Overton County, Tennessee	yes	1.5	12.150279124883554	292.6675133740205
17062	53	Lessors of nonresidential buildings (except miniwarehouses)	47	531120	135	47135	Perry County, Tennessee	yes	1.0	7.663906219076355	233.1092176686728
17063	53	Lessors of nonresidential buildings (except miniwarehouses)	47	531120	139	47139	Polk County, Tennessee	yes	1.0	7.227848101265823	220.15189873417722
17064	53	Lessors of nonresidential buildings (except miniwarehouses)	47	531120	141	47141	Putnam County, Tennessee	no	5.833333333333333	7.0	576.3333333333334
17065	53	Lessors of nonresidential buildings (except miniwarehouses)	47	531120	143	47143	Rhea County, Tennessee	no	3.6666666666666665	6.333333333333333	282.5
17066	53	Lessors of nonresidential buildings (except miniwarehouses)	47	531120	145	47145	Roane County, Tennessee	no	4.666666666666667	6.333333333333333	329.3333333333333
17067	53	Lessors of nonresidential buildings (except miniwarehouses)	47	531120	145	47145	Roane County, Tennessee	yes	2.3333333333333335	15.848134511536573	667.8438389788904
17068	53	Lessors of nonresidential buildings (except miniwarehouses)	47	531120	147	47147	Robertson County, Tennessee	yes	1.5	10.8292236232546	401.65467088199796
17069	53	Lessors of nonresidential buildings (except miniwarehouses)	47	531120	149	47149	Rutherford County, Tennessee	no	15.4	45.8	6216.2
17070	53	Lessors of nonresidential buildings (except miniwarehouses)	47	531120	149	47149	Rutherford County, Tennessee	yes	11.0	79.50632911392405	2421.670886075949
17071	53	Lessors of nonresidential buildings (except miniwarehouses)	47	531120	151	47151	Scott County, Tennessee	yes	1.0	6.8809523809523805	252.88095238095238
17072	53	Lessors of nonresidential buildings (except miniwarehouses)	47	531120	153	47153	Sequatchie County, Tennessee	yes	1.0	7.227848101265823	220.15189873417722
17073	53	Lessors of nonresidential buildings (except miniwarehouses)	47	531120	155	47155	Sevier County, Tennessee	no	18.333333333333332	136.5	3339.5
17074	53	Lessors of nonresidential buildings (except miniwarehouses)	47	531120	157	47157	Shelby County, Tennessee	no	80.5	432.3333333333333	35126.166666666664
17075	53	Lessors of nonresidential buildings (except miniwarehouses)	47	531120	163	47163	Sullivan County, Tennessee	no	11.333333333333334	26.166666666666668	722.3333333333334
17076	53	Lessors of nonresidential buildings (except miniwarehouses)	47	531120	165	47165	Sumner County, Tennessee	no	7.0	17.666666666666668	546.3333333333334
17077	53	Lessors of nonresidential buildings (except miniwarehouses)	47	531120	167	47167	Tipton County, Tennessee	no	4.0	0.0	187.0
17078	53	Lessors of nonresidential buildings (except miniwarehouses)	47	531120	167	47167	Tipton County, Tennessee	yes	2.8	20.210744206856695	713.9175586072221
17079	53	Lessors of nonresidential buildings (except miniwarehouses)	47	531120	169	47169	Trousdale County, Tennessee	yes	1.0	8.03422619047619	197.2295386904762
17080	53	Lessors of nonresidential buildings (except miniwarehouses)	47	531120	171	47171	Unicoi County, Tennessee	yes	1.0	6.725386597938144	311.2221649484536
17081	53	Lessors of nonresidential buildings (except miniwarehouses)	47	531120	173	47173	Union County, Tennessee	yes	1.0	7.227848101265823	220.15189873417722
17082	53	Lessors of nonresidential buildings (except miniwarehouses)	47	531120	177	47177	Warren County, Tennessee	no	5.5	8.5	464.1666666666667
17083	53	Lessors of nonresidential buildings (except miniwarehouses)	47	531120	179	47179	Washington County, Tennessee	no	8.333333333333334	23.666666666666668	749.3333333333334
17084	53	Lessors of nonresidential buildings (except miniwarehouses)	47	531120	183	47183	Weakley County, Tennessee	yes	1.0	6.77724185894289	291.77509409261984
17085	53	Lessors of nonresidential buildings (except miniwarehouses)	47	531120	187	47187	Williamson County, Tennessee	no	28.833333333333332	246.0	24507.0
17086	53	Lessors of nonresidential buildings (except miniwarehouses)	47	531120	189	47189	Wilson County, Tennessee	no	4.5	6.5	610.5
17087	53	Lessors of other real estate property	47	531190	9	47009	Blount County, Tennessee	yes	4.4	15.986348706149126	450.3987339166435
17088	53	Lessors of other real estate property	47	531190	17	47017	Carroll County, Tennessee	yes	1.0	3.972146305330643	90.83839530083719
17089	53	Lessors of other real estate property	47	531190	19	47019	Carter County, Tennessee	yes	1.0	5.5	98.28846153846155
17090	53	Lessors of other real estate property	47	531190	21	47021	Cheatham County, Tennessee	yes	1.0	3.4468085106382977	70.40425531914893
17091	53	Lessors of other real estate property	47	531190	25	47025	Claiborne County, Tennessee	yes	1.0	3.4468085106382977	70.40425531914893
17092	53	Lessors of other real estate property	47	531190	31	47031	Coffee County, Tennessee	yes	1.0	3.758494231025743	103.1394485101733
17093	53	Lessors of other real estate property	47	531190	35	47035	Cumberland County, Tennessee	yes	1.0	3.758494231025743	103.1394485101733
17094	53	Lessors of other real estate property	47	531190	37	47037	Davidson County, Tennessee	no	8.4	10.6	561.4
17095	53	Lessors of other real estate property	47	531190	37	47037	Davidson County, Tennessee	yes	7.0	38.5	688.0192307692307
17096	53	Lessors of other real estate property	47	531190	43	47043	Dickson County, Tennessee	yes	1.0	3.706546610961169	97.6835829783359
17097	53	Lessors of other real estate property	47	531190	53	47053	Gibson County, Tennessee	yes	1.0	3.8560573165436387	92.25314806773773
17098	53	Lessors of other real estate property	47	531190	63	47063	Hamblen County, Tennessee	no	3.0	9.0	274.0
17099	53	Lessors of other real estate property	47	531190	63	47063	Hamblen County, Tennessee	yes	2.0	7.189589417327215	188.7997828214756
17100	53	Lessors of other real estate property	47	531190	65	47065	Hamilton County, Tennessee	no	8.6	16.2	733.0
17101	53	Lessors of other real estate property	47	531190	65	47065	Hamilton County, Tennessee	yes	9.0	31.02127659574468	633.6382978723404
17102	53	Lessors of other real estate property	47	531190	71	47071	Hardin County, Tennessee	yes	1.0	3.706546610961169	97.6835829783359
17103	53	Lessors of other real estate property	47	531190	73	47073	Hawkins County, Tennessee	yes	1.0	3.706546610961169	97.6835829783359
17104	53	Lessors of other real estate property	47	531190	75	47075	Haywood County, Tennessee	yes	1.0	3.706546610961169	97.6835829783359
17105	53	Lessors of other real estate property	47	531190	77	47077	Henderson County, Tennessee	yes	1.0	2.676470588235294	80.55882352941177
17106	53	Lessors of other real estate property	47	531190	89	47089	Jefferson County, Tennessee	yes	1.0	3.8560573165436387	92.25314806773773
17107	53	Lessors of other real estate property	47	531190	91	47091	Johnson County, Tennessee	yes	1.0	3.706546610961169	97.6835829783359
17108	53	Lessors of other real estate property	47	531190	93	47093	Knox County, Tennessee	no	9.5	41.0	1690.25
17109	53	Lessors of other real estate property	47	531190	93	47093	Knox County, Tennessee	yes	11.5	55.84183673469388	1225.1987833594976
17110	53	Lessors of other real estate property	47	531190	97	47097	Lauderdale County, Tennessee	yes	1.0	3.706546610961169	97.6835829783359
17111	53	Lessors of other real estate property	47	531190	103	47103	Lincoln County, Tennessee	yes	1.0	3.706546610961169	97.6835829783359
17112	53	Lessors of other real estate property	47	531190	105	47105	Loudon County, Tennessee	yes	1.6666666666666667	6.354644147848265	158.24251317889403
17113	53	Lessors of other real estate property	47	531190	107	47107	McMinn County, Tennessee	yes	1.0	3.1753472222222223	111.37395833333333
17114	53	Lessors of other real estate property	47	531190	109	47109	McNairy County, Tennessee	yes	1.0	3.1753472222222223	111.37395833333333
17115	53	Lessors of other real estate property	47	531190	111	47111	Macon County, Tennessee	yes	1.0	3.706546610961169	97.6835829783359
17116	53	Lessors of other real estate property	47	531190	113	47113	Madison County, Tennessee	yes	1.0	3.706546610961169	97.6835829783359
17117	53	Lessors of other real estate property	47	531190	119	47119	Maury County, Tennessee	yes	2.0	7.413093221922338	195.3671659566718
17118	53	Lessors of other real estate property	47	531190	121	47121	Meigs County, Tennessee	yes	1.0	3.4468085106382977	70.40425531914893
17119	53	Lessors of other real estate property	47	531190	123	47123	Monroe County, Tennessee	yes	2.0	6.8936170212765955	140.80851063829786
17120	53	Lessors of other real estate property	47	531190	125	47125	Montgomery County, Tennessee	yes	1.6	5.563927237561691	163.800796549389
17121	53	Lessors of other real estate property	47	531190	131	47131	Obion County, Tennessee	yes	2.0	7.413093221922338	195.3671659566718
17122	53	Lessors of other real estate property	47	531190	143	47143	Rhea County, Tennessee	yes	1.0	4.404038211029093	94.26491922464567
17123	53	Lessors of other real estate property	47	531190	145	47145	Roane County, Tennessee	yes	1.0	3.972146305330643	90.83839530083719
17124	53	Lessors of other real estate property	47	531190	147	47147	Robertson County, Tennessee	yes	1.0	3.8560573165436387	92.25314806773773
17125	53	Lessors of other real estate property	47	531190	149	47149	Rutherford County, Tennessee	yes	2.6666666666666665	9.970703662670742	269.5826638286248
17126	53	Lessors of other real estate property	47	531190	155	47155	Sevier County, Tennessee	no	7.333333333333333	17.0	1230.5
17127	53	Lessors of other real estate property	47	531190	157	47157	Shelby County, Tennessee	no	10.833333333333334	49.333333333333336	1838.3333333333333
17128	53	Lessors of other real estate property	47	531190	163	47163	Sullivan County, Tennessee	no	3.0	4.75	58.75
17129	53	Lessors of other real estate property	47	531190	163	47163	Sullivan County, Tennessee	yes	2.5	9.435518888406426	219.70842379504992
17130	53	Lessors of other real estate property	47	531190	165	47165	Sumner County, Tennessee	no	3.0	3.1666666666666665	231.33333333333334
17131	53	Lessors of other real estate property	47	531190	167	47167	Tipton County, Tennessee	yes	1.0	3.8560573165436387	92.25314806773773
17132	53	Lessors of other real estate property	47	531190	177	47177	Warren County, Tennessee	yes	1.0	3.8560573165436387	92.25314806773773
17133	53	Lessors of other real estate property	47	531190	179	47179	Washington County, Tennessee	yes	1.6666666666666667	5.7855422015141755	159.96874889754045
17134	53	Lessors of other real estate property	47	531190	187	47187	Williamson County, Tennessee	no	4.0	9.0	506.0
17135	53	Lessors of other real estate property	47	531190	189	47189	Wilson County, Tennessee	no	3.0	8.0	309.6666666666667
17136	53	Lessors of other real estate property	47	531190	189	47189	Wilson County, Tennessee	yes	2.0	8.808076422058186	188.52983844929133
17137	53	Lessors of residential buildings and dwellings	47	531110	1	47001	Anderson County, Tennessee	no	10.5	21.0	914.6666666666666
17138	53	Lessors of residential buildings and dwellings	47	531110	3	47003	Bedford County, Tennessee	no	10.666666666666666	18.833333333333332	522.3333333333334
17139	53	Lessors of residential buildings and dwellings	47	531110	9	47009	Blount County, Tennessee	no	22.166666666666668	29.666666666666668	1359.6666666666667
17140	53	Lessors of residential buildings and dwellings	47	531110	11	47011	Bradley County, Tennessee	no	14.4	40.4	1117.0
17141	53	Lessors of residential buildings and dwellings	47	531110	11	47011	Bradley County, Tennessee	yes	13.0	117.54166666666666	599.8958333333333
17142	53	Lessors of residential buildings and dwellings	47	531110	13	47013	Campbell County, Tennessee	no	3.0	6.0	64.0
17143	53	Lessors of residential buildings and dwellings	47	531110	13	47013	Campbell County, Tennessee	yes	2.75	28.354958282207413	138.81838634899793
17144	53	Lessors of residential buildings and dwellings	47	531110	15	47015	Cannon County, Tennessee	yes	1.0	6.678679649648109	59.640926405185176
17145	53	Lessors of residential buildings and dwellings	47	531110	17	47017	Carroll County, Tennessee	yes	1.25	10.966171702606518	85.85628589144919
17146	53	Lessors of residential buildings and dwellings	47	531110	19	47019	Carter County, Tennessee	no	6.166666666666667	8.666666666666666	293.1666666666667
17147	53	Lessors of residential buildings and dwellings	47	531110	21	47021	Cheatham County, Tennessee	no	3.0	4.0	222.0
17148	53	Lessors of residential buildings and dwellings	47	531110	21	47021	Cheatham County, Tennessee	yes	2.4	16.557083131976547	164.52481625197416
17149	53	Lessors of residential buildings and dwellings	47	531110	23	47023	Chester County, Tennessee	yes	2.0	13.357359299296219	119.28185281037035
17150	53	Lessors of residential buildings and dwellings	47	531110	25	47025	Claiborne County, Tennessee	no	3.0	6.0	93.0
17151	53	Lessors of residential buildings and dwellings	47	531110	25	47025	Claiborne County, Tennessee	yes	2.0	17.042995223788168	92.71491770638625
17152	53	Lessors of residential buildings and dwellings	47	531110	27	47027	Clay County, Tennessee	no	3.0	9.0	62.0
17153	53	Lessors of residential buildings and dwellings	47	531110	27	47027	Clay County, Tennessee	yes	3.0	32.4135766544729	152.6884561024277
17154	53	Lessors of residential buildings and dwellings	47	531110	29	47029	Cocke County, Tennessee	no	3.0	4.0	85.0
17155	53	Lessors of residential buildings and dwellings	47	531110	29	47029	Cocke County, Tennessee	yes	2.0	17.042995223788168	92.71491770638625
17156	53	Lessors of residential buildings and dwellings	47	531110	31	47031	Coffee County, Tennessee	no	9.0	21.666666666666668	857.6666666666666
17157	53	Lessors of residential buildings and dwellings	47	531110	33	47033	Crockett County, Tennessee	yes	2.0	13.357359299296219	119.28185281037035
17158	53	Lessors of residential buildings and dwellings	47	531110	35	47035	Cumberland County, Tennessee	yes	1.0	5.074142830320016	63.992539625552375
17159	53	Lessors of residential buildings and dwellings	47	531110	37	47037	Davidson County, Tennessee	no	184.33333333333334	854.1666666666666	32953.166666666664
17160	53	Lessors of residential buildings and dwellings	47	531110	39	47039	Decatur County, Tennessee	yes	1.0	18.103092783505154	69.1340206185567
17161	53	Lessors of residential buildings and dwellings	47	531110	41	47041	DeKalb County, Tennessee	yes	1.0	2.9930437251561615	86.20786150916926
17162	53	Lessors of residential buildings and dwellings	47	531110	43	47043	Dickson County, Tennessee	no	6.4	6.8	194.2
17163	53	Lessors of residential buildings and dwellings	47	531110	43	47043	Dickson County, Tennessee	yes	6.0	31.612903225806452	224.4516129032258
17164	53	Lessors of residential buildings and dwellings	47	531110	45	47045	Dyer County, Tennessee	no	6.666666666666667	8.333333333333334	222.16666666666666
17165	53	Lessors of residential buildings and dwellings	47	531110	47	47047	Fayette County, Tennessee	no	3.1666666666666665	3.5	115.16666666666667
17166	53	Lessors of residential buildings and dwellings	47	531110	49	47049	Fentress County, Tennessee	yes	1.0	6.678679649648109	59.640926405185176
17167	53	Lessors of residential buildings and dwellings	47	531110	51	47051	Franklin County, Tennessee	no	4.0	11.666666666666666	165.0
17168	53	Lessors of residential buildings and dwellings	47	531110	51	47051	Franklin County, Tennessee	yes	2.0	17.33095924324724	91.21716457894543
17169	53	Lessors of residential buildings and dwellings	47	531110	53	47053	Gibson County, Tennessee	no	7.25	6.25	151.0
17170	53	Lessors of residential buildings and dwellings	47	531110	53	47053	Gibson County, Tennessee	yes	6.0	63.69859217381665	303.7651590732735
17171	53	Lessors of residential buildings and dwellings	47	531110	55	47055	Giles County, Tennessee	yes	1.0	6.678679649648109	59.640926405185176
17172	53	Lessors of residential buildings and dwellings	47	531110	57	47057	Grainger County, Tennessee	yes	4.333333333333333	21.324669725903785	252.115284946888
17173	53	Lessors of residential buildings and dwellings	47	531110	59	47059	Greene County, Tennessee	no	6.666666666666667	5.833333333333333	216.83333333333334
17174	53	Lessors of residential buildings and dwellings	47	531110	61	47061	Grundy County, Tennessee	yes	1.1666666666666667	6.957415281832017	65.0978229569093
17175	53	Lessors of residential buildings and dwellings	47	531110	63	47063	Hamblen County, Tennessee	no	8.166666666666666	14.666666666666666	344.6666666666667
17176	53	Lessors of residential buildings and dwellings	47	531110	65	47065	Hamilton County, Tennessee	no	68.0	290.0	8322.833333333334
17177	53	Lessors of residential buildings and dwellings	47	531110	67	47067	Hancock County, Tennessee	yes	1.5	7.955096523550739	93.83377679329907
17178	53	Lessors of residential buildings and dwellings	47	531110	69	47069	Hardeman County, Tennessee	yes	1.3333333333333333	11.202806224676747	78.85423539716685
17179	53	Lessors of residential buildings and dwellings	47	531110	71	47071	Hardin County, Tennessee	no	5.0	5.166666666666667	191.66666666666666
17180	53	Lessors of residential buildings and dwellings	47	531110	73	47073	Hawkins County, Tennessee	no	8.333333333333334	13.666666666666666	476.6666666666667
17181	53	Lessors of residential buildings and dwellings	47	531110	75	47075	Haywood County, Tennessee	yes	1.3333333333333333	7.676360891366831	88.37688024157494
17182	53	Lessors of residential buildings and dwellings	47	531110	77	47077	Henderson County, Tennessee	yes	2.0	5.105667495610514	136.77140155245556
17183	53	Lessors of residential buildings and dwellings	47	531110	79	47079	Henry County, Tennessee	no	6.2	24.6	414.4
17184	53	Lessors of residential buildings and dwellings	47	531110	79	47079	Henry County, Tennessee	yes	6.0	108.61855670103093	414.8041237113402
17185	53	Lessors of residential buildings and dwellings	47	531110	81	47081	Hickman County, Tennessee	no	3.0	3.0	42.0
17186	53	Lessors of residential buildings and dwellings	47	531110	81	47081	Hickman County, Tennessee	yes	2.6	19.684738926090088	157.77902916467633
17187	53	Lessors of residential buildings and dwellings	47	531110	85	47085	Humphreys County, Tennessee	yes	1.0	9.605724414425088	49.34041108741162
17188	53	Lessors of residential buildings and dwellings	47	531110	87	47087	Jackson County, Tennessee	yes	1.0	6.678679649648109	59.640926405185176
17189	53	Lessors of residential buildings and dwellings	47	531110	89	47089	Jefferson County, Tennessee	no	6.2	13.4	353.6
17190	53	Lessors of residential buildings and dwellings	47	531110	89	47089	Jefferson County, Tennessee	yes	6.0	108.61855670103093	414.8041237113402
17191	53	Lessors of residential buildings and dwellings	47	531110	91	47091	Johnson County, Tennessee	no	5.166666666666667	10.833333333333334	180.83333333333334
17192	53	Lessors of residential buildings and dwellings	47	531110	93	47093	Knox County, Tennessee	no	102.33333333333333	529.8333333333334	15647.666666666666
17193	53	Lessors of residential buildings and dwellings	47	531110	95	47095	Lake County, Tennessee	no	3.0	3.3333333333333335	148.0
17194	53	Lessors of residential buildings and dwellings	47	531110	97	47097	Lauderdale County, Tennessee	no	4.333333333333333	6.833333333333333	166.5
17195	53	Lessors of residential buildings and dwellings	47	531110	99	47099	Lawrence County, Tennessee	no	3.0	7.0	89.0
17196	53	Lessors of residential buildings and dwellings	47	531110	99	47099	Lawrence County, Tennessee	yes	2.25	17.461098672064033	100.90026253397245
17197	53	Lessors of residential buildings and dwellings	47	531110	103	47103	Lincoln County, Tennessee	no	4.0	10.666666666666666	307.0
17198	53	Lessors of residential buildings and dwellings	47	531110	103	47103	Lincoln County, Tennessee	yes	3.0	25.11500942245871	134.45058751801352
17199	53	Lessors of residential buildings and dwellings	47	531110	105	47105	Loudon County, Tennessee	no	7.666666666666667	16.5	462.1666666666667
17200	53	Lessors of residential buildings and dwellings	47	531110	107	47107	McMinn County, Tennessee	no	9.0	24.0	537.6666666666666
17201	53	Lessors of residential buildings and dwellings	47	531110	107	47107	McMinn County, Tennessee	yes	6.0	64.8271533089458	305.3769122048554
17202	53	Lessors of residential buildings and dwellings	47	531110	109	47109	McNairy County, Tennessee	no	3.3333333333333335	3.6666666666666665	71.66666666666667
17203	53	Lessors of residential buildings and dwellings	47	531110	109	47109	McNairy County, Tennessee	yes	2.0	7.503269769742265	139.88288344591743
17204	53	Lessors of residential buildings and dwellings	47	531110	111	47111	Macon County, Tennessee	no	4.833333333333333	10.0	208.83333333333334
17205	53	Lessors of residential buildings and dwellings	47	531110	113	47113	Madison County, Tennessee	no	18.666666666666668	76.66666666666667	1994.1666666666667
17206	53	Lessors of residential buildings and dwellings	47	531110	115	47115	Marion County, Tennessee	no	3.0	3.6666666666666665	91.0
17207	53	Lessors of residential buildings and dwellings	47	531110	115	47115	Marion County, Tennessee	yes	2.0	16.059453489211652	161.03316242459684
17208	53	Lessors of residential buildings and dwellings	47	531110	117	47117	Marshall County, Tennessee	no	5.333333333333333	6.5	224.5
17209	53	Lessors of residential buildings and dwellings	47	531110	119	47119	Maury County, Tennessee	no	18.166666666666668	49.333333333333336	1504.8333333333333
17210	53	Lessors of residential buildings and dwellings	47	531110	121	47121	Meigs County, Tennessee	yes	1.0	6.678679649648109	59.640926405185176
17211	53	Lessors of residential buildings and dwellings	47	531110	123	47123	Monroe County, Tennessee	no	7.333333333333333	8.0	342.1666666666667
17212	53	Lessors of residential buildings and dwellings	47	531110	125	47125	Montgomery County, Tennessee	no	23.833333333333332	89.16666666666667	2294.5
17213	53	Lessors of residential buildings and dwellings	47	531110	127	47127	Moore County, Tennessee	yes	1.0	18.103092783505154	69.1340206185567
17214	53	Lessors of residential buildings and dwellings	47	531110	129	47129	Morgan County, Tennessee	yes	1.0	6.678679649648109	59.640926405185176
17215	53	Lessors of residential buildings and dwellings	47	531110	131	47131	Obion County, Tennessee	no	7.0	14.333333333333334	334.0
17216	53	Lessors of residential buildings and dwellings	47	531110	131	47131	Obion County, Tennessee	yes	6.666666666666667	73.87540645900306	343.8035301888187
17217	53	Lessors of residential buildings and dwellings	47	531110	133	47133	Overton County, Tennessee	no	4.0	5.166666666666667	52.833333333333336
17218	53	Lessors of residential buildings and dwellings	47	531110	139	47139	Polk County, Tennessee	yes	1.0	6.678679649648109	59.640926405185176
17219	53	Lessors of residential buildings and dwellings	47	531110	141	47141	Putnam County, Tennessee	no	17.5	39.166666666666664	907.5
17220	53	Lessors of residential buildings and dwellings	47	531110	143	47143	Rhea County, Tennessee	no	3.0	3.0	151.0
17221	53	Lessors of residential buildings and dwellings	47	531110	143	47143	Rhea County, Tennessee	yes	2.0	17.042995223788168	92.71491770638625
17222	53	Lessors of residential buildings and dwellings	47	531110	145	47145	Roane County, Tennessee	no	3.4	10.4	278.0
17223	53	Lessors of residential buildings and dwellings	47	531110	145	47145	Roane County, Tennessee	yes	2.0	3.3448275862068964	65.48275862068965
17224	53	Lessors of residential buildings and dwellings	47	531110	147	47147	Robertson County, Tennessee	no	7.833333333333333	12.5	425.5
17225	53	Lessors of residential buildings and dwellings	47	531110	149	47149	Rutherford County, Tennessee	no	46.333333333333336	240.16666666666666	8993.333333333334
17226	53	Lessors of residential buildings and dwellings	47	531110	151	47151	Scott County, Tennessee	yes	4.5	24.341851856487978	263.6376217166475
17227	53	Lessors of residential buildings and dwellings	47	531110	153	47153	Sequatchie County, Tennessee	yes	1.3333333333333333	7.676360891366831	88.37688024157494
17228	53	Lessors of residential buildings and dwellings	47	531110	155	47155	Sevier County, Tennessee	no	26.0	85.5	2609.6666666666665
17229	53	Lessors of residential buildings and dwellings	47	531110	157	47157	Shelby County, Tennessee	no	194.66666666666666	1218.0	42501.0
17230	53	Lessors of residential buildings and dwellings	47	531110	159	47159	Smith County, Tennessee	yes	1.0	6.678679649648109	59.640926405185176
17231	53	Lessors of residential buildings and dwellings	47	531110	161	47161	Stewart County, Tennessee	yes	1.0	6.678679649648109	59.640926405185176
17232	53	Lessors of residential buildings and dwellings	47	531110	163	47163	Sullivan County, Tennessee	no	19.833333333333332	55.833333333333336	1811.8333333333333
17233	53	Lessors of residential buildings and dwellings	47	531110	165	47165	Sumner County, Tennessee	no	28.5	113.16666666666667	4546.333333333333
17234	53	Lessors of residential buildings and dwellings	47	531110	167	47167	Tipton County, Tennessee	no	5.833333333333333	19.666666666666668	305.6666666666667
17235	53	Lessors of residential buildings and dwellings	47	531110	169	47169	Trousdale County, Tennessee	yes	1.0	13.57237972508591	57.639926975945016
17236	53	Lessors of residential buildings and dwellings	47	531110	171	47171	Unicoi County, Tennessee	no	3.0	3.0	88.0
17237	53	Lessors of residential buildings and dwellings	47	531110	171	47171	Unicoi County, Tennessee	yes	2.0	17.042995223788168	92.71491770638625
17238	53	Lessors of residential buildings and dwellings	47	531110	177	47177	Warren County, Tennessee	no	4.5	5.0	297.5
17239	53	Lessors of residential buildings and dwellings	47	531110	177	47177	Warren County, Tennessee	yes	2.0	6.463659223858423	121.28285223961049
17240	53	Lessors of residential buildings and dwellings	47	531110	179	47179	Washington County, Tennessee	no	36.5	133.5	2742.3333333333335
17241	53	Lessors of residential buildings and dwellings	47	531110	181	47181	Wayne County, Tennessee	no	4.0	8.666666666666666	79.0
17242	53	Lessors of residential buildings and dwellings	47	531110	181	47181	Wayne County, Tennessee	yes	3.0	32.4135766544729	152.6884561024277
17243	53	Lessors of residential buildings and dwellings	47	531110	183	47183	Weakley County, Tennessee	no	4.666666666666667	9.666666666666666	150.66666666666666
17244	53	Lessors of residential buildings and dwellings	47	531110	183	47183	Weakley County, Tennessee	yes	4.666666666666667	55.28683072830063	249.673955215608
17245	53	Lessors of residential buildings and dwellings	47	531110	185	47185	White County, Tennessee	yes	4.0	26.714718598592437	238.5637056207407
17246	53	Lessors of residential buildings and dwellings	47	531110	187	47187	Williamson County, Tennessee	no	22.5	82.5	4822.166666666667
17247	53	Lessors of residential buildings and dwellings	47	531110	189	47189	Wilson County, Tennessee	no	12.833333333333334	39.5	1589.6666666666667
17248	53	Nonresidential property managers	47	531312	1	47001	Anderson County, Tennessee	yes	2.3333333333333335	14.82282282101543	1029.7086268241628
17249	53	Nonresidential property managers	47	531312	7	47007	Bledsoe County, Tennessee	yes	1.0	6.44753220028704	431.3932797303161
17250	53	Nonresidential property managers	47	531312	9	47009	Blount County, Tennessee	yes	2.8333333333333335	18.143409608991206	1156.586343255989
17251	53	Nonresidential property managers	47	531312	11	47011	Bradley County, Tennessee	yes	1.2	7.6259108207955775	513.330281541041
17252	53	Nonresidential property managers	47	531312	21	47021	Cheatham County, Tennessee	yes	1.0	6.44753220028704	431.3932797303161
17253	53	Nonresidential property managers	47	531312	31	47031	Coffee County, Tennessee	yes	1.0	6.44753220028704	431.3932797303161
17254	53	Nonresidential property managers	47	531312	35	47035	Cumberland County, Tennessee	yes	2.0	12.89506440057408	862.7865594606322
17255	53	Nonresidential property managers	47	531312	37	47037	Davidson County, Tennessee	no	57.333333333333336	599.1666666666666	35572.0
17256	53	Nonresidential property managers	47	531312	45	47045	Dyer County, Tennessee	yes	1.1666666666666667	7.646719192156961	568.9867756652753
17257	53	Nonresidential property managers	47	531312	53	47053	Gibson County, Tennessee	yes	1.0	7.195121951219512	825.5609756097562
17258	53	Nonresidential property managers	47	531312	55	47055	Giles County, Tennessee	yes	1.0	6.44753220028704	431.3932797303161
17259	53	Nonresidential property managers	47	531312	57	47057	Grainger County, Tennessee	yes	1.0	5.517459999083073	396.32909885231373
17260	53	Nonresidential property managers	47	531312	59	47059	Greene County, Tennessee	yes	1.3333333333333333	8.082310717586125	437.18986625403846
17261	53	Nonresidential property managers	47	531312	65	47065	Hamilton County, Tennessee	no	15.833333333333334	417.3333333333333	46131.0
17262	53	Nonresidential property managers	47	531312	71	47071	Hardin County, Tennessee	yes	1.5	9.852722646799402	624.2776865415459
17263	53	Nonresidential property managers	47	531312	75	47075	Haywood County, Tennessee	yes	1.0	6.44753220028704	431.3932797303161
17264	53	Nonresidential property managers	47	531312	77	47077	Henderson County, Tennessee	yes	1.0	6.44753220028704	431.3932797303161
17265	53	Nonresidential property managers	47	531312	83	47083	Houston County, Tennessee	yes	1.0	6.44753220028704	431.3932797303161
17266	53	Nonresidential property managers	47	531312	93	47093	Knox County, Tennessee	no	27.833333333333332	199.5	10631.0
17267	53	Nonresidential property managers	47	531312	103	47103	Lincoln County, Tennessee	yes	1.1666666666666667	7.562115533620374	502.9800852858716
17268	53	Nonresidential property managers	47	531312	105	47105	Loudon County, Tennessee	yes	1.0	5.517459999083073	396.32909885231373
17269	53	Nonresidential property managers	47	531312	109	47109	McNairy County, Tennessee	yes	1.0	6.810380893024721	385.7688136224595
17270	53	Nonresidential property managers	47	531312	113	47113	Madison County, Tennessee	no	4.5	7.333333333333333	338.8333333333333
17271	53	Nonresidential property managers	47	531312	117	47117	Marshall County, Tennessee	yes	1.0	5.251644736842105	291.89199561403507
17272	53	Nonresidential property managers	47	531312	119	47119	Maury County, Tennessee	yes	1.0	6.779660669768541	396.706818550178
17273	53	Nonresidential property managers	47	531312	125	47125	Montgomery County, Tennessee	yes	1.0	6.995593925606175	393.0049038480235
17274	53	Nonresidential property managers	47	531312	141	47141	Putnam County, Tennessee	yes	1.0	8.307676602694977	501.5216414863209
17275	53	Nonresidential property managers	47	531312	145	47145	Roane County, Tennessee	yes	1.5	9.852722646799402	624.2776865415459
17276	53	Nonresidential property managers	47	531312	149	47149	Rutherford County, Tennessee	no	4.5	15.75	1233.25
17277	53	Nonresidential property managers	47	531312	149	47149	Rutherford County, Tennessee	yes	4.0	23.133101045296165	2003.0648083623694
17278	53	Nonresidential property managers	47	531312	155	47155	Sevier County, Tennessee	no	10.166666666666666	264.3333333333333	7090.666666666667
17279	53	Nonresidential property managers	47	531312	157	47157	Shelby County, Tennessee	no	46.666666666666664	606.5	43374.5
17280	53	Nonresidential property managers	47	531312	163	47163	Sullivan County, Tennessee	no	4.333333333333333	20.0	1110.6666666666667
17281	53	Nonresidential property managers	47	531312	163	47163	Sullivan County, Tennessee	yes	4.333333333333333	25.965084204413472	2098.7415069686413
17282	53	Nonresidential property managers	47	531312	165	47165	Sumner County, Tennessee	no	5.2	4.8	416.4
17283	53	Nonresidential property managers	47	531312	165	47165	Sumner County, Tennessee	yes	4.0	15.26315789473684	617.0526315789473
17284	53	Nonresidential property managers	47	531312	167	47167	Tipton County, Tennessee	yes	1.3333333333333333	8.845906184026878	706.5802716002348
17285	53	Nonresidential property managers	47	531312	171	47171	Unicoi County, Tennessee	yes	1.0	6.779660669768541	396.706818550178
17286	53	Nonresidential property managers	47	531312	179	47179	Washington County, Tennessee	no	6.6	159.8	3786.4
17287	53	Nonresidential property managers	47	531312	179	47179	Washington County, Tennessee	yes	3.0	21.585365853658534	2476.682926829268
17288	53	Nonresidential property managers	47	531312	183	47183	Weakley County, Tennessee	yes	1.0	6.810380893024721	385.7688136224595
17289	53	Nonresidential property managers	47	531312	185	47185	White County, Tennessee	yes	1.0	5.783275261324041	500.76620209059234
17290	53	Nonresidential property managers	47	531312	187	47187	Williamson County, Tennessee	no	16.4	129.4	10960.2
17291	53	Nonresidential property managers	47	531312	187	47187	Williamson County, Tennessee	yes	17.0	113.6875	7301.854166666667
17292	53	Nonresidential property managers	47	531312	189	47189	Wilson County, Tennessee	yes	2.0	12.89506440057408	862.7865594606322
17293	53	Office machinery and equipment rental and leasing	47	532420	1	47001	Anderson County, Tennessee	yes	1.0	2.83482905982906	291.5242521367521
17294	53	Office machinery and equipment rental and leasing	47	532420	9	47009	Blount County, Tennessee	yes	1.0	2.83482905982906	291.5242521367521
17295	53	Office machinery and equipment rental and leasing	47	532420	37	47037	Davidson County, Tennessee	no	3.0	10.333333333333334	397.0
17296	53	Office machinery and equipment rental and leasing	47	532420	37	47037	Davidson County, Tennessee	yes	1.3333333333333333	-1.9051282051282048	372.35769230769233
17297	53	Office machinery and equipment rental and leasing	47	532420	53	47053	Gibson County, Tennessee	yes	1.0	2.83482905982906	291.5242521367521
17298	53	Office machinery and equipment rental and leasing	47	532420	65	47065	Hamilton County, Tennessee	yes	1.0	2.83482905982906	291.5242521367521
17299	53	Office machinery and equipment rental and leasing	47	532420	75	47075	Haywood County, Tennessee	yes	1.0	1.3923076923076925	268.9115384615385
17300	53	Office machinery and equipment rental and leasing	47	532420	93	47093	Knox County, Tennessee	yes	1.5	4.382264957264957	432.62809829059825
17301	53	Office machinery and equipment rental and leasing	47	532420	149	47149	Rutherford County, Tennessee	yes	1.0	2.83482905982906	291.5242521367521
17302	53	Office machinery and equipment rental and leasing	47	532420	157	47157	Shelby County, Tennessee	no	4.0	30.0	1335.5
17303	53	Office machinery and equipment rental and leasing	47	532420	157	47157	Shelby County, Tennessee	yes	2.5	14.900641025641026	723.9910256410257
17304	53	Office machinery and equipment rental and leasing	47	532420	179	47179	Washington County, Tennessee	yes	1.0	1.3923076923076925	268.9115384615385
17305	53	Office machinery and equipment rental and leasing	47	532420	187	47187	Williamson County, Tennessee	yes	1.0	5.987179487179487	306.4487179487179
17306	53	Offices of real estate agents and brokers	47	531210	1	47001	Anderson County, Tennessee	no	12.0	23.833333333333332	807.1666666666666
17307	53	Offices of real estate agents and brokers	47	531210	3	47003	Bedford County, Tennessee	no	4.0	3.0	103.16666666666667
17308	53	Offices of real estate agents and brokers	47	531210	5	47005	Benton County, Tennessee	yes	1.0	8.255448540692418	119.39730105693229
17309	53	Offices of real estate agents and brokers	47	531210	9	47009	Blount County, Tennessee	no	17.0	16.0	1194.3333333333333
17310	53	Offices of real estate agents and brokers	47	531210	11	47011	Bradley County, Tennessee	no	17.666666666666668	43.666666666666664	2109.1666666666665
17311	53	Offices of real estate agents and brokers	47	531210	13	47013	Campbell County, Tennessee	yes	2.5	16.519182810224905	346.72673820720735
17312	53	Offices of real estate agents and brokers	47	531210	17	47017	Carroll County, Tennessee	no	4.0	9.8	378.8
17313	53	Offices of real estate agents and brokers	47	531210	17	47017	Carroll County, Tennessee	yes	3.0	18.515625	603.078125
17314	53	Offices of real estate agents and brokers	47	531210	19	47019	Carter County, Tennessee	no	4.333333333333333	4.666666666666667	202.0
17315	53	Offices of real estate agents and brokers	47	531210	21	47021	Cheatham County, Tennessee	no	5.25	6.25	169.25
17316	53	Offices of real estate agents and brokers	47	531210	21	47021	Cheatham County, Tennessee	yes	4.5	58.36769292283087	470.73038784486204
17317	53	Offices of real estate agents and brokers	47	531210	23	47023	Chester County, Tennessee	yes	2.0	13.033816956566369	259.85356747550003
17318	53	Offices of real estate agents and brokers	47	531210	25	47025	Claiborne County, Tennessee	no	3.0	0.0	69.5
17319	53	Offices of real estate agents and brokers	47	531210	25	47025	Claiborne County, Tennessee	yes	2.0	12.979422081191018	202.3941596482094
17320	53	Offices of real estate agents and brokers	47	531210	27	47027	Clay County, Tennessee	yes	1.3333333333333333	8.707342929502696	192.38884759276357
17321	53	Offices of real estate agents and brokers	47	531210	29	47029	Cocke County, Tennessee	yes	1.1666666666666667	7.678697096169363	158.8845073149858
17322	53	Offices of real estate agents and brokers	47	531210	31	47031	Coffee County, Tennessee	no	7.166666666666667	8.833333333333334	292.3333333333333
17323	53	Offices of real estate agents and brokers	47	531210	33	47033	Crockett County, Tennessee	yes	1.0	6.5169084782831845	129.92678373775001
17324	53	Offices of real estate agents and brokers	47	531210	35	47035	Cumberland County, Tennessee	no	13.6	26.8	789.2
17325	53	Offices of real estate agents and brokers	47	531210	35	47035	Cumberland County, Tennessee	yes	13.0	90.61951219512196	2258.70243902439
17326	53	Offices of real estate agents and brokers	47	531210	37	47037	Davidson County, Tennessee	no	170.83333333333334	604.6666666666666	40694.666666666664
17327	53	Offices of real estate agents and brokers	47	531210	39	47039	Decatur County, Tennessee	yes	1.0	6.5169084782831845	129.92678373775001
17328	53	Offices of real estate agents and brokers	47	531210	41	47041	DeKalb County, Tennessee	yes	2.3333333333333335	15.22425140778588	322.3156313305136
17329	53	Offices of real estate agents and brokers	47	531210	43	47043	Dickson County, Tennessee	no	7.666666666666667	9.666666666666666	279.3333333333333
17330	53	Offices of real estate agents and brokers	47	531210	45	47045	Dyer County, Tennessee	no	4.833333333333333	4.666666666666667	101.66666666666667
17331	53	Offices of real estate agents and brokers	47	531210	47	47047	Fayette County, Tennessee	no	3.0	0.0	116.0
17332	53	Offices of real estate agents and brokers	47	531210	47	47047	Fayette County, Tennessee	yes	2.0	12.852287664952815	242.32574438523415
17333	53	Offices of real estate agents and brokers	47	531210	49	47049	Fentress County, Tennessee	yes	1.0	6.970731707317073	173.74634146341464
17334	53	Offices of real estate agents and brokers	47	531210	51	47051	Franklin County, Tennessee	no	4.5	6.666666666666667	451.3333333333333
17335	53	Offices of real estate agents and brokers	47	531210	53	47053	Gibson County, Tennessee	no	4.833333333333333	2.6666666666666665	184.16666666666666
17336	53	Offices of real estate agents and brokers	47	531210	55	47055	Giles County, Tennessee	no	3.0	3.8	125.2
17337	53	Offices of real estate agents and brokers	47	531210	55	47055	Giles County, Tennessee	yes	2.0	4.217391304347826	107.04347826086956
17338	53	Offices of real estate agents and brokers	47	531210	57	47057	Grainger County, Tennessee	no	3.0	3.3333333333333335	123.0
17339	53	Offices of real estate agents and brokers	47	531210	57	47057	Grainger County, Tennessee	yes	1.3333333333333333	3.43234933709242	136.33832548654684
17340	53	Offices of real estate agents and brokers	47	531210	59	47059	Greene County, Tennessee	no	5.0	13.0	420.0
17341	53	Offices of real estate agents and brokers	47	531210	59	47059	Greene County, Tennessee	yes	5.0	51.788116420098625	697.6858750944066
17342	53	Offices of real estate agents and brokers	47	531210	63	47063	Hamblen County, Tennessee	no	11.5	18.666666666666668	398.0
17343	53	Offices of real estate agents and brokers	47	531210	65	47065	Hamilton County, Tennessee	no	71.16666666666667	194.5	9870.333333333334
17344	53	Offices of real estate agents and brokers	47	531210	67	47067	Hancock County, Tennessee	yes	1.0	3.789771016605105	132.3098946981551
17345	53	Offices of real estate agents and brokers	47	531210	69	47069	Hardeman County, Tennessee	yes	1.0	11.971183401639344	125.16056181693989
17346	53	Offices of real estate agents and brokers	47	531210	71	47071	Hardin County, Tennessee	no	6.5	7.0	626.6666666666666
17347	53	Offices of real estate agents and brokers	47	531210	73	47073	Hawkins County, Tennessee	no	5.0	5.0	309.5
17348	53	Offices of real estate agents and brokers	47	531210	73	47073	Hawkins County, Tennessee	yes	2.0	20.344753806098005	151.54882608212324
17349	53	Offices of real estate agents and brokers	47	531210	75	47075	Haywood County, Tennessee	yes	1.0	6.5169084782831845	129.92678373775001
17350	53	Offices of real estate agents and brokers	47	531210	77	47077	Henderson County, Tennessee	yes	1.6	8.22358564576049	186.80557961780784
17351	53	Offices of real estate agents and brokers	47	531210	79	47079	Henry County, Tennessee	no	4.333333333333333	7.333333333333333	243.83333333333334
17352	53	Offices of real estate agents and brokers	47	531210	85	47085	Humphreys County, Tennessee	yes	1.0	6.5169084782831845	129.92678373775001
17353	53	Offices of real estate agents and brokers	47	531210	89	47089	Jefferson County, Tennessee	no	8.166666666666666	10.666666666666666	332.5
17354	53	Offices of real estate agents and brokers	47	531210	91	47091	Johnson County, Tennessee	yes	1.0	6.5169084782831845	129.92678373775001
17355	53	Offices of real estate agents and brokers	47	531210	93	47093	Knox County, Tennessee	no	100.0	295.6666666666667	16310.5
17356	53	Offices of real estate agents and brokers	47	531210	97	47097	Lauderdale County, Tennessee	no	3.5	1.0	52.5
17357	53	Offices of real estate agents and brokers	47	531210	97	47097	Lauderdale County, Tennessee	yes	2.0	12.979422081191018	202.3941596482094
17358	53	Offices of real estate agents and brokers	47	531210	99	47099	Lawrence County, Tennessee	no	5.0	6.166666666666667	178.5
17359	53	Offices of real estate agents and brokers	47	531210	101	47101	Lewis County, Tennessee	yes	1.0	6.5169084782831845	129.92678373775001
17360	53	Offices of real estate agents and brokers	47	531210	103	47103	Lincoln County, Tennessee	no	4.666666666666667	7.0	155.16666666666666
17361	53	Offices of real estate agents and brokers	47	531210	105	47105	Loudon County, Tennessee	no	8.5	8.166666666666666	414.0
17362	53	Offices of real estate agents and brokers	47	531210	107	47107	McMinn County, Tennessee	no	6.166666666666667	8.5	236.0
17363	53	Offices of real estate agents and brokers	47	531210	111	47111	Macon County, Tennessee	no	3.0	0.0	105.0
17364	53	Offices of real estate agents and brokers	47	531210	111	47111	Macon County, Tennessee	yes	2.0	12.979422081191018	202.3941596482094
17365	53	Offices of real estate agents and brokers	47	531210	113	47113	Madison County, Tennessee	no	13.833333333333334	20.5	884.6666666666666
17366	53	Offices of real estate agents and brokers	47	531210	115	47115	Marion County, Tennessee	yes	1.0	8.683687485150868	101.28095425477152
17367	53	Offices of real estate agents and brokers	47	531210	117	47117	Marshall County, Tennessee	no	4.666666666666667	8.666666666666666	147.33333333333334
17368	53	Offices of real estate agents and brokers	47	531210	119	47119	Maury County, Tennessee	no	14.333333333333334	26.166666666666668	957.8333333333334
17369	53	Offices of real estate agents and brokers	47	531210	123	47123	Monroe County, Tennessee	no	6.0	10.25	183.5
17370	53	Offices of real estate agents and brokers	47	531210	123	47123	Monroe County, Tennessee	yes	5.0	32.85651676829268	936.9309578252032
17371	53	Offices of real estate agents and brokers	47	531210	125	47125	Montgomery County, Tennessee	no	41.0	140.33333333333334	4735.666666666667
17372	53	Offices of real estate agents and brokers	47	531210	131	47131	Obion County, Tennessee	yes	1.3333333333333333	7.530184596104757	180.25536677087848
17373	53	Offices of real estate agents and brokers	47	531210	133	47133	Overton County, Tennessee	yes	1.6666666666666667	12.020540838744799	209.52498444237153
17374	53	Offices of real estate agents and brokers	47	531210	135	47135	Perry County, Tennessee	yes	1.3333333333333333	9.830106387525285	147.062920587358
17375	53	Offices of real estate agents and brokers	47	531210	141	47141	Putnam County, Tennessee	no	8.666666666666666	16.166666666666668	430.5
17376	53	Offices of real estate agents and brokers	47	531210	143	47143	Rhea County, Tennessee	no	4.0	6.5	117.0
17377	53	Offices of real estate agents and brokers	47	531210	143	47143	Rhea County, Tennessee	yes	2.25	17.42204503201069	214.7179301400127
17378	53	Offices of real estate agents and brokers	47	531210	145	47145	Roane County, Tennessee	no	3.6666666666666665	4.0	128.66666666666666
17379	53	Offices of real estate agents and brokers	47	531210	145	47145	Roane County, Tennessee	yes	2.0	20.60873234039717	282.71164339819626
17380	53	Offices of real estate agents and brokers	47	531210	147	47147	Robertson County, Tennessee	no	9.666666666666666	24.5	1345.8333333333333
17381	53	Offices of real estate agents and brokers	47	531210	149	47149	Rutherford County, Tennessee	no	37.333333333333336	84.0	3492.8333333333335
17382	53	Offices of real estate agents and brokers	47	531210	151	47151	Scott County, Tennessee	yes	1.6666666666666667	12.020540838744799	209.52498444237153
17383	53	Offices of real estate agents and brokers	47	531210	153	47153	Sequatchie County, Tennessee	no	3.0	6.0	109.0
17384	53	Offices of real estate agents and brokers	47	531210	153	47153	Sequatchie County, Tennessee	yes	1.75	15.983723168341358	225.41416733125587
17385	53	Offices of real estate agents and brokers	47	531210	155	47155	Sevier County, Tennessee	no	41.0	327.1666666666667	16369.333333333334
17386	53	Offices of real estate agents and brokers	47	531210	157	47157	Shelby County, Tennessee	no	155.5	751.25	67441.25
17387	53	Offices of real estate agents and brokers	47	531210	157	47157	Shelby County, Tennessee	yes	138.0	904.8427210365853	25927.49368648374
17388	53	Offices of real estate agents and brokers	47	531210	159	47159	Smith County, Tennessee	yes	1.5	10.056669207317073	274.25936229674795
17389	53	Offices of real estate agents and brokers	47	531210	161	47161	Stewart County, Tennessee	yes	2.0	13.033816956566369	259.85356747550003
17390	53	Offices of real estate agents and brokers	47	531210	163	47163	Sullivan County, Tennessee	no	22.166666666666668	31.166666666666668	1649.0
17391	53	Offices of real estate agents and brokers	47	531210	165	47165	Sumner County, Tennessee	no	36.333333333333336	76.16666666666667	2428.0
17392	53	Offices of real estate agents and brokers	47	531210	167	47167	Tipton County, Tennessee	no	4.2	7.0	312.0
17393	53	Offices of real estate agents and brokers	47	531210	167	47167	Tipton County, Tennessee	yes	2.0	13.941463414634146	347.4926829268293
17394	53	Offices of real estate agents and brokers	47	531210	169	47169	Trousdale County, Tennessee	yes	1.0	3.039828353464717	150.98574909938546
17395	53	Offices of real estate agents and brokers	47	531210	171	47171	Unicoi County, Tennessee	yes	1.3333333333333333	7.530184596104757	180.25536677087848
17396	53	Offices of real estate agents and brokers	47	531210	173	47173	Union County, Tennessee	yes	1.0	17.770491803278688	49.295081967213115
17397	53	Offices of real estate agents and brokers	47	531210	175	47175	Van Buren County, Tennessee	yes	1.0	6.970731707317073	173.74634146341464
17398	53	Offices of real estate agents and brokers	47	531210	177	47177	Warren County, Tennessee	no	3.8333333333333335	2.6666666666666665	76.83333333333333
17399	53	Offices of real estate agents and brokers	47	531210	179	47179	Washington County, Tennessee	no	20.833333333333332	49.5	2119.5
17400	53	Offices of real estate agents and brokers	47	531210	183	47183	Weakley County, Tennessee	no	6.333333333333333	20.5	351.5
17401	53	Offices of real estate agents and brokers	47	531210	185	47185	White County, Tennessee	no	4.333333333333333	6.666666666666667	362.0
17402	53	Offices of real estate agents and brokers	47	531210	185	47185	White County, Tennessee	yes	2.3333333333333335	26.532229608156737	299.1433373872673
17403	53	Offices of real estate agents and brokers	47	531210	187	47187	Williamson County, Tennessee	no	98.33333333333333	408.0	27112.0
17404	53	Offices of real estate agents and brokers	47	531210	189	47189	Wilson County, Tennessee	no	35.333333333333336	48.166666666666664	2694.3333333333335
17405	53	Offices of real estate appraisers	47	531320	1	47001	Anderson County, Tennessee	yes	1.0	3.071622489719504	91.50328096979217
17406	53	Offices of real estate appraisers	47	531320	3	47003	Bedford County, Tennessee	yes	1.0	3.071622489719504	91.50328096979217
17407	53	Offices of real estate appraisers	47	531320	7	47007	Bledsoe County, Tennessee	yes	1.0	3.071622489719504	91.50328096979217
17408	53	Offices of real estate appraisers	47	531320	9	47009	Blount County, Tennessee	no	3.3333333333333335	3.0	102.0
17409	53	Offices of real estate appraisers	47	531320	9	47009	Blount County, Tennessee	yes	3.0	12.716577825159915	266.4137260127932
17410	53	Offices of real estate appraisers	47	531320	11	47011	Bradley County, Tennessee	no	3.0	0.0	335.0
17411	53	Offices of real estate appraisers	47	531320	11	47011	Bradley County, Tennessee	yes	2.0	5.383322546755382	200.28216004178694
17412	53	Offices of real estate appraisers	47	531320	17	47017	Carroll County, Tennessee	yes	1.0	3.071622489719504	91.50328096979217
17413	53	Offices of real estate appraisers	47	531320	31	47031	Coffee County, Tennessee	yes	1.5	6.08761583565688	123.98242390383248
17414	53	Offices of real estate appraisers	47	531320	35	47035	Cumberland County, Tennessee	yes	2.0	6.143244979439008	183.00656193958434
17415	53	Offices of real estate appraisers	47	531320	37	47037	Davidson County, Tennessee	no	24.833333333333332	63.833333333333336	5459.333333333333
17416	53	Offices of real estate appraisers	47	531320	43	47043	Dickson County, Tennessee	yes	1.0	3.071622489719504	91.50328096979217
17417	53	Offices of real estate appraisers	47	531320	47	47047	Fayette County, Tennessee	yes	1.0	3.071622489719504	91.50328096979217
17418	53	Offices of real estate appraisers	47	531320	49	47049	Fentress County, Tennessee	yes	1.0	3.071622489719504	91.50328096979217
17419	53	Offices of real estate appraisers	47	531320	53	47053	Gibson County, Tennessee	yes	2.0	6.143244979439008	183.00656193958434
17420	53	Offices of real estate appraisers	47	531320	63	47063	Hamblen County, Tennessee	yes	1.1666666666666667	3.9001939182909333	99.55566192217312
17421	53	Offices of real estate appraisers	47	531320	65	47065	Hamilton County, Tennessee	no	16.0	34.0	1667.5
17422	53	Offices of real estate appraisers	47	531320	79	47079	Henry County, Tennessee	yes	1.0	3.071622489719504	91.50328096979217
17423	53	Offices of real estate appraisers	47	531320	85	47085	Humphreys County, Tennessee	yes	1.0	3.071622489719504	91.50328096979217
17424	53	Offices of real estate appraisers	47	531320	89	47089	Jefferson County, Tennessee	yes	1.6666666666666667	4.4863153419123565	155.0188576041188
17425	53	Offices of real estate appraisers	47	531320	93	47093	Knox County, Tennessee	no	23.833333333333332	68.66666666666667	3540.5
17426	53	Offices of real estate appraisers	47	531320	99	47099	Lawrence County, Tennessee	yes	2.0	6.143244979439008	183.00656193958434
17427	53	Offices of real estate appraisers	47	531320	101	47101	Lewis County, Tennessee	yes	1.0	2.0104247104247106	110.5081081081081
17428	53	Offices of real estate appraisers	47	531320	107	47107	McMinn County, Tennessee	yes	1.5	4.64453198072601	138.11814495116735
17429	53	Offices of real estate appraisers	47	531320	113	47113	Madison County, Tennessee	no	6.666666666666667	25.5	1971.1666666666667
17430	53	Offices of real estate appraisers	47	531320	115	47115	Marion County, Tennessee	yes	1.0	2.0104247104247106	110.5081081081081
17431	53	Offices of real estate appraisers	47	531320	117	47117	Marshall County, Tennessee	yes	1.5	4.023815341912357	138.60427427078548
17432	53	Offices of real estate appraisers	47	531320	119	47119	Maury County, Tennessee	no	4.0	4.4	132.6
17433	53	Offices of real estate appraisers	47	531320	119	47119	Maury County, Tennessee	yes	4.0	11.100000000000001	393.95000000000005
17434	53	Offices of real estate appraisers	47	531320	121	47121	Meigs County, Tennessee	yes	1.0	4.970149253731343	119.61194029850746
17435	53	Offices of real estate appraisers	47	531320	125	47125	Montgomery County, Tennessee	no	3.0	3.25	85.75
17436	53	Offices of real estate appraisers	47	531320	125	47125	Montgomery County, Tennessee	yes	2.5	5.854807692307692	209.32099358974358
17437	53	Offices of real estate appraisers	47	531320	131	47131	Obion County, Tennessee	yes	2.0	6.143244979439008	183.00656193958434
17438	53	Offices of real estate appraisers	47	531320	141	47141	Putnam County, Tennessee	yes	2.3333333333333335	6.813386549580579	219.84259797562038
17439	53	Offices of real estate appraisers	47	531320	145	47145	Roane County, Tennessee	yes	1.0	3.071622489719504	91.50328096979217
17440	53	Offices of real estate appraisers	47	531320	149	47149	Rutherford County, Tennessee	no	5.0	5.4	135.0
17441	53	Offices of real estate appraisers	47	531320	149	47149	Rutherford County, Tennessee	yes	3.0	8.325	295.4625
17442	53	Offices of real estate appraisers	47	531320	155	47155	Sevier County, Tennessee	no	3.0	5.25	306.0
17443	53	Offices of real estate appraisers	47	531320	155	47155	Sevier County, Tennessee	yes	3.0	6.700961538461538	240.11586538461538
17444	53	Offices of real estate appraisers	47	531320	157	47157	Shelby County, Tennessee	no	29.0	58.75	5721.0
17445	53	Offices of real estate appraisers	47	531320	157	47157	Shelby County, Tennessee	yes	31.5	122.53488805970149	3440.3472947761193
17446	53	Offices of real estate appraisers	47	531320	163	47163	Sullivan County, Tennessee	no	3.0	0.0	86.0
17447	53	Offices of real estate appraisers	47	531320	163	47163	Sullivan County, Tennessee	yes	2.0	5.383834273834274	171.7630982080982
17448	53	Offices of real estate appraisers	47	531320	165	47165	Sumner County, Tennessee	no	7.833333333333333	10.833333333333334	634.8333333333334
17449	53	Offices of real estate appraisers	47	531320	167	47167	Tipton County, Tennessee	yes	1.0	4.9714285714285715	48.31428571428571
17450	53	Offices of real estate appraisers	47	531320	179	47179	Washington County, Tennessee	yes	2.0	6.143244979439008	183.00656193958434
17451	53	Offices of real estate appraisers	47	531320	187	47187	Williamson County, Tennessee	no	18.333333333333332	56.0	4775.666666666667
17452	53	Offices of real estate appraisers	47	531320	189	47189	Wilson County, Tennessee	no	9.333333333333334	18.333333333333332	1597.8333333333333
17453	53	Other activities related to real estate	47	531390	1	47001	Anderson County, Tennessee	yes	1.1666666666666667	7.893824103895999	188.00635959916463
17454	53	Other activities related to real estate	47	531390	9	47009	Blount County, Tennessee	yes	1.5	7.257872576331569	257.6246050335391
17455	53	Other activities related to real estate	47	531390	13	47013	Campbell County, Tennessee	yes	1.0	6.081491404179892	129.50555834395942
17456	53	Other activities related to real estate	47	531390	29	47029	Cocke County, Tennessee	yes	1.0	9.08654602675059	144.03697875688437
17457	53	Other activities related to real estate	47	531390	31	47031	Coffee County, Tennessee	yes	1.1666666666666667	6.019446973027917	185.38427724930887
17458	53	Other activities related to real estate	47	531390	35	47035	Cumberland County, Tennessee	yes	2.1666666666666665	11.482123550765673	345.11968990652355
17459	53	Other activities related to real estate	47	531390	37	47037	Davidson County, Tennessee	no	24.5	70.66666666666667	7277.166666666667
17460	53	Other activities related to real estate	47	531390	43	47043	Dickson County, Tennessee	yes	1.0	14.709677419354838	151.90322580645162
17461	53	Other activities related to real estate	47	531390	51	47051	Franklin County, Tennessee	yes	1.0	5.442211200670193	162.68915529808933
17462	53	Other activities related to real estate	47	531390	61	47061	Grundy County, Tennessee	yes	1.0	3.586206896551724	118.44827586206897
17463	53	Other activities related to real estate	47	531390	65	47065	Hamilton County, Tennessee	no	5.8	13.8	845.6
17464	53	Other activities related to real estate	47	531390	65	47065	Hamilton County, Tennessee	yes	3.0	10.390243902439023	408.5121951219512
17465	53	Other activities related to real estate	47	531390	71	47071	Hardin County, Tennessee	yes	1.0	3.5248107653490326	127.30950378469302
17466	53	Other activities related to real estate	47	531390	73	47073	Hawkins County, Tennessee	yes	1.0	5.442211200670193	162.68915529808933
17467	53	Other activities related to real estate	47	531390	91	47091	Johnson County, Tennessee	yes	1.1666666666666667	7.893824103895999	188.00635959916463
17468	53	Other activities related to real estate	47	531390	93	47093	Knox County, Tennessee	no	9.6	165.2	11695.4
17469	53	Other activities related to real estate	47	531390	93	47093	Knox County, Tennessee	yes	5.0	17.317073170731707	680.8536585365854
17470	53	Other activities related to real estate	47	531390	103	47103	Lincoln County, Tennessee	yes	1.0	5.442211200670193	162.68915529808933
17471	53	Other activities related to real estate	47	531390	107	47107	McMinn County, Tennessee	no	3.0	0.0	101.0
17472	53	Other activities related to real estate	47	531390	107	47107	McMinn County, Tennessee	yes	1.0	3.205429399121577	122.03966918979535
17473	53	Other activities related to real estate	47	531390	111	47111	Macon County, Tennessee	yes	1.0	6.081491404179892	129.50555834395942
17474	53	Other activities related to real estate	47	531390	113	47113	Madison County, Tennessee	yes	1.8333333333333333	10.307186628982663	302.6831886449592
17475	53	Other activities related to real estate	47	531390	117	47117	Marshall County, Tennessee	yes	1.0	7.253099650017634	135.50741112527922
17476	53	Other activities related to real estate	47	531390	119	47119	Maury County, Tennessee	yes	2.1666666666666665	13.336035304566193	350.695514897254
17477	53	Other activities related to real estate	47	531390	125	47125	Montgomery County, Tennessee	no	3.0	0.0	200.0
17478	53	Other activities related to real estate	47	531390	125	47125	Montgomery County, Tennessee	yes	2.6	9.535579158156112	448.54936841683684
17479	53	Other activities related to real estate	47	531390	137	47137	Pickett County, Tennessee	yes	1.0	9.08654602675059	144.03697875688437
17480	53	Other activities related to real estate	47	531390	141	47141	Putnam County, Tennessee	yes	1.0	5.442211200670193	162.68915529808933
17481	53	Other activities related to real estate	47	531390	145	47145	Roane County, Tennessee	yes	1.0	5.442211200670193	162.68915529808933
17482	53	Other activities related to real estate	47	531390	147	47147	Robertson County, Tennessee	yes	1.0	3.930238740482643	198.09447670667183
17483	53	Other activities related to real estate	47	531390	149	47149	Rutherford County, Tennessee	no	6.166666666666667	14.666666666666666	792.8333333333334
17484	53	Other activities related to real estate	47	531390	155	47155	Sevier County, Tennessee	yes	2.5	14.341048854701695	391.9739701818068
17485	53	Other activities related to real estate	47	531390	157	47157	Shelby County, Tennessee	no	27.0	156.33333333333334	10144.833333333334
17486	53	Other activities related to real estate	47	531390	161	47161	Stewart County, Tennessee	yes	1.0	2.5666666666666664	111.5
17487	53	Other activities related to real estate	47	531390	163	47163	Sullivan County, Tennessee	no	5.0	2.6666666666666665	276.1666666666667
17488	53	Other activities related to real estate	47	531390	165	47165	Sumner County, Tennessee	yes	1.6666666666666667	9.496538803456788	249.0261941940623
17489	53	Other activities related to real estate	47	531390	177	47177	Warren County, Tennessee	yes	1.0	2.5666666666666664	111.5
17490	53	Other activities related to real estate	47	531390	179	47179	Washington County, Tennessee	yes	1.0	3.631322751322751	189.87089947089945
17491	53	Other activities related to real estate	47	531390	185	47185	White County, Tennessee	yes	1.0	9.08654602675059	144.03697875688437
17492	53	Other activities related to real estate	47	531390	187	47187	Williamson County, Tennessee	no	18.0	25.5	1571.1666666666667
17493	53	Other activities related to real estate	47	531390	189	47189	Wilson County, Tennessee	yes	1.0	5.442211200670193	162.68915529808933
17494	53	Other commercial and industrial machinery and equipment rental and leasing	47	532490	9	47009	Blount County, Tennessee	yes	1.4	11.653529370019246	552.5102850797547
17495	53	Other commercial and industrial machinery and equipment rental and leasing	47	532490	11	47011	Bradley County, Tennessee	yes	1.5	11.919426389532466	506.3501983605166
17496	53	Other commercial and industrial machinery and equipment rental and leasing	47	532490	15	47015	Cannon County, Tennessee	yes	1.0	7.976467387749934	350.59960418345185
17497	53	Other commercial and industrial machinery and equipment rental and leasing	47	532490	19	47019	Carter County, Tennessee	yes	1.0	7.976467387749934	350.59960418345185
17498	53	Other commercial and industrial machinery and equipment rental and leasing	47	532490	25	47025	Claiborne County, Tennessee	yes	1.0	6.7142857142857135	304.4261904761904
17499	53	Other commercial and industrial machinery and equipment rental and leasing	47	532490	31	47031	Coffee County, Tennessee	no	3.6	17.4	742.6
17500	53	Other commercial and industrial machinery and equipment rental and leasing	47	532490	31	47031	Coffee County, Tennessee	yes	2.0	14.0	694.3333333333333
17501	53	Other commercial and industrial machinery and equipment rental and leasing	47	532490	35	47035	Cumberland County, Tennessee	yes	1.0	7.521581359816654	299.0473198370257
17502	53	Other commercial and industrial machinery and equipment rental and leasing	47	532490	37	47037	Davidson County, Tennessee	no	53.0	696.8333333333334	37253.5
17503	53	Other commercial and industrial machinery and equipment rental and leasing	47	532490	43	47043	Dickson County, Tennessee	yes	1.6666666666666667	13.176642440384002	603.3097253009499
17504	53	Other commercial and industrial machinery and equipment rental and leasing	47	532490	45	47045	Dyer County, Tennessee	yes	1.0	8.886239443616493	453.704172876304
17505	53	Other commercial and industrial machinery and equipment rental and leasing	47	532490	59	47059	Greene County, Tennessee	yes	1.0	7.976467387749934	350.59960418345185
17506	53	Other commercial and industrial machinery and equipment rental and leasing	47	532490	65	47065	Hamilton County, Tennessee	no	14.666666666666666	73.66666666666667	4200.5
17507	53	Other commercial and industrial machinery and equipment rental and leasing	47	532490	71	47071	Hardin County, Tennessee	yes	1.0	7.976467387749934	350.59960418345185
17508	53	Other commercial and industrial machinery and equipment rental and leasing	47	532490	75	47075	Haywood County, Tennessee	yes	1.0	7.976467387749934	350.59960418345185
17509	53	Other commercial and industrial machinery and equipment rental and leasing	47	532490	77	47077	Henderson County, Tennessee	yes	1.0	8.328877005347595	293.668449197861
17510	53	Other commercial and industrial machinery and equipment rental and leasing	47	532490	79	47079	Henry County, Tennessee	yes	1.0	7.976467387749934	350.59960418345185
17511	53	Other commercial and industrial machinery and equipment rental and leasing	47	532490	93	47093	Knox County, Tennessee	no	20.833333333333332	188.16666666666666	9998.333333333334
17512	53	Other commercial and industrial machinery and equipment rental and leasing	47	532490	97	47097	Lauderdale County, Tennessee	no	3.0	27.0	1051.0
17513	53	Other commercial and industrial machinery and equipment rental and leasing	47	532490	97	47097	Lauderdale County, Tennessee	yes	2.4	18.111588957490596	827.65658505429
17514	53	Other commercial and industrial machinery and equipment rental and leasing	47	532490	103	47103	Lincoln County, Tennessee	yes	1.0	7.976467387749934	350.59960418345185
17515	53	Other commercial and industrial machinery and equipment rental and leasing	47	532490	107	47107	McMinn County, Tennessee	yes	1.0	9.022198844763937	415.4302328979282
17516	53	Other commercial and industrial machinery and equipment rental and leasing	47	532490	111	47111	Macon County, Tennessee	yes	1.0	7.976467387749934	350.59960418345185
17517	53	Other commercial and industrial machinery and equipment rental and leasing	47	532490	113	47113	Madison County, Tennessee	no	4.0	28.666666666666668	1335.0
17518	53	Other commercial and industrial machinery and equipment rental and leasing	47	532490	113	47113	Madison County, Tennessee	yes	3.3333333333333335	26.75579322638146	1047.4643493761141
17519	53	Other commercial and industrial machinery and equipment rental and leasing	47	532490	115	47115	Marion County, Tennessee	yes	1.0	7.976467387749934	350.59960418345185
17520	53	Other commercial and industrial machinery and equipment rental and leasing	47	532490	119	47119	Maury County, Tennessee	yes	2.5	19.8006556820443	842.702977147143
17521	53	Other commercial and industrial machinery and equipment rental and leasing	47	532490	123	47123	Monroe County, Tennessee	yes	1.0	6.7142857142857135	304.4261904761904
17522	53	Other commercial and industrial machinery and equipment rental and leasing	47	532490	125	47125	Montgomery County, Tennessee	yes	3.0	23.9294021632498	1051.7988125503555
17523	53	Other commercial and industrial machinery and equipment rental and leasing	47	532490	141	47141	Putnam County, Tennessee	yes	1.5	12.009975773717336	545.4486141898388
17524	53	Other commercial and industrial machinery and equipment rental and leasing	47	532490	145	47145	Roane County, Tennessee	yes	1.0	7.976467387749934	350.59960418345185
17525	53	Other commercial and industrial machinery and equipment rental and leasing	47	532490	147	47147	Robertson County, Tennessee	yes	1.0	8.067016771934805	389.6980200127741
17526	53	Other commercial and industrial machinery and equipment rental and leasing	47	532490	149	47149	Rutherford County, Tennessee	no	7.0	106.5	8394.25
17527	53	Other commercial and industrial machinery and equipment rental and leasing	47	532490	149	47149	Rutherford County, Tennessee	yes	7.5	61.6764705882353	2570.6127450980393
17528	53	Other commercial and industrial machinery and equipment rental and leasing	47	532490	151	47151	Scott County, Tennessee	yes	1.0	7.800262578951102	379.0651816762472
17529	53	Other commercial and industrial machinery and equipment rental and leasing	47	532490	157	47157	Shelby County, Tennessee	no	28.666666666666668	359.6666666666667	21263.333333333332
17530	53	Other commercial and industrial machinery and equipment rental and leasing	47	532490	159	47159	Smith County, Tennessee	yes	1.0	7.976467387749934	350.59960418345185
17531	53	Other commercial and industrial machinery and equipment rental and leasing	47	532490	163	47163	Sullivan County, Tennessee	no	4.25	29.0	1706.25
17532	53	Other commercial and industrial machinery and equipment rental and leasing	47	532490	163	47163	Sullivan County, Tennessee	yes	2.5	21.3048128342246	756.7780748663101
17533	53	Other commercial and industrial machinery and equipment rental and leasing	47	532490	165	47165	Sumner County, Tennessee	yes	1.1666666666666667	9.203740115022661	392.0086950925427
17534	53	Other commercial and industrial machinery and equipment rental and leasing	47	532490	173	47173	Union County, Tennessee	yes	1.0	7.976467387749934	350.59960418345185
17535	53	Other commercial and industrial machinery and equipment rental and leasing	47	532490	179	47179	Washington County, Tennessee	no	6.0	49.666666666666664	1967.0
17536	53	Other commercial and industrial machinery and equipment rental and leasing	47	532490	179	47179	Washington County, Tennessee	yes	4.666666666666667	36.21033868092692	1477.4491978609628
17537	53	Other commercial and industrial machinery and equipment rental and leasing	47	532490	183	47183	Weakley County, Tennessee	yes	1.0	8.378705083623117	385.28763040238454
17538	53	Other commercial and industrial machinery and equipment rental and leasing	47	532490	187	47187	Williamson County, Tennessee	no	5.333333333333333	24.666666666666668	3087.6666666666665
17539	53	Other commercial and industrial machinery and equipment rental and leasing	47	532490	187	47187	Williamson County, Tennessee	yes	3.6666666666666665	29.21033868092692	1130.2825311942959
17540	53	Other commercial and industrial machinery and equipment rental and leasing	47	532490	189	47189	Wilson County, Tennessee	yes	1.5	11.4418353531179	493.48409191793957
17541	53	Passenger car leasing	47	532112	43	47043	Dickson County, Tennessee	yes	1.0	3.024216524216524	331.16642385392385
17542	53	Passenger car leasing	47	532112	59	47059	Greene County, Tennessee	yes	1.0	3.024216524216524	331.16642385392385
17543	53	Passenger car leasing	47	532112	65	47065	Hamilton County, Tennessee	yes	1.0	3.024216524216524	331.16642385392385
17544	53	Passenger car leasing	47	532112	79	47079	Henry County, Tennessee	yes	1.0	4.461538461538462	341.0769230769231
17545	53	Passenger car leasing	47	532112	93	47093	Knox County, Tennessee	yes	1.0	3.024216524216524	331.16642385392385
17546	53	Passenger car leasing	47	532112	119	47119	Maury County, Tennessee	yes	1.0	4.3076923076923075	307.5967365967366
17547	53	Passenger car leasing	47	532112	131	47131	Obion County, Tennessee	yes	1.0	4.3076923076923075	307.5967365967366
17548	53	Passenger car leasing	47	532112	157	47157	Shelby County, Tennessee	yes	1.5	5.178062678062678	484.96479215229215
17549	53	Passenger car leasing	47	532112	163	47163	Sullivan County, Tennessee	yes	1.3333333333333333	3.894586894586895	441.38864607614613
17550	53	Passenger car leasing	47	532112	187	47187	Williamson County, Tennessee	yes	2.3333333333333335	7.535612535612536	776.0251554001555
17551	53	Passenger car rental	47	532111	1	47001	Anderson County, Tennessee	yes	1.6666666666666667	3.3365783352306466	82.37071015683891
17552	53	Passenger car rental	47	532111	3	47003	Bedford County, Tennessee	yes	1.4	4.304041941692064	118.48649361124299
17553	53	Passenger car rental	47	532111	9	47009	Blount County, Tennessee	no	9.5	125.0	3969.5
17554	53	Passenger car rental	47	532111	9	47009	Blount County, Tennessee	yes	8.5	-5.561711870376893	-164.60160267699894
17555	53	Passenger car rental	47	532111	11	47011	Bradley County, Tennessee	yes	1.8333333333333333	5.837253313775972	155.92315357917298
17556	53	Passenger car rental	47	532111	13	47013	Campbell County, Tennessee	yes	1.5	-0.7503698485382176	-49.104103557590705
17557	53	Passenger car rental	47	532111	19	47019	Carter County, Tennessee	yes	1.0	2.875213483235291	74.62275443429708
17558	53	Passenger car rental	47	532111	23	47023	Chester County, Tennessee	yes	1.0	2.875213483235291	74.62275443429708
17559	53	Passenger car rental	47	532111	25	47025	Claiborne County, Tennessee	yes	1.0	2.875213483235291	74.62275443429708
17560	53	Passenger car rental	47	532111	31	47031	Coffee County, Tennessee	yes	1.6666666666666667	5.913723902011266	158.9358986772122
17561	53	Passenger car rental	47	532111	35	47035	Cumberland County, Tennessee	yes	1.8333333333333333	5.896135549304913	152.71457074484167
17562	53	Passenger car rental	47	532111	37	47037	Davidson County, Tennessee	no	35.333333333333336	538.6666666666666	16688.333333333332
17563	53	Passenger car rental	47	532111	37	47037	Davidson County, Tennessee	yes	37.333333333333336	-23.06077257250205	-994.4845133262885
17564	53	Passenger car rental	47	532111	43	47043	Dickson County, Tennessee	yes	1.8333333333333333	5.837253313775972	155.92315357917298
17565	53	Passenger car rental	47	532111	45	47045	Dyer County, Tennessee	yes	1.0	2.875213483235291	74.62275443429708
17566	53	Passenger car rental	47	532111	55	47055	Giles County, Tennessee	yes	1.0	4.622222222222223	125.44444444444444
17567	53	Passenger car rental	47	532111	59	47059	Greene County, Tennessee	yes	1.0	2.875213483235291	74.62275443429708
17568	53	Passenger car rental	47	532111	63	47063	Hamblen County, Tennessee	no	3.0	19.333333333333332	555.3333333333334
17569	53	Passenger car rental	47	532111	63	47063	Hamblen County, Tennessee	yes	2.6666666666666665	-1.6803804156393098	-65.6014206880357
17570	53	Passenger car rental	47	532111	65	47065	Hamilton County, Tennessee	no	15.666666666666666	153.66666666666666	3743.3333333333335
17571	53	Passenger car rental	47	532111	65	47065	Hamilton County, Tennessee	yes	11.0	-7.1514148174239764	-270.25644006105443
17572	53	Passenger car rental	47	532111	79	47079	Henry County, Tennessee	yes	1.0	2.875213483235291	74.62275443429708
17573	53	Passenger car rental	47	532111	93	47093	Knox County, Tennessee	no	13.666666666666666	81.0	2675.0
17574	53	Passenger car rental	47	532111	93	47093	Knox County, Tennessee	yes	15.333333333333334	-9.423106727721029	-400.8090407420453
17575	53	Passenger car rental	47	532111	99	47099	Lawrence County, Tennessee	yes	1.0	2.875213483235291	74.62275443429708
17576	53	Passenger car rental	47	532111	103	47103	Lincoln County, Tennessee	yes	1.0	-0.5209580838323353	-40.06586826347306
17577	53	Passenger car rental	47	532111	105	47105	Loudon County, Tennessee	yes	1.0	-0.48989080662205	-29.071169425854176
17578	53	Passenger car rental	47	532111	107	47107	McMinn County, Tennessee	yes	1.0	2.875213483235291	74.62275443429708
17579	53	Passenger car rental	47	532111	111	47111	Macon County, Tennessee	yes	1.0	2.875213483235291	74.62275443429708
17580	53	Passenger car rental	47	532111	113	47113	Madison County, Tennessee	yes	2.8333333333333335	8.702111037941167	226.88100840093045
17581	53	Passenger car rental	47	532111	115	47115	Marion County, Tennessee	yes	1.0	7.241545893719806	200.62439613526567
17582	53	Passenger car rental	47	532111	119	47119	Maury County, Tennessee	no	4.333333333333333	13.0	421.8333333333333
17583	53	Passenger car rental	47	532111	123	47123	Monroe County, Tennessee	yes	1.0	4.557765628163962	126.46971636437269
17584	53	Passenger car rental	47	532111	125	47125	Montgomery County, Tennessee	yes	5.166666666666667	14.28924106887107	366.43612746090656
17585	53	Passenger car rental	47	532111	131	47131	Obion County, Tennessee	no	3.0	14.333333333333334	266.3333333333333
17586	53	Passenger car rental	47	532111	131	47131	Obion County, Tennessee	yes	2.0	-1.2360220735000587	-52.637806739462256
17587	53	Passenger car rental	47	532111	141	47141	Putnam County, Tennessee	yes	2.0	5.750426966470582	149.24550886859416
17588	53	Passenger car rental	47	532111	143	47143	Rhea County, Tennessee	yes	1.0	7.241545893719806	200.62439613526567
17589	53	Passenger car rental	47	532111	147	47147	Robertson County, Tennessee	yes	1.0	3.6251064792835472	93.71017957265349
17590	53	Passenger car rental	47	532111	149	47149	Rutherford County, Tennessee	no	10.0	48.4	1437.2
17591	53	Passenger car rental	47	532111	149	47149	Rutherford County, Tennessee	yes	9.0	-4.688622754491018	-360.5928143712575
17592	53	Passenger car rental	47	532111	155	47155	Sevier County, Tennessee	no	4.0	18.0	440.0
17593	53	Passenger car rental	47	532111	155	47155	Sevier County, Tennessee	yes	3.0	2.0761418339791007	34.86580075143829
17594	53	Passenger car rental	47	532111	157	47157	Shelby County, Tennessee	no	38.333333333333336	495.3333333333333	13047.0
17595	53	Passenger car rental	47	532111	157	47157	Shelby County, Tennessee	yes	37.0	-22.236162968181286	-991.2256545732066
17596	53	Passenger car rental	47	532111	159	47159	Smith County, Tennessee	yes	1.0	2.875213483235291	74.62275443429708
17597	53	Passenger car rental	47	532111	163	47163	Sullivan County, Tennessee	no	7.0	66.83333333333333	1690.8333333333333
17598	53	Passenger car rental	47	532111	165	47165	Sumner County, Tennessee	no	5.0	25.0	952.0
17599	53	Passenger car rental	47	532111	165	47165	Sumner County, Tennessee	yes	4.8	12.720823383071878	325.90737627898505
17600	53	Passenger car rental	47	532111	167	47167	Tipton County, Tennessee	yes	1.0	2.875213483235291	74.62275443429708
17601	53	Passenger car rental	47	532111	177	47177	Warren County, Tennessee	yes	1.0	4.557765628163962	126.46971636437269
17602	53	Passenger car rental	47	532111	179	47179	Washington County, Tennessee	no	3.25	20.0	678.0
17603	53	Passenger car rental	47	532111	179	47179	Washington County, Tennessee	yes	3.5	-2.2290243043325115	-67.37449806269814
17604	53	Passenger car rental	47	532111	187	47187	Williamson County, Tennessee	no	9.0	52.666666666666664	1658.0
17605	53	Passenger car rental	47	532111	187	47187	Williamson County, Tennessee	yes	7.0	-4.326077257250205	-184.23232358811788
17606	53	Passenger car rental	47	532111	189	47189	Wilson County, Tennessee	yes	4.166666666666667	14.848369870092155	395.963613664969
17607	53	Recreational goods rental	47	532292	1	47001	Anderson County, Tennessee	yes	1.0	1.2703007518796992	64.31827067669174
17608	53	Recreational goods rental	47	532292	3	47003	Bedford County, Tennessee	yes	1.0	1.587875939849624	61.73994360902255
17609	53	Recreational goods rental	47	532292	9	47009	Blount County, Tennessee	yes	1.0	1.5457393483709272	56.79611528822054
17610	53	Recreational goods rental	47	532292	11	47011	Bradley County, Tennessee	yes	1.0	2.6466165413533833	178.4172932330827
17611	53	Recreational goods rental	47	532292	13	47013	Campbell County, Tennessee	yes	1.0	3.578947368421052	280.2631578947368
17612	53	Recreational goods rental	47	532292	21	47021	Cheatham County, Tennessee	no	3.0	1.0	253.0
17613	53	Recreational goods rental	47	532292	21	47021	Cheatham County, Tennessee	yes	2.0	3.8045112781954886	241.25939849624055
17614	53	Recreational goods rental	47	532292	25	47025	Claiborne County, Tennessee	yes	1.0	1.1607142857142856	59.667857142857144
17615	53	Recreational goods rental	47	532292	27	47027	Clay County, Tennessee	yes	1.0	1.1593045112781954	61.25498120300752
17616	53	Recreational goods rental	47	532292	29	47029	Cocke County, Tennessee	yes	1.0	1.6550751879699248	100.30908521303256
17617	53	Recreational goods rental	47	532292	37	47037	Davidson County, Tennessee	yes	1.2	1.6131578947368421	79.63255639097744
17618	53	Recreational goods rental	47	532292	41	47041	DeKalb County, Tennessee	yes	1.1666666666666667	2.0410401002506267	108.81785714285711
17619	53	Recreational goods rental	47	532292	65	47065	Hamilton County, Tennessee	no	5.0	15.333333333333334	822.6666666666666
17620	53	Recreational goods rental	47	532292	65	47065	Hamilton County, Tennessee	yes	2.6666666666666665	4.100250626566416	338.04511278195486
17621	53	Recreational goods rental	47	532292	85	47085	Humphreys County, Tennessee	yes	1.0	1.5457393483709272	56.79611528822054
17622	53	Recreational goods rental	47	532292	89	47089	Jefferson County, Tennessee	yes	1.5	2.4279448621553885	128.70714285714283
17623	53	Recreational goods rental	47	532292	93	47093	Knox County, Tennessee	yes	1.0	2.6466165413533833	178.4172932330827
17624	53	Recreational goods rental	47	532292	103	47103	Lincoln County, Tennessee	yes	1.1666666666666667	1.9407894736842104	113.07098997493733
17625	53	Recreational goods rental	47	532292	105	47105	Loudon County, Tennessee	yes	1.0	1.6550751879699248	100.30908521303256
17626	53	Recreational goods rental	47	532292	119	47119	Maury County, Tennessee	yes	1.8333333333333333	2.713659147869674	153.9076441102757
17627	53	Recreational goods rental	47	532292	125	47125	Montgomery County, Tennessee	yes	1.0	0.7738095238095237	64.65576441102756
17628	53	Recreational goods rental	47	532292	135	47135	Perry County, Tennessee	yes	1.3333333333333333	2.0419799498746865	120.19837092731827
17629	53	Recreational goods rental	47	532292	147	47147	Robertson County, Tennessee	yes	1.0	1.1607142857142856	59.667857142857144
17630	53	Recreational goods rental	47	532292	149	47149	Rutherford County, Tennessee	yes	1.0	3.578947368421052	280.2631578947368
17631	53	Recreational goods rental	47	532292	157	47157	Shelby County, Tennessee	yes	1.1666666666666667	2.2515664160401	147.01961152882203
17632	53	Recreational goods rental	47	532292	165	47165	Sumner County, Tennessee	yes	1.0	0.0	74.63157894736841
17633	53	Recreational goods rental	47	532292	179	47179	Washington County, Tennessee	yes	1.0	3.578947368421052	280.2631578947368
17634	53	Recreational goods rental	47	532292	187	47187	Williamson County, Tennessee	yes	1.0	3.578947368421052	280.2631578947368
17635	53	Residential property managers	47	531311	1	47001	Anderson County, Tennessee	no	3.8333333333333335	7.666666666666667	371.1666666666667
17636	53	Residential property managers	47	531311	3	47003	Bedford County, Tennessee	no	5.833333333333333	6.5	228.66666666666666
17637	53	Residential property managers	47	531311	5	47005	Benton County, Tennessee	yes	1.0	5.6737152153704855	148.2222969171538
17638	53	Residential property managers	47	531311	7	47007	Bledsoe County, Tennessee	yes	1.0	5.344520757020757	105.91437728937727
17639	53	Residential property managers	47	531311	9	47009	Blount County, Tennessee	no	7.0	14.166666666666666	643.3333333333334
17640	53	Residential property managers	47	531311	11	47011	Bradley County, Tennessee	no	5.0	34.333333333333336	864.6666666666666
17641	53	Residential property managers	47	531311	13	47013	Campbell County, Tennessee	no	3.0	3.4	165.0
17642	53	Residential property managers	47	531311	13	47013	Campbell County, Tennessee	yes	2.0	9.897435897435898	277.7435897435897
17643	53	Residential property managers	47	531311	17	47017	Carroll County, Tennessee	yes	2.0	11.347430430740971	296.4445938343076
17644	53	Residential property managers	47	531311	19	47019	Carter County, Tennessee	yes	1.5	8.408755217065757	242.9699296096434
17645	53	Residential property managers	47	531311	21	47021	Cheatham County, Tennessee	yes	1.0	5.818714668700993	150.09239732622558
17646	53	Residential property managers	47	531311	23	47023	Chester County, Tennessee	yes	1.5	8.408755217065757	242.9699296096434
17647	53	Residential property managers	47	531311	25	47025	Claiborne County, Tennessee	no	3.0	4.5	179.5
17648	53	Residential property managers	47	531311	29	47029	Cocke County, Tennessee	no	3.0	8.333333333333334	165.16666666666666
17649	53	Residential property managers	47	531311	31	47031	Coffee County, Tennessee	no	3.0	6.0	75.0
17650	53	Residential property managers	47	531311	31	47031	Coffee County, Tennessee	yes	1.5	7.656028693528693	155.52747252747253
17651	53	Residential property managers	47	531311	33	47033	Crockett County, Tennessee	yes	1.0	5.6737152153704855	148.2222969171538
17652	53	Residential property managers	47	531311	35	47035	Cumberland County, Tennessee	no	3.0	34.0	585.0
17653	53	Residential property managers	47	531311	35	47035	Cumberland County, Tennessee	yes	2.75	14.237728937728939	296.1597985347985
17654	53	Residential property managers	47	531311	37	47037	Davidson County, Tennessee	no	139.0	1550.3333333333333	66891.0
17655	53	Residential property managers	47	531311	39	47039	Decatur County, Tennessee	yes	1.0	5.6737152153704855	148.2222969171538
17656	53	Residential property managers	47	531311	41	47041	DeKalb County, Tennessee	no	3.3333333333333335	5.0	196.16666666666666
17657	53	Residential property managers	47	531311	43	47043	Dickson County, Tennessee	no	4.0	4.5	188.0
17658	53	Residential property managers	47	531311	43	47043	Dickson County, Tennessee	yes	2.0	12.664208264139884	465.67627234541374
17659	53	Residential property managers	47	531311	45	47045	Dyer County, Tennessee	yes	1.5	8.411942728598	195.6865826314395
17660	53	Residential property managers	47	531311	47	47047	Fayette County, Tennessee	yes	1.6666666666666667	9.236729053384325	218.83188177673864
17661	53	Residential property managers	47	531311	49	47049	Fentress County, Tennessee	yes	1.0	5.6737152153704855	148.2222969171538
17662	53	Residential property managers	47	531311	51	47051	Franklin County, Tennessee	yes	1.6666666666666667	9.325421883732423	258.9104058001196
17663	53	Residential property managers	47	531311	53	47053	Gibson County, Tennessee	yes	1.0	6.332104132069942	232.83813617270687
17664	53	Residential property managers	47	531311	55	47055	Giles County, Tennessee	yes	1.0	5.6737152153704855	148.2222969171538
17665	53	Residential property managers	47	531311	59	47059	Greene County, Tennessee	no	4.0	0.0	78.0
17666	53	Residential property managers	47	531311	59	47059	Greene County, Tennessee	yes	2.6	15.60693765689663	410.58671578820065
17667	53	Residential property managers	47	531311	61	47061	Grundy County, Tennessee	yes	1.0	6.332104132069942	232.83813617270687
17668	53	Residential property managers	47	531311	63	47063	Hamblen County, Tennessee	yes	2.0	11.347430430740971	296.4445938343076
17669	53	Residential property managers	47	531311	65	47065	Hamilton County, Tennessee	no	34.666666666666664	267.0	7314.5
17670	53	Residential property managers	47	531311	69	47069	Hardeman County, Tennessee	yes	2.0	11.347430430740971	296.4445938343076
17671	53	Residential property managers	47	531311	71	47071	Hardin County, Tennessee	yes	1.0	6.066025641025641	112.60256410256409
17672	53	Residential property managers	47	531311	75	47075	Haywood County, Tennessee	yes	1.0	5.6737152153704855	148.2222969171538
17673	53	Residential property managers	47	531311	79	47079	Henry County, Tennessee	yes	1.5	8.408755217065757	242.9699296096434
17674	53	Residential property managers	47	531311	81	47081	Hickman County, Tennessee	yes	1.0	5.6737152153704855	148.2222969171538
17675	53	Residential property managers	47	531311	85	47085	Humphreys County, Tennessee	yes	1.0	5.6737152153704855	148.2222969171538
17676	53	Residential property managers	47	531311	89	47089	Jefferson County, Tennessee	no	3.0	8.0	250.0
17677	53	Residential property managers	47	531311	89	47089	Jefferson County, Tennessee	yes	2.0	10.689041514041515	211.82875457875454
17678	53	Residential property managers	47	531311	91	47091	Johnson County, Tennessee	yes	1.6666666666666667	9.325421883732423	258.9104058001196
17679	53	Residential property managers	47	531311	93	47093	Knox County, Tennessee	no	69.0	828.1666666666666	28432.833333333332
17680	53	Residential property managers	47	531311	97	47097	Lauderdale County, Tennessee	yes	2.0	11.347430430740971	296.4445938343076
17681	53	Residential property managers	47	531311	99	47099	Lawrence County, Tennessee	yes	2.3333333333333335	13.46131931962986	326.7739589136727
17682	53	Residential property managers	47	531311	103	47103	Lincoln County, Tennessee	yes	2.1666666666666665	11.971769055079596	313.5795144692282
17683	53	Residential property managers	47	531311	105	47105	Loudon County, Tennessee	no	7.6	32.0	1593.2
17684	53	Residential property managers	47	531311	105	47105	Loudon County, Tennessee	yes	6.0	29.692307692307693	833.2307692307693
17685	53	Residential property managers	47	531311	107	47107	McMinn County, Tennessee	yes	1.0	5.870975404285944	201.5160224057362
17686	53	Residential property managers	47	531311	111	47111	Macon County, Tennessee	yes	1.0	5.344520757020757	105.91437728937727
17687	53	Residential property managers	47	531311	113	47113	Madison County, Tennessee	no	15.5	101.33333333333333	2890.3333333333335
17688	53	Residential property managers	47	531311	117	47117	Marshall County, Tennessee	yes	1.0	5.877350427350428	106.94932844932843
17689	53	Residential property managers	47	531311	119	47119	Maury County, Tennessee	no	5.4	22.6	753.4
17690	53	Residential property managers	47	531311	119	47119	Maury County, Tennessee	yes	5.0	24.74358974358974	694.3589743589743
17691	53	Residential property managers	47	531311	123	47123	Monroe County, Tennessee	no	4.5	18.5	596.0
17692	53	Residential property managers	47	531311	123	47123	Monroe County, Tennessee	yes	3.0	18.730233905165527	578.2788364479778
17693	53	Residential property managers	47	531311	125	47125	Montgomery County, Tennessee	no	31.5	193.5	5219.5
17694	53	Residential property managers	47	531311	131	47131	Obion County, Tennessee	yes	2.0	11.347430430740971	296.4445938343076
17695	53	Residential property managers	47	531311	139	47139	Polk County, Tennessee	yes	1.0	5.6737152153704855	148.2222969171538
17696	53	Residential property managers	47	531311	141	47141	Putnam County, Tennessee	no	3.0	11.0	202.0
17697	53	Residential property managers	47	531311	141	47141	Putnam County, Tennessee	yes	2.0	10.585388685388686	218.67643467643464
17698	53	Residential property managers	47	531311	143	47143	Rhea County, Tennessee	no	3.0	4.0	544.0
17699	53	Residential property managers	47	531311	143	47143	Rhea County, Tennessee	yes	2.0	10.940160006781086	378.9905307699584
17700	53	Residential property managers	47	531311	145	47145	Roane County, Tennessee	yes	1.5	8.408755217065757	242.9699296096434
17701	53	Residential property managers	47	531311	147	47147	Robertson County, Tennessee	no	3.0	7.25	170.0
17702	53	Residential property managers	47	531311	147	47147	Robertson County, Tennessee	yes	2.5	14.606410256410257	294.64102564102564
17703	53	Residential property managers	47	531311	149	47149	Rutherford County, Tennessee	no	32.0	207.0	8091.5
17704	53	Residential property managers	47	531311	155	47155	Sevier County, Tennessee	no	27.333333333333332	382.3333333333333	10961.833333333334
17705	53	Residential property managers	47	531311	157	47157	Shelby County, Tennessee	no	133.33333333333334	1435.0	60538.666666666664
17706	53	Residential property managers	47	531311	163	47163	Sullivan County, Tennessee	no	7.833333333333333	12.333333333333334	537.5
17707	53	Residential property managers	47	531311	165	47165	Sumner County, Tennessee	no	19.5	64.5	2819.3333333333335
17708	53	Residential property managers	47	531311	167	47167	Tipton County, Tennessee	yes	2.0	11.347430430740971	296.4445938343076
17709	53	Residential property managers	47	531311	175	47175	Van Buren County, Tennessee	yes	1.0	5.344520757020757	105.91437728937727
17710	53	Residential property managers	47	531311	177	47177	Warren County, Tennessee	no	3.8333333333333335	5.833333333333333	227.33333333333334
17711	53	Residential property managers	47	531311	179	47179	Washington County, Tennessee	no	11.2	57.6	2690.4
17712	53	Residential property managers	47	531311	179	47179	Washington County, Tennessee	yes	8.0	39.58974358974359	1110.974358974359
17713	53	Residential property managers	47	531311	183	47183	Weakley County, Tennessee	yes	3.0	17.02114564611146	444.6668907514615
17714	53	Residential property managers	47	531311	185	47185	White County, Tennessee	yes	1.0	5.6737152153704855	148.2222969171538
17715	53	Residential property managers	47	531311	187	47187	Williamson County, Tennessee	no	35.5	261.5	11186.166666666666
17716	53	Residential property managers	47	531311	189	47189	Wilson County, Tennessee	no	13.333333333333334	174.16666666666666	4298.166666666667
17717	53	Truck, utility trailer, and RV (recreational vehicle) rental and leasing	47	532120	3	47003	Bedford County, Tennessee	yes	1.0	7.35000700909053	240.0523316727863
17718	53	Truck, utility trailer, and RV (recreational vehicle) rental and leasing	47	532120	9	47009	Blount County, Tennessee	yes	1.0	7.35000700909053	240.0523316727863
17719	53	Truck, utility trailer, and RV (recreational vehicle) rental and leasing	47	532120	11	47011	Bradley County, Tennessee	yes	2.3333333333333335	17.02991984839848	582.525276834009
17720	53	Truck, utility trailer, and RV (recreational vehicle) rental and leasing	47	532120	13	47013	Campbell County, Tennessee	yes	1.0	7.35000700909053	240.0523316727863
17721	53	Truck, utility trailer, and RV (recreational vehicle) rental and leasing	47	532120	21	47021	Cheatham County, Tennessee	yes	1.8333333333333333	12.682470158531936	450.49940018767785
17722	53	Truck, utility trailer, and RV (recreational vehicle) rental and leasing	47	532120	31	47031	Coffee County, Tennessee	yes	1.0	7.35000700909053	240.0523316727863
17723	53	Truck, utility trailer, and RV (recreational vehicle) rental and leasing	47	532120	37	47037	Davidson County, Tennessee	no	28.166666666666668	336.1666666666667	18461.666666666668
17724	53	Truck, utility trailer, and RV (recreational vehicle) rental and leasing	47	532120	47	47047	Fayette County, Tennessee	yes	1.0	8.052548036758564	198.11528822055138
17725	53	Truck, utility trailer, and RV (recreational vehicle) rental and leasing	47	532120	51	47051	Franklin County, Tennessee	yes	1.3333333333333333	9.679912839307953	342.47294516122275
17726	53	Truck, utility trailer, and RV (recreational vehicle) rental and leasing	47	532120	53	47053	Gibson County, Tennessee	yes	1.1666666666666667	9.367550868739652	269.65759483068103
17727	53	Truck, utility trailer, and RV (recreational vehicle) rental and leasing	47	532120	59	47059	Greene County, Tennessee	yes	1.6666666666666667	11.834851110912892	416.81368590196354
17728	53	Truck, utility trailer, and RV (recreational vehicle) rental and leasing	47	532120	63	47063	Hamblen County, Tennessee	no	3.0	9.5	584.25
17729	53	Truck, utility trailer, and RV (recreational vehicle) rental and leasing	47	532120	63	47063	Hamblen County, Tennessee	yes	2.0	17.19097744360902	379.7458646616541
17730	53	Truck, utility trailer, and RV (recreational vehicle) rental and leasing	47	532120	65	47065	Hamilton County, Tennessee	no	12.5	146.16666666666666	6667.5
17731	53	Truck, utility trailer, and RV (recreational vehicle) rental and leasing	47	532120	89	47089	Jefferson County, Tennessee	yes	1.0	12.105263157894736	177.6315789473684
17732	53	Truck, utility trailer, and RV (recreational vehicle) rental and leasing	47	532120	93	47093	Knox County, Tennessee	no	27.333333333333332	207.0	8244.0
17733	53	Truck, utility trailer, and RV (recreational vehicle) rental and leasing	47	532120	105	47105	Loudon County, Tennessee	yes	1.0	7.35000700909053	240.0523316727863
17734	53	Truck, utility trailer, and RV (recreational vehicle) rental and leasing	47	532120	107	47107	McMinn County, Tennessee	yes	1.0	6.39895577932969	252.5364822178698
17735	53	Truck, utility trailer, and RV (recreational vehicle) rental and leasing	47	532120	113	47113	Madison County, Tennessee	no	4.5	30.0	1040.5
17736	53	Truck, utility trailer, and RV (recreational vehicle) rental and leasing	47	532120	119	47119	Maury County, Tennessee	no	4.0	16.6	1014.8
17737	53	Truck, utility trailer, and RV (recreational vehicle) rental and leasing	47	532120	119	47119	Maury County, Tennessee	yes	3.0	36.315789473684205	532.8947368421052
17738	53	Truck, utility trailer, and RV (recreational vehicle) rental and leasing	47	532120	121	47121	Meigs County, Tennessee	yes	1.0	8.59548872180451	189.87293233082704
17739	53	Truck, utility trailer, and RV (recreational vehicle) rental and leasing	47	532120	125	47125	Montgomery County, Tennessee	no	3.0	21.0	682.8333333333334
17740	53	Truck, utility trailer, and RV (recreational vehicle) rental and leasing	47	532120	131	47131	Obion County, Tennessee	yes	1.0	6.989717490652264	307.26184046530955
17741	53	Truck, utility trailer, and RV (recreational vehicle) rental and leasing	47	532120	141	47141	Putnam County, Tennessee	yes	3.3333333333333335	24.37992685748901	822.5776085067952
17742	53	Truck, utility trailer, and RV (recreational vehicle) rental and leasing	47	532120	147	47147	Robertson County, Tennessee	yes	1.5	10.67373999980178	381.04701923529683
17743	53	Truck, utility trailer, and RV (recreational vehicle) rental and leasing	47	532120	149	47149	Rutherford County, Tennessee	no	10.0	92.33333333333333	4915.833333333333
17744	53	Truck, utility trailer, and RV (recreational vehicle) rental and leasing	47	532120	151	47151	Scott County, Tennessee	yes	1.0	6.647465981422497	281.9893751250211
17745	53	Truck, utility trailer, and RV (recreational vehicle) rental and leasing	47	532120	153	47153	Sequatchie County, Tennessee	yes	1.0	6.989717490652264	307.26184046530955
17746	53	Truck, utility trailer, and RV (recreational vehicle) rental and leasing	47	532120	157	47157	Shelby County, Tennessee	no	31.166666666666668	306.8333333333333	12297.833333333334
17747	53	Truck, utility trailer, and RV (recreational vehicle) rental and leasing	47	532120	163	47163	Sullivan County, Tennessee	yes	2.3333333333333335	17.02991984839848	582.525276834009
17748	53	Truck, utility trailer, and RV (recreational vehicle) rental and leasing	47	532120	165	47165	Sumner County, Tennessee	no	3.0	19.0	707.0
17749	53	Truck, utility trailer, and RV (recreational vehicle) rental and leasing	47	532120	165	47165	Sumner County, Tennessee	yes	2.25	16.551044277360067	470.75626566416037
17750	53	Truck, utility trailer, and RV (recreational vehicle) rental and leasing	47	532120	173	47173	Union County, Tennessee	yes	1.0	8.59548872180451	189.87293233082704
17751	53	Truck, utility trailer, and RV (recreational vehicle) rental and leasing	47	532120	179	47179	Washington County, Tennessee	no	4.0	24.333333333333332	951.3333333333334
17752	53	Truck, utility trailer, and RV (recreational vehicle) rental and leasing	47	532120	179	47179	Washington County, Tennessee	yes	4.0	32.210192147034256	792.4611528822055
17753	53	Truck, utility trailer, and RV (recreational vehicle) rental and leasing	47	532120	187	47187	Williamson County, Tennessee	yes	2.5	20.431469925641164	535.9522202832012
17754	53	Truck, utility trailer, and RV (recreational vehicle) rental and leasing	47	532120	189	47189	Wilson County, Tennessee	no	3.8	26.0	1428.6
17755	53	Truck, utility trailer, and RV (recreational vehicle) rental and leasing	47	532120	189	47189	Wilson County, Tennessee	yes	2.0	10.17142857142857	404.2285714285714
17756	53	Video tape and disc rental	47	532230	3	47003	Bedford County, Tennessee	yes	1.0	5.4263826191299955	61.47564004170076
17757	53	Video tape and disc rental	47	532230	9	47009	Blount County, Tennessee	yes	1.5	9.223214285714285	88.33009834368531
17758	53	Video tape and disc rental	47	532230	11	47011	Bradley County, Tennessee	yes	1.0	6.223214285714286	61.21415631469979
17759	53	Video tape and disc rental	47	532230	19	47019	Carter County, Tennessee	yes	1.0	5.027966785837851	61.606381905201246
17760	53	Video tape and disc rental	47	532230	21	47021	Cheatham County, Tennessee	yes	1.5	8.305385082184182	92.00966915809495
17761	53	Video tape and disc rental	47	532230	23	47023	Chester County, Tennessee	yes	1.0	5.4263826191299955	61.47564004170076
17762	53	Video tape and disc rental	47	532230	25	47025	Claiborne County, Tennessee	yes	1.0	5.4263826191299955	61.47564004170076
17763	53	Video tape and disc rental	47	532230	29	47029	Cocke County, Tennessee	no	3.1666666666666665	40.666666666666664	413.5
17764	53	Video tape and disc rental	47	532230	31	47031	Coffee County, Tennessee	yes	1.0	5.4263826191299955	61.47564004170076
17765	53	Video tape and disc rental	47	532230	35	47035	Cumberland County, Tennessee	yes	1.0	6.0	54.231884057971016
17766	53	Video tape and disc rental	47	532230	37	47037	Davidson County, Tennessee	yes	2.0	10.852765238259991	122.95128008340151
17767	53	Video tape and disc rental	47	532230	39	47039	Decatur County, Tennessee	yes	1.0	5.7580049261083746	61.06805823278837
17768	53	Video tape and disc rental	47	532230	41	47041	DeKalb County, Tennessee	yes	1.0	6.0	54.231884057971016
17769	53	Video tape and disc rental	47	532230	45	47045	Dyer County, Tennessee	yes	1.0	6.0	54.231884057971016
17770	53	Video tape and disc rental	47	532230	51	47051	Franklin County, Tennessee	yes	1.1666666666666667	6.4263826191299955	70.51428738469593
17771	53	Video tape and disc rental	47	532230	53	47053	Gibson County, Tennessee	yes	1.0	5.520426771504358	60.82027444382204
17772	53	Video tape and disc rental	47	532230	59	47059	Greene County, Tennessee	yes	1.0	5.4263826191299955	61.47564004170076
17773	53	Video tape and disc rental	47	532230	63	47063	Hamblen County, Tennessee	yes	1.0	6.223214285714286	61.21415631469979
17774	53	Video tape and disc rental	47	532230	65	47065	Hamilton County, Tennessee	yes	2.0	12.223214285714285	115.44604037267081
17775	53	Video tape and disc rental	47	532230	71	47071	Hardin County, Tennessee	yes	1.0	5.4263826191299955	61.47564004170076
17776	53	Video tape and disc rental	47	532230	73	47073	Hawkins County, Tennessee	yes	1.0	5.4263826191299955	61.47564004170076
17777	53	Video tape and disc rental	47	532230	77	47077	Henderson County, Tennessee	yes	1.0	5.4263826191299955	61.47564004170076
17778	53	Video tape and disc rental	47	532230	79	47079	Henry County, Tennessee	yes	1.0	5.4263826191299955	61.47564004170076
17779	53	Video tape and disc rental	47	532230	85	47085	Humphreys County, Tennessee	no	3.0	12.0	129.0
17780	53	Video tape and disc rental	47	532230	85	47085	Humphreys County, Tennessee	yes	1.5	7.4367864144850655	91.81957819167339
17781	53	Video tape and disc rental	47	532230	91	47091	Johnson County, Tennessee	yes	1.6666666666666667	9.106667133466233	102.02248967091548
17782	53	Video tape and disc rental	47	532230	93	47093	Knox County, Tennessee	no	3.75	21.0	252.0
17783	53	Video tape and disc rental	47	532230	93	47093	Knox County, Tennessee	yes	3.0	16.911022167487683	193.45843596059112
17784	53	Video tape and disc rental	47	532230	99	47099	Lawrence County, Tennessee	yes	1.0	5.4263826191299955	61.47564004170076
17785	53	Video tape and disc rental	47	532230	103	47103	Lincoln County, Tennessee	yes	1.0	5.4263826191299955	61.47564004170076
17786	53	Video tape and disc rental	47	532230	107	47107	McMinn County, Tennessee	no	3.0	13.0	146.0
17787	53	Video tape and disc rental	47	532230	107	47107	McMinn County, Tennessee	yes	1.6	8.855747812906733	102.35813508081124
17788	53	Video tape and disc rental	47	532230	109	47109	McNairy County, Tennessee	yes	1.0	5.7580049261083746	61.06805823278837
17789	53	Video tape and disc rental	47	532230	111	47111	Macon County, Tennessee	yes	2.0	10.852765238259991	122.95128008340151
17790	53	Video tape and disc rental	47	532230	113	47113	Madison County, Tennessee	yes	1.0	6.0	54.231884057971016
17791	53	Video tape and disc rental	47	532230	117	47117	Marshall County, Tennessee	yes	1.0	6.0	54.231884057971016
17792	53	Video tape and disc rental	47	532230	119	47119	Maury County, Tennessee	yes	1.8333333333333333	10.106667133466233	111.06113701391064
17793	53	Video tape and disc rental	47	532230	121	47121	Meigs County, Tennessee	yes	1.0	6.0	54.231884057971016
17794	53	Video tape and disc rental	47	532230	123	47123	Monroe County, Tennessee	yes	1.0	5.4263826191299955	61.47564004170076
17795	53	Video tape and disc rental	47	532230	131	47131	Obion County, Tennessee	yes	1.0	5.4263826191299955	61.47564004170076
17796	53	Video tape and disc rental	47	532230	141	47141	Putnam County, Tennessee	yes	1.3333333333333333	7.4263826191299955	79.5529347276911
17797	53	Video tape and disc rental	47	532230	143	47143	Rhea County, Tennessee	yes	1.0	5.027966785837851	61.606381905201246
17798	53	Video tape and disc rental	47	532230	147	47147	Robertson County, Tennessee	yes	2.0	10.852765238259991	122.95128008340151
17799	53	Video tape and disc rental	47	532230	149	47149	Rutherford County, Tennessee	yes	1.1666666666666667	6.4263826191299955	70.51428738469593
17800	53	Video tape and disc rental	47	532230	151	47151	Scott County, Tennessee	yes	1.0	6.223214285714286	61.21415631469979
17801	53	Video tape and disc rental	47	532230	155	47155	Sevier County, Tennessee	yes	1.6666666666666667	9.57519214293952	102.28507758483397
17802	53	Video tape and disc rental	47	532230	157	47157	Shelby County, Tennessee	yes	1.0	4.807692307692308	60.07692307692308
17803	53	Video tape and disc rental	47	532230	159	47159	Smith County, Tennessee	yes	1.0	5.4263826191299955	61.47564004170076
17804	53	Video tape and disc rental	47	532230	161	47161	Stewart County, Tennessee	yes	1.0	5.4263826191299955	61.47564004170076
17805	53	Video tape and disc rental	47	532230	163	47163	Sullivan County, Tennessee	yes	3.0	15.667120286010839	180.3944470072656
17806	53	Video tape and disc rental	47	532230	165	47165	Sumner County, Tennessee	yes	3.0	16.279147857389987	184.42692012510233
17807	53	Video tape and disc rental	47	532230	171	47171	Unicoi County, Tennessee	yes	1.0	5.4263826191299955	61.47564004170076
17808	53	Video tape and disc rental	47	532230	179	47179	Washington County, Tennessee	yes	2.6666666666666665	14.130338333580463	161.69477726795944
17809	53	Video tape and disc rental	47	532230	181	47181	Wayne County, Tennessee	yes	1.0	5.222373428670281	60.131482335755194
17810	53	Video tape and disc rental	47	532230	185	47185	White County, Tennessee	yes	1.0	6.0	54.231884057971016
17811	53	Video tape and disc rental	47	532230	187	47187	Williamson County, Tennessee	no	3.0	1.0	22.0
17812	53	Video tape and disc rental	47	532230	187	47187	Williamson County, Tennessee	yes	1.6	8.52800056015948	100.73423398191014
17813	53	Video tape and disc rental	47	532230	189	47189	Wilson County, Tennessee	yes	2.0	10.852765238259991	122.95128008340151
17814	54	Administrative management and general management consulting services	47	541611	1	47001	Anderson County, Tennessee	no	18.0	317.1666666666667	23208.333333333332
17815	54	Administrative management and general management consulting services	47	541611	3	47003	Bedford County, Tennessee	no	3.0	2.0	238.5
17816	54	Administrative management and general management consulting services	47	541611	3	47003	Bedford County, Tennessee	yes	1.5	31.748966177342748	2916.9323862316314
17817	54	Administrative management and general management consulting services	47	541611	9	47009	Blount County, Tennessee	no	11.5	11.0	2269.5
17818	54	Administrative management and general management consulting services	47	541611	9	47009	Blount County, Tennessee	yes	11.5	454.30115186664716	44408.53507302976
17819	54	Administrative management and general management consulting services	47	541611	11	47011	Bradley County, Tennessee	no	13.0	47.5	4952.333333333333
17820	54	Administrative management and general management consulting services	47	541611	13	47013	Campbell County, Tennessee	yes	1.6666666666666667	54.84886306433901	4927.070396540986
17821	54	Administrative management and general management consulting services	47	541611	17	47017	Carroll County, Tennessee	yes	2.3333333333333335	46.243485128407634	2781.8010163547556
17822	54	Administrative management and general management consulting services	47	541611	19	47019	Carter County, Tennessee	no	4.0	19.0	989.0
17823	54	Administrative management and general management consulting services	47	541611	19	47019	Carter County, Tennessee	yes	1.5	54.64607341427795	5086.254120623274
17824	54	Administrative management and general management consulting services	47	541611	21	47021	Cheatham County, Tennessee	yes	2.4	85.08609596778398	8617.387384459546
17825	54	Administrative management and general management consulting services	47	541611	25	47025	Claiborne County, Tennessee	yes	2.0	53.82406940744474	5536.008495932032
17826	54	Administrative management and general management consulting services	47	541611	29	47029	Cocke County, Tennessee	yes	1.5	15.120921770770163	431.94451182534874
17827	54	Administrative management and general management consulting services	47	541611	31	47031	Coffee County, Tennessee	no	3.3333333333333335	5.166666666666667	220.0
17828	54	Administrative management and general management consulting services	47	541611	33	47033	Crockett County, Tennessee	yes	1.3333333333333333	37.76902476511435	3590.3969182736405
17829	54	Administrative management and general management consulting services	47	541611	35	47035	Cumberland County, Tennessee	no	3.25	2.5	197.25
17830	54	Administrative management and general management consulting services	47	541611	35	47035	Cumberland County, Tennessee	yes	2.5	77.13965475905059	5447.367477823063
17831	54	Administrative management and general management consulting services	47	541611	37	47037	Davidson County, Tennessee	no	155.66666666666666	1262.1666666666667	101887.33333333333
17832	54	Administrative management and general management consulting services	47	541611	39	47039	Decatur County, Tennessee	yes	1.0	26.91203470372237	2768.004247966016
17833	54	Administrative management and general management consulting services	47	541611	41	47041	DeKalb County, Tennessee	yes	2.0	19.347725894481506	595.7125530624621
17834	54	Administrative management and general management consulting services	47	541611	43	47043	Dickson County, Tennessee	no	5.333333333333333	6.5	372.5
17835	54	Administrative management and general management consulting services	47	541611	45	47045	Dyer County, Tennessee	no	3.0	3.75	416.25
17836	54	Administrative management and general management consulting services	47	541611	45	47045	Dyer County, Tennessee	yes	3.0	81.36645888276193	5611.135519060177
17837	54	Administrative management and general management consulting services	47	541611	47	47047	Fayette County, Tennessee	no	3.0	5.0	328.0
17838	54	Administrative management and general management consulting services	47	541611	47	47047	Fayette County, Tennessee	yes	1.75	57.36960282604265	5153.298238270332
17839	54	Administrative management and general management consulting services	47	541611	49	47049	Fentress County, Tennessee	no	3.0	0.0	58.0
17840	54	Administrative management and general management consulting services	47	541611	49	47049	Fentress County, Tennessee	yes	1.6	46.93020742463282	4918.118322778409
17841	54	Administrative management and general management consulting services	47	541611	51	47051	Franklin County, Tennessee	no	3.6666666666666665	4.333333333333333	164.0
17842	54	Administrative management and general management consulting services	47	541611	51	47051	Franklin County, Tennessee	yes	2.0	43.42561571260007	2672.62232219668
17843	54	Administrative management and general management consulting services	47	541611	53	47053	Gibson County, Tennessee	yes	2.1666666666666665	59.412379335590266	5380.153749667976
17844	54	Administrative management and general management consulting services	47	541611	55	47055	Giles County, Tennessee	yes	1.0	8.45360824742268	327.5360824742268
17845	54	Administrative management and general management consulting services	47	541611	59	47059	Greene County, Tennessee	no	3.6666666666666665	3.6666666666666665	277.6666666666667
17846	54	Administrative management and general management consulting services	47	541611	59	47059	Greene County, Tennessee	yes	1.6666666666666667	28.83547411620707	2113.5126358989123
17847	54	Administrative management and general management consulting services	47	541611	63	47063	Hamblen County, Tennessee	yes	1.6666666666666667	53.82524167392868	5844.482675448941
17848	54	Administrative management and general management consulting services	47	541611	65	47065	Hamilton County, Tennessee	no	53.0	325.5	22644.666666666668
17849	54	Administrative management and general management consulting services	47	541611	69	47069	Hardeman County, Tennessee	yes	1.0	28.798346530540233	2667.728835618302
17850	54	Administrative management and general management consulting services	47	541611	71	47071	Hardin County, Tennessee	yes	1.6666666666666667	46.73970299968848	4513.065000928979
17851	54	Administrative management and general management consulting services	47	541611	73	47073	Hawkins County, Tennessee	no	3.0	3.0	260.0
17852	54	Administrative management and general management consulting services	47	541611	73	47073	Hawkins County, Tennessee	yes	1.0	32.379192307236515	3147.6393086243156
17853	54	Administrative management and general management consulting services	47	541611	75	47075	Haywood County, Tennessee	yes	1.0	8.45360824742268	327.5360824742268
17854	54	Administrative management and general management consulting services	47	541611	79	47079	Henry County, Tennessee	yes	1.0	28.798346530540233	2667.728835618302
17855	54	Administrative management and general management consulting services	47	541611	89	47089	Jefferson County, Tennessee	no	3.0	1.0	75.0
17856	54	Administrative management and general management consulting services	47	541611	89	47089	Jefferson County, Tennessee	yes	1.6	43.71545201164164	3698.834281078329
17857	54	Administrative management and general management consulting services	47	541611	91	47091	Johnson County, Tennessee	yes	3.0	86.39503959162069	8003.186506854906
17858	54	Administrative management and general management consulting services	47	541611	93	47093	Knox County, Tennessee	no	75.83333333333333	407.5	28168.5
17859	54	Administrative management and general management consulting services	47	541611	97	47097	Lauderdale County, Tennessee	yes	1.0	28.798346530540233	2667.728835618302
17860	54	Administrative management and general management consulting services	47	541611	99	47099	Lawrence County, Tennessee	yes	1.0	36.02396404291261	3400.7293490631814
17861	54	Administrative management and general management consulting services	47	541611	101	47101	Lewis County, Tennessee	yes	2.0	57.596693061080465	5335.457671236604
17862	54	Administrative management and general management consulting services	47	541611	103	47103	Lincoln County, Tennessee	no	3.0	3.0	250.5
17863	54	Administrative management and general management consulting services	47	541611	103	47103	Lincoln County, Tennessee	yes	2.0	36.58589765096312	3065.8605244972473
17864	54	Administrative management and general management consulting services	47	541611	105	47105	Loudon County, Tennessee	no	9.0	129.0	4580.0
17865	54	Administrative management and general management consulting services	47	541611	105	47105	Loudon County, Tennessee	yes	4.8	131.80255252061076	10366.530327567689
17866	54	Administrative management and general management consulting services	47	541611	107	47107	McMinn County, Tennessee	yes	1.5	15.120921770770163	431.94451182534874
17867	54	Administrative management and general management consulting services	47	541611	109	47109	McNairy County, Tennessee	yes	2.0	76.72117664437994	7705.330230323675
17868	54	Administrative management and general management consulting services	47	541611	113	47113	Madison County, Tennessee	no	7.4	15.0	633.0
17869	54	Administrative management and general management consulting services	47	541611	113	47113	Madison County, Tennessee	yes	6.0	50.72164948453609	1965.2164948453608
17870	54	Administrative management and general management consulting services	47	541611	115	47115	Marion County, Tennessee	yes	1.4	43.63210806865269	4242.969085433524
17871	54	Administrative management and general management consulting services	47	541611	117	47117	Marshall County, Tennessee	yes	1.6666666666666667	48.62601482650635	4412.789588581264
17872	54	Administrative management and general management consulting services	47	541611	119	47119	Maury County, Tennessee	no	5.0	6.0	1273.0
17873	54	Administrative management and general management consulting services	47	541611	123	47123	Monroe County, Tennessee	yes	1.5	45.400807710850785	4159.2670733124005
17874	54	Administrative management and general management consulting services	47	541611	125	47125	Montgomery County, Tennessee	no	9.833333333333334	79.5	2698.8333333333335
17875	54	Administrative management and general management consulting services	47	541611	129	47129	Morgan County, Tennessee	yes	1.0	29.741502443949166	2617.5911294444445
17876	54	Administrative management and general management consulting services	47	541611	131	47131	Obion County, Tennessee	yes	2.0	16.90721649484536	655.0721649484536
17877	54	Administrative management and general management consulting services	47	541611	133	47133	Overton County, Tennessee	yes	1.6666666666666667	54.37207207866688	5236.172245726194
17878	54	Administrative management and general management consulting services	47	541611	139	47139	Polk County, Tennessee	yes	1.0	9.673862947240753	297.85627653123106
17879	54	Administrative management and general management consulting services	47	541611	141	47141	Putnam County, Tennessee	no	3.6666666666666665	32.0	1616.3333333333333
17880	54	Administrative management and general management consulting services	47	541611	141	47141	Putnam County, Tennessee	yes	2.3333333333333335	77.30630690126891	6851.277780398446
17881	54	Administrative management and general management consulting services	47	541611	143	47143	Rhea County, Tennessee	no	3.0	2.0	243.0
17882	54	Administrative management and general management consulting services	47	541611	143	47143	Rhea County, Tennessee	yes	3.0	76.19962890529368	7555.891250086352
17883	54	Administrative management and general management consulting services	47	541611	145	47145	Roane County, Tennessee	no	5.2	7.2	566.0
17884	54	Administrative management and general management consulting services	47	541611	145	47145	Roane County, Tennessee	yes	7.0	320.5348837209303	23892.54651162791
17885	54	Administrative management and general management consulting services	47	541611	147	47147	Robertson County, Tennessee	yes	1.5	46.81032855199654	4368.093510149892
17886	54	Administrative management and general management consulting services	47	541611	149	47149	Rutherford County, Tennessee	no	17.25	86.5	5909.75
17887	54	Administrative management and general management consulting services	47	541611	149	47149	Rutherford County, Tennessee	yes	13.0	126.98047301394784	3842.451788963008
17888	54	Administrative management and general management consulting services	47	541611	153	47153	Sequatchie County, Tennessee	yes	1.3333333333333333	37.76902476511435	3590.3969182736405
17889	54	Administrative management and general management consulting services	47	541611	155	47155	Sevier County, Tennessee	no	8.0	34.666666666666664	5669.666666666667
17890	54	Administrative management and general management consulting services	47	541611	155	47155	Sevier County, Tennessee	yes	7.0	140.33049175606595	11876.546403628769
17891	54	Administrative management and general management consulting services	47	541611	157	47157	Shelby County, Tennessee	no	104.5	600.8333333333334	52517.0
17892	54	Administrative management and general management consulting services	47	541611	163	47163	Sullivan County, Tennessee	no	13.0	34.166666666666664	2440.8333333333335
17893	54	Administrative management and general management consulting services	47	541611	165	47165	Sumner County, Tennessee	no	17.166666666666668	68.33333333333333	17111.5
17894	54	Administrative management and general management consulting services	47	541611	167	47167	Tipton County, Tennessee	yes	1.0	28.798346530540233	2667.728835618302
17895	54	Administrative management and general management consulting services	47	541611	171	47171	Unicoi County, Tennessee	yes	1.0	28.798346530540233	2667.728835618302
17896	54	Administrative management and general management consulting services	47	541611	177	47177	Warren County, Tennessee	no	3.0	6.0	165.0
17897	54	Administrative management and general management consulting services	47	541611	177	47177	Warren County, Tennessee	yes	2.6	60.61268190431796	4619.763488349826
17898	54	Administrative management and general management consulting services	47	541611	179	47179	Washington County, Tennessee	no	15.0	79.4	6598.4
17899	54	Administrative management and general management consulting services	47	541611	179	47179	Washington County, Tennessee	yes	17.0	143.71134020618555	5568.113402061856
17900	54	Administrative management and general management consulting services	47	541611	181	47181	Wayne County, Tennessee	yes	1.0	35.88388520478043	3999.1465101382637
17901	54	Administrative management and general management consulting services	47	541611	183	47183	Weakley County, Tennessee	yes	1.0	26.91203470372237	2768.004247966016
17902	54	Administrative management and general management consulting services	47	541611	185	47185	White County, Tennessee	yes	1.0	28.798346530540233	2667.728835618302
17903	54	Administrative management and general management consulting services	47	541611	187	47187	Williamson County, Tennessee	no	100.5	1605.1666666666667	134444.5
17904	54	Administrative management and general management consulting services	47	541611	189	47189	Wilson County, Tennessee	no	14.833333333333334	13.166666666666666	1665.5
17905	54	Advertising agencies	47	541810	9	47009	Blount County, Tennessee	yes	1.1666666666666667	6.275954372190931	310.0844541161745
17906	54	Advertising agencies	47	541810	11	47011	Bradley County, Tennessee	yes	1.0	5.504349433919326	283.3684047334585
17907	54	Advertising agencies	47	541810	15	47015	Cannon County, Tennessee	yes	1.0	5.679293394777266	307.98282642089094
17908	54	Advertising agencies	47	541810	31	47031	Coffee County, Tennessee	yes	1.0	3.914285714285714	160.46190476190475
17909	54	Advertising agencies	47	541810	37	47037	Davidson County, Tennessee	no	54.0	657.3333333333334	45695.666666666664
17910	54	Advertising agencies	47	541810	45	47045	Dyer County, Tennessee	yes	1.0	5.504349433919326	283.3684047334585
17911	54	Advertising agencies	47	541810	47	47047	Fayette County, Tennessee	yes	1.0	4.0931216931216925	160.42050264550264
17912	54	Advertising agencies	47	541810	63	47063	Hamblen County, Tennessee	yes	1.0	6.851203277009728	412.12058371735793
17913	54	Advertising agencies	47	541810	65	47065	Hamilton County, Tennessee	no	16.833333333333332	186.66666666666666	12643.333333333334
17914	54	Advertising agencies	47	541810	77	47077	Henderson County, Tennessee	yes	1.0	3.914285714285714	160.46190476190475
17915	54	Advertising agencies	47	541810	89	47089	Jefferson County, Tennessee	yes	1.0	4.0931216931216925	160.42050264550264
17916	54	Advertising agencies	47	541810	93	47093	Knox County, Tennessee	no	25.666666666666668	271.8333333333333	21414.5
17917	54	Advertising agencies	47	541810	99	47099	Lawrence County, Tennessee	yes	1.0	5.504349433919326	283.3684047334585
17918	54	Advertising agencies	47	541810	103	47103	Lincoln County, Tennessee	yes	1.0	4.542857142857143	171.28571428571428
17919	54	Advertising agencies	47	541810	105	47105	Loudon County, Tennessee	yes	1.0	5.679293394777266	307.98282642089094
17920	54	Advertising agencies	47	541810	107	47107	McMinn County, Tennessee	yes	1.0	3.914285714285714	160.46190476190475
17921	54	Advertising agencies	47	541810	113	47113	Madison County, Tennessee	no	4.0	9.0	253.0
17922	54	Advertising agencies	47	541810	113	47113	Madison County, Tennessee	yes	2.4	12.678586789554531	668.8723195084485
17923	54	Advertising agencies	47	541810	119	47119	Maury County, Tennessee	yes	2.0	11.008698867838651	566.736809466917
17924	54	Advertising agencies	47	541810	125	47125	Montgomery County, Tennessee	yes	2.1666666666666665	10.190240086476647	470.5463588780793
17925	54	Advertising agencies	47	541810	127	47127	Moore County, Tennessee	yes	1.0	6.274116743471582	351.911866359447
17926	54	Advertising agencies	47	541810	133	47133	Overton County, Tennessee	yes	1.0	5.504349433919326	283.3684047334585
17927	54	Advertising agencies	47	541810	141	47141	Putnam County, Tennessee	no	3.75	23.0	1044.5
17928	54	Advertising agencies	47	541810	141	47141	Putnam County, Tennessee	yes	3.0	11.894444444444444	438.84444444444443
17929	54	Advertising agencies	47	541810	143	47143	Rhea County, Tennessee	yes	1.0	6.274116743471582	351.911866359447
17930	54	Advertising agencies	47	541810	149	47149	Rutherford County, Tennessee	no	4.0	15.333333333333334	369.0
17931	54	Advertising agencies	47	541810	149	47149	Rutherford County, Tennessee	yes	3.3333333333333335	14.644620811287476	559.18430335097
17932	54	Advertising agencies	47	541810	155	47155	Sevier County, Tennessee	yes	2.3333333333333335	12.537446663253114	622.0004778972522
17933	54	Advertising agencies	47	541810	157	47157	Shelby County, Tennessee	no	40.333333333333336	458.0	29943.833333333332
17934	54	Advertising agencies	47	541810	163	47163	Sullivan County, Tennessee	yes	2.0	11.008698867838651	566.736809466917
17935	54	Advertising agencies	47	541810	165	47165	Sumner County, Tennessee	no	3.8333333333333335	10.666666666666666	722.8333333333334
17936	54	Advertising agencies	47	541810	179	47179	Washington County, Tennessee	yes	1.8333333333333333	10.358698867838653	537.0979205780282
17937	54	Advertising agencies	47	541810	187	47187	Williamson County, Tennessee	no	18.833333333333332	117.83333333333333	6846.0
17938	54	Advertising agencies	47	541810	189	47189	Wilson County, Tennessee	no	4.0	9.6	706.4
17939	54	Advertising agencies	47	541810	189	47189	Wilson County, Tennessee	yes	4.0	18.17142857142857	685.1428571428571
17940	54	Advertising material distribution services	47	541870	37	47037	Davidson County, Tennessee	yes	1.0	0.0	105.125
17941	54	Advertising material distribution services	47	541870	63	47063	Hamblen County, Tennessee	yes	1.0	3.981902356902357	285.5820707070707
17942	54	Advertising material distribution services	47	541870	65	47065	Hamilton County, Tennessee	yes	1.0	4.778282828282828	321.67348484848486
17943	54	Advertising material distribution services	47	541870	93	47093	Knox County, Tennessee	yes	1.6	8.681565656565656	618.4469696969697
17944	54	Advertising material distribution services	47	541870	111	47111	Macon County, Tennessee	yes	1.0	3.981902356902357	285.5820707070707
17945	54	Advertising material distribution services	47	541870	149	47149	Rutherford County, Tennessee	yes	1.3333333333333333	3.981902356902357	303.10290404040404
17946	54	Advertising material distribution services	47	541870	155	47155	Sevier County, Tennessee	yes	1.0	3.981902356902357	285.5820707070707
17947	54	Advertising material distribution services	47	541870	157	47157	Shelby County, Tennessee	yes	1.0	4.778282828282828	321.67348484848486
17948	54	Advertising material distribution services	47	541870	187	47187	Williamson County, Tennessee	no	3.0	11.0	471.0
17949	54	Advertising material distribution services	47	541870	187	47187	Williamson County, Tennessee	yes	1.0	2.5381944444444446	155.77083333333331
17950	54	All other legal services	47	541199	1	47001	Anderson County, Tennessee	yes	1.0	2.392592592592593	-10.474074074074073
17951	54	All other legal services	47	541199	11	47011	Bradley County, Tennessee	yes	1.0	1.7920227920227922	80.47293447293447
17952	54	All other legal services	47	541199	13	47013	Campbell County, Tennessee	yes	1.0	1.965811965811966	88.48717948717949
17953	54	All other legal services	47	541199	31	47031	Coffee County, Tennessee	yes	1.0	-2.2666666666666666	-148.1
17954	54	All other legal services	47	541199	37	47037	Davidson County, Tennessee	no	6.0	9.666666666666666	784.8333333333334
17955	54	All other legal services	47	541199	45	47045	Dyer County, Tennessee	yes	1.0	-2.466666666666667	-138.13333333333333
17956	54	All other legal services	47	541199	65	47065	Hamilton County, Tennessee	no	5.0	3.0	179.0
17957	54	All other legal services	47	541199	65	47065	Hamilton County, Tennessee	yes	3.0	0.5856410256410255	-36.855384615384615
17958	54	All other legal services	47	541199	93	47093	Knox County, Tennessee	yes	1.8333333333333333	1.5809116809116812	-7.893732193732177
17959	54	All other legal services	47	541199	107	47107	McMinn County, Tennessee	yes	1.0	-2.2666666666666666	-148.1
17960	54	All other legal services	47	541199	113	47113	Madison County, Tennessee	yes	1.0	1.4404558404558407	1.236467236467239
17961	54	All other legal services	47	541199	141	47141	Putnam County, Tennessee	yes	1.0	-2.466666666666667	-138.13333333333333
17962	54	All other legal services	47	541199	149	47149	Rutherford County, Tennessee	yes	1.0	-2.2666666666666666	-148.1
17963	54	All other legal services	47	541199	157	47157	Shelby County, Tennessee	no	7.666666666666667	16.5	661.0
17964	54	All other legal services	47	541199	159	47159	Smith County, Tennessee	yes	1.0	-2.0666666666666664	-158.06666666666666
17965	54	All other legal services	47	541199	163	47163	Sullivan County, Tennessee	yes	1.0	-2.466666666666667	-138.13333333333333
17966	54	All other legal services	47	541199	165	47165	Sumner County, Tennessee	yes	1.3333333333333333	0.2666666666666669	-124.04444444444444
17967	54	All other legal services	47	541199	177	47177	Warren County, Tennessee	yes	1.0	1.4404558404558407	1.236467236467239
17968	54	All other legal services	47	541199	179	47179	Washington County, Tennessee	yes	1.0	-2.2666666666666666	-148.1
17969	54	All other legal services	47	541199	187	47187	Williamson County, Tennessee	no	3.3333333333333335	3.5	708.3333333333334
17970	54	All other professional, scientific, and technical services	47	541990	1	47001	Anderson County, Tennessee	yes	1.0	7.9541148815342355	60.21192338127822
17971	54	All other professional, scientific, and technical services	47	541990	3	47003	Bedford County, Tennessee	yes	1.0	6.296647645664669	117.16130901697595
17972	54	All other professional, scientific, and technical services	47	541990	7	47007	Bledsoe County, Tennessee	yes	1.0	16.151515151515152	58.484848484848484
17973	54	All other professional, scientific, and technical services	47	541990	9	47009	Blount County, Tennessee	no	3.0	24.0	1069.0
17974	54	All other professional, scientific, and technical services	47	541990	9	47009	Blount County, Tennessee	yes	1.75	12.539867974475268	104.44831985452603
17975	54	All other professional, scientific, and technical services	47	541990	11	47011	Bradley County, Tennessee	no	3.0	13.0	292.0
17976	54	All other professional, scientific, and technical services	47	541990	11	47011	Bradley County, Tennessee	yes	1.4	10.057017532289573	149.96358199199523
17977	54	All other professional, scientific, and technical services	47	541990	17	47017	Carroll County, Tennessee	yes	1.0	6.296647645664669	117.16130901697595
17978	54	All other professional, scientific, and technical services	47	541990	19	47019	Carter County, Tennessee	yes	1.3333333333333333	9.327276515003215	136.11846118380552
17979	54	All other professional, scientific, and technical services	47	541990	29	47029	Cocke County, Tennessee	yes	1.0	6.296647645664669	117.16130901697595
17980	54	All other professional, scientific, and technical services	47	541990	35	47035	Cumberland County, Tennessee	yes	1.5	6.858139478647773	260.8501233254341
17981	54	All other professional, scientific, and technical services	47	541990	37	47037	Davidson County, Tennessee	no	25.0	66.5	3295.6666666666665
17982	54	All other professional, scientific, and technical services	47	541990	43	47043	Dickson County, Tennessee	yes	1.0	4.639180409795102	174.1106946526737
17983	54	All other professional, scientific, and technical services	47	541990	47	47047	Fayette County, Tennessee	yes	1.0	6.296647645664669	117.16130901697595
17984	54	All other professional, scientific, and technical services	47	541990	51	47051	Franklin County, Tennessee	yes	1.0	4.325674144494573	128.89660112340144
17985	54	All other professional, scientific, and technical services	47	541990	59	47059	Greene County, Tennessee	yes	1.8333333333333333	12.187498189880065	224.90232817887943
17986	54	All other professional, scientific, and technical services	47	541990	63	47063	Hamblen County, Tennessee	yes	1.0	6.296647645664669	117.16130901697595
17987	54	All other professional, scientific, and technical services	47	541990	65	47065	Hamilton County, Tennessee	no	8.833333333333334	28.5	685.5
17988	54	All other professional, scientific, and technical services	47	541990	75	47075	Haywood County, Tennessee	yes	1.0	5.678571428571428	66.89285714285714
17989	54	All other professional, scientific, and technical services	47	541990	81	47081	Hickman County, Tennessee	yes	1.0	6.420262889083318	127.21499939179971
17990	54	All other professional, scientific, and technical services	47	541990	93	47093	Knox County, Tennessee	no	14.833333333333334	89.83333333333333	4523.333333333333
17991	54	All other professional, scientific, and technical services	47	541990	97	47097	Lauderdale County, Tennessee	yes	1.0	16.151515151515152	58.484848484848484
17992	54	All other professional, scientific, and technical services	47	541990	101	47101	Lewis County, Tennessee	yes	1.0	8.088289729594077	60.633148252713475
17993	54	All other professional, scientific, and technical services	47	541990	103	47103	Lincoln County, Tennessee	yes	1.0	7.517264095225115	145.20423311071738
17994	54	All other professional, scientific, and technical services	47	541990	107	47107	McMinn County, Tennessee	yes	1.5	9.733073616452492	145.538751038878
17995	54	All other professional, scientific, and technical services	47	541990	113	47113	Madison County, Tennessee	yes	1.0	6.296647645664669	117.16130901697595
17996	54	All other professional, scientific, and technical services	47	541990	119	47119	Maury County, Tennessee	yes	1.5	10.902359941032136	204.54384123571504
17997	54	All other professional, scientific, and technical services	47	541990	123	47123	Monroe County, Tennessee	yes	1.0	5.678571428571428	66.89285714285714
17998	54	All other professional, scientific, and technical services	47	541990	125	47125	Montgomery County, Tennessee	yes	1.0	10.91504329004329	62.68885281385281
17999	54	All other professional, scientific, and technical services	47	541990	129	47129	Morgan County, Tennessee	yes	1.0	5.741379310344827	232.9051724137931
18000	54	All other professional, scientific, and technical services	47	541990	133	47133	Overton County, Tennessee	yes	1.0	5.741379310344827	232.9051724137931
18001	54	All other professional, scientific, and technical services	47	541990	141	47141	Putnam County, Tennessee	yes	1.0	5.678571428571428	66.89285714285714
18002	54	All other professional, scientific, and technical services	47	541990	147	47147	Robertson County, Tennessee	yes	1.6666666666666667	8.954947527981576	213.4263337626676
18003	54	All other professional, scientific, and technical services	47	541990	149	47149	Rutherford County, Tennessee	no	4.833333333333333	19.833333333333332	2612.0
18004	54	All other professional, scientific, and technical services	47	541990	157	47157	Shelby County, Tennessee	no	16.833333333333332	134.16666666666666	8693.5
18005	54	All other professional, scientific, and technical services	47	541990	163	47163	Sullivan County, Tennessee	no	3.0	12.666666666666666	257.0
18006	54	All other professional, scientific, and technical services	47	541990	163	47163	Sullivan County, Tennessee	yes	5.0	39.770574407671184	301.0596169063911
18007	54	All other professional, scientific, and technical services	47	541990	165	47165	Sumner County, Tennessee	no	3.0	0.0	21.0
18008	54	All other professional, scientific, and technical services	47	541990	165	47165	Sumner County, Tennessee	yes	1.6	9.77202399009963	233.50290486302725
18009	54	All other professional, scientific, and technical services	47	541990	167	47167	Tipton County, Tennessee	yes	1.0	5.678571428571428	66.89285714285714
18010	54	All other professional, scientific, and technical services	47	541990	175	47175	Van Buren County, Tennessee	yes	1.0	5.741379310344827	232.9051724137931
18011	54	All other professional, scientific, and technical services	47	541990	179	47179	Washington County, Tennessee	no	3.0	0.0	190.0
18012	54	All other professional, scientific, and technical services	47	541990	179	47179	Washington County, Tennessee	yes	1.0	6.420262889083318	127.21499939179971
18013	54	All other professional, scientific, and technical services	47	541990	187	47187	Williamson County, Tennessee	no	10.0	375.6666666666667	16818.166666666668
18014	54	All other professional, scientific, and technical services	47	541990	189	47189	Wilson County, Tennessee	yes	1.6666666666666667	8.466766616691654	329.38080959520244
18015	54	Architectural services	47	541310	1	47001	Anderson County, Tennessee	yes	1.6666666666666667	11.064412501079168	412.7990170940171
18016	54	Architectural services	47	541310	7	47007	Bledsoe County, Tennessee	yes	1.0	6.36717378917379	318.8208205128205
18017	54	Architectural services	47	541310	9	47009	Blount County, Tennessee	yes	2.0	13.288723992057328	594.7013675213675
18018	54	Architectural services	47	541310	11	47011	Bradley County, Tennessee	yes	1.3333333333333333	8.856079167745834	355.25735042735045
18019	54	Architectural services	47	541310	19	47019	Carter County, Tennessee	yes	1.0	6.644361996028664	297.35068376068375
18020	54	Architectural services	47	541310	35	47035	Cumberland County, Tennessee	yes	1.0	6.644361996028664	297.35068376068375
18021	54	Architectural services	47	541310	37	47037	Davidson County, Tennessee	no	76.33333333333333	1044.1666666666667	93375.16666666667
18022	54	Architectural services	47	541310	45	47045	Dyer County, Tennessee	yes	1.0	6.644361996028664	297.35068376068375
18023	54	Architectural services	47	541310	47	47047	Fayette County, Tennessee	yes	1.0	6.644361996028664	297.35068376068375
18024	54	Architectural services	47	541310	49	47049	Fentress County, Tennessee	yes	1.0	5.406956315289649	419.7491452991453
18025	54	Architectural services	47	541310	59	47059	Greene County, Tennessee	yes	2.1666666666666665	14.627107830441163	626.3680341880341
18026	54	Architectural services	47	541310	63	47063	Hamblen County, Tennessee	yes	2.0	13.288723992057328	594.7013675213675
18027	54	Architectural services	47	541310	65	47065	Hamilton County, Tennessee	no	20.333333333333332	66.66666666666667	6343.166666666667
18028	54	Architectural services	47	541310	93	47093	Knox County, Tennessee	no	48.0	395.1666666666667	23546.666666666668
18029	54	Architectural services	47	541310	113	47113	Madison County, Tennessee	no	4.5	27.166666666666668	2091.3333333333335
18030	54	Architectural services	47	541310	119	47119	Maury County, Tennessee	yes	1.6666666666666667	11.077006820340154	536.7947008547009
18031	54	Architectural services	47	541310	123	47123	Monroe County, Tennessee	yes	1.0	6.644361996028664	297.35068376068375
18032	54	Architectural services	47	541310	125	47125	Montgomery County, Tennessee	no	4.833333333333333	11.833333333333334	1125.6666666666667
18033	54	Architectural services	47	541310	141	47141	Putnam County, Tennessee	no	3.3333333333333335	3.0	312.6666666666667
18034	54	Architectural services	47	541310	141	47141	Putnam County, Tennessee	yes	2.3333333333333335	11.772245963912631	895.4427350427351
18035	54	Architectural services	47	541310	149	47149	Rutherford County, Tennessee	no	4.166666666666667	8.166666666666666	1234.6666666666667
18036	54	Architectural services	47	541310	155	47155	Sevier County, Tennessee	yes	2.3333333333333335	15.513035483035486	776.603717948718
18037	54	Architectural services	47	541310	157	47157	Shelby County, Tennessee	no	43.0	490.1666666666667	39400.666666666664
18038	54	Architectural services	47	541310	163	47163	Sullivan County, Tennessee	no	5.4	18.2	1690.4
18039	54	Architectural services	47	541310	163	47163	Sullivan County, Tennessee	yes	7.0	56.21212121212121	1330.0
18040	54	Architectural services	47	541310	165	47165	Sumner County, Tennessee	yes	1.3333333333333333	8.868673487006822	479.25303418803423
18041	54	Architectural services	47	541310	167	47167	Tipton County, Tennessee	yes	1.0	5.24	157.44
18042	54	Architectural services	47	541310	179	47179	Washington County, Tennessee	no	4.0	15.333333333333334	771.0
18043	54	Architectural services	47	541310	179	47179	Washington County, Tennessee	yes	4.0	31.52707070707071	699.8088888888889
18044	54	Architectural services	47	541310	187	47187	Williamson County, Tennessee	no	18.833333333333332	171.66666666666666	11473.0
18045	54	Architectural services	47	541310	189	47189	Wilson County, Tennessee	no	3.3333333333333335	12.333333333333334	1465.3333333333333
18046	54	Architectural services	47	541310	189	47189	Wilson County, Tennessee	yes	2.6666666666666665	18.6994042994043	1218.0807692307692
18047	54	Building inspection services	47	541350	1	47001	Anderson County, Tennessee	yes	1.0	13.036295472335517	426.0922694454744
18048	54	Building inspection services	47	541350	5	47005	Benton County, Tennessee	yes	1.0	13.102432275674659	392.6139312643032
18049	54	Building inspection services	47	541350	9	47009	Blount County, Tennessee	no	4.0	3.0	78.33333333333333
18050	54	Building inspection services	47	541350	9	47009	Blount County, Tennessee	yes	2.3333333333333335	29.90320486815416	759.0023258958757
18051	54	Building inspection services	47	541350	11	47011	Bradley County, Tennessee	yes	1.0	12.821497411389885	403.0774512146556
18052	54	Building inspection services	47	541350	19	47019	Carter County, Tennessee	yes	1.0	13.102432275674659	392.6139312643032
18053	54	Building inspection services	47	541350	21	47021	Cheatham County, Tennessee	yes	1.3333333333333333	17.514000903125638	501.1663495649568
18054	54	Building inspection services	47	541350	25	47025	Claiborne County, Tennessee	yes	1.0	13.102432275674659	392.6139312643032
18055	54	Building inspection services	47	541350	29	47029	Cocke County, Tennessee	yes	1.0	11.620689655172413	322.55172413793105
18056	54	Building inspection services	47	541350	35	47035	Cumberland County, Tennessee	no	3.6	5.2	908.4
18057	54	Building inspection services	47	541350	35	47035	Cumberland County, Tennessee	yes	4.0	54.11764705882353	1317.0980392156862
18058	54	Building inspection services	47	541350	37	47037	Davidson County, Tennessee	no	6.0	7.0	491.0
18059	54	Building inspection services	47	541350	37	47037	Davidson County, Tennessee	yes	5.0	66.36262677484787	1835.6140424273158
18060	54	Building inspection services	47	541350	41	47041	DeKalb County, Tennessee	yes	1.0	12.762246117084828	443.5961768219833
18061	54	Building inspection services	47	541350	43	47043	Dickson County, Tennessee	yes	1.5	19.856514314702935	622.9168235382976
18062	54	Building inspection services	47	541350	47	47047	Fayette County, Tennessee	yes	1.0	12.696700473292765	324.6220779806175
18063	54	Building inspection services	47	541350	51	47051	Franklin County, Tennessee	yes	1.0	13.102432275674659	392.6139312643032
18064	54	Building inspection services	47	541350	57	47057	Grainger County, Tennessee	yes	1.0	12.94	322.04
18065	54	Building inspection services	47	541350	59	47059	Greene County, Tennessee	yes	1.0	13.102432275674659	392.6139312643032
18066	54	Building inspection services	47	541350	61	47061	Grundy County, Tennessee	yes	1.0	13.134918730809591	406.72871751716383
18067	54	Building inspection services	47	541350	63	47063	Hamblen County, Tennessee	yes	1.0	13.272525354969574	367.1228084854631
18068	54	Building inspection services	47	541350	65	47065	Hamilton County, Tennessee	no	12.0	72.33333333333333	1956.3333333333333
18069	54	Building inspection services	47	541350	65	47065	Hamilton County, Tennessee	yes	8.0	100.49759296822178	2594.906270002254
18070	54	Building inspection services	47	541350	69	47069	Hardeman County, Tennessee	yes	1.0	13.102432275674659	392.6139312643032
18071	54	Building inspection services	47	541350	71	47071	Hardin County, Tennessee	yes	1.0	12.696700473292765	324.6220779806175
18072	54	Building inspection services	47	541350	73	47073	Hawkins County, Tennessee	yes	1.0	13.102432275674659	392.6139312643032
18073	54	Building inspection services	47	541350	81	47081	Hickman County, Tennessee	yes	1.0	13.036295472335517	426.0922694454744
18074	54	Building inspection services	47	541350	89	47089	Jefferson County, Tennessee	no	3.0	5.6	143.0
18075	54	Building inspection services	47	541350	89	47089	Jefferson County, Tennessee	yes	2.0	25.88	644.08
18076	54	Building inspection services	47	541350	93	47093	Knox County, Tennessee	no	5.2	5.2	458.4
18077	54	Building inspection services	47	541350	93	47093	Knox County, Tennessee	yes	6.0	69.72413793103448	1935.3103448275863
18078	54	Building inspection services	47	541350	105	47105	Loudon County, Tennessee	yes	1.3333333333333333	17.356514314702935	540.4793235382976
18079	54	Building inspection services	47	541350	107	47107	McMinn County, Tennessee	no	3.0	10.333333333333334	246.0
18080	54	Building inspection services	47	541350	107	47107	McMinn County, Tennessee	yes	3.0	38.090101419878295	973.8662339418526
18081	54	Building inspection services	47	541350	111	47111	Macon County, Tennessee	yes	1.0	12.72291873080959	372.21171751716383
18082	54	Building inspection services	47	541350	113	47113	Madison County, Tennessee	yes	2.0	26.204864551349317	785.2278625286064
18083	54	Building inspection services	47	541350	117	47117	Marshall County, Tennessee	yes	1.0	12.94	322.04
18084	54	Building inspection services	47	541350	119	47119	Maury County, Tennessee	yes	1.5	19.45078251232104	554.9249702546119
18085	54	Building inspection services	47	541350	123	47123	Monroe County, Tennessee	yes	1.0	13.272525354969574	367.1228084854631
18086	54	Building inspection services	47	541350	125	47125	Montgomery County, Tennessee	yes	1.5	19.889878296146044	529.9514359364435
18087	54	Building inspection services	47	541350	141	47141	Putnam County, Tennessee	no	3.0	1.5	127.5
18088	54	Building inspection services	47	541350	141	47141	Putnam County, Tennessee	yes	1.5	19.69146788612862	630.3864504799571
18089	54	Building inspection services	47	541350	143	47143	Rhea County, Tennessee	yes	1.0	12.696700473292765	324.6220779806175
18090	54	Building inspection services	47	541350	145	47145	Roane County, Tennessee	yes	1.6666666666666667	21.793295923898338	676.6754442279529
18091	54	Building inspection services	47	541350	147	47147	Robertson County, Tennessee	yes	1.0	13.102432275674659	392.6139312643032
18092	54	Building inspection services	47	541350	149	47149	Rutherford County, Tennessee	no	5.0	9.0	261.0
18093	54	Building inspection services	47	541350	155	47155	Sevier County, Tennessee	no	3.8333333333333335	6.166666666666667	222.5
18094	54	Building inspection services	47	541350	157	47157	Shelby County, Tennessee	no	5.0	8.833333333333334	786.6666666666666
18095	54	Building inspection services	47	541350	163	47163	Sullivan County, Tennessee	no	4.0	7.0	202.5
18096	54	Building inspection services	47	541350	165	47165	Sumner County, Tennessee	no	3.0	5.0	202.0
18097	54	Building inspection services	47	541350	165	47165	Sumner County, Tennessee	yes	1.0	13.272525354969574	367.1228084854631
18098	54	Building inspection services	47	541350	179	47179	Washington County, Tennessee	yes	1.0	13.23470588235294	325.65725490196075
18099	54	Building inspection services	47	541350	187	47187	Williamson County, Tennessee	no	8.166666666666666	11.5	900.8333333333334
18100	54	Building inspection services	47	541350	189	47189	Wilson County, Tennessee	yes	1.3333333333333333	17.356514314702935	540.4793235382976
18101	54	Commercial photography	47	541922	9	47009	Blount County, Tennessee	yes	1.6666666666666667	2.5870379620379618	114.15174998612498
18102	54	Commercial photography	47	541922	11	47011	Bradley County, Tennessee	yes	1.0	1.5675574425574423	65.38176441613942
18103	54	Commercial photography	47	541922	19	47019	Carter County, Tennessee	yes	1.0	1.6442307692307692	49.83533653846154
18104	54	Commercial photography	47	541922	29	47029	Cocke County, Tennessee	yes	1.0	1.6113053613053614	53.28416375291376
18105	54	Commercial photography	47	541922	37	47037	Davidson County, Tennessee	no	5.166666666666667	7.666666666666667	401.6666666666667
18106	54	Commercial photography	47	541922	61	47061	Grundy County, Tennessee	yes	1.0	1.5238095238095237	77.47936507936508
18107	54	Commercial photography	47	541922	65	47065	Hamilton County, Tennessee	yes	1.3333333333333333	2.1156343656343655	81.99354326229326
18108	54	Commercial photography	47	541922	93	47093	Knox County, Tennessee	no	3.0	2.2	77.0
18109	54	Commercial photography	47	541922	93	47093	Knox County, Tennessee	yes	3.0	5.7142857142857135	168.7142857142857
18110	54	Commercial photography	47	541922	139	47139	Polk County, Tennessee	yes	1.0	1.6113053613053614	53.28416375291376
18111	54	Commercial photography	47	541922	149	47149	Rutherford County, Tennessee	yes	1.0	1.3477355977355976	58.68478396603397
18112	54	Commercial photography	47	541922	155	47155	Sevier County, Tennessee	yes	1.0	1.6442307692307692	49.83533653846154
18113	54	Commercial photography	47	541922	157	47157	Shelby County, Tennessee	no	4.666666666666667	7.0	268.3333333333333
18114	54	Commercial photography	47	541922	157	47157	Shelby County, Tennessee	yes	4.333333333333333	6.984126984126983	342.87301587301585
18115	54	Commercial photography	47	541922	165	47165	Sumner County, Tennessee	yes	1.0	1.571978021978022	66.42175366300367
18116	54	Commercial photography	47	541922	177	47177	Warren County, Tennessee	yes	1.0	1.5675574425574423	65.38176441613942
18117	54	Commercial photography	47	541922	179	47179	Washington County, Tennessee	yes	1.6666666666666667	2.5870379620379618	114.15174998612498
18118	54	Commercial photography	47	541922	185	47185	White County, Tennessee	yes	1.0	1.6442307692307692	49.83533653846154
18119	54	Commercial photography	47	541922	187	47187	Williamson County, Tennessee	no	3.8	3.6	219.6
18120	54	Commercial photography	47	541922	187	47187	Williamson County, Tennessee	yes	3.0	5.7142857142857135	168.7142857142857
18121	54	Commercial photography	47	541922	189	47189	Wilson County, Tennessee	yes	1.0	1.529220779220779	73.15497835497835
18122	54	Computer facilities management services	47	541513	1	47001	Anderson County, Tennessee	no	7.0	128.33333333333334	9186.666666666666
18123	54	Computer facilities management services	47	541513	1	47001	Anderson County, Tennessee	yes	4.0	90.95686274509804	9459.136274509803
18124	54	Computer facilities management services	47	541513	9	47009	Blount County, Tennessee	yes	1.0	21.311862197650168	1906.7134129076956
18125	54	Computer facilities management services	47	541513	19	47019	Carter County, Tennessee	yes	1.0	23.599509803921563	2454.5259803921567
18126	54	Computer facilities management services	47	541513	31	47031	Coffee County, Tennessee	yes	1.0	19.71814006888634	1349.6239954075775
18127	54	Computer facilities management services	47	541513	37	47037	Davidson County, Tennessee	no	16.2	436.6	31894.6
18128	54	Computer facilities management services	47	541513	37	47037	Davidson County, Tennessee	yes	17.0	-314.925	36818.174999999996
18129	54	Computer facilities management services	47	541513	49	47049	Fentress County, Tennessee	yes	1.0	49.8235294117647	3137.3529411764707
18130	54	Computer facilities management services	47	541513	65	47065	Hamilton County, Tennessee	no	6.2	85.8	9114.4
18131	54	Computer facilities management services	47	541513	65	47065	Hamilton County, Tennessee	yes	5.0	-92.625	10828.875
18132	54	Computer facilities management services	47	541513	89	47089	Jefferson County, Tennessee	yes	1.0	21.311862197650168	1906.7134129076956
18133	54	Computer facilities management services	47	541513	93	47093	Knox County, Tennessee	no	5.833333333333333	195.33333333333334	14409.333333333334
18134	54	Computer facilities management services	47	541513	111	47111	Macon County, Tennessee	yes	1.0	9.636910943534078	1560.619384067425
18135	54	Computer facilities management services	47	541513	113	47113	Madison County, Tennessee	yes	1.0	19.71814006888634	1349.6239954075775
18136	54	Computer facilities management services	47	541513	119	47119	Maury County, Tennessee	yes	1.3333333333333333	36.19911709961095	2773.013903103774
18137	54	Computer facilities management services	47	541513	141	47141	Putnam County, Tennessee	yes	2.0	44.91137200157174	4361.239393299852
18138	54	Computer facilities management services	47	541513	145	47145	Roane County, Tennessee	yes	1.0	21.311862197650168	1906.7134129076956
18139	54	Computer facilities management services	47	541513	149	47149	Rutherford County, Tennessee	yes	1.8333333333333333	34.319802826672884	3290.5346689526455
18140	54	Computer facilities management services	47	541513	157	47157	Shelby County, Tennessee	no	12.166666666666666	583.1666666666666	46483.166666666664
18141	54	Computer facilities management services	47	541513	163	47163	Sullivan County, Tennessee	no	3.0	106.0	3895.0
18142	54	Computer facilities management services	47	541513	163	47163	Sullivan County, Tennessee	yes	1.2	23.50952875482726	2072.6755072539404
18143	54	Computer facilities management services	47	541513	165	47165	Sumner County, Tennessee	yes	1.0	49.8235294117647	3137.3529411764707
18144	54	Computer facilities management services	47	541513	179	47179	Washington County, Tennessee	yes	1.0	21.311862197650168	1906.7134129076956
18145	54	Computer facilities management services	47	541513	187	47187	Williamson County, Tennessee	no	6.666666666666667	42.833333333333336	1966.1666666666667
18146	54	Computer facilities management services	47	541513	189	47189	Wilson County, Tennessee	yes	1.0	21.311862197650168	1906.7134129076956
18147	54	Computer systems design services	47	541512	1	47001	Anderson County, Tennessee	no	10.333333333333334	195.66666666666666	12099.666666666666
18148	54	Computer systems design services	47	541512	1	47001	Anderson County, Tennessee	yes	7.0	128.36604087803656	9476.991784037558
18149	54	Computer systems design services	47	541512	3	47003	Bedford County, Tennessee	yes	1.0	15.815260412627564	1296.3501313336722
18150	54	Computer systems design services	47	541512	9	47009	Blount County, Tennessee	no	9.5	12.833333333333334	1069.8333333333333
18151	54	Computer systems design services	47	541512	11	47011	Bradley County, Tennessee	no	5.166666666666667	11.333333333333334	963.8333333333334
18152	54	Computer systems design services	47	541512	13	47013	Campbell County, Tennessee	yes	1.0	15.815260412627564	1296.3501313336722
18153	54	Computer systems design services	47	541512	15	47015	Cannon County, Tennessee	yes	1.0	14.57034824605999	1209.5251970005083
18154	54	Computer systems design services	47	541512	21	47021	Cheatham County, Tennessee	yes	1.5	24.551510429066067	1912.5917830413036
18155	54	Computer systems design services	47	541512	29	47029	Cocke County, Tennessee	yes	1.5	25.35801820728291	1802.890931372549
18156	54	Computer systems design services	47	541512	31	47031	Coffee County, Tennessee	yes	3.6666666666666665	61.405586250486245	4683.9740590403535
18157	54	Computer systems design services	47	541512	35	47035	Cumberland County, Tennessee	yes	2.0	33.28776044550456	2528.833434748935
18158	54	Computer systems design services	47	541512	37	47037	Davidson County, Tennessee	no	102.33333333333333	1241.6666666666667	99572.33333333333
18159	54	Computer systems design services	47	541512	41	47041	DeKalb County, Tennessee	yes	1.0	14.57034824605999	1209.5251970005083
18160	54	Computer systems design services	47	541512	43	47043	Dickson County, Tennessee	yes	2.0	29.14069649211998	2419.0503940010167
18161	54	Computer systems design services	47	541512	45	47045	Dyer County, Tennessee	yes	1.0	15.509803921568627	1121.078431372549
18162	54	Computer systems design services	47	541512	47	47047	Fayette County, Tennessee	yes	1.0	16.311639318150192	1223.300060849361
18163	54	Computer systems design services	47	541512	51	47051	Franklin County, Tennessee	yes	1.5	24.551510429066067	1912.5917830413036
18164	54	Computer systems design services	47	541512	53	47053	Gibson County, Tennessee	yes	2.6666666666666665	44.76170602773397	3419.5573416658863
18165	54	Computer systems design services	47	541512	59	47059	Greene County, Tennessee	yes	1.6666666666666667	27.42005503000503	2114.7161961868437
18166	54	Computer systems design services	47	541512	63	47063	Hamblen County, Tennessee	no	3.5	3.25	279.5
18167	54	Computer systems design services	47	541512	63	47063	Hamblen County, Tennessee	yes	2.5	40.47597348798675	2894.364125932063
18168	54	Computer systems design services	47	541512	65	47065	Hamilton County, Tennessee	no	30.333333333333332	57.666666666666664	5712.0
18169	54	Computer systems design services	47	541512	71	47071	Hardin County, Tennessee	yes	1.0	14.57034824605999	1209.5251970005083
18170	54	Computer systems design services	47	541512	73	47073	Hawkins County, Tennessee	no	3.0	5.0	274.0
18171	54	Computer systems design services	47	541512	73	47073	Hawkins County, Tennessee	yes	1.5	22.750616127860596	1792.9814245619555
18172	54	Computer systems design services	47	541512	77	47077	Henderson County, Tennessee	yes	2.0	33.28776044550456	2528.833434748935
18173	54	Computer systems design services	47	541512	85	47085	Humphreys County, Tennessee	yes	1.0	16.64388022275228	1264.4167173744675
18174	54	Computer systems design services	47	541512	91	47091	Johnson County, Tennessee	yes	1.0	16.64388022275228	1264.4167173744675
18175	54	Computer systems design services	47	541512	93	47093	Knox County, Tennessee	no	46.333333333333336	295.6666666666667	20727.5
18176	54	Computer systems design services	47	541512	105	47105	Loudon County, Tennessee	yes	1.8333333333333333	30.236912987877442	2283.833434748935
18177	54	Computer systems design services	47	541512	107	47107	McMinn County, Tennessee	yes	1.3333333333333333	22.511585638251812	1678.533955936559
18178	54	Computer systems design services	47	541512	111	47111	Macon County, Tennessee	yes	2.0	35.206232492997195	2484.703431372549
18179	54	Computer systems design services	47	541512	113	47113	Madison County, Tennessee	no	4.0	14.0	1050.6666666666667
18180	54	Computer systems design services	47	541512	115	47115	Marion County, Tennessee	yes	1.5	23.44943633390912	1880.2118167188182
18181	54	Computer systems design services	47	541512	117	47117	Marshall County, Tennessee	yes	1.0	16.64388022275228	1264.4167173744675
18182	54	Computer systems design services	47	541512	119	47119	Maury County, Tennessee	yes	4.666666666666667	79.8394211692533	5988.004288871998
18183	54	Computer systems design services	47	541512	125	47125	Montgomery County, Tennessee	no	12.8	66.6	6553.0
18184	54	Computer systems design services	47	541512	125	47125	Montgomery County, Tennessee	yes	12.0	206.53521126760563	14552.957746478873
18185	54	Computer systems design services	47	541512	131	47131	Obion County, Tennessee	yes	1.3333333333333333	23.11041367290929	1757.9416367485962
18186	54	Computer systems design services	47	541512	133	47133	Overton County, Tennessee	yes	1.0	14.57034824605999	1209.5251970005083
18187	54	Computer systems design services	47	541512	141	47141	Putnam County, Tennessee	no	5.333333333333333	22.0	1298.0
18188	54	Computer systems design services	47	541512	141	47141	Putnam County, Tennessee	yes	5.0	92.02130153804181	6743.952464788733
18189	54	Computer systems design services	47	541512	143	47143	Rhea County, Tennessee	no	3.0	3.0	216.66666666666666
18190	54	Computer systems design services	47	541512	143	47143	Rhea County, Tennessee	yes	1.0	17.472500032876997	1232.4833034152628
18191	54	Computer systems design services	47	541512	145	47145	Roane County, Tennessee	yes	1.5	24.551510429066067	1912.5917830413036
18192	54	Computer systems design services	47	541512	147	47147	Robertson County, Tennessee	no	4.0	19.0	1247.0
18193	54	Computer systems design services	47	541512	147	47147	Robertson County, Tennessee	yes	1.3333333333333333	23.209589234754933	1636.7321297063427
18194	54	Computer systems design services	47	541512	149	47149	Rutherford County, Tennessee	no	21.666666666666668	229.0	23102.666666666668
18195	54	Computer systems design services	47	541512	151	47151	Scott County, Tennessee	yes	1.0	17.603116246498598	1242.3517156862745
18196	54	Computer systems design services	47	541512	153	47153	Sequatchie County, Tennessee	yes	1.0	16.64388022275228	1264.4167173744675
18197	54	Computer systems design services	47	541512	155	47155	Sevier County, Tennessee	yes	1.3333333333333333	21.500662971438942	1667.5917830413036
18198	54	Computer systems design services	47	541512	157	47157	Shelby County, Tennessee	no	93.16666666666667	658.6666666666666	50159.833333333336
18199	54	Computer systems design services	47	541512	159	47159	Smith County, Tennessee	yes	2.0	32.18799102898955	2554.7045321752576
18200	54	Computer systems design services	47	541512	163	47163	Sullivan County, Tennessee	no	5.333333333333333	7.333333333333333	342.8333333333333
18201	54	Computer systems design services	47	541512	165	47165	Sumner County, Tennessee	no	14.333333333333334	41.833333333333336	2699.8333333333335
18202	54	Computer systems design services	47	541512	167	47167	Tipton County, Tennessee	yes	2.1666666666666665	34.5782278182756	2689.459659165656
18203	54	Computer systems design services	47	541512	173	47173	Union County, Tennessee	yes	1.6666666666666667	27.42005503000503	2114.7161961868437
18204	54	Computer systems design services	47	541512	177	47177	Warren County, Tennessee	yes	1.6666666666666667	25.52882591000089	2102.7002626673443
18205	54	Computer systems design services	47	541512	179	47179	Washington County, Tennessee	no	7.166666666666667	49.166666666666664	3146.3333333333335
18206	54	Computer systems design services	47	541512	181	47181	Wayne County, Tennessee	yes	1.0	17.837105746253304	1318.234477124183
18207	54	Computer systems design services	47	541512	183	47183	Weakley County, Tennessee	yes	1.1666666666666667	19.22884754301372	1451.2631226032256
18208	54	Computer systems design services	47	541512	185	47185	White County, Tennessee	yes	1.0	14.57034824605999	1209.5251970005083
18209	54	Computer systems design services	47	541512	187	47187	Williamson County, Tennessee	no	64.16666666666667	889.0	102659.16666666667
18210	54	Computer systems design services	47	541512	189	47189	Wilson County, Tennessee	no	9.0	66.66666666666667	3952.0
18211	54	Computer systems design services	47	541512	189	47189	Wilson County, Tennessee	yes	4.0	68.49445858155468	4849.084357451901
18212	54	Custom computer programming services	47	541511	1	47001	Anderson County, Tennessee	no	4.75	5.75	2214.0
18213	54	Custom computer programming services	47	541511	1	47001	Anderson County, Tennessee	yes	5.5	84.73098039215687	3189.3247058823526
18214	54	Custom computer programming services	47	541511	3	47003	Bedford County, Tennessee	yes	1.0	14.45817191283293	1138.0372881355931
18215	54	Custom computer programming services	47	541511	5	47005	Benton County, Tennessee	yes	1.0	16.601142115836755	944.5736712417096
18216	54	Custom computer programming services	47	541511	9	47009	Blount County, Tennessee	no	11.833333333333334	26.666666666666668	2809.3333333333335
18217	54	Custom computer programming services	47	541511	11	47011	Bradley County, Tennessee	yes	1.3333333333333333	22.770391987426265	949.8871960025721
18218	54	Custom computer programming services	47	541511	13	47013	Campbell County, Tennessee	yes	1.0	14.166892328965485	1060.179489656032
18219	54	Custom computer programming services	47	541511	17	47017	Carroll County, Tennessee	yes	1.0	16.932154198635974	673.4864977621484
18220	54	Custom computer programming services	47	541511	19	47019	Carter County, Tennessee	yes	1.3333333333333333	20.9268840743126	1207.6825239318275
18221	54	Custom computer programming services	47	541511	23	47023	Chester County, Tennessee	yes	1.0	19.988695652173913	364.6513043478261
18222	54	Custom computer programming services	47	541511	31	47031	Coffee County, Tennessee	no	4.0	33.0	1239.0
18223	54	Custom computer programming services	47	541511	31	47031	Coffee County, Tennessee	yes	2.25	39.8762153910938	1580.0092446573324
18224	54	Custom computer programming services	47	541511	33	47033	Crockett County, Tennessee	yes	1.0	16.107493436701628	828.3367612199633
18225	54	Custom computer programming services	47	541511	37	47037	Davidson County, Tennessee	no	123.0	1435.1666666666667	126478.66666666667
18226	54	Custom computer programming services	47	541511	43	47043	Dickson County, Tennessee	yes	1.1666666666666667	19.727058654092932	879.8838626692387
18227	54	Custom computer programming services	47	541511	47	47047	Fayette County, Tennessee	yes	1.0	14.98551386317239	932.1475917248256
18228	54	Custom computer programming services	47	541511	55	47055	Giles County, Tennessee	yes	1.0	16.107493436701628	828.3367612199633
18229	54	Custom computer programming services	47	541511	57	47057	Grainger County, Tennessee	yes	1.0	16.107493436701628	828.3367612199633
18230	54	Custom computer programming services	47	541511	61	47061	Grundy County, Tennessee	yes	1.0	16.107493436701628	828.3367612199633
18231	54	Custom computer programming services	47	541511	63	47063	Hamblen County, Tennessee	yes	1.0	16.107493436701628	828.3367612199633
18232	54	Custom computer programming services	47	541511	65	47065	Hamilton County, Tennessee	no	59.666666666666664	461.8333333333333	26882.166666666668
18233	54	Custom computer programming services	47	541511	67	47067	Hancock County, Tennessee	yes	1.0	14.166892328965485	1060.179489656032
18234	54	Custom computer programming services	47	541511	71	47071	Hardin County, Tennessee	yes	1.0	14.45817191283293	1138.0372881355931
18235	54	Custom computer programming services	47	541511	79	47079	Henry County, Tennessee	yes	2.6666666666666665	41.659581759380245	2363.4598488772813
18236	54	Custom computer programming services	47	541511	81	47081	Hickman County, Tennessee	yes	1.0	21.717391304347824	309.2826086956522
18237	54	Custom computer programming services	47	541511	89	47089	Jefferson County, Tennessee	yes	2.0	30.371478960289593	1914.4688503691825
18238	54	Custom computer programming services	47	541511	93	47093	Knox County, Tennessee	no	58.833333333333336	314.5	22616.5
18239	54	Custom computer programming services	47	541511	99	47099	Lawrence County, Tennessee	yes	1.6666666666666667	30.645058255186132	743.4370332480818
18240	54	Custom computer programming services	47	541511	101	47101	Lewis County, Tennessee	yes	1.0	14.895725719666396	1156.337358757062
18241	54	Custom computer programming services	47	541511	103	47103	Lincoln County, Tennessee	no	3.0	8.0	462.5
18242	54	Custom computer programming services	47	541511	103	47103	Lincoln County, Tennessee	yes	2.5	35.56287061434743	2689.377623379861
18243	54	Custom computer programming services	47	541511	105	47105	Loudon County, Tennessee	no	5.0	23.0	2157.6666666666665
18244	54	Custom computer programming services	47	541511	105	47105	Loudon County, Tennessee	yes	2.6666666666666665	40.30534032822168	3107.966384180791
18245	54	Custom computer programming services	47	541511	107	47107	McMinn County, Tennessee	yes	1.0	16.107493436701628	828.3367612199633
18246	54	Custom computer programming services	47	541511	113	47113	Madison County, Tennessee	no	3.2	4.0	92.0
18247	54	Custom computer programming services	47	541511	113	47113	Madison County, Tennessee	yes	2.0	43.43478260869565	618.5652173913044
18248	54	Custom computer programming services	47	541511	115	47115	Marion County, Tennessee	yes	1.25	19.92725223785166	866.4129683503836
18249	54	Custom computer programming services	47	541511	117	47117	Marshall County, Tennessee	yes	1.0	16.107493436701628	828.3367612199633
18250	54	Custom computer programming services	47	541511	119	47119	Maury County, Tennessee	no	3.0	5.0	229.0
18251	54	Custom computer programming services	47	541511	119	47119	Maury County, Tennessee	yes	1.25	20.874862531969306	971.7208727621484
18252	54	Custom computer programming services	47	541511	121	47121	Meigs County, Tennessee	yes	1.25	22.36150202472293	750.8071499360615
18253	54	Custom computer programming services	47	541511	123	47123	Monroe County, Tennessee	yes	2.1666666666666665	34.84345909562548	1855.4964391065932
18254	54	Custom computer programming services	47	541511	125	47125	Montgomery County, Tennessee	no	9.0	272.25	50307.25
18255	54	Custom computer programming services	47	541511	125	47125	Montgomery County, Tennessee	yes	7.0	101.20720338983051	7966.261016949153
18256	54	Custom computer programming services	47	541511	131	47131	Obion County, Tennessee	yes	1.0	16.107493436701628	828.3367612199633
18257	54	Custom computer programming services	47	541511	141	47141	Putnam County, Tennessee	no	3.5	10.5	463.25
18258	54	Custom computer programming services	47	541511	141	47141	Putnam County, Tennessee	yes	2.0	28.91634382566586	2276.0745762711863
18259	54	Custom computer programming services	47	541511	143	47143	Rhea County, Tennessee	yes	1.6666666666666667	25.552088322678618	1535.123087657318
18260	54	Custom computer programming services	47	541511	145	47145	Roane County, Tennessee	no	5.0	5.5	1070.5
18261	54	Custom computer programming services	47	541511	145	47145	Roane County, Tennessee	yes	2.5	41.67595352142331	2071.707236551216
18262	54	Custom computer programming services	47	541511	147	47147	Robertson County, Tennessee	no	3.5	5.25	289.5
18263	54	Custom computer programming services	47	541511	147	47147	Robertson County, Tennessee	yes	2.5	49.10739130434783	939.3126086956522
18264	54	Custom computer programming services	47	541511	149	47149	Rutherford County, Tennessee	no	15.833333333333334	17.5	1716.0
18265	54	Custom computer programming services	47	541511	155	47155	Sevier County, Tennessee	no	4.5	2.8333333333333335	272.6666666666667
18266	54	Custom computer programming services	47	541511	157	47157	Shelby County, Tennessee	no	83.0	1295.3333333333333	80901.83333333333
18267	54	Custom computer programming services	47	541511	163	47163	Sullivan County, Tennessee	no	3.0	0.0	171.0
18268	54	Custom computer programming services	47	541511	163	47163	Sullivan County, Tennessee	yes	3.4	52.581221470165076	3122.929016862456
18269	54	Custom computer programming services	47	541511	165	47165	Sumner County, Tennessee	no	14.0	25.333333333333332	2447.6666666666665
18270	54	Custom computer programming services	47	541511	167	47167	Tipton County, Tennessee	yes	1.0	16.174825457375285	755.416613463956
18271	54	Custom computer programming services	47	541511	171	47171	Unicoi County, Tennessee	yes	1.0	14.895725719666396	1156.337358757062
18272	54	Custom computer programming services	47	541511	173	47173	Union County, Tennessee	yes	2.6666666666666665	41.659581759380245	2363.4598488772813
18273	54	Custom computer programming services	47	541511	177	47177	Warren County, Tennessee	yes	1.0	14.45817191283293	1138.0372881355931
18274	54	Custom computer programming services	47	541511	179	47179	Washington County, Tennessee	no	5.25	7.25	836.5
18275	54	Custom computer programming services	47	541511	179	47179	Washington County, Tennessee	yes	5.5	84.73098039215687	3189.3247058823526
18276	54	Custom computer programming services	47	541511	181	47181	Wayne County, Tennessee	yes	1.0	15.770833333333332	1192.9375
18277	54	Custom computer programming services	47	541511	183	47183	Weakley County, Tennessee	yes	1.0	16.107493436701628	828.3367612199633
18278	54	Custom computer programming services	47	541511	185	47185	White County, Tennessee	yes	1.0	16.107493436701628	828.3367612199633
18279	54	Custom computer programming services	47	541511	187	47187	Williamson County, Tennessee	no	74.33333333333333	952.0	89203.16666666667
18280	54	Custom computer programming services	47	541511	189	47189	Wilson County, Tennessee	no	12.5	31.333333333333332	2349.0
18281	54	Direct mail advertising	47	541860	9	47009	Blount County, Tennessee	yes	1.0	7.911152609191826	337.7816682228447
18282	54	Direct mail advertising	47	541860	19	47019	Carter County, Tennessee	yes	1.0	7.911152609191826	337.7816682228447
18283	54	Direct mail advertising	47	541860	37	47037	Davidson County, Tennessee	no	5.666666666666667	101.83333333333333	4459.333333333333
18284	54	Direct mail advertising	47	541860	63	47063	Hamblen County, Tennessee	yes	1.0	6.370017636684302	305.12804232804234
18285	54	Direct mail advertising	47	541860	65	47065	Hamilton County, Tennessee	yes	2.0	12.62883597883598	568.1492063492062
18286	54	Direct mail advertising	47	541860	93	47093	Knox County, Tennessee	yes	2.3333333333333335	17.87151156759	749.2014316837846
18287	54	Direct mail advertising	47	541860	113	47113	Madison County, Tennessee	yes	1.0	7.233395580454404	331.522502334267
18288	54	Direct mail advertising	47	541860	117	47117	Marshall County, Tennessee	yes	1.0	7.911152609191826	337.7816682228447
18289	54	Direct mail advertising	47	541860	149	47149	Rutherford County, Tennessee	yes	1.6666666666666667	14.741217968668947	621.0836290071585
18290	54	Direct mail advertising	47	541860	157	47157	Shelby County, Tennessee	no	4.0	33.0	1808.0
18291	54	Direct mail advertising	47	541860	157	47157	Shelby County, Tennessee	yes	4.0	35.03241830065359	1464.4392156862746
18292	54	Direct mail advertising	47	541860	179	47179	Washington County, Tennessee	yes	1.3333333333333333	11.326185288930388	479.4326486150016
18293	54	Direct mail advertising	47	541860	187	47187	Williamson County, Tennessee	no	4.5	25.166666666666668	1901.3333333333333
18294	54	Direct mail advertising	47	541860	189	47189	Wilson County, Tennessee	yes	1.0	7.911152609191826	337.7816682228447
18295	54	Drafting services	47	541340	11	47011	Bradley County, Tennessee	yes	1.0	1.23182384064737	116.69608037659508
18296	54	Drafting services	47	541340	15	47015	Cannon County, Tennessee	yes	1.0	1.23182384064737	116.69608037659508
18297	54	Drafting services	47	541340	37	47037	Davidson County, Tennessee	no	7.5	15.333333333333334	1356.5
18298	54	Drafting services	47	541340	59	47059	Greene County, Tennessee	yes	1.0	1.23182384064737	116.69608037659508
18299	54	Drafting services	47	541340	65	47065	Hamilton County, Tennessee	no	3.0	5.666666666666667	502.0
18300	54	Drafting services	47	541340	65	47065	Hamilton County, Tennessee	yes	2.6666666666666665	1.2	324.26845238095234
18301	54	Drafting services	47	541340	71	47071	Hardin County, Tennessee	yes	1.0	1.23182384064737	116.69608037659508
18302	54	Drafting services	47	541340	75	47075	Haywood County, Tennessee	yes	1.0	1.7781886087768441	112.92101073762838
18303	54	Drafting services	47	541340	93	47093	Knox County, Tennessee	yes	1.0	1.23182384064737	116.69608037659508
18304	54	Drafting services	47	541340	119	47119	Maury County, Tennessee	yes	1.0	2.222735760971055	110.10438842203547
18305	54	Drafting services	47	541340	127	47127	Moore County, Tennessee	yes	1.0	1.23182384064737	116.69608037659508
18306	54	Drafting services	47	541340	147	47147	Robertson County, Tennessee	yes	1.0	1.23182384064737	116.69608037659508
18307	54	Drafting services	47	541340	155	47155	Sevier County, Tennessee	yes	1.25	2.772735760971055	137.52938842203548
18308	54	Drafting services	47	541340	157	47157	Shelby County, Tennessee	yes	1.0	1.23182384064737	116.69608037659508
18309	54	Drafting services	47	541340	163	47163	Sullivan County, Tennessee	yes	1.3333333333333333	1.9646280734516026	153.30586873638345
18310	54	Drafting services	47	541340	165	47165	Sumner County, Tennessee	yes	2.0	2.46364768129474	233.39216075319015
18311	54	Drafting services	47	541340	187	47187	Williamson County, Tennessee	yes	1.0	2.2303143479614067	110.23918456271399
18312	54	Drafting services	47	541340	189	47189	Wilson County, Tennessee	yes	1.6666666666666667	2.71364768129474	190.0990059912854
18313	54	Engineering services	47	541330	1	47001	Anderson County, Tennessee	no	52.833333333333336	1468.6666666666667	128348.5
18314	54	Engineering services	47	541330	3	47003	Bedford County, Tennessee	yes	1.0	30.267605633802816	1882.8450704225352
18315	54	Engineering services	47	541330	9	47009	Blount County, Tennessee	no	15.0	166.66666666666666	10988.666666666666
18316	54	Engineering services	47	541330	11	47011	Bradley County, Tennessee	no	7.833333333333333	22.333333333333332	1992.3333333333333
18317	54	Engineering services	47	541330	13	47013	Campbell County, Tennessee	yes	1.8333333333333333	45.7075910523119	3297.372580669033
18318	54	Engineering services	47	541330	19	47019	Carter County, Tennessee	no	3.0	4.0	220.5
18319	54	Engineering services	47	541330	19	47019	Carter County, Tennessee	yes	1.5	21.686975101313053	1506.6597332249712
18320	54	Engineering services	47	541330	21	47021	Cheatham County, Tennessee	yes	2.0	47.42774030604324	3431.3800433556003
18321	54	Engineering services	47	541330	23	47023	Chester County, Tennessee	yes	1.0	17.78243508611116	1184.2398712005029
18322	54	Engineering services	47	541330	25	47025	Claiborne County, Tennessee	yes	1.0	23.71387015302162	1715.6900216778001
18323	54	Engineering services	47	541330	29	47029	Cocke County, Tennessee	yes	1.0	23.71387015302162	1715.6900216778001
18324	54	Engineering services	47	541330	31	47031	Coffee County, Tennessee	no	8.0	1868.0	100052.0
18325	54	Engineering services	47	541330	31	47031	Coffee County, Tennessee	yes	7.0	208.60616226379835	15092.464777053698
18326	54	Engineering services	47	541330	35	47035	Cumberland County, Tennessee	no	3.3333333333333335	8.666666666666666	387.6666666666667
18327	54	Engineering services	47	541330	37	47037	Davidson County, Tennessee	no	143.66666666666666	2442.8333333333335	185530.0
18328	54	Engineering services	47	541330	41	47041	DeKalb County, Tennessee	yes	1.0	23.71387015302162	1715.6900216778001
18329	54	Engineering services	47	541330	43	47043	Dickson County, Tennessee	no	3.0	13.666666666666666	654.6666666666666
18330	54	Engineering services	47	541330	43	47043	Dickson County, Tennessee	yes	2.0	51.93462266134119	3665.6479573961174
18331	54	Engineering services	47	541330	45	47045	Dyer County, Tennessee	yes	1.1666666666666667	30.597468036619503	2236.655630143409
18332	54	Engineering services	47	541330	47	47047	Fayette County, Tennessee	yes	1.0	23.71387015302162	1715.6900216778001
18333	54	Engineering services	47	541330	49	47049	Fentress County, Tennessee	yes	1.0	21.460428975372654	1598.5560646575414
18334	54	Engineering services	47	541330	51	47051	Franklin County, Tennessee	yes	2.0	47.42774030604324	3431.3800433556003
18335	54	Engineering services	47	541330	53	47053	Gibson County, Tennessee	no	4.5	0.0	347.0
18336	54	Engineering services	47	541330	53	47053	Gibson County, Tennessee	yes	2.0	50.847359880969435	3803.6251417624317
18337	54	Engineering services	47	541330	55	47055	Giles County, Tennessee	no	3.0	0.0	862.0
18338	54	Engineering services	47	541330	55	47055	Giles County, Tennessee	yes	2.5	65.21674451380792	4591.416312501627
18339	54	Engineering services	47	541330	59	47059	Greene County, Tennessee	no	5.333333333333333	9.5	643.0
18340	54	Engineering services	47	541330	63	47063	Hamblen County, Tennessee	no	4.166666666666667	3.8333333333333335	1088.0
18341	54	Engineering services	47	541330	65	47065	Hamilton County, Tennessee	no	71.33333333333333	1561.8333333333333	105619.33333333333
18342	54	Engineering services	47	541330	71	47071	Hardin County, Tennessee	yes	1.6666666666666667	43.581123701954795	3153.067619492438
18343	54	Engineering services	47	541330	73	47073	Hawkins County, Tennessee	yes	1.8333333333333333	42.383139367076105	3117.572531618511
18344	54	Engineering services	47	541330	79	47079	Henry County, Tennessee	yes	1.0	25.967311330670594	1832.8239786980587
18345	54	Engineering services	47	541330	83	47083	Houston County, Tennessee	yes	1.0	23.71387015302162	1715.6900216778001
18346	54	Engineering services	47	541330	85	47085	Humphreys County, Tennessee	yes	2.0	82.6031746031746	6251.587301587301
18347	54	Engineering services	47	541330	89	47089	Jefferson County, Tennessee	yes	2.0	23.079699624530665	1669.8745431789737
18348	54	Engineering services	47	541330	91	47091	Johnson County, Tennessee	yes	1.0	23.71387015302162	1715.6900216778001
18349	54	Engineering services	47	541330	93	47093	Knox County, Tennessee	no	128.5	1910.0	158323.66666666666
18350	54	Engineering services	47	541330	99	47099	Lawrence County, Tennessee	yes	3.0	71.14161045906486	5147.070065033401
18351	54	Engineering services	47	541330	101	47101	Lewis County, Tennessee	yes	1.0	21.460428975372654	1598.5560646575414
18352	54	Engineering services	47	541330	105	47105	Loudon County, Tennessee	no	4.333333333333333	20.0	2135.0
18353	54	Engineering services	47	541330	105	47105	Loudon County, Tennessee	yes	4.666666666666667	119.74735477541867	8536.504870016115
18354	54	Engineering services	47	541330	107	47107	McMinn County, Tennessee	no	3.4	9.8	356.8
18355	54	Engineering services	47	541330	107	47107	McMinn County, Tennessee	yes	2.0	20.64179104477612	1608.089552238806
18356	54	Engineering services	47	541330	111	47111	Macon County, Tennessee	yes	1.5	33.77939222974688	2462.5994604663356
18357	54	Engineering services	47	541330	113	47113	Madison County, Tennessee	no	14.333333333333334	89.33333333333333	7083.833333333333
18358	54	Engineering services	47	541330	115	47115	Marion County, Tennessee	yes	2.1666666666666665	54.311338189641134	3952.3456518212083
18359	54	Engineering services	47	541330	117	47117	Marshall County, Tennessee	yes	1.3333333333333333	30.4786203457201	2163.5049961014565
18360	54	Engineering services	47	541330	119	47119	Maury County, Tennessee	no	5.0	19.166666666666668	1902.0
18361	54	Engineering services	47	541330	123	47123	Monroe County, Tennessee	yes	2.0	47.42774030604324	3431.3800433556003
18362	54	Engineering services	47	541330	125	47125	Montgomery County, Tennessee	no	8.666666666666666	88.83333333333333	6271.5
18363	54	Engineering services	47	541330	129	47129	Morgan County, Tennessee	yes	1.5	45.07743497483676	3386.156505967688
18364	54	Engineering services	47	541330	131	47131	Obion County, Tennessee	no	3.4	11.8	1001.6
18365	54	Engineering services	47	541330	131	47131	Obion County, Tennessee	yes	4.0	121.07042253521126	7531.380281690141
18366	54	Engineering services	47	541330	139	47139	Polk County, Tennessee	yes	1.0	23.71387015302162	1715.6900216778001
18367	54	Engineering services	47	541330	141	47141	Putnam County, Tennessee	no	9.0	68.0	4122.333333333333
18368	54	Engineering services	47	541330	141	47141	Putnam County, Tennessee	yes	9.666666666666666	247.23530236143225	17391.045757129843
18369	54	Engineering services	47	541330	143	47143	Rhea County, Tennessee	yes	2.6666666666666665	65.70624508828853	4803.992277690216
18370	54	Engineering services	47	541330	145	47145	Roane County, Tennessee	no	5.333333333333333	6.166666666666667	673.3333333333334
18371	54	Engineering services	47	541330	147	47147	Robertson County, Tennessee	no	3.75	11.75	1149.5
18372	54	Engineering services	47	541330	147	47147	Robertson County, Tennessee	yes	3.5	66.04319949548034	4432.357157872609
18373	54	Engineering services	47	541330	149	47149	Rutherford County, Tennessee	no	20.333333333333332	314.3333333333333	23223.5
18374	54	Engineering services	47	541330	151	47151	Scott County, Tennessee	yes	1.6666666666666667	40.66299011334476	2983.565068931944
18375	54	Engineering services	47	541330	153	47153	Sequatchie County, Tennessee	yes	1.0	25.423679940484718	1901.8125708812158
18376	54	Engineering services	47	541330	155	47155	Sevier County, Tennessee	no	7.333333333333333	112.83333333333333	5803.5
18377	54	Engineering services	47	541330	157	47157	Shelby County, Tennessee	no	101.5	1860.5	96748.33333333333
18378	54	Engineering services	47	541330	161	47161	Stewart County, Tennessee	yes	1.0	41.3015873015873	3125.7936507936506
18379	54	Engineering services	47	541330	163	47163	Sullivan County, Tennessee	no	17.833333333333332	288.3333333333333	23028.333333333332
18380	54	Engineering services	47	541330	165	47165	Sumner County, Tennessee	no	8.833333333333334	74.33333333333333	10820.5
18381	54	Engineering services	47	541330	167	47167	Tipton County, Tennessee	yes	1.0	25.423679940484718	1901.8125708812158
18382	54	Engineering services	47	541330	169	47169	Trousdale County, Tennessee	yes	1.0	23.71387015302162	1715.6900216778001
18383	54	Engineering services	47	541330	171	47171	Unicoi County, Tennessee	yes	1.0	25.967311330670594	1832.8239786980587
18384	54	Engineering services	47	541330	173	47173	Union County, Tennessee	yes	1.6666666666666667	40.66299011334476	2983.565068931944
18385	54	Engineering services	47	541330	175	47175	Van Buren County, Tennessee	yes	1.0	29.800880323399767	2156.0663967219566
18386	54	Engineering services	47	541330	179	47179	Washington County, Tennessee	no	16.5	118.33333333333333	6956.333333333333
18387	54	Engineering services	47	541330	181	47181	Wayne County, Tennessee	yes	1.0	41.3015873015873	3125.7936507936506
18388	54	Engineering services	47	541330	183	47183	Weakley County, Tennessee	yes	1.0	37.3134328358209	2811.582089552239
18389	54	Engineering services	47	541330	185	47185	White County, Tennessee	yes	1.0	21.460428975372654	1598.5560646575414
18390	54	Engineering services	47	541330	187	47187	Williamson County, Tennessee	no	65.2	555.6	56287.8
18391	54	Engineering services	47	541330	187	47187	Williamson County, Tennessee	yes	68.0	701.8208955223881	54675.04477611941
18392	54	Engineering services	47	541330	189	47189	Wilson County, Tennessee	no	7.833333333333333	11.0	1895.8333333333333
18393	54	Environmental consulting services	47	541620	1	47001	Anderson County, Tennessee	no	9.0	277.0	30193.5
18394	54	Environmental consulting services	47	541620	1	47001	Anderson County, Tennessee	yes	9.0	185.61206896551724	14021.823275862069
18395	54	Environmental consulting services	47	541620	3	47003	Bedford County, Tennessee	yes	1.0	14.239247311827956	624.6689068100358
18396	54	Environmental consulting services	47	541620	9	47009	Blount County, Tennessee	yes	1.3333333333333333	16.930213339324215	997.7744098960264
18397	54	Environmental consulting services	47	541620	21	47021	Cheatham County, Tennessee	yes	1.3333333333333333	14.705547182912426	978.5507175797183
18398	54	Environmental consulting services	47	541620	25	47025	Claiborne County, Tennessee	yes	1.0	14.239247311827956	624.6689068100358
18399	54	Environmental consulting services	47	541620	35	47035	Cumberland County, Tennessee	yes	1.5	20.561827956989248	730.6850358422938
18400	54	Environmental consulting services	47	541620	37	47037	Davidson County, Tennessee	no	23.333333333333332	313.0	23009.333333333332
18401	54	Environmental consulting services	47	541620	55	47055	Giles County, Tennessee	yes	1.0	12.64516129032258	212.03225806451613
18402	54	Environmental consulting services	47	541620	65	47065	Hamilton County, Tennessee	no	5.0	7.25	2705.5
18403	54	Environmental consulting services	47	541620	65	47065	Hamilton County, Tennessee	yes	3.0	22.69574652777778	1700.9934895833333
18404	54	Environmental consulting services	47	541620	73	47073	Hawkins County, Tennessee	no	3.0	4.0	215.0
18405	54	Environmental consulting services	47	541620	73	47073	Hawkins County, Tennessee	yes	2.0	24.183049648786714	1810.1105550766283
18406	54	Environmental consulting services	47	541620	87	47087	Jackson County, Tennessee	yes	1.0	12.183797568714894	789.5514409593478
18407	54	Environmental consulting services	47	541620	91	47091	Johnson County, Tennessee	yes	1.0	12.183797568714894	789.5514409593478
18408	54	Environmental consulting services	47	541620	93	47093	Knox County, Tennessee	no	18.5	137.33333333333334	9945.833333333334
18409	54	Environmental consulting services	47	541620	103	47103	Lincoln County, Tennessee	yes	1.0	17.96409590903473	1109.3309953446214
18410	54	Environmental consulting services	47	541620	105	47105	Loudon County, Tennessee	yes	1.6	15.092930256869773	800.9362782258064
18411	54	Environmental consulting services	47	541620	113	47113	Madison County, Tennessee	yes	1.0	12.183797568714894	789.5514409593478
18412	54	Environmental consulting services	47	541620	119	47119	Maury County, Tennessee	yes	1.6666666666666667	19.62117936682047	1370.879912982017
18413	54	Environmental consulting services	47	541620	123	47123	Monroe County, Tennessee	yes	1.0	4.08	275.32
18414	54	Environmental consulting services	47	541620	129	47129	Morgan County, Tennessee	yes	1.0	14.239247311827956	624.6689068100358
18415	54	Environmental consulting services	47	541620	141	47141	Putnam County, Tennessee	yes	1.5	16.813074064632854	1013.8894272571375
18416	54	Environmental consulting services	47	541620	145	47145	Roane County, Tennessee	no	3.6666666666666665	14.333333333333334	1564.6666666666667
18417	54	Environmental consulting services	47	541620	145	47145	Roane County, Tennessee	yes	2.0	12.806998456790124	939.5437731481483
18418	54	Environmental consulting services	47	541620	147	47147	Robertson County, Tennessee	yes	1.0	12.183797568714894	789.5514409593478
18419	54	Environmental consulting services	47	541620	149	47149	Rutherford County, Tennessee	no	6.166666666666667	39.833333333333336	2767.3333333333335
18420	54	Environmental consulting services	47	541620	155	47155	Sevier County, Tennessee	yes	1.25	18.45140526510938	1160.154635397355
18421	54	Environmental consulting services	47	541620	157	47157	Shelby County, Tennessee	no	21.5	208.33333333333334	13394.666666666666
18422	54	Environmental consulting services	47	541620	159	47159	Smith County, Tennessee	yes	1.0	12.183797568714894	789.5514409593478
18423	54	Environmental consulting services	47	541620	163	47163	Sullivan County, Tennessee	yes	2.0	24.367595137429788	1579.1028819186956
18424	54	Environmental consulting services	47	541620	165	47165	Sumner County, Tennessee	yes	1.8333333333333333	20.131962953521743	1232.6603531830635
18425	54	Environmental consulting services	47	541620	177	47177	Warren County, Tennessee	yes	1.0	12.183797568714894	789.5514409593478
18426	54	Environmental consulting services	47	541620	179	47179	Washington County, Tennessee	yes	1.5	21.16584552323226	1344.2169386316584
18427	54	Environmental consulting services	47	541620	187	47187	Williamson County, Tennessee	no	12.5	133.83333333333334	10760.333333333334
18428	54	Environmental consulting services	47	541620	189	47189	Wilson County, Tennessee	no	3.5	3.25	160.0
18429	54	Environmental consulting services	47	541620	189	47189	Wilson County, Tennessee	yes	2.5	23.04774193548387	593.3683870967742
18430	54	Geophysical surveying and mapping services	47	541360	9	47009	Blount County, Tennessee	yes	1.0	0.0	0.0
18431	54	Geophysical surveying and mapping services	47	541360	19	47019	Carter County, Tennessee	yes	1.0	1.0	42.0
18432	54	Geophysical surveying and mapping services	47	541360	37	47037	Davidson County, Tennessee	yes	1.0	0.5	31.5
18433	54	Geophysical surveying and mapping services	47	541360	65	47065	Hamilton County, Tennessee	yes	1.0	0.0	0.0
18434	54	Geophysical surveying and mapping services	47	541360	93	47093	Knox County, Tennessee	yes	1.0	0.0	0.0
18435	54	Geophysical surveying and mapping services	47	541360	147	47147	Robertson County, Tennessee	yes	1.0	1.111111111111111	36.22222222222222
18436	54	Geophysical surveying and mapping services	47	541360	149	47149	Rutherford County, Tennessee	yes	1.0	0.7666666666666666	28.03333333333333
18437	54	Geophysical surveying and mapping services	47	541360	155	47155	Sevier County, Tennessee	yes	1.0	1.0	42.0
18438	54	Geophysical surveying and mapping services	47	541360	157	47157	Shelby County, Tennessee	yes	1.0	0.4583333333333333	14.041666666666666
18439	54	Geophysical surveying and mapping services	47	541360	163	47163	Sullivan County, Tennessee	yes	1.0	0.5	31.5
18440	54	Graphic design services	47	541430	9	47009	Blount County, Tennessee	yes	1.0	6.663781770376861	109.48498413509917
18441	54	Graphic design services	47	541430	11	47011	Bradley County, Tennessee	yes	1.0	6.663781770376861	109.48498413509917
18442	54	Graphic design services	47	541430	31	47031	Coffee County, Tennessee	yes	1.0	6.663781770376861	109.48498413509917
18443	54	Graphic design services	47	541430	35	47035	Cumberland County, Tennessee	yes	1.0	6.663781770376861	109.48498413509917
18444	54	Graphic design services	47	541430	37	47037	Davidson County, Tennessee	no	46.5	173.66666666666666	9465.333333333334
18445	54	Graphic design services	47	541430	43	47043	Dickson County, Tennessee	yes	1.0	4.0476190476190474	112.28571428571428
18446	54	Graphic design services	47	541430	47	47047	Fayette County, Tennessee	yes	1.0	3.626174651864836	140.6389497516798
18447	54	Graphic design services	47	541430	65	47065	Hamilton County, Tennessee	no	11.666666666666666	50.5	2376.0
18448	54	Graphic design services	47	541430	73	47073	Hawkins County, Tennessee	yes	1.0	3.4154524539877302	154.81556748466258
18449	54	Graphic design services	47	541430	77	47077	Henderson County, Tennessee	yes	1.0	6.663781770376861	109.48498413509917
18450	54	Graphic design services	47	541430	85	47085	Humphreys County, Tennessee	yes	1.0	3.626174651864836	140.6389497516798
18451	54	Graphic design services	47	541430	93	47093	Knox County, Tennessee	no	21.833333333333332	117.5	5952.833333333333
18452	54	Graphic design services	47	541430	105	47105	Loudon County, Tennessee	yes	1.0	4.0112976555652935	129.11810120264875
18453	54	Graphic design services	47	541430	113	47113	Madison County, Tennessee	yes	1.0	6.663781770376861	109.48498413509917
18454	54	Graphic design services	47	541430	125	47125	Montgomery County, Tennessee	no	4.5	16.833333333333332	375.6666666666667
18455	54	Graphic design services	47	541430	131	47131	Obion County, Tennessee	yes	1.0	6.663781770376861	109.48498413509917
18456	54	Graphic design services	47	541430	141	47141	Putnam County, Tennessee	yes	1.6666666666666667	17.680555555555554	125.14351851851852
18457	54	Graphic design services	47	541430	147	47147	Robertson County, Tennessee	yes	1.0	12.5625	64.8125
18458	54	Graphic design services	47	541430	149	47149	Rutherford County, Tennessee	no	4.2	8.8	468.6
18459	54	Graphic design services	47	541430	149	47149	Rutherford County, Tennessee	yes	3.0	12.142857142857142	336.85714285714283
18460	54	Graphic design services	47	541430	153	47153	Sequatchie County, Tennessee	yes	2.0	13.327563540753722	218.96996827019834
18461	54	Graphic design services	47	541430	155	47155	Sevier County, Tennessee	yes	1.0	6.663781770376861	109.48498413509917
18462	54	Graphic design services	47	541430	157	47157	Shelby County, Tennessee	no	20.166666666666668	70.16666666666667	4595.5
18463	54	Graphic design services	47	541430	165	47165	Sumner County, Tennessee	yes	1.0	3.626174651864836	140.6389497516798
18464	54	Graphic design services	47	541430	171	47171	Unicoi County, Tennessee	yes	1.0	9.701388888888888	78.33101851851852
18465	54	Graphic design services	47	541430	177	47177	Warren County, Tennessee	yes	1.0	4.0112976555652935	129.11810120264875
18466	54	Graphic design services	47	541430	179	47179	Washington County, Tennessee	no	4.5	9.333333333333334	414.3333333333333
18467	54	Graphic design services	47	541430	187	47187	Williamson County, Tennessee	no	20.833333333333332	50.333333333333336	3544.1666666666665
18468	54	Graphic design services	47	541430	189	47189	Wilson County, Tennessee	no	4.0	21.0	504.0
18469	54	Graphic design services	47	541430	189	47189	Wilson County, Tennessee	yes	2.75	22.00297619047619	239.82341269841268
18470	54	Human resources consulting services	47	541612	1	47001	Anderson County, Tennessee	yes	1.3333333333333333	41.69715232072956	963.5584253295636
18471	54	Human resources consulting services	47	541612	9	47009	Blount County, Tennessee	no	4.333333333333333	9.0	714.3333333333334
18472	54	Human resources consulting services	47	541612	9	47009	Blount County, Tennessee	yes	1.3333333333333333	18.88536155202822	423.0397627064294
18473	54	Human resources consulting services	47	541612	19	47019	Carter County, Tennessee	yes	1.0	52.46341463414634	1300.529268292683
18474	54	Human resources consulting services	47	541612	31	47031	Coffee County, Tennessee	yes	1.0	3.185185185185185	148.1851851851852
18475	54	Human resources consulting services	47	541612	33	47033	Crockett County, Tennessee	yes	1.0	38.44285714285714	1131.6880952380952
18476	54	Human resources consulting services	47	541612	37	47037	Davidson County, Tennessee	no	20.333333333333332	153.0	10115.333333333334
18477	54	Human resources consulting services	47	541612	43	47043	Dickson County, Tennessee	yes	1.0	45.45313588850175	1216.108681765389
18478	54	Human resources consulting services	47	541612	65	47065	Hamilton County, Tennessee	no	9.6	42.6	3166.2
18479	54	Human resources consulting services	47	541612	65	47065	Hamilton County, Tennessee	yes	8.0	154.28571428571428	5299.809523809524
18480	54	Human resources consulting services	47	541612	73	47073	Hawkins County, Tennessee	yes	1.0	52.46341463414634	1300.529268292683
18481	54	Human resources consulting services	47	541612	93	47093	Knox County, Tennessee	no	16.2	50.0	4446.4
18482	54	Human resources consulting services	47	541612	93	47093	Knox County, Tennessee	yes	13.0	41.407407407407405	1926.4074074074074
18483	54	Human resources consulting services	47	541612	113	47113	Madison County, Tennessee	yes	1.0	35.999621456532026	887.1487732532449
18484	54	Human resources consulting services	47	541612	119	47119	Maury County, Tennessee	yes	1.0	35.999621456532026	887.1487732532449
18485	54	Human resources consulting services	47	541612	123	47123	Monroe County, Tennessee	yes	1.0	54.175609756097565	1400.6528455284554
18486	54	Human resources consulting services	47	541612	125	47125	Montgomery County, Tennessee	yes	1.0	52.46341463414634	1300.529268292683
18487	54	Human resources consulting services	47	541612	141	47141	Putnam County, Tennessee	yes	1.0	35.96190476190476	857.8829725829727
18488	54	Human resources consulting services	47	541612	145	47145	Roane County, Tennessee	yes	1.0	3.185185185185185	148.1851851851852
18489	54	Human resources consulting services	47	541612	149	47149	Rutherford County, Tennessee	no	3.6666666666666665	16.0	1428.3333333333333
18490	54	Human resources consulting services	47	541612	149	47149	Rutherford County, Tennessee	yes	3.0	53.47089947089947	1120.9341029341028
18491	54	Human resources consulting services	47	541612	157	47157	Shelby County, Tennessee	no	19.166666666666668	172.16666666666666	9492.5
18492	54	Human resources consulting services	47	541612	163	47163	Sullivan County, Tennessee	no	4.5	16.0	2769.8333333333335
18493	54	Human resources consulting services	47	541612	165	47165	Sumner County, Tennessee	no	5.0	31.0	1332.0
18494	54	Human resources consulting services	47	541612	165	47165	Sumner County, Tennessee	yes	1.75	47.78544973544973	1283.3488696488698
18495	54	Human resources consulting services	47	541612	179	47179	Washington County, Tennessee	yes	1.0	35.999621456532026	887.1487732532449
18496	54	Human resources consulting services	47	541612	181	47181	Wayne County, Tennessee	yes	1.0	52.46341463414634	1300.529268292683
18497	54	Human resources consulting services	47	541612	187	47187	Williamson County, Tennessee	no	23.833333333333332	255.16666666666666	25073.166666666668
18498	54	Industrial design services	47	541420	31	47031	Coffee County, Tennessee	yes	1.0	0.0	0.0
18499	54	Industrial design services	47	541420	37	47037	Davidson County, Tennessee	no	3.3333333333333335	4.333333333333333	185.0
18500	54	Industrial design services	47	541420	37	47037	Davidson County, Tennessee	yes	2.0	9.714285714285714	707.0476190476189
18501	54	Industrial design services	47	541420	43	47043	Dickson County, Tennessee	yes	1.0	7.285714285714286	530.2857142857142
18502	54	Industrial design services	47	541420	65	47065	Hamilton County, Tennessee	yes	1.0	5.442857142857143	443.7053571428571
18503	54	Industrial design services	47	541420	85	47085	Humphreys County, Tennessee	yes	1.0	4.354285714285714	349.1642857142857
18504	54	Industrial design services	47	541420	155	47155	Sevier County, Tennessee	yes	1.0	0.0	0.0
18505	54	Industrial design services	47	541420	187	47187	Williamson County, Tennessee	yes	1.5	3.4952380952380953	280.3035714285714
18506	54	Industrial design services	47	541420	189	47189	Wilson County, Tennessee	yes	1.0	3.6285714285714286	290.9702380952381
18507	54	Interior design services	47	541410	1	47001	Anderson County, Tennessee	yes	1.0	3.4762823473278797	107.85093499841275
18508	54	Interior design services	47	541410	9	47009	Blount County, Tennessee	no	5.0	6.0	358.0
18509	54	Interior design services	47	541410	9	47009	Blount County, Tennessee	yes	2.25	6.999047078126972	280.73305218982705
18510	54	Interior design services	47	541410	11	47011	Bradley County, Tennessee	yes	1.6666666666666667	5.4929687350598	179.8312891887447
18511	54	Interior design services	47	541410	37	47037	Davidson County, Tennessee	no	46.0	177.83333333333334	12634.166666666666
18512	54	Interior design services	47	541410	39	47039	Decatur County, Tennessee	yes	1.0	3.4762823473278797	107.85093499841275
18513	54	Interior design services	47	541410	55	47055	Giles County, Tennessee	yes	1.0	2.8438091631957594	137.69481257099585
18514	54	Interior design services	47	541410	65	47065	Hamilton County, Tennessee	no	7.333333333333333	31.0	1480.0
18515	54	Interior design services	47	541410	65	47065	Hamilton County, Tennessee	yes	7.666666666666667	33.75656565656566	770.8486868686869
18516	54	Interior design services	47	541410	85	47085	Humphreys County, Tennessee	yes	1.0	4.6000000000000005	87.68
18517	54	Interior design services	47	541410	93	47093	Knox County, Tennessee	no	9.5	9.666666666666666	514.6666666666666
18518	54	Interior design services	47	541410	105	47105	Loudon County, Tennessee	yes	1.0	3.4762823473278797	107.85093499841275
18519	54	Interior design services	47	541410	115	47115	Marion County, Tennessee	yes	1.0	3.4762823473278797	107.85093499841275
18520	54	Interior design services	47	541410	141	47141	Putnam County, Tennessee	yes	2.1666666666666665	7.480342472433537	233.12548110793662
18521	54	Interior design services	47	541410	145	47145	Roane County, Tennessee	yes	1.0	5.590909090909091	110.68181818181819
18522	54	Interior design services	47	541410	147	47147	Robertson County, Tennessee	yes	1.0	3.4762823473278797	107.85093499841275
18523	54	Interior design services	47	541410	149	47149	Rutherford County, Tennessee	no	4.0	7.0	297.0
18524	54	Interior design services	47	541410	149	47149	Rutherford County, Tennessee	yes	2.5	9.435890151515151	230.73157196969697
18525	54	Interior design services	47	541410	157	47157	Shelby County, Tennessee	no	29.333333333333332	111.83333333333333	4369.166666666667
18526	54	Interior design services	47	541410	163	47163	Sullivan County, Tennessee	no	3.75	3.75	328.75
18527	54	Interior design services	47	541410	163	47163	Sullivan County, Tennessee	yes	2.0	5.687618326391519	275.3896251419917
18528	54	Interior design services	47	541410	165	47165	Sumner County, Tennessee	yes	1.3333333333333333	4.4242187350597995	153.74920585541136
18529	54	Interior design services	47	541410	167	47167	Tipton County, Tennessee	yes	1.0	3.4762823473278797	107.85093499841275
18530	54	Interior design services	47	541410	171	47171	Unicoi County, Tennessee	yes	1.0	1.8125	68.8125
18531	54	Interior design services	47	541410	179	47179	Washington County, Tennessee	yes	1.0	4.6000000000000005	87.68
18532	54	Interior design services	47	541410	183	47183	Weakley County, Tennessee	yes	1.0	3.4762823473278797	107.85093499841275
18533	54	Interior design services	47	541410	187	47187	Williamson County, Tennessee	no	14.833333333333334	26.666666666666668	2058.5
18534	54	Landscape architectural services	47	541320	7	47007	Bledsoe County, Tennessee	yes	1.0	4.474123598223835	118.3159847943561
18535	54	Landscape architectural services	47	541320	9	47009	Blount County, Tennessee	yes	1.0	4.474123598223835	118.3159847943561
18536	54	Landscape architectural services	47	541320	13	47013	Campbell County, Tennessee	yes	1.0	4.474123598223835	118.3159847943561
18537	54	Landscape architectural services	47	541320	19	47019	Carter County, Tennessee	yes	1.5	6.143496793871182	186.95926427470252
18538	54	Landscape architectural services	47	541320	31	47031	Coffee County, Tennessee	yes	1.0	4.490687448303385	122.8922252314882
18539	54	Landscape architectural services	47	541320	37	47037	Davidson County, Tennessee	no	15.0	96.16666666666667	6365.166666666667
18540	54	Landscape architectural services	47	541320	43	47043	Dickson County, Tennessee	yes	1.0	5.609500805152979	99.34541062801934
18541	54	Landscape architectural services	47	541320	51	47051	Franklin County, Tennessee	yes	1.0	5.609500805152979	99.34541062801934
18542	54	Landscape architectural services	47	541320	65	47065	Hamilton County, Tennessee	no	6.666666666666667	30.833333333333332	1187.0
18543	54	Landscape architectural services	47	541320	93	47093	Knox County, Tennessee	no	8.166666666666666	21.666666666666668	834.0
18544	54	Landscape architectural services	47	541320	97	47097	Lauderdale County, Tennessee	yes	1.0	4.826086956521739	96.43478260869566
18545	54	Landscape architectural services	47	541320	107	47107	McMinn County, Tennessee	yes	1.0	4.474123598223835	118.3159847943561
18546	54	Landscape architectural services	47	541320	111	47111	Macon County, Tennessee	yes	1.0	4.474123598223835	118.3159847943561
18547	54	Landscape architectural services	47	541320	113	47113	Madison County, Tennessee	yes	1.0	4.608695652173913	95.93478260869566
18548	54	Landscape architectural services	47	541320	119	47119	Maury County, Tennessee	yes	1.0	3.7566742944317313	87.04424103737604
18549	54	Landscape architectural services	47	541320	123	47123	Monroe County, Tennessee	yes	1.0	4.720283498601576	91.8248474446987
18550	54	Landscape architectural services	47	541320	125	47125	Montgomery County, Tennessee	yes	1.0	3.601885880427541	126.82361487269357
18551	54	Landscape architectural services	47	541320	131	47131	Obion County, Tennessee	yes	1.0	4.391304347826087	95.43478260869566
18552	54	Landscape architectural services	47	541320	133	47133	Overton County, Tennessee	yes	1.0	4.391304347826087	95.43478260869566
18553	54	Landscape architectural services	47	541320	141	47141	Putnam County, Tennessee	yes	1.0	4.474123598223835	118.3159847943561
18554	54	Landscape architectural services	47	541320	149	47149	Rutherford County, Tennessee	no	3.0	32.333333333333336	1098.0
18555	54	Landscape architectural services	47	541320	149	47149	Rutherford County, Tennessee	yes	2.6666666666666665	15.364734299516906	266.22463768115944
18556	54	Landscape architectural services	47	541320	155	47155	Sevier County, Tennessee	yes	1.1666666666666667	5.278471424310792	134.38844856247204
18557	54	Landscape architectural services	47	541320	157	47157	Shelby County, Tennessee	no	16.5	96.16666666666667	3973.5
18558	54	Landscape architectural services	47	541320	163	47163	Sullivan County, Tennessee	no	3.0	0.0	139.0
18559	54	Landscape architectural services	47	541320	163	47163	Sullivan County, Tennessee	yes	2.2	8.103978507082235	255.3443284187353
18560	54	Landscape architectural services	47	541320	165	47165	Sumner County, Tennessee	yes	1.0	4.474123598223835	118.3159847943561
18561	54	Landscape architectural services	47	541320	179	47179	Washington County, Tennessee	yes	1.0	4.406837571248797	129.5065858871863
18562	54	Landscape architectural services	47	541320	187	47187	Williamson County, Tennessee	no	13.166666666666666	21.333333333333332	1432.6666666666667
18563	54	Landscape architectural services	47	541320	189	47189	Wilson County, Tennessee	yes	1.1666666666666667	5.20600765619485	134.22178189580538
18564	54	Marketing consulting services	47	541613	1	47001	Anderson County, Tennessee	yes	1.6666666666666667	19.842976348364278	992.7540064102565
18565	54	Marketing consulting services	47	541613	9	47009	Blount County, Tennessee	no	3.8	8.8	563.0
18566	54	Marketing consulting services	47	541613	9	47009	Blount County, Tennessee	yes	3.0	24.851351351351354	1583.8783783783786
18567	54	Marketing consulting services	47	541613	11	47011	Bradley County, Tennessee	no	3.75	3.5	256.0
18568	54	Marketing consulting services	47	541613	11	47011	Bradley County, Tennessee	yes	3.0	36.732095490716176	1801.6730769230771
18569	54	Marketing consulting services	47	541613	17	47017	Carroll County, Tennessee	yes	2.0	25.810735008831273	1943.6080506861756
18570	54	Marketing consulting services	47	541613	21	47021	Cheatham County, Tennessee	yes	1.0	12.905367504415636	971.8040253430878
18571	54	Marketing consulting services	47	541613	23	47023	Chester County, Tennessee	yes	1.0	12.905367504415636	971.8040253430878
18572	54	Marketing consulting services	47	541613	25	47025	Claiborne County, Tennessee	yes	2.0	18.387232059645854	1149.4594594594596
18573	54	Marketing consulting services	47	541613	31	47031	Coffee County, Tennessee	yes	1.0	14.205338788672123	1343.6477141477142
18574	54	Marketing consulting services	47	541613	35	47035	Cumberland County, Tennessee	yes	1.3333333333333333	16.966600049933383	1519.6342006342009
18575	54	Marketing consulting services	47	541613	37	47037	Davidson County, Tennessee	no	71.83333333333333	560.6666666666666	30486.5
18576	54	Marketing consulting services	47	541613	39	47039	Decatur County, Tennessee	yes	1.0	9.193616029822927	574.7297297297298
18577	54	Marketing consulting services	47	541613	41	47041	DeKalb County, Tennessee	yes	1.0	12.905367504415636	971.8040253430878
18578	54	Marketing consulting services	47	541613	43	47043	Dickson County, Tennessee	yes	1.8333333333333333	23.41329911139538	1847.0054865836119
18579	54	Marketing consulting services	47	541613	47	47047	Fayette County, Tennessee	no	3.0	4.5	205.5
18580	54	Marketing consulting services	47	541613	47	47047	Fayette County, Tennessee	yes	1.5	23.344301387270136	2046.0870938956878
18581	54	Marketing consulting services	47	541613	51	47051	Franklin County, Tennessee	yes	1.0	13.23603534150409	1157.4271918607858
18582	54	Marketing consulting services	47	541613	55	47055	Giles County, Tennessee	yes	1.0	13.17986616046961	1163.1107856107858
18583	54	Marketing consulting services	47	541613	57	47057	Grainger County, Tennessee	yes	1.0	8.283783783783784	527.9594594594595
18584	54	Marketing consulting services	47	541613	59	47059	Greene County, Tennessee	yes	1.5	20.939428337865838	1464.9364255536132
18585	54	Marketing consulting services	47	541613	65	47065	Hamilton County, Tennessee	no	22.333333333333332	214.0	15516.666666666666
18586	54	Marketing consulting services	47	541613	65	47065	Hamilton County, Tennessee	yes	18.666666666666668	175.84521590556074	10762.939189189188
18587	54	Marketing consulting services	47	541613	71	47071	Hardin County, Tennessee	yes	1.0	8.283783783783784	527.9594594594595
18588	54	Marketing consulting services	47	541613	73	47073	Hawkins County, Tennessee	yes	1.5	20.008036898751694	1643.627882416945
18589	54	Marketing consulting services	47	541613	77	47077	Henderson County, Tennessee	yes	1.3333333333333333	18.627406268121067	1555.6346391737018
18590	54	Marketing consulting services	47	541613	81	47081	Hickman County, Tennessee	yes	1.0	17.166116291116293	1751.4918414918416
18591	54	Marketing consulting services	47	541613	85	47085	Humphreys County, Tennessee	yes	1.0	11.60539622015915	599.9603365384615
18592	54	Marketing consulting services	47	541613	89	47089	Jefferson County, Tennessee	yes	1.0	14.205338788672123	1343.6477141477142
18593	54	Marketing consulting services	47	541613	93	47093	Knox County, Tennessee	no	37.5	74.0	5213.5
18594	54	Marketing consulting services	47	541613	99	47099	Lawrence County, Tennessee	yes	1.1666666666666667	14.626721671082306	1071.5982961764212
18595	54	Marketing consulting services	47	541613	105	47105	Loudon County, Tennessee	no	3.0	3.0	41.0
18596	54	Marketing consulting services	47	541613	105	47105	Loudon County, Tennessee	yes	1.6	21.132721201578963	1856.4303819772572
18597	54	Marketing consulting services	47	541613	107	47107	McMinn County, Tennessee	yes	1.0	12.905367504415636	971.8040253430878
18598	54	Marketing consulting services	47	541613	113	47113	Madison County, Tennessee	no	4.0	20.5	1144.0
18599	54	Marketing consulting services	47	541613	113	47113	Madison County, Tennessee	yes	4.0	56.8661743036743	5183.5827742077745
18600	54	Marketing consulting services	47	541613	119	47119	Maury County, Tennessee	yes	1.6666666666666667	21.691944944728714	1747.2112157502786
18601	54	Marketing consulting services	47	541613	123	47123	Monroe County, Tennessee	no	3.0	3.0	166.0
18602	54	Marketing consulting services	47	541613	123	47123	Monroe County, Tennessee	yes	1.8	24.782445420160936	2005.2228001165502
18603	54	Marketing consulting services	47	541613	125	47125	Montgomery County, Tennessee	yes	2.25	22.09572426786867	1282.9961181133058
18604	54	Marketing consulting services	47	541613	131	47131	Obion County, Tennessee	yes	1.0	12.905367504415636	971.8040253430878
18605	54	Marketing consulting services	47	541613	139	47139	Polk County, Tennessee	yes	1.0	14.384615384615383	579.6153846153846
18606	54	Marketing consulting services	47	541613	141	47141	Putnam County, Tennessee	no	5.0	7.0	188.5
18607	54	Marketing consulting services	47	541613	145	47145	Roane County, Tennessee	yes	1.0	17.166116291116293	1751.4918414918416
18608	54	Marketing consulting services	47	541613	147	47147	Robertson County, Tennessee	yes	2.0	26.8649863963262	1948.4283090454967
18609	54	Marketing consulting services	47	541613	149	47149	Rutherford County, Tennessee	no	10.833333333333334	34.833333333333336	1021.8333333333334
18610	54	Marketing consulting services	47	541613	155	47155	Sevier County, Tennessee	no	6.333333333333333	27.333333333333332	1374.6666666666667
18611	54	Marketing consulting services	47	541613	155	47155	Sevier County, Tennessee	yes	4.666666666666667	54.584272767462416	2800.2131410256407
18612	54	Marketing consulting services	47	541613	157	47157	Shelby County, Tennessee	no	43.0	348.5	15558.5
18613	54	Marketing consulting services	47	541613	163	47163	Sullivan County, Tennessee	yes	3.5	44.518800623326484	3215.3922442984945
18614	54	Marketing consulting services	47	541613	165	47165	Sumner County, Tennessee	no	8.6	14.2	780.0
18615	54	Marketing consulting services	47	541613	165	47165	Sumner County, Tennessee	yes	5.0	51.640625	2993.828125
18616	54	Marketing consulting services	47	541613	169	47169	Trousdale County, Tennessee	yes	1.0	14.384615384615383	579.6153846153846
18617	54	Marketing consulting services	47	541613	177	47177	Warren County, Tennessee	yes	2.0	34.332232582232585	3502.983682983683
18618	54	Marketing consulting services	47	541613	179	47179	Washington County, Tennessee	no	4.4	9.2	176.2
18619	54	Marketing consulting services	47	541613	179	47179	Washington County, Tennessee	yes	5.0	41.41891891891892	2639.7972972972975
18620	54	Marketing consulting services	47	541613	181	47181	Wayne County, Tennessee	yes	1.0	10.215786637931036	610.1328125
18621	54	Marketing consulting services	47	541613	183	47183	Weakley County, Tennessee	yes	1.1666666666666667	14.58927555039265	1075.3873586764212
18622	54	Marketing consulting services	47	541613	185	47185	White County, Tennessee	yes	1.0	14.205338788672123	1343.6477141477142
18623	54	Marketing consulting services	47	541613	187	47187	Williamson County, Tennessee	no	53.666666666666664	222.33333333333334	12173.666666666666
18624	54	Marketing consulting services	47	541613	189	47189	Wilson County, Tennessee	no	4.8	7.2	459.8
18625	54	Marketing consulting services	47	541613	189	47189	Wilson County, Tennessee	yes	4.0	41.3125	2395.0625
18626	54	Marketing research and public opinion polling	47	541910	9	47009	Blount County, Tennessee	yes	1.0	27.411622276029053	1314.6113801452784
18627	54	Marketing research and public opinion polling	47	541910	11	47011	Bradley County, Tennessee	yes	1.0	30.456651869787464	1640.906571159537
18628	54	Marketing research and public opinion polling	47	541910	23	47023	Chester County, Tennessee	yes	1.0	30.456651869787464	1640.906571159537
18629	54	Marketing research and public opinion polling	47	541910	37	47037	Davidson County, Tennessee	no	18.833333333333332	419.5	11421.833333333334
18630	54	Marketing research and public opinion polling	47	541910	57	47057	Grainger County, Tennessee	yes	1.0	33.10774818401937	1655.3520312079634
18631	54	Marketing research and public opinion polling	47	541910	65	47065	Hamilton County, Tennessee	yes	3.1666666666666665	95.35160747914983	5050.156840193705
18632	54	Marketing research and public opinion polling	47	541910	93	47093	Knox County, Tennessee	no	6.0	32.0	2617.75
18633	54	Marketing research and public opinion polling	47	541910	93	47093	Knox County, Tennessee	yes	4.5	121.74166666666667	7158.325
18634	54	Marketing research and public opinion polling	47	541910	119	47119	Maury County, Tennessee	yes	1.0	30.456651869787464	1640.906571159537
18635	54	Marketing research and public opinion polling	47	541910	157	47157	Shelby County, Tennessee	no	11.0	161.83333333333334	2375.5
18636	54	Marketing research and public opinion polling	47	541910	163	47163	Sullivan County, Tennessee	yes	1.0	30.841315577078284	1640.4612187247778
18637	54	Marketing research and public opinion polling	47	541910	165	47165	Sumner County, Tennessee	yes	2.6666666666666665	82.62273338714016	4420.255824589723
18638	54	Marketing research and public opinion polling	47	541910	179	47179	Washington County, Tennessee	yes	1.0	30.456651869787464	1640.906571159537
18639	54	Marketing research and public opinion polling	47	541910	187	47187	Williamson County, Tennessee	no	6.75	85.0	7334.5
18640	54	Marketing research and public opinion polling	47	541910	187	47187	Williamson County, Tennessee	yes	3.5	92.99166666666666	5343.741666666667
18641	54	Marketing research and public opinion polling	47	541910	189	47189	Wilson County, Tennessee	yes	1.6666666666666667	45.300000000000004	2631.3888888888887
18642	54	Media buying agencies	47	541830	37	47037	Davidson County, Tennessee	no	3.75	6.25	530.5
18643	54	Media buying agencies	47	541830	37	47037	Davidson County, Tennessee	yes	2.5	0.0	0.0
18644	54	Media buying agencies	47	541830	93	47093	Knox County, Tennessee	yes	1.0	3.7777777777777772	237.1916666666667
18645	54	Media buying agencies	47	541830	105	47105	Loudon County, Tennessee	yes	1.0	3.7777777777777772	237.1916666666667
18646	54	Media buying agencies	47	541830	157	47157	Shelby County, Tennessee	yes	1.0	5.666666666666666	372.1
18647	54	Media buying agencies	47	541830	179	47179	Washington County, Tennessee	yes	1.0	8.6	532.6
18648	54	Media buying agencies	47	541830	187	47187	Williamson County, Tennessee	yes	1.5	6.122222222222223	385.61666666666673
18649	54	Media representatives	47	541840	1	47001	Anderson County, Tennessee	yes	1.0	7.1041819291819275	368.32974155474153
18650	54	Media representatives	47	541840	19	47019	Carter County, Tennessee	yes	1.0	5.357142857142857	192.78571428571428
18651	54	Media representatives	47	541840	31	47031	Coffee County, Tennessee	yes	1.0	7.453589743589744	403.438547008547
18652	54	Media representatives	47	541840	35	47035	Cumberland County, Tennessee	yes	1.0	6.3708791208791204	199.4697802197802
18653	54	Media representatives	47	541840	37	47037	Davidson County, Tennessee	no	7.5	22.333333333333332	1040.8333333333333
18654	54	Media representatives	47	541840	65	47065	Hamilton County, Tennessee	yes	1.0	6.3708791208791204	199.4697802197802
18655	54	Media representatives	47	541840	79	47079	Henry County, Tennessee	yes	1.0	7.1041819291819275	368.32974155474153
18656	54	Media representatives	47	541840	93	47093	Knox County, Tennessee	yes	1.3333333333333333	9.227808302808302	434.81966829466825
18657	54	Media representatives	47	541840	111	47111	Macon County, Tennessee	yes	1.0	5.38058608058608	202.2465201465201
18658	54	Media representatives	47	541840	125	47125	Montgomery County, Tennessee	yes	2.0	14.208363858363855	736.6594831094831
18659	54	Media representatives	47	541840	157	47157	Shelby County, Tennessee	yes	1.8	16.705018315018314	953.7756898656899
18660	54	Media representatives	47	541840	163	47163	Sullivan County, Tennessee	yes	1.1666666666666667	7.997039072039072	400.460693935694
18661	54	Media representatives	47	541840	165	47165	Sumner County, Tennessee	yes	1.0	7.726785714285715	445.9839285714286
18662	54	Media representatives	47	541840	189	47189	Wilson County, Tennessee	yes	1.0	7.453589743589744	403.438547008547
18663	54	Offices of certified public accountants	47	541211	1	47001	Anderson County, Tennessee	no	12.5	47.833333333333336	1575.8333333333333
18664	54	Offices of certified public accountants	47	541211	3	47003	Bedford County, Tennessee	no	3.5	15.5	1078.5
18665	54	Offices of certified public accountants	47	541211	3	47003	Bedford County, Tennessee	yes	3.0	18.41984918270282	1008.842592902635
18666	54	Offices of certified public accountants	47	541211	5	47005	Benton County, Tennessee	yes	1.0	7.4803705254491115	276.4691620591714
18667	54	Offices of certified public accountants	47	541211	9	47009	Blount County, Tennessee	no	8.5	51.0	3330.75
18668	54	Offices of certified public accountants	47	541211	9	47009	Blount County, Tennessee	yes	7.5	51.63	1389.49
18669	54	Offices of certified public accountants	47	541211	11	47011	Bradley County, Tennessee	no	13.166666666666666	39.0	1726.0
18670	54	Offices of certified public accountants	47	541211	13	47013	Campbell County, Tennessee	no	3.0	0.0	40.0
18671	54	Offices of certified public accountants	47	541211	13	47013	Campbell County, Tennessee	yes	1.2	9.808929479023783	328.88529750130874
18672	54	Offices of certified public accountants	47	541211	15	47015	Cannon County, Tennessee	no	3.0	5.5	169.5
18673	54	Offices of certified public accountants	47	541211	15	47015	Cannon County, Tennessee	yes	3.0	21.28657336540564	1439.5617483052702
18674	54	Offices of certified public accountants	47	541211	17	47017	Carroll County, Tennessee	no	5.0	5.5	341.6666666666667
18675	54	Offices of certified public accountants	47	541211	19	47019	Carter County, Tennessee	no	5.0	5.166666666666667	260.5
18676	54	Offices of certified public accountants	47	541211	21	47021	Cheatham County, Tennessee	no	3.3333333333333335	3.3333333333333335	193.16666666666666
18677	54	Offices of certified public accountants	47	541211	23	47023	Chester County, Tennessee	yes	1.0	7.4803705254491115	276.4691620591714
18678	54	Offices of certified public accountants	47	541211	25	47025	Claiborne County, Tennessee	no	3.5	8.0	309.3333333333333
18679	54	Offices of certified public accountants	47	541211	31	47031	Coffee County, Tennessee	no	5.833333333333333	45.666666666666664	1567.8333333333333
18680	54	Offices of certified public accountants	47	541211	33	47033	Crockett County, Tennessee	yes	1.5	11.840357899186484	362.7239979177573
18681	54	Offices of certified public accountants	47	541211	35	47035	Cumberland County, Tennessee	no	5.5	19.0	822.3333333333334
18682	54	Offices of certified public accountants	47	541211	37	47037	Davidson County, Tennessee	no	124.0	2569.1666666666665	289690.3333333333
18683	54	Offices of certified public accountants	47	541211	39	47039	Decatur County, Tennessee	no	3.0	0.0	255.0
18684	54	Offices of certified public accountants	47	541211	39	47039	Decatur County, Tennessee	yes	2.0	14.720889261077868	597.9099889420114
18685	54	Offices of certified public accountants	47	541211	41	47041	DeKalb County, Tennessee	yes	2.8333333333333335	20.400707535943294	804.465566985595
18686	54	Offices of certified public accountants	47	541211	43	47043	Dickson County, Tennessee	yes	3.6666666666666665	26.53441139472574	1053.5947290447664
18687	54	Offices of certified public accountants	47	541211	45	47045	Dyer County, Tennessee	no	5.5	36.5	1470.0
18688	54	Offices of certified public accountants	47	541211	45	47045	Dyer County, Tennessee	yes	3.25	19.55266168270282	1054.237124152635
18689	54	Offices of certified public accountants	47	541211	47	47047	Fayette County, Tennessee	yes	2.0	14.960741050898223	552.9383241183428
18690	54	Offices of certified public accountants	47	541211	49	47049	Fentress County, Tennessee	yes	1.0	7.4803705254491115	276.4691620591714
18691	54	Offices of certified public accountants	47	541211	51	47051	Franklin County, Tennessee	no	3.0	22.333333333333332	699.0
18692	54	Offices of certified public accountants	47	541211	51	47051	Franklin County, Tennessee	yes	3.0	18.72229891027043	1141.2859572035134
18693	54	Offices of certified public accountants	47	541211	53	47053	Gibson County, Tennessee	no	4.166666666666667	11.833333333333334	799.5
18694	54	Offices of certified public accountants	47	541211	55	47055	Giles County, Tennessee	yes	1.0	7.4803705254491115	276.4691620591714
18695	54	Offices of certified public accountants	47	541211	59	47059	Greene County, Tennessee	no	6.666666666666667	33.0	1458.3333333333333
18696	54	Offices of certified public accountants	47	541211	63	47063	Hamblen County, Tennessee	no	8.666666666666666	47.166666666666664	2805.5
18697	54	Offices of certified public accountants	47	541211	65	47065	Hamilton County, Tennessee	no	55.5	550.3333333333334	30493.5
18698	54	Offices of certified public accountants	47	541211	69	47069	Hardeman County, Tennessee	yes	2.0	14.960741050898223	552.9383241183428
18699	54	Offices of certified public accountants	47	541211	71	47071	Hardin County, Tennessee	no	3.0	9.6	680.8
18700	54	Offices of certified public accountants	47	541211	71	47071	Hardin County, Tennessee	yes	3.0	24.240000000000002	492.12
18701	54	Offices of certified public accountants	47	541211	73	47073	Hawkins County, Tennessee	no	3.0	3.0	47.0
18702	54	Offices of certified public accountants	47	541211	73	47073	Hawkins County, Tennessee	yes	1.6	10.217709782054087	411.72381644070265
18703	54	Offices of certified public accountants	47	541211	75	47075	Haywood County, Tennessee	no	3.0	19.333333333333332	863.6666666666666
18704	54	Offices of certified public accountants	47	541211	75	47075	Haywood County, Tennessee	yes	3.0	26.159924242424243	517.5290151515151
18705	54	Offices of certified public accountants	47	541211	77	47077	Henderson County, Tennessee	yes	2.5	18.08112420260996	743.1526503189284
18706	54	Offices of certified public accountants	47	541211	79	47079	Henry County, Tennessee	no	6.333333333333333	77.83333333333333	3079.8333333333335
18707	54	Offices of certified public accountants	47	541211	81	47081	Hickman County, Tennessee	yes	1.0	7.4803705254491115	276.4691620591714
18708	54	Offices of certified public accountants	47	541211	85	47085	Humphreys County, Tennessee	yes	1.1666666666666667	8.82703719211578	303.80916205917146
18709	54	Offices of certified public accountants	47	541211	89	47089	Jefferson County, Tennessee	no	4.0	0.0	311.0
18710	54	Offices of certified public accountants	47	541211	89	47089	Jefferson County, Tennessee	yes	2.4	19.617858958047567	657.7705950026175
18711	54	Offices of certified public accountants	47	541211	93	47093	Knox County, Tennessee	no	94.5	739.3333333333334	53147.166666666664
18712	54	Offices of certified public accountants	47	541211	95	47095	Lake County, Tennessee	yes	1.0	6.240766303423477	380.4286524011711
18713	54	Offices of certified public accountants	47	541211	97	47097	Lauderdale County, Tennessee	yes	2.0	14.960741050898223	552.9383241183428
18714	54	Offices of certified public accountants	47	541211	99	47099	Lawrence County, Tennessee	no	3.0	7.666666666666667	149.0
18715	54	Offices of certified public accountants	47	541211	99	47099	Lawrence County, Tennessee	yes	3.3333333333333335	28.853257575757578	572.2090151515152
18716	54	Offices of certified public accountants	47	541211	103	47103	Lincoln County, Tennessee	no	3.0	18.0	698.75
18717	54	Offices of certified public accountants	47	541211	103	47103	Lincoln County, Tennessee	yes	3.0	30.483636363636364	470.5372727272727
18718	54	Offices of certified public accountants	47	541211	105	47105	Loudon County, Tennessee	no	3.0	4.0	120.0
18719	54	Offices of certified public accountants	47	541211	105	47105	Loudon County, Tennessee	yes	2.0	15.69188926107787	598.8542389420114
18720	54	Offices of certified public accountants	47	541211	107	47107	McMinn County, Tennessee	no	4.0	26.0	605.6666666666666
18721	54	Offices of certified public accountants	47	541211	109	47109	McNairy County, Tennessee	yes	1.0	7.4803705254491115	276.4691620591714
18722	54	Offices of certified public accountants	47	541211	113	47113	Madison County, Tennessee	no	13.5	122.5	6067.833333333333
18723	54	Offices of certified public accountants	47	541211	115	47115	Marion County, Tennessee	yes	2.0	14.960741050898223	552.9383241183428
18724	54	Offices of certified public accountants	47	541211	117	47117	Marshall County, Tennessee	no	3.3333333333333335	16.333333333333332	187.66666666666666
18725	54	Offices of certified public accountants	47	541211	117	47117	Marshall County, Tennessee	yes	3.0	26.159924242424243	517.5290151515151
18726	54	Offices of certified public accountants	47	541211	119	47119	Maury County, Tennessee	no	10.0	45.166666666666664	1868.6666666666667
18727	54	Offices of certified public accountants	47	541211	123	47123	Monroe County, Tennessee	yes	2.0	14.960741050898223	552.9383241183428
18728	54	Offices of certified public accountants	47	541211	125	47125	Montgomery County, Tennessee	no	9.833333333333334	46.0	2495.3333333333335
18729	54	Offices of certified public accountants	47	541211	131	47131	Obion County, Tennessee	yes	2.6666666666666665	20.075936757968933	669.456180810262
18730	54	Offices of certified public accountants	47	541211	133	47133	Overton County, Tennessee	no	3.0	4.0	322.1666666666667
18731	54	Offices of certified public accountants	47	541211	139	47139	Polk County, Tennessee	yes	1.1666666666666667	8.235578858782445	306.7321828925048
18732	54	Offices of certified public accountants	47	541211	141	47141	Putnam County, Tennessee	no	10.0	41.0	1942.8333333333333
18733	54	Offices of certified public accountants	47	541211	143	47143	Rhea County, Tennessee	no	3.0	0.0	52.0
18734	54	Offices of certified public accountants	47	541211	143	47143	Rhea County, Tennessee	yes	2.0	13.055919564108171	603.6653828814053
18735	54	Offices of certified public accountants	47	541211	145	47145	Roane County, Tennessee	yes	2.3333333333333335	18.34781175796893	605.220243310262
18736	54	Offices of certified public accountants	47	541211	147	47147	Robertson County, Tennessee	no	8.0	35.0	1239.1666666666667
18737	54	Offices of certified public accountants	47	541211	149	47149	Rutherford County, Tennessee	no	20.333333333333332	139.66666666666666	6399.333333333333
18738	54	Offices of certified public accountants	47	541211	151	47151	Scott County, Tennessee	yes	2.0	14.960741050898223	552.9383241183428
18739	54	Offices of certified public accountants	47	541211	153	47153	Sequatchie County, Tennessee	yes	1.5	10.600753677160851	466.683488259757
18740	54	Offices of certified public accountants	47	541211	155	47155	Sevier County, Tennessee	no	11.166666666666666	14.666666666666666	660.3333333333334
18741	54	Offices of certified public accountants	47	541211	157	47157	Shelby County, Tennessee	no	144.5	1235.8333333333333	86407.33333333333
18742	54	Offices of certified public accountants	47	541211	159	47159	Smith County, Tennessee	yes	1.0	7.4803705254491115	276.4691620591714
18743	54	Offices of certified public accountants	47	541211	161	47161	Stewart County, Tennessee	yes	1.0	7.4803705254491115	276.4691620591714
18744	54	Offices of certified public accountants	47	541211	163	47163	Sullivan County, Tennessee	no	17.333333333333332	108.33333333333333	5348.0
18745	54	Offices of certified public accountants	47	541211	165	47165	Sumner County, Tennessee	no	20.166666666666668	68.5	3485.8333333333335
18746	54	Offices of certified public accountants	47	541211	167	47167	Tipton County, Tennessee	no	3.75	3.25	156.5
18747	54	Offices of certified public accountants	47	541211	167	47167	Tipton County, Tennessee	yes	2.0	14.191048910270428	959.7078322035134
18748	54	Offices of certified public accountants	47	541211	169	47169	Trousdale County, Tennessee	yes	1.0	7.4803705254491115	276.4691620591714
18749	54	Offices of certified public accountants	47	541211	177	47177	Warren County, Tennessee	no	3.5	12.833333333333334	597.0
18750	54	Offices of certified public accountants	47	541211	179	47179	Washington County, Tennessee	no	18.333333333333332	130.83333333333334	6660.5
18751	54	Offices of certified public accountants	47	541211	183	47183	Weakley County, Tennessee	no	3.0	24.666666666666668	953.6666666666666
18752	54	Offices of certified public accountants	47	541211	183	47183	Weakley County, Tennessee	yes	3.0	26.159924242424243	517.5290151515151
18753	54	Offices of certified public accountants	47	541211	185	47185	White County, Tennessee	yes	2.5	18.672582535943295	740.2296294855951
18754	54	Offices of certified public accountants	47	541211	187	47187	Williamson County, Tennessee	no	51.833333333333336	495.8333333333333	30893.833333333332
18755	54	Offices of certified public accountants	47	541211	189	47189	Wilson County, Tennessee	no	15.5	66.33333333333333	2761.6666666666665
18756	54	Offices of lawyers	47	541110	1	47001	Anderson County, Tennessee	no	24.666666666666668	133.16666666666666	5161.5
18757	54	Offices of lawyers	47	541110	3	47003	Bedford County, Tennessee	no	13.5	45.0	2073.0
18758	54	Offices of lawyers	47	541110	5	47005	Benton County, Tennessee	no	4.666666666666667	15.5	508.5
18759	54	Offices of lawyers	47	541110	7	47007	Bledsoe County, Tennessee	yes	1.1666666666666667	18.20100721156447	120.07678882505058
18760	54	Offices of lawyers	47	541110	9	47009	Blount County, Tennessee	no	31.0	111.66666666666667	4430.833333333333
18761	54	Offices of lawyers	47	541110	11	47011	Bradley County, Tennessee	no	30.166666666666668	158.16666666666666	8040.333333333333
18762	54	Offices of lawyers	47	541110	13	47013	Campbell County, Tennessee	no	8.0	27.333333333333332	895.6666666666666
18763	54	Offices of lawyers	47	541110	15	47015	Cannon County, Tennessee	yes	1.3333333333333333	19.136053223834406	184.3993007541576
18764	54	Offices of lawyers	47	541110	17	47017	Carroll County, Tennessee	no	7.333333333333333	26.5	665.5
18765	54	Offices of lawyers	47	541110	19	47019	Carter County, Tennessee	no	9.833333333333334	8.666666666666666	372.1666666666667
18766	54	Offices of lawyers	47	541110	21	47021	Cheatham County, Tennessee	no	10.333333333333334	7.333333333333333	477.1666666666667
18767	54	Offices of lawyers	47	541110	23	47023	Chester County, Tennessee	no	3.3333333333333335	5.666666666666667	155.0
18768	54	Offices of lawyers	47	541110	25	47025	Claiborne County, Tennessee	no	6.166666666666667	11.5	444.0
18769	54	Offices of lawyers	47	541110	27	47027	Clay County, Tennessee	yes	2.0	35.73534775646227	222.60357765010113
18770	54	Offices of lawyers	47	541110	29	47029	Cocke County, Tennessee	no	9.0	13.5	758.6666666666666
18771	54	Offices of lawyers	47	541110	31	47031	Coffee County, Tennessee	no	23.0	75.0	2655.5
18772	54	Offices of lawyers	47	541110	33	47033	Crockett County, Tennessee	no	3.3333333333333335	2.1666666666666665	107.33333333333333
18773	54	Offices of lawyers	47	541110	35	47035	Cumberland County, Tennessee	no	17.166666666666668	31.333333333333332	1055.5
18774	54	Offices of lawyers	47	541110	37	47037	Davidson County, Tennessee	no	456.1666666666667	3551.3333333333335	296457.6666666667
18775	54	Offices of lawyers	47	541110	39	47039	Decatur County, Tennessee	no	4.0	9.666666666666666	395.3333333333333
18776	54	Offices of lawyers	47	541110	41	47041	DeKalb County, Tennessee	no	10.333333333333334	18.666666666666668	800.6666666666666
18777	54	Offices of lawyers	47	541110	43	47043	Dickson County, Tennessee	no	13.333333333333334	30.0	1373.5
18778	54	Offices of lawyers	47	541110	45	47045	Dyer County, Tennessee	no	18.666666666666668	68.66666666666667	2238.5
18779	54	Offices of lawyers	47	541110	47	47047	Fayette County, Tennessee	no	4.833333333333333	9.5	441.1666666666667
18780	54	Offices of lawyers	47	541110	49	47049	Fentress County, Tennessee	no	5.833333333333333	7.833333333333333	272.3333333333333
18781	54	Offices of lawyers	47	541110	51	47051	Franklin County, Tennessee	no	12.666666666666666	24.0	1040.0
18782	54	Offices of lawyers	47	541110	53	47053	Gibson County, Tennessee	no	14.5	94.33333333333333	2062.5
18783	54	Offices of lawyers	47	541110	55	47055	Giles County, Tennessee	no	8.666666666666666	24.833333333333332	1260.1666666666667
18784	54	Offices of lawyers	47	541110	57	47057	Grainger County, Tennessee	no	3.0	1.5	79.0
18785	54	Offices of lawyers	47	541110	57	47057	Grainger County, Tennessee	yes	2.0	20.78728089395267	289.7961072158925
18786	54	Offices of lawyers	47	541110	59	47059	Greene County, Tennessee	no	24.166666666666668	73.83333333333333	3147.6666666666665
18787	54	Offices of lawyers	47	541110	61	47061	Grundy County, Tennessee	no	3.6666666666666665	10.5	249.0
18788	54	Offices of lawyers	47	541110	63	47063	Hamblen County, Tennessee	no	26.333333333333332	80.5	4063.1666666666665
18789	54	Offices of lawyers	47	541110	65	47065	Hamilton County, Tennessee	no	169.66666666666666	1146.6666666666667	90551.5
18790	54	Offices of lawyers	47	541110	67	47067	Hancock County, Tennessee	yes	1.0	17.867673878231134	111.30178882505056
18791	54	Offices of lawyers	47	541110	69	47069	Hardeman County, Tennessee	no	4.5	7.333333333333333	324.1666666666667
18792	54	Offices of lawyers	47	541110	71	47071	Hardin County, Tennessee	no	12.333333333333334	20.0	695.1666666666666
18793	54	Offices of lawyers	47	541110	73	47073	Hawkins County, Tennessee	no	11.5	13.666666666666666	2557.6666666666665
18794	54	Offices of lawyers	47	541110	75	47075	Haywood County, Tennessee	no	6.0	7.666666666666667	545.8333333333334
18795	54	Offices of lawyers	47	541110	77	47077	Henderson County, Tennessee	no	12.0	16.5	704.5
18796	54	Offices of lawyers	47	541110	79	47079	Henry County, Tennessee	no	12.333333333333334	47.5	1961.6666666666667
18797	54	Offices of lawyers	47	541110	81	47081	Hickman County, Tennessee	no	4.166666666666667	9.666666666666666	626.6666666666666
18798	54	Offices of lawyers	47	541110	83	47083	Houston County, Tennessee	yes	2.0	35.73534775646227	222.60357765010113
18799	54	Offices of lawyers	47	541110	85	47085	Humphreys County, Tennessee	no	3.3333333333333335	9.666666666666666	417.6666666666667
18800	54	Offices of lawyers	47	541110	87	47087	Jackson County, Tennessee	yes	2.0	35.73534775646227	222.60357765010113
18801	54	Offices of lawyers	47	541110	89	47089	Jefferson County, Tennessee	no	10.0	14.166666666666666	394.1666666666667
18802	54	Offices of lawyers	47	541110	91	47091	Johnson County, Tennessee	no	3.0	8.833333333333334	366.0
18803	54	Offices of lawyers	47	541110	93	47093	Knox County, Tennessee	no	253.0	1707.0	109341.66666666667
18804	54	Offices of lawyers	47	541110	95	47095	Lake County, Tennessee	yes	2.0	58.96296296296296	77.03703703703704
18805	54	Offices of lawyers	47	541110	97	47097	Lauderdale County, Tennessee	no	3.6666666666666665	6.0	283.3333333333333
18806	54	Offices of lawyers	47	541110	99	47099	Lawrence County, Tennessee	no	11.833333333333334	34.166666666666664	859.8333333333334
18807	54	Offices of lawyers	47	541110	101	47101	Lewis County, Tennessee	no	4.166666666666667	2.6666666666666665	177.66666666666666
18808	54	Offices of lawyers	47	541110	103	47103	Lincoln County, Tennessee	no	13.333333333333334	22.5	720.5
18809	54	Offices of lawyers	47	541110	105	47105	Loudon County, Tennessee	no	6.333333333333333	9.166666666666666	358.6666666666667
18810	54	Offices of lawyers	47	541110	107	47107	McMinn County, Tennessee	no	13.5	23.333333333333332	843.6666666666666
18811	54	Offices of lawyers	47	541110	109	47109	McNairy County, Tennessee	no	9.0	14.5	705.8333333333334
18812	54	Offices of lawyers	47	541110	111	47111	Macon County, Tennessee	no	5.666666666666667	8.0	365.6666666666667
18813	54	Offices of lawyers	47	541110	113	47113	Madison County, Tennessee	no	50.5	317.8333333333333	17187.833333333332
18814	54	Offices of lawyers	47	541110	115	47115	Marion County, Tennessee	no	4.833333333333333	9.0	549.3333333333334
18815	54	Offices of lawyers	47	541110	117	47117	Marshall County, Tennessee	no	7.333333333333333	6.833333333333333	488.1666666666667
18816	54	Offices of lawyers	47	541110	119	47119	Maury County, Tennessee	no	25.0	96.83333333333333	4451.333333333333
18817	54	Offices of lawyers	47	541110	123	47123	Monroe County, Tennessee	no	12.333333333333334	21.5	874.1666666666666
18818	54	Offices of lawyers	47	541110	125	47125	Montgomery County, Tennessee	no	50.333333333333336	193.66666666666666	6546.5
18819	54	Offices of lawyers	47	541110	129	47129	Morgan County, Tennessee	no	3.8333333333333335	7.333333333333333	404.8333333333333
18820	54	Offices of lawyers	47	541110	131	47131	Obion County, Tennessee	no	6.666666666666667	22.5	672.0
18821	54	Offices of lawyers	47	541110	133	47133	Overton County, Tennessee	no	9.5	23.0	583.0
18822	54	Offices of lawyers	47	541110	135	47135	Perry County, Tennessee	yes	2.0	35.73534775646227	222.60357765010113
18823	54	Offices of lawyers	47	541110	137	47137	Pickett County, Tennessee	yes	1.3333333333333333	19.136053223834406	184.3993007541576
18824	54	Offices of lawyers	47	541110	139	47139	Polk County, Tennessee	yes	1.0	21.041208653877362	123.03214659006069
18825	54	Offices of lawyers	47	541110	141	47141	Putnam County, Tennessee	no	39.166666666666664	127.16666666666667	6426.166666666667
18826	54	Offices of lawyers	47	541110	143	47143	Rhea County, Tennessee	no	4.0	3.5	136.75
18827	54	Offices of lawyers	47	541110	143	47143	Rhea County, Tennessee	yes	5.5	168.35515873015873	336.44841269841265
18828	54	Offices of lawyers	47	541110	145	47145	Roane County, Tennessee	no	8.166666666666666	15.166666666666666	717.8333333333334
18829	54	Offices of lawyers	47	541110	147	47147	Robertson County, Tennessee	no	14.5	24.833333333333332	898.6666666666666
18830	54	Offices of lawyers	47	541110	149	47149	Rutherford County, Tennessee	no	75.16666666666667	195.33333333333334	7457.333333333333
18831	54	Offices of lawyers	47	541110	151	47151	Scott County, Tennessee	no	5.5	13.75	1363.25
18832	54	Offices of lawyers	47	541110	151	47151	Scott County, Tennessee	yes	2.0	7.610276073619632	438.58507157464214
18833	54	Offices of lawyers	47	541110	153	47153	Sequatchie County, Tennessee	no	3.0	17.6	1292.0
18834	54	Offices of lawyers	47	541110	153	47153	Sequatchie County, Tennessee	yes	3.0	95.89285714285714	265.07142857142856
18835	54	Offices of lawyers	47	541110	155	47155	Sevier County, Tennessee	no	37.5	92.5	4444.833333333333
18836	54	Offices of lawyers	47	541110	157	47157	Shelby County, Tennessee	no	383.8333333333333	2611.3333333333335	196678.66666666666
18837	54	Offices of lawyers	47	541110	159	47159	Smith County, Tennessee	no	8.166666666666666	22.833333333333332	782.0
18838	54	Offices of lawyers	47	541110	163	47163	Sullivan County, Tennessee	no	70.66666666666667	301.1666666666667	15773.333333333334
18839	54	Offices of lawyers	47	541110	165	47165	Sumner County, Tennessee	no	46.333333333333336	146.33333333333334	7289.666666666667
18840	54	Offices of lawyers	47	541110	167	47167	Tipton County, Tennessee	no	12.833333333333334	36.166666666666664	1662.1666666666667
18841	54	Offices of lawyers	47	541110	169	47169	Trousdale County, Tennessee	yes	2.0	35.73534775646227	222.60357765010113
18842	54	Offices of lawyers	47	541110	171	47171	Unicoi County, Tennessee	yes	2.0	35.73534775646227	222.60357765010113
18843	54	Offices of lawyers	47	541110	173	47173	Union County, Tennessee	yes	1.1666666666666667	22.781254125144716	117.72154191147031
18844	54	Offices of lawyers	47	541110	177	47177	Warren County, Tennessee	no	13.166666666666666	23.333333333333332	1081.0
18845	54	Offices of lawyers	47	541110	179	47179	Washington County, Tennessee	no	49.5	81.16666666666667	9365.333333333334
18846	54	Offices of lawyers	47	541110	181	47181	Wayne County, Tennessee	no	3.2	3.2	100.2
18847	54	Offices of lawyers	47	541110	181	47181	Wayne County, Tennessee	yes	2.0	72.3	99.4
18848	54	Offices of lawyers	47	541110	183	47183	Weakley County, Tennessee	no	6.833333333333333	23.5	893.5
18849	54	Offices of lawyers	47	541110	185	47185	White County, Tennessee	no	6.666666666666667	7.5	248.66666666666666
18850	54	Offices of lawyers	47	541110	187	47187	Williamson County, Tennessee	no	98.0	315.6666666666667	17280.666666666668
18851	54	Offices of lawyers	47	541110	189	47189	Wilson County, Tennessee	no	32.5	106.0	4464.5
18852	54	Other accounting services	47	541219	1	47001	Anderson County, Tennessee	no	4.0	0.0	287.0
18853	54	Other accounting services	47	541219	1	47001	Anderson County, Tennessee	yes	2.4	21.276179000743888	640.9916746905261
18854	54	Other accounting services	47	541219	3	47003	Bedford County, Tennessee	no	6.5	26.666666666666668	525.6666666666666
18855	54	Other accounting services	47	541219	5	47005	Benton County, Tennessee	yes	1.0	12.385497835497837	275.30454545454546
18856	54	Other accounting services	47	541219	7	47007	Bledsoe County, Tennessee	yes	1.1666666666666667	10.625074583643286	318.03186445438587
18857	54	Other accounting services	47	541219	9	47009	Blount County, Tennessee	no	13.0	158.0	4292.333333333333
18858	54	Other accounting services	47	541219	9	47009	Blount County, Tennessee	yes	13.333333333333334	158.64676860346586	3511.0184872579
18859	54	Other accounting services	47	541219	11	47011	Bradley County, Tennessee	no	10.333333333333334	46.333333333333336	597.5
18860	54	Other accounting services	47	541219	13	47013	Campbell County, Tennessee	no	4.0	0.0	884.0
18861	54	Other accounting services	47	541219	13	47013	Campbell County, Tennessee	yes	2.4	19.194634221364243	671.38963921652
18862	54	Other accounting services	47	541219	15	47015	Cannon County, Tennessee	yes	1.0	7.512478209010001	346.5222038719148
18863	54	Other accounting services	47	541219	17	47017	Carroll County, Tennessee	yes	1.0	9.50886663257295	288.129723781603
18864	54	Other accounting services	47	541219	21	47021	Cheatham County, Tennessee	yes	3.5	33.771307127288466	986.0594938357735
18865	54	Other accounting services	47	541219	23	47023	Chester County, Tennessee	yes	1.0	7.2407347081473405	290.8190839268423
18866	54	Other accounting services	47	541219	25	47025	Claiborne County, Tennessee	yes	2.1666666666666665	20.133941216216236	606.1615882359888
18867	54	Other accounting services	47	541219	29	47029	Cocke County, Tennessee	yes	1.6666666666666667	16.14152531407556	495.4053068904231
18868	54	Other accounting services	47	541219	31	47031	Coffee County, Tennessee	no	3.8	14.4	275.6
18869	54	Other accounting services	47	541219	31	47031	Coffee County, Tennessee	yes	5.0	33.48623853211009	897.0642201834863
18870	54	Other accounting services	47	541219	35	47035	Cumberland County, Tennessee	no	5.666666666666667	8.666666666666666	197.5
18871	54	Other accounting services	47	541219	37	47037	Davidson County, Tennessee	no	85.16666666666667	2749.3333333333335	144737.83333333334
18872	54	Other accounting services	47	541219	39	47039	Decatur County, Tennessee	yes	1.0	8.62862385321101	242.56242201834863
18873	54	Other accounting services	47	541219	41	47041	DeKalb County, Tennessee	yes	1.0	9.50886663257295	288.129723781603
18874	54	Other accounting services	47	541219	43	47043	Dickson County, Tennessee	no	3.0	3.0	43.0
18875	54	Other accounting services	47	541219	43	47043	Dickson County, Tennessee	yes	1.3333333333333333	13.883244502694046	319.1347849133537
18876	54	Other accounting services	47	541219	45	47045	Dyer County, Tennessee	no	3.0	12.333333333333334	444.0
18877	54	Other accounting services	47	541219	45	47045	Dyer County, Tennessee	yes	2.0	23.301657201106746	518.6610071355759
18878	54	Other accounting services	47	541219	47	47047	Fayette County, Tennessee	no	3.0	1.8	24.0
18879	54	Other accounting services	47	541219	47	47047	Fayette County, Tennessee	yes	4.0	26.788990825688074	717.6513761467891
18880	54	Other accounting services	47	541219	51	47051	Franklin County, Tennessee	yes	2.0	19.0177332651459	576.259447563206
18881	54	Other accounting services	47	541219	53	47053	Gibson County, Tennessee	yes	2.0	19.0177332651459	576.259447563206
18882	54	Other accounting services	47	541219	55	47055	Giles County, Tennessee	yes	2.3333333333333335	21.893941216216234	657.1135882359889
18883	54	Other accounting services	47	541219	57	47057	Grainger County, Tennessee	yes	1.0	7.366904664592526	316.92894399541797
18884	54	Other accounting services	47	541219	59	47059	Greene County, Tennessee	no	6.5	24.5	906.8333333333334
18885	54	Other accounting services	47	541219	61	47061	Grundy County, Tennessee	yes	1.0	11.650828600553373	259.33050356778796
18886	54	Other accounting services	47	541219	63	47063	Hamblen County, Tennessee	yes	1.0	7.366904664592526	316.92894399541797
18887	54	Other accounting services	47	541219	65	47065	Hamilton County, Tennessee	no	38.0	273.8333333333333	9031.333333333334
18888	54	Other accounting services	47	541219	71	47071	Hardin County, Tennessee	no	3.5	0.0	99.5
18889	54	Other accounting services	47	541219	71	47071	Hardin County, Tennessee	yes	2.25	18.97035699688879	704.6774159931269
18890	54	Other accounting services	47	541219	79	47079	Henry County, Tennessee	yes	2.0	19.0177332651459	576.259447563206
18891	54	Other accounting services	47	541219	85	47085	Humphreys County, Tennessee	yes	1.0	7.512478209010001	346.5222038719148
18892	54	Other accounting services	47	541219	87	47087	Jackson County, Tennessee	yes	1.8333333333333333	17.901525314075563	546.357306890423
18893	54	Other accounting services	47	541219	89	47089	Jefferson County, Tennessee	yes	1.0	14.12761904761905	299.28933333333333
18894	54	Other accounting services	47	541219	91	47091	Johnson County, Tennessee	yes	1.0	9.50886663257295	288.129723781603
18895	54	Other accounting services	47	541219	93	47093	Knox County, Tennessee	no	37.5	252.66666666666666	8805.5
18896	54	Other accounting services	47	541219	97	47097	Lauderdale County, Tennessee	yes	2.0	19.0177332651459	576.259447563206
18897	54	Other accounting services	47	541219	99	47099	Lawrence County, Tennessee	no	3.25	16.0	419.75
18898	54	Other accounting services	47	541219	99	47099	Lawrence County, Tennessee	yes	3.0	37.156493506493504	825.9136363636364
18899	54	Other accounting services	47	541219	101	47101	Lewis County, Tennessee	yes	2.0	19.0177332651459	576.259447563206
18900	54	Other accounting services	47	541219	103	47103	Lincoln County, Tennessee	no	4.0	3.0	155.5
18901	54	Other accounting services	47	541219	103	47103	Lincoln County, Tennessee	yes	3.0	24.211653093331513	883.6269388353953
18902	54	Other accounting services	47	541219	105	47105	Loudon County, Tennessee	yes	1.3333333333333333	12.013026035576283	403.6371250722413
18903	54	Other accounting services	47	541219	107	47107	McMinn County, Tennessee	no	3.0	20.0	483.0
18904	54	Other accounting services	47	541219	107	47107	McMinn County, Tennessee	yes	1.5	16.699809762103342	396.5857564637198
18905	54	Other accounting services	47	541219	109	47109	McNairy County, Tennessee	no	3.0	15.0	482.5
18906	54	Other accounting services	47	541219	109	47109	McNairy County, Tennessee	yes	2.25	16.16792024403919	629.5354440720816
18907	54	Other accounting services	47	541219	111	47111	Macon County, Tennessee	no	3.0	6.666666666666667	167.33333333333334
18908	54	Other accounting services	47	541219	111	47111	Macon County, Tennessee	yes	3.0	34.95248580166011	777.9915107033639
18909	54	Other accounting services	47	541219	113	47113	Madison County, Tennessee	no	6.333333333333333	120.0	4768.333333333333
18910	54	Other accounting services	47	541219	113	47113	Madison County, Tennessee	yes	6.0	74.20181818181818	1724.3502626262625
18911	54	Other accounting services	47	541219	115	47115	Marion County, Tennessee	yes	1.0	17.695238095238096	292.8666666666667
18912	54	Other accounting services	47	541219	117	47117	Marshall County, Tennessee	yes	1.0	7.366904664592526	316.92894399541797
18913	54	Other accounting services	47	541219	119	47119	Maury County, Tennessee	no	7.333333333333333	18.166666666666668	578.1666666666666
18914	54	Other accounting services	47	541219	123	47123	Monroe County, Tennessee	no	3.0	2.0	23.0
18915	54	Other accounting services	47	541219	123	47123	Monroe County, Tennessee	yes	2.5	28.07793121251837	667.5116341395608
18916	54	Other accounting services	47	541219	125	47125	Montgomery County, Tennessee	no	10.333333333333334	57.833333333333336	1520.6666666666667
18917	54	Other accounting services	47	541219	127	47127	Moore County, Tennessee	yes	1.0	7.512478209010001	346.5222038719148
18918	54	Other accounting services	47	541219	131	47131	Obion County, Tennessee	yes	2.5	24.843147565422584	705.9246993471
18919	54	Other accounting services	47	541219	133	47133	Overton County, Tennessee	yes	1.0	9.94898802225392	310.9133746632302
18920	54	Other accounting services	47	541219	137	47137	Pickett County, Tennessee	yes	1.0	9.50886663257295	288.129723781603
18921	54	Other accounting services	47	541219	139	47139	Polk County, Tennessee	yes	1.0	8.62862385321101	242.56242201834863
18922	54	Other accounting services	47	541219	141	47141	Putnam County, Tennessee	no	7.833333333333333	29.833333333333332	1004.0
18923	54	Other accounting services	47	541219	143	47143	Rhea County, Tennessee	no	3.0	5.5	54.333333333333336
18924	54	Other accounting services	47	541219	145	47145	Roane County, Tennessee	no	3.0	0.0	66.0
18925	54	Other accounting services	47	541219	145	47145	Roane County, Tennessee	yes	1.8	17.257830376890674	533.3439682685078
18926	54	Other accounting services	47	541219	147	47147	Robertson County, Tennessee	no	6.0	25.0	763.3333333333334
18927	54	Other accounting services	47	541219	147	47147	Robertson County, Tennessee	yes	6.666666666666667	75.6573875054609	1717.6913027522935
18928	54	Other accounting services	47	541219	149	47149	Rutherford County, Tennessee	no	15.333333333333334	50.166666666666664	2122.8333333333335
18929	54	Other accounting services	47	541219	151	47151	Scott County, Tennessee	yes	1.0	9.50886663257295	288.129723781603
18930	54	Other accounting services	47	541219	153	47153	Sequatchie County, Tennessee	yes	1.0	7.512478209010001	346.5222038719148
18931	54	Other accounting services	47	541219	155	47155	Sevier County, Tennessee	no	9.833333333333334	19.333333333333332	436.8333333333333
18932	54	Other accounting services	47	541219	157	47157	Shelby County, Tennessee	no	70.5	600.3333333333334	44170.166666666664
18933	54	Other accounting services	47	541219	159	47159	Smith County, Tennessee	yes	1.1666666666666667	12.458072981779297	336.9408348927141
18934	54	Other accounting services	47	541219	163	47163	Sullivan County, Tennessee	no	11.666666666666666	71.66666666666667	2271.8333333333335
18935	54	Other accounting services	47	541219	165	47165	Sumner County, Tennessee	no	13.333333333333334	220.66666666666666	6808.333333333333
18936	54	Other accounting services	47	541219	165	47165	Sumner County, Tennessee	yes	10.333333333333334	127.16352410077182	2682.3637023445463
18937	54	Other accounting services	47	541219	167	47167	Tipton County, Tennessee	no	3.0	18.0	279.0
18938	54	Other accounting services	47	541219	167	47167	Tipton County, Tennessee	yes	2.0	19.990976887872048	588.4143673788774
18939	54	Other accounting services	47	541219	171	47171	Unicoi County, Tennessee	yes	1.0	9.50886663257295	288.129723781603
18940	54	Other accounting services	47	541219	173	47173	Union County, Tennessee	no	3.0	0.0	56.0
18941	54	Other accounting services	47	541219	173	47173	Union County, Tennessee	yes	2.2	17.855184680079837	635.5070704091805
18942	54	Other accounting services	47	541219	177	47177	Warren County, Tennessee	no	3.0	8.0	160.0
18943	54	Other accounting services	47	541219	177	47177	Warren County, Tennessee	yes	2.2	23.976482764600068	605.4037879707843
18944	54	Other accounting services	47	541219	179	47179	Washington County, Tennessee	no	7.333333333333333	12.833333333333334	472.3333333333333
18945	54	Other accounting services	47	541219	183	47183	Weakley County, Tennessee	yes	1.6666666666666667	14.952318964869214	497.546195779312
18946	54	Other accounting services	47	541219	185	47185	White County, Tennessee	yes	1.0	9.50886663257295	288.129723781603
18947	54	Other accounting services	47	541219	187	47187	Williamson County, Tennessee	no	27.2	419.8	21083.8
18948	54	Other accounting services	47	541219	187	47187	Williamson County, Tennessee	yes	23.0	242.88	7031.376
18949	54	Other accounting services	47	541219	189	47189	Wilson County, Tennessee	no	14.833333333333334	23.166666666666668	1112.5
18950	54	Other computer related services	47	541519	1	47001	Anderson County, Tennessee	yes	1.4	54.90396812990305	5081.804638657819
18951	54	Other computer related services	47	541519	9	47009	Blount County, Tennessee	yes	1.0	3.5656565656565657	236.58754208754206
18952	54	Other computer related services	47	541519	11	47011	Bradley County, Tennessee	no	3.0	4.0	87.0
18953	54	Other computer related services	47	541519	11	47011	Bradley County, Tennessee	yes	1.5	55.69752772994638	5101.404446970923
18954	54	Other computer related services	47	541519	19	47019	Carter County, Tennessee	yes	1.0	51.72972972972973	5003.405405405406
18955	54	Other computer related services	47	541519	21	47021	Cheatham County, Tennessee	yes	1.0	28.65295241375863	2627.923342820502
18956	54	Other computer related services	47	541519	31	47031	Coffee County, Tennessee	yes	1.0	28.65295241375863	2627.923342820502
18957	54	Other computer related services	47	541519	37	47037	Davidson County, Tennessee	no	15.0	149.0	15575.0
18958	54	Other computer related services	47	541519	37	47037	Davidson County, Tennessee	yes	12.0	446.0792583501423	42056.90312288977
18959	54	Other computer related services	47	541519	39	47039	Decatur County, Tennessee	yes	1.0	6.376262626262626	437.60353535353534
18960	54	Other computer related services	47	541519	43	47043	Dickson County, Tennessee	yes	1.0	28.65295241375863	2627.923342820502
18961	54	Other computer related services	47	541519	55	47055	Giles County, Tennessee	yes	1.0	15.606674856674857	1428.292007917008
18962	54	Other computer related services	47	541519	65	47065	Hamilton County, Tennessee	no	4.833333333333333	40.5	1257.8333333333333
18963	54	Other computer related services	47	541519	77	47077	Henderson County, Tennessee	yes	1.1666666666666667	29.63022514103136	2704.976373123532
18964	54	Other computer related services	47	541519	93	47093	Knox County, Tennessee	no	8.5	24.666666666666668	1598.8333333333333
18965	54	Other computer related services	47	541519	113	47113	Madison County, Tennessee	no	4.0	0.0	210.0
18966	54	Other computer related services	47	541519	113	47113	Madison County, Tennessee	yes	1.6	44.5234282363957	4111.214344990935
18967	54	Other computer related services	47	541519	117	47117	Marshall County, Tennessee	yes	1.0	28.65295241375863	2627.923342820502
18968	54	Other computer related services	47	541519	119	47119	Maury County, Tennessee	yes	1.0	33.210815623783084	3061.0443750209656
18969	54	Other computer related services	47	541519	123	47123	Monroe County, Tennessee	yes	1.0	54.74550752792618	5027.18601262749
18970	54	Other computer related services	47	541519	125	47125	Montgomery County, Tennessee	yes	2.25	107.46923726786524	10001.120610532826
18971	54	Other computer related services	47	541519	131	47131	Obion County, Tennessee	yes	1.0	51.72972972972973	5003.405405405406
18972	54	Other computer related services	47	541519	141	47141	Putnam County, Tennessee	yes	1.0	5.863636363636364	462.3181818181818
18973	54	Other computer related services	47	541519	145	47145	Roane County, Tennessee	yes	1.0	28.65295241375863	2627.923342820502
18974	54	Other computer related services	47	541519	149	47149	Rutherford County, Tennessee	yes	1.0	28.65295241375863	2627.923342820502
18975	54	Other computer related services	47	541519	157	47157	Shelby County, Tennessee	no	11.666666666666666	26.0	2163.8333333333335
18976	54	Other computer related services	47	541519	163	47163	Sullivan County, Tennessee	yes	1.0	5.863636363636364	462.3181818181818
18977	54	Other computer related services	47	541519	165	47165	Sumner County, Tennessee	yes	1.3333333333333333	29.287632548438765	2677.4022990494577
18978	54	Other computer related services	47	541519	167	47167	Tipton County, Tennessee	yes	1.0	38.451550473162904	3505.56340235772
18979	54	Other computer related services	47	541519	177	47177	Warren County, Tennessee	yes	1.0	24.837087087087088	2418.9804804804808
18980	54	Other computer related services	47	541519	179	47179	Washington County, Tennessee	no	3.0	7.0	597.0
18981	54	Other computer related services	47	541519	179	47179	Washington County, Tennessee	yes	2.0	31.213349713349714	2856.584015834016
18982	54	Other computer related services	47	541519	187	47187	Williamson County, Tennessee	no	10.166666666666666	34.0	2285.0
18983	54	Other computer related services	47	541519	189	47189	Wilson County, Tennessee	yes	1.5	30.435780696586914	2746.217113864273
18984	54	Other management consulting services	47	541618	1	47001	Anderson County, Tennessee	yes	1.6666666666666667	7.334992784992785	535.7855977355977
18985	54	Other management consulting services	47	541618	11	47011	Bradley County, Tennessee	yes	1.0	1.4166666666666665	70.5
18986	54	Other management consulting services	47	541618	19	47019	Carter County, Tennessee	yes	1.0	11.8	436.8
18987	54	Other management consulting services	47	541618	37	47037	Davidson County, Tennessee	no	5.666666666666667	21.333333333333332	2577.3333333333335
18988	54	Other management consulting services	47	541618	37	47037	Davidson County, Tennessee	yes	1.3333333333333333	6.502097902097902	548.0382284382284
18989	54	Other management consulting services	47	541618	41	47041	DeKalb County, Tennessee	yes	1.0	1.4166666666666665	70.5
18990	54	Other management consulting services	47	541618	43	47043	Dickson County, Tennessee	yes	1.0	5.417582417582418	357.39972527472526
18991	54	Other management consulting services	47	541618	47	47047	Fayette County, Tennessee	yes	1.0	5.417582417582418	357.39972527472526
18992	54	Other management consulting services	47	541618	55	47055	Giles County, Tennessee	yes	1.0	4.408405483405484	318.33825341325337
18993	54	Other management consulting services	47	541618	65	47065	Hamilton County, Tennessee	yes	1.5	8.180932955932956	510.2714951714952
18994	54	Other management consulting services	47	541618	89	47089	Jefferson County, Tennessee	yes	1.0	4.408405483405484	318.33825341325337
18995	54	Other management consulting services	47	541618	93	47093	Knox County, Tennessee	yes	1.0	1.1993006993006996	343.965034965035
18996	54	Other management consulting services	47	541618	105	47105	Loudon County, Tennessee	yes	1.0	4.408405483405484	318.33825341325337
18997	54	Other management consulting services	47	541618	113	47113	Madison County, Tennessee	yes	1.0	4.408405483405484	318.33825341325337
18998	54	Other management consulting services	47	541618	125	47125	Montgomery County, Tennessee	yes	1.0	11.8	436.8
18999	54	Other management consulting services	47	541618	141	47141	Putnam County, Tennessee	yes	1.0	4.083943833943834	261.7664835164835
19000	54	Other management consulting services	47	541618	147	47147	Robertson County, Tennessee	yes	1.0	5.307692307692308	519.3846153846154
19001	54	Other management consulting services	47	541618	149	47149	Rutherford County, Tennessee	yes	1.5	8.180932955932956	510.2714951714952
19002	54	Other management consulting services	47	541618	157	47157	Shelby County, Tennessee	no	4.833333333333333	66.0	2179.3333333333335
19003	54	Other management consulting services	47	541618	165	47165	Sumner County, Tennessee	yes	1.0	11.8	436.8
19004	54	Other management consulting services	47	541618	179	47179	Washington County, Tennessee	yes	1.0	11.8	436.8
19005	54	Other management consulting services	47	541618	187	47187	Williamson County, Tennessee	no	5.0	132.66666666666666	11475.0
19006	54	Other management consulting services	47	541618	187	47187	Williamson County, Tennessee	yes	1.3333333333333333	3.7631701631701637	431.0918414918415
19007	54	Other management consulting services	47	541618	189	47189	Wilson County, Tennessee	yes	1.0	1.4166666666666665	70.5
19008	54	Other scientific and technical consulting services	47	541690	1	47001	Anderson County, Tennessee	no	10.25	179.0	36120.25
19009	54	Other scientific and technical consulting services	47	541690	1	47001	Anderson County, Tennessee	yes	13.0	282.76347338935574	18723.825714285715
19010	54	Other scientific and technical consulting services	47	541690	3	47003	Bedford County, Tennessee	yes	1.0	8.288135593220339	835.0677966101695
19011	54	Other scientific and technical consulting services	47	541690	5	47005	Benton County, Tennessee	yes	1.1666666666666667	23.555799004047973	1140.148007663279
19012	54	Other scientific and technical consulting services	47	541690	9	47009	Blount County, Tennessee	no	3.0	4.333333333333333	150.66666666666666
19013	54	Other scientific and technical consulting services	47	541690	9	47009	Blount County, Tennessee	yes	2.3333333333333335	50.56450418858367	2223.7747693179604
19014	54	Other scientific and technical consulting services	47	541690	11	47011	Bradley County, Tennessee	yes	1.0	18.47523466692654	941.891464995308
19015	54	Other scientific and technical consulting services	47	541690	13	47013	Campbell County, Tennessee	yes	1.0	21.751036414565824	1440.2942857142857
19016	54	Other scientific and technical consulting services	47	541690	15	47015	Cannon County, Tennessee	yes	1.0	17.355799004047977	1017.0934622087337
19017	54	Other scientific and technical consulting services	47	541690	19	47019	Carter County, Tennessee	yes	1.3333333333333333	24.937154936251364	1279.325973764974
19018	54	Other scientific and technical consulting services	47	541690	25	47025	Claiborne County, Tennessee	yes	1.0	17.355799004047977	1017.0934622087337
19019	54	Other scientific and technical consulting services	47	541690	29	47029	Cocke County, Tennessee	no	3.8333333333333335	2.5	160.83333333333334
19020	54	Other scientific and technical consulting services	47	541690	31	47031	Coffee County, Tennessee	yes	2.0	6.771929824561403	510.9473684210526
19021	54	Other scientific and technical consulting services	47	541690	33	47033	Crockett County, Tennessee	yes	1.0	21.751036414565824	1440.2942857142857
19022	54	Other scientific and technical consulting services	47	541690	35	47035	Cumberland County, Tennessee	yes	1.0	15.887207278001792	1277.1899540786508
19023	54	Other scientific and technical consulting services	47	541690	37	47037	Davidson County, Tennessee	no	21.833333333333332	218.66666666666666	16369.5
19024	54	Other scientific and technical consulting services	47	541690	43	47043	Dickson County, Tennessee	yes	1.0	17.355799004047977	1017.0934622087337
19025	54	Other scientific and technical consulting services	47	541690	45	47045	Dyer County, Tennessee	no	3.0	6.0	358.0
19026	54	Other scientific and technical consulting services	47	541690	45	47045	Dyer County, Tennessee	yes	2.0	40.29953164480286	2338.8348356167503
19027	54	Other scientific and technical consulting services	47	541690	51	47051	Franklin County, Tennessee	yes	1.0	17.355799004047977	1017.0934622087337
19028	54	Other scientific and technical consulting services	47	541690	53	47053	Gibson County, Tennessee	yes	1.0	17.355799004047977	1017.0934622087337
19029	54	Other scientific and technical consulting services	47	541690	55	47055	Giles County, Tennessee	yes	1.0	17.355799004047977	1017.0934622087337
19030	54	Other scientific and technical consulting services	47	541690	57	47057	Grainger County, Tennessee	yes	1.0	3.3859649122807016	255.4736842105263
19031	54	Other scientific and technical consulting services	47	541690	59	47059	Greene County, Tennessee	yes	1.0	18.42023117292894	1424.5640065681446
19032	54	Other scientific and technical consulting services	47	541690	63	47063	Hamblen County, Tennessee	yes	1.0	16.29136683516701	609.6229178493228
19033	54	Other scientific and technical consulting services	47	541690	65	47065	Hamilton County, Tennessee	no	9.25	33.75	3837.75
19034	54	Other scientific and technical consulting services	47	541690	65	47065	Hamilton County, Tennessee	yes	7.5	47.45450490633363	4524.226137377342
19035	54	Other scientific and technical consulting services	47	541690	77	47077	Henderson County, Tennessee	yes	1.8333333333333333	34.147270522715836	1991.6079770490462
19036	54	Other scientific and technical consulting services	47	541690	79	47079	Henry County, Tennessee	yes	1.0	18.42023117292894	1424.5640065681446
19037	54	Other scientific and technical consulting services	47	541690	89	47089	Jefferson County, Tennessee	yes	1.0	3.3859649122807016	255.4736842105263
19038	54	Other scientific and technical consulting services	47	541690	93	47093	Knox County, Tennessee	no	16.5	22.333333333333332	1898.6666666666667
19039	54	Other scientific and technical consulting services	47	541690	97	47097	Lauderdale County, Tennessee	yes	1.0	17.355799004047977	1017.0934622087337
19040	54	Other scientific and technical consulting services	47	541690	103	47103	Lincoln County, Tennessee	yes	1.0	20.292982456140347	496.90047846889945
19041	54	Other scientific and technical consulting services	47	541690	105	47105	Loudon County, Tennessee	no	3.6666666666666665	11.666666666666666	489.8333333333333
19042	54	Other scientific and technical consulting services	47	541690	107	47107	McMinn County, Tennessee	yes	1.8	38.6419045261588	2171.821276294716
19043	54	Other scientific and technical consulting services	47	541690	113	47113	Madison County, Tennessee	no	3.0	22.0	818.0
19044	54	Other scientific and technical consulting services	47	541690	113	47113	Madison County, Tennessee	yes	3.0	60.44929746720429	3508.2522534251248
19045	54	Other scientific and technical consulting services	47	541690	115	47115	Marion County, Tennessee	yes	1.0	21.751036414565824	1440.2942857142857
19046	54	Other scientific and technical consulting services	47	541690	119	47119	Maury County, Tennessee	yes	1.0	14.66166460776688	1132.2914259787399
19047	54	Other scientific and technical consulting services	47	541690	123	47123	Monroe County, Tennessee	yes	1.3333333333333333	24.60614447556992	1497.1915574468287
19048	54	Other scientific and technical consulting services	47	541690	125	47125	Montgomery County, Tennessee	no	4.0	14.0	638.3333333333334
19049	54	Other scientific and technical consulting services	47	541690	125	47125	Montgomery County, Tennessee	yes	4.333333333333333	77.56546734066805	2684.600762306382
19050	54	Other scientific and technical consulting services	47	541690	131	47131	Obion County, Tennessee	yes	1.0	21.751036414565824	1440.2942857142857
19051	54	Other scientific and technical consulting services	47	541690	141	47141	Putnam County, Tennessee	yes	1.0	15.629345913804116	1045.3540852130325
19052	54	Other scientific and technical consulting services	47	541690	143	47143	Rhea County, Tennessee	yes	2.0	40.585964912280694	993.8009569377989
19053	54	Other scientific and technical consulting services	47	541690	145	47145	Roane County, Tennessee	no	3.25	3.25	208.75
19054	54	Other scientific and technical consulting services	47	541690	145	47145	Roane County, Tennessee	yes	2.0	40.585964912280694	993.8009569377989
19055	54	Other scientific and technical consulting services	47	541690	149	47149	Rutherford County, Tennessee	no	7.0	23.0	2220.0
19056	54	Other scientific and technical consulting services	47	541690	149	47149	Rutherford County, Tennessee	yes	3.6	75.89561501374365	4120.428291923156
19057	54	Other scientific and technical consulting services	47	541690	151	47151	Scott County, Tennessee	yes	1.0	21.751036414565824	1440.2942857142857
19058	54	Other scientific and technical consulting services	47	541690	153	47153	Sequatchie County, Tennessee	yes	1.0	17.355799004047977	1017.0934622087337
19059	54	Other scientific and technical consulting services	47	541690	155	47155	Sevier County, Tennessee	yes	1.0	8.288135593220339	835.0677966101695
19060	54	Other scientific and technical consulting services	47	541690	157	47157	Shelby County, Tennessee	no	19.166666666666668	120.83333333333333	10004.666666666666
19061	54	Other scientific and technical consulting services	47	541690	159	47159	Smith County, Tennessee	yes	1.0	3.3859649122807016	255.4736842105263
19062	54	Other scientific and technical consulting services	47	541690	163	47163	Sullivan County, Tennessee	no	5.333333333333333	15.0	974.3333333333334
19063	54	Other scientific and technical consulting services	47	541690	163	47163	Sullivan County, Tennessee	yes	6.0	84.84279908811577	3303.5882734571405
19064	54	Other scientific and technical consulting services	47	541690	165	47165	Sumner County, Tennessee	no	5.0	16.666666666666668	562.3333333333334
19065	54	Other scientific and technical consulting services	47	541690	165	47165	Sumner County, Tennessee	yes	7.0	115.67362473981564	4460.558462411808
19066	54	Other scientific and technical consulting services	47	541690	179	47179	Washington County, Tennessee	no	3.6	6.6	397.0
19067	54	Other scientific and technical consulting services	47	541690	179	47179	Washington County, Tennessee	yes	2.0	6.771929824561403	510.9473684210526
19068	54	Other scientific and technical consulting services	47	541690	181	47181	Wayne County, Tennessee	yes	1.0	17.355799004047977	1017.0934622087337
19069	54	Other scientific and technical consulting services	47	541690	185	47185	White County, Tennessee	yes	1.0	18.47523466692654	941.891464995308
19070	54	Other scientific and technical consulting services	47	541690	187	47187	Williamson County, Tennessee	no	16.666666666666668	116.5	10356.333333333334
19071	54	Other scientific and technical consulting services	47	541690	189	47189	Wilson County, Tennessee	no	3.6	4.0	422.0
19072	54	Other scientific and technical consulting services	47	541690	189	47189	Wilson County, Tennessee	yes	3.0	10.157894736842104	766.421052631579
19073	54	Other services related to advertising	47	541890	3	47003	Bedford County, Tennessee	yes	1.0	13.383258144365778	270.8163714687494
19074	54	Other services related to advertising	47	541890	5	47005	Benton County, Tennessee	yes	1.0	13.383258144365778	270.8163714687494
19075	54	Other services related to advertising	47	541890	9	47009	Blount County, Tennessee	yes	2.0	26.766516288731555	541.6327429374988
19076	54	Other services related to advertising	47	541890	11	47011	Bradley County, Tennessee	yes	1.1666666666666667	16.080227841335475	334.64212904450704
19077	54	Other services related to advertising	47	541890	17	47017	Carroll County, Tennessee	yes	1.0	13.249624624624625	146.40915915915917
19078	54	Other services related to advertising	47	541890	25	47025	Claiborne County, Tennessee	yes	1.0	11.662181894034209	339.95974134334585
19079	54	Other services related to advertising	47	541890	31	47031	Coffee County, Tennessee	yes	1.0	13.383258144365778	270.8163714687494
19080	54	Other services related to advertising	47	541890	35	47035	Cumberland County, Tennessee	no	4.5	6.166666666666667	207.16666666666666
19081	54	Other services related to advertising	47	541890	37	47037	Davidson County, Tennessee	no	22.333333333333332	224.33333333333334	8151.5
19082	54	Other services related to advertising	47	541890	45	47045	Dyer County, Tennessee	yes	1.1666666666666667	15.795295181402816	296.0293344317124
19083	54	Other services related to advertising	47	541890	47	47047	Fayette County, Tennessee	yes	1.3333333333333333	17.79979968590732	319.6194245218025
19084	54	Other services related to advertising	47	541890	51	47051	Franklin County, Tennessee	yes	1.0	13.383258144365778	270.8163714687494
19085	54	Other services related to advertising	47	541890	55	47055	Giles County, Tennessee	yes	2.0	26.766516288731555	541.6327429374988
19086	54	Other services related to advertising	47	541890	59	47059	Greene County, Tennessee	no	3.0	9.0	137.83333333333334
19087	54	Other services related to advertising	47	541890	63	47063	Hamblen County, Tennessee	yes	1.0	13.383258144365778	270.8163714687494
19088	54	Other services related to advertising	47	541890	65	47065	Hamilton County, Tennessee	no	11.333333333333334	35.166666666666664	2622.1666666666665
19089	54	Other services related to advertising	47	541890	85	47085	Humphreys County, Tennessee	yes	1.0	13.65450436783353	296.6715376543912
19090	54	Other services related to advertising	47	541890	93	47093	Knox County, Tennessee	no	7.2	115.8	8572.4
19091	54	Other services related to advertising	47	541890	93	47093	Knox County, Tennessee	yes	6.0	97.09090909090908	2297.7272727272725
19092	54	Other services related to advertising	47	541890	101	47101	Lewis County, Tennessee	yes	1.0	12.539493811709079	316.3751216798776
19093	54	Other services related to advertising	47	541890	107	47107	McMinn County, Tennessee	yes	2.0	26.766516288731555	541.6327429374988
19094	54	Other services related to advertising	47	541890	113	47113	Madison County, Tennessee	yes	1.1666666666666667	15.387762648870284	294.40646155883957
19095	54	Other services related to advertising	47	541890	117	47117	Marshall County, Tennessee	yes	1.0	13.022675914337364	275.10078570435263
19096	54	Other services related to advertising	47	541890	119	47119	Maury County, Tennessee	no	3.0	2.5	104.5
19097	54	Other services related to advertising	47	541890	119	47119	Maury County, Tennessee	yes	2.25	30.945604353927255	761.7785916107255
19098	54	Other services related to advertising	47	541890	125	47125	Montgomery County, Tennessee	yes	3.1666666666666665	42.56181147013437	837.6620773692111
19099	54	Other services related to advertising	47	541890	131	47131	Obion County, Tennessee	yes	1.0	14.227022477022478	225.25762125762125
19100	54	Other services related to advertising	47	541890	141	47141	Putnam County, Tennessee	yes	1.3333333333333333	17.79979968590732	319.6194245218025
19101	54	Other services related to advertising	47	541890	143	47143	Rhea County, Tennessee	yes	1.0	13.249624624624625	146.40915915915917
19102	54	Other services related to advertising	47	541890	145	47145	Roane County, Tennessee	yes	1.0	13.383258144365778	270.8163714687494
19103	54	Other services related to advertising	47	541890	147	47147	Robertson County, Tennessee	yes	2.0	26.766516288731555	541.6327429374988
19104	54	Other services related to advertising	47	541890	149	47149	Rutherford County, Tennessee	no	5.4	12.2	405.4
19105	54	Other services related to advertising	47	541890	149	47149	Rutherford County, Tennessee	yes	3.0	36.08108108108108	424.62162162162167
19106	54	Other services related to advertising	47	541890	155	47155	Sevier County, Tennessee	yes	1.0	12.027027027027028	141.54054054054055
19107	54	Other services related to advertising	47	541890	157	47157	Shelby County, Tennessee	no	28.5	229.83333333333334	8559.5
19108	54	Other services related to advertising	47	541890	163	47163	Sullivan County, Tennessee	no	7.333333333333333	22.5	721.1666666666666
19109	54	Other services related to advertising	47	541890	165	47165	Sumner County, Tennessee	yes	2.1666666666666665	29.46348598570125	605.4585005132565
19110	54	Other services related to advertising	47	541890	179	47179	Washington County, Tennessee	no	5.0	45.5	2301.5
19111	54	Other services related to advertising	47	541890	179	47179	Washington County, Tennessee	yes	3.5	47.96920866992832	1162.1000398225053
19112	54	Other services related to advertising	47	541890	181	47181	Wayne County, Tennessee	yes	1.0	13.383258144365778	270.8163714687494
19113	54	Other services related to advertising	47	541890	187	47187	Williamson County, Tennessee	no	10.5	73.16666666666667	3628.3333333333335
19114	54	Other services related to advertising	47	541890	189	47189	Wilson County, Tennessee	no	3.0	10.0	251.66666666666666
19115	54	Other services related to advertising	47	541890	189	47189	Wilson County, Tennessee	yes	2.0	28.454044954044956	450.5152425152425
19116	54	Other specialized design services	47	541490	3	47003	Bedford County, Tennessee	yes	1.0	6.0	68.83333333333333
19117	54	Other specialized design services	47	541490	37	47037	Davidson County, Tennessee	no	4.666666666666667	18.333333333333332	304.6666666666667
19118	54	Other specialized design services	47	541490	37	47037	Davidson County, Tennessee	yes	1.0	3.1666666666666665	84.3861111111111
19119	54	Other specialized design services	47	541490	43	47043	Dickson County, Tennessee	yes	1.0	3.33968253968254	75.06527777777778
19120	54	Other specialized design services	47	541490	65	47065	Hamilton County, Tennessee	no	3.0	8.25	547.0
19121	54	Other specialized design services	47	541490	65	47065	Hamilton County, Tennessee	yes	2.0	3.5	184.325
19122	54	Other specialized design services	47	541490	91	47091	Johnson County, Tennessee	yes	1.0	4.416666666666666	63.166666666666664
19123	54	Other specialized design services	47	541490	93	47093	Knox County, Tennessee	yes	1.0	3.852380952380952	69.86666666666667
19124	54	Other specialized design services	47	541490	105	47105	Loudon County, Tennessee	yes	1.0	3.33968253968254	75.06527777777778
19125	54	Other specialized design services	47	541490	157	47157	Shelby County, Tennessee	no	3.5	0.0	166.5
19126	54	Other specialized design services	47	541490	157	47157	Shelby County, Tennessee	yes	2.0	5.269047619047619	138.71666666666667
19127	54	Other specialized design services	47	541490	165	47165	Sumner County, Tennessee	yes	1.0	1.75	92.1625
19128	54	Other specialized design services	47	541490	187	47187	Williamson County, Tennessee	yes	1.6666666666666667	5.207142857142856	129.07500000000002
19129	54	Outdoor advertising	47	541850	1	47001	Anderson County, Tennessee	yes	1.0	8.981984126984127	446.84291847041845
19130	54	Outdoor advertising	47	541850	17	47017	Carroll County, Tennessee	yes	1.0	10.291666666666666	574.6761363636364
19131	54	Outdoor advertising	47	541850	31	47031	Coffee County, Tennessee	yes	1.0	8.981984126984127	446.84291847041845
19132	54	Outdoor advertising	47	541850	35	47035	Cumberland County, Tennessee	yes	1.0	8.981984126984127	446.84291847041845
19133	54	Outdoor advertising	47	541850	37	47037	Davidson County, Tennessee	no	7.833333333333333	73.5	4273.0
19134	54	Outdoor advertising	47	541850	43	47043	Dickson County, Tennessee	yes	1.0	7.293333333333333	357.17555555555555
19135	54	Outdoor advertising	47	541850	65	47065	Hamilton County, Tennessee	no	5.0	75.66666666666667	5141.666666666667
19136	54	Outdoor advertising	47	541850	65	47065	Hamilton County, Tennessee	yes	6.666666666666667	70.88492063492065	3602.179112554113
19137	54	Outdoor advertising	47	541850	93	47093	Knox County, Tennessee	no	5.6	64.2	4614.4
19138	54	Outdoor advertising	47	541850	93	47093	Knox County, Tennessee	yes	6.0	68.57142857142857	2761.0714285714284
19139	54	Outdoor advertising	47	541850	107	47107	McMinn County, Tennessee	yes	1.0	8.981984126984127	446.84291847041845
19140	54	Outdoor advertising	47	541850	113	47113	Madison County, Tennessee	yes	2.0	17.963968253968254	893.6858369408369
19141	54	Outdoor advertising	47	541850	125	47125	Montgomery County, Tennessee	yes	1.0	8.981984126984127	446.84291847041845
19142	54	Outdoor advertising	47	541850	141	47141	Putnam County, Tennessee	no	3.0	17.0	897.6666666666666
19143	54	Outdoor advertising	47	541850	141	47141	Putnam County, Tennessee	yes	2.6666666666666665	28.01190476190476	1412.9550865800866
19144	54	Outdoor advertising	47	541850	149	47149	Rutherford County, Tennessee	yes	1.0	7.293333333333333	357.17555555555555
19145	54	Outdoor advertising	47	541850	155	47155	Sevier County, Tennessee	yes	1.6666666666666667	15.358968253968252	767.0980591630591
19146	54	Outdoor advertising	47	541850	157	47157	Shelby County, Tennessee	no	12.666666666666666	49.0	4458.333333333333
19147	54	Outdoor advertising	47	541850	159	47159	Smith County, Tennessee	yes	1.0	8.981984126984127	446.84291847041845
19148	54	Outdoor advertising	47	541850	163	47163	Sullivan County, Tennessee	no	3.0	21.0	1870.0
19149	54	Outdoor advertising	47	541850	163	47163	Sullivan County, Tennessee	yes	1.25	11.12797619047619	558.382711038961
19150	54	Outdoor advertising	47	541850	187	47187	Williamson County, Tennessee	yes	1.0	8.753968253968253	443.9345238095238
19151	54	Outdoor advertising	47	541850	189	47189	Wilson County, Tennessee	yes	1.0	8.981984126984127	446.84291847041845
19152	54	Payroll services	47	541214	1	47001	Anderson County, Tennessee	yes	2.0	192.59619955718532	6859.666058283415
19153	54	Payroll services	47	541214	9	47009	Blount County, Tennessee	yes	1.0	96.29809977859266	3429.8330291417074
19154	54	Payroll services	47	541214	11	47011	Bradley County, Tennessee	yes	1.5	135.43395655270655	4758.767966524216
19155	54	Payroll services	47	541214	13	47013	Campbell County, Tennessee	yes	1.0	96.29809977859266	3429.8330291417074
19156	54	Payroll services	47	541214	23	47023	Chester County, Tennessee	yes	1.0	99.53920121579269	3406.384820155234
19157	54	Payroll services	47	541214	25	47025	Claiborne County, Tennessee	yes	2.6666666666666665	261.9288672370126	9346.714519523888
19158	54	Payroll services	47	541214	35	47035	Cumberland County, Tennessee	yes	1.0	81.7	2109.633333333333
19159	54	Payroll services	47	541214	37	47037	Davidson County, Tennessee	no	18.0	519.8	30587.0
19160	54	Payroll services	47	541214	37	47037	Davidson County, Tennessee	yes	16.0	1281.4814814814815	56753.18518518518
19161	54	Payroll services	47	541214	43	47043	Dickson County, Tennessee	yes	1.0	96.29809977859266	3429.8330291417074
19162	54	Payroll services	47	541214	57	47057	Grainger County, Tennessee	yes	1.0	96.29809977859266	3429.8330291417074
19163	54	Payroll services	47	541214	63	47063	Hamblen County, Tennessee	yes	1.0	90.57916666666667	3159.5874999999996
19164	54	Payroll services	47	541214	65	47065	Hamilton County, Tennessee	no	5.2	43.6	2059.2
19165	54	Payroll services	47	541214	65	47065	Hamilton County, Tennessee	yes	7.0	560.6481481481482	24829.51851851852
19166	54	Payroll services	47	541214	75	47075	Haywood County, Tennessee	yes	1.0	96.29809977859266	3429.8330291417074
19167	54	Payroll services	47	541214	93	47093	Knox County, Tennessee	no	9.0	291.0	7055.6
19168	54	Payroll services	47	541214	93	47093	Knox County, Tennessee	yes	4.0	320.3703703703704	14188.296296296296
19169	54	Payroll services	47	541214	109	47109	McNairy County, Tennessee	yes	1.0	99.1012327955519	3803.3917942758176
19170	54	Payroll services	47	541214	111	47111	Macon County, Tennessee	yes	1.0	103.99900151974086	3730.5726918607097
19171	54	Payroll services	47	541214	119	47119	Maury County, Tennessee	yes	1.0	96.29809977859266	3429.8330291417074
19172	54	Payroll services	47	541214	125	47125	Montgomery County, Tennessee	no	3.0	61.5	1913.0
19173	54	Payroll services	47	541214	125	47125	Montgomery County, Tennessee	yes	2.5	202.64259259259262	6711.524074074074
19174	54	Payroll services	47	541214	141	47141	Putnam County, Tennessee	yes	1.0	94.9858084045584	3344.5911146723643
19175	54	Payroll services	47	541214	145	47145	Roane County, Tennessee	yes	1.0	96.29809977859266	3429.8330291417074
19176	54	Payroll services	47	541214	147	47147	Robertson County, Tennessee	yes	1.0	96.29809977859266	3429.8330291417074
19177	54	Payroll services	47	541214	149	47149	Rutherford County, Tennessee	no	8.333333333333334	141.0	6369.833333333333
19178	54	Payroll services	47	541214	151	47151	Scott County, Tennessee	yes	1.0	98.92268252666119	3600.3168580803936
19179	54	Payroll services	47	541214	157	47157	Shelby County, Tennessee	no	13.666666666666666	451.5	37786.333333333336
19180	54	Payroll services	47	541214	163	47163	Sullivan County, Tennessee	yes	1.0	99.1012327955519	3803.3917942758176
19181	54	Payroll services	47	541214	165	47165	Sumner County, Tennessee	yes	2.6666666666666665	255.49558138706007	9352.540967767003
19182	54	Payroll services	47	541214	179	47179	Washington County, Tennessee	no	4.0	37.0	1674.3333333333333
19183	54	Payroll services	47	541214	179	47179	Washington County, Tennessee	yes	6.0	560.9698005698006	18337.645584045586
19184	54	Payroll services	47	541214	187	47187	Williamson County, Tennessee	no	7.5	607.3333333333334	35305.666666666664
19185	54	Payroll services	47	541214	189	47189	Wilson County, Tennessee	yes	1.3333333333333333	129.27232728747973	4629.9386485018385
19186	54	Photography studios, portrait	47	541921	1	47001	Anderson County, Tennessee	no	4.0	0.0	348.0
19187	54	Photography studios, portrait	47	541921	1	47001	Anderson County, Tennessee	yes	1.6	22.695922794067016	517.7814631851005
19188	54	Photography studios, portrait	47	541921	3	47003	Bedford County, Tennessee	yes	1.0	12.594202898550725	268.51449275362324
19189	54	Photography studios, portrait	47	541921	9	47009	Blount County, Tennessee	no	4.0	0.0	61.5
19190	54	Photography studios, portrait	47	541921	9	47009	Blount County, Tennessee	yes	2.75	40.986095426312815	915.7887587050631
19191	54	Photography studios, portrait	47	541921	11	47011	Bradley County, Tennessee	no	5.8	72.4	1664.2
19192	54	Photography studios, portrait	47	541921	11	47011	Bradley County, Tennessee	yes	6.0	80.78260869565217	1652.695652173913
19193	54	Photography studios, portrait	47	541921	13	47013	Campbell County, Tennessee	yes	1.0	12.594202898550725	268.51449275362324
19194	54	Photography studios, portrait	47	541921	17	47017	Carroll County, Tennessee	yes	1.0	11.56547619047619	301.1892857142857
19195	54	Photography studios, portrait	47	541921	19	47019	Carter County, Tennessee	yes	1.4	19.73791643139469	443.40246000376436
19196	54	Photography studios, portrait	47	541921	21	47021	Cheatham County, Tennessee	yes	1.4	20.635156748518362	484.08326442733653
19197	54	Photography studios, portrait	47	541921	25	47025	Claiborne County, Tennessee	yes	1.0	15.294911507133142	346.6029101421732
19198	54	Photography studios, portrait	47	541921	29	47029	Cocke County, Tennessee	yes	1.0	12.594202898550725	268.51449275362324
19199	54	Photography studios, portrait	47	541921	31	47031	Coffee County, Tennessee	yes	2.8333333333333335	42.03067372712123	938.8211731770057
19200	54	Photography studios, portrait	47	541921	35	47035	Cumberland County, Tennessee	yes	1.0	12.594202898550725	268.51449275362324
19201	54	Photography studios, portrait	47	541921	37	47037	Davidson County, Tennessee	no	23.166666666666668	68.16666666666667	1179.0
19202	54	Photography studios, portrait	47	541921	43	47043	Dickson County, Tennessee	yes	1.0	12.594202898550725	268.51449275362324
19203	54	Photography studios, portrait	47	541921	45	47045	Dyer County, Tennessee	yes	1.0	12.594202898550725	268.51449275362324
19204	54	Photography studios, portrait	47	541921	53	47053	Gibson County, Tennessee	no	3.0	2.5	45.0
19205	54	Photography studios, portrait	47	541921	53	47053	Gibson County, Tennessee	yes	2.25	37.85760479358041	871.202774258262
19206	54	Photography studios, portrait	47	541921	59	47059	Greene County, Tennessee	yes	2.0	25.18840579710145	537.0289855072465
19207	54	Photography studios, portrait	47	541921	63	47063	Hamblen County, Tennessee	no	4.0	0.0	28.0
19208	54	Photography studios, portrait	47	541921	63	47063	Hamblen County, Tennessee	yes	1.6	24.087227141893102	528.8771153590135
19209	54	Photography studios, portrait	47	541921	65	47065	Hamilton County, Tennessee	no	21.666666666666668	380.0	8715.333333333334
19210	54	Photography studios, portrait	47	541921	71	47071	Hardin County, Tennessee	yes	2.0	25.18840579710145	537.0289855072465
19211	54	Photography studios, portrait	47	541921	73	47073	Hawkins County, Tennessee	yes	1.0	25.181818181818183	540.5757575757576
19212	54	Photography studios, portrait	47	541921	77	47077	Henderson County, Tennessee	yes	1.3333333333333333	19.492979139983383	436.1077410600476
19213	54	Photography studios, portrait	47	541921	79	47079	Henry County, Tennessee	yes	1.0	12.594202898550725	268.51449275362324
19214	54	Photography studios, portrait	47	541921	85	47085	Humphreys County, Tennessee	yes	1.0	15.294911507133142	346.6029101421732
19215	54	Photography studios, portrait	47	541921	89	47089	Jefferson County, Tennessee	yes	1.0	12.594202898550725	268.51449275362324
19216	54	Photography studios, portrait	47	541921	93	47093	Knox County, Tennessee	no	20.0	62.833333333333336	2011.0
19217	54	Photography studios, portrait	47	541921	99	47099	Lawrence County, Tennessee	yes	1.3333333333333333	19.492979139983383	436.1077410600476
19218	54	Photography studios, portrait	47	541921	105	47105	Loudon County, Tennessee	yes	1.0	15.294911507133142	346.6029101421732
19219	54	Photography studios, portrait	47	541921	107	47107	McMinn County, Tennessee	no	3.0	3.0	175.0
19220	54	Photography studios, portrait	47	541921	107	47107	McMinn County, Tennessee	yes	2.2	33.66720790697461	773.9832162252735
19221	54	Photography studios, portrait	47	541921	113	47113	Madison County, Tennessee	no	6.0	9.5	88.5
19222	54	Photography studios, portrait	47	541921	113	47113	Madison County, Tennessee	yes	2.25	37.85760479358041	871.202774258262
19223	54	Photography studios, portrait	47	541921	115	47115	Marion County, Tennessee	yes	1.0	12.594202898550725	268.51449275362324
19224	54	Photography studios, portrait	47	541921	119	47119	Maury County, Tennessee	yes	2.0	25.18840579710145	537.0289855072465
19225	54	Photography studios, portrait	47	541921	123	47123	Monroe County, Tennessee	yes	1.0	12.594202898550725	268.51449275362324
19226	54	Photography studios, portrait	47	541921	125	47125	Montgomery County, Tennessee	no	3.0	13.5	216.0
19227	54	Photography studios, portrait	47	541921	125	47125	Montgomery County, Tennessee	yes	4.5	55.64518633540373	1240.990010351967
19228	54	Photography studios, portrait	47	541921	131	47131	Obion County, Tennessee	yes	1.0	12.594202898550725	268.51449275362324
19229	54	Photography studios, portrait	47	541921	133	47133	Overton County, Tennessee	yes	1.1666666666666667	17.538872859790146	392.5111227025596
19230	54	Photography studios, portrait	47	541921	139	47139	Polk County, Tennessee	yes	1.0	15.294911507133142	346.6029101421732
19231	54	Photography studios, portrait	47	541921	141	47141	Putnam County, Tennessee	no	7.0	0.0	218.0
19232	54	Photography studios, portrait	47	541921	141	47141	Putnam County, Tennessee	yes	2.5	42.42467796431211	971.111310843628
19233	54	Photography studios, portrait	47	541921	143	47143	Rhea County, Tennessee	yes	1.0	13.46376811594203	275.4492753623189
19234	54	Photography studios, portrait	47	541921	145	47145	Roane County, Tennessee	yes	1.0	14.485566160009427	312.22104394956995
19235	54	Photography studios, portrait	47	541921	147	47147	Robertson County, Tennessee	yes	1.0	12.594202898550725	268.51449275362324
19236	54	Photography studios, portrait	47	541921	149	47149	Rutherford County, Tennessee	no	9.0	22.166666666666668	502.8333333333333
19237	54	Photography studios, portrait	47	541921	155	47155	Sevier County, Tennessee	no	18.5	156.66666666666666	2552.1666666666665
19238	54	Photography studios, portrait	47	541921	157	47157	Shelby County, Tennessee	no	27.0	148.83333333333334	3233.8333333333335
19239	54	Photography studios, portrait	47	541921	159	47159	Smith County, Tennessee	yes	1.0	15.294911507133142	346.6029101421732
19240	54	Photography studios, portrait	47	541921	163	47163	Sullivan County, Tennessee	no	8.166666666666666	27.166666666666668	482.6666666666667
19241	54	Photography studios, portrait	47	541921	165	47165	Sumner County, Tennessee	yes	4.166666666666667	64.22436147568703	1453.0173316256032
19242	54	Photography studios, portrait	47	541921	167	47167	Tipton County, Tennessee	yes	1.0	15.294911507133142	346.6029101421732
19243	54	Photography studios, portrait	47	541921	177	47177	Warren County, Tennessee	yes	1.3333333333333333	19.492979139983383	436.1077410600476
19244	54	Photography studios, portrait	47	541921	179	47179	Washington County, Tennessee	no	6.25	43.25	1055.0
19245	54	Photography studios, portrait	47	541921	179	47179	Washington County, Tennessee	yes	6.5	92.56928243195475	2045.4042064333687
19246	54	Photography studios, portrait	47	541921	183	47183	Weakley County, Tennessee	yes	1.0	16.790074659639878	359.201581027668
19247	54	Photography studios, portrait	47	541921	185	47185	White County, Tennessee	yes	1.0	13.46376811594203	275.4492753623189
19248	54	Photography studios, portrait	47	541921	187	47187	Williamson County, Tennessee	no	9.666666666666666	27.333333333333332	724.1666666666666
19249	54	Photography studios, portrait	47	541921	189	47189	Wilson County, Tennessee	no	4.0	18.0	302.0
19250	54	Photography studios, portrait	47	541921	189	47189	Wilson County, Tennessee	yes	1.8	26.34958133065238	597.7082924533933
19251	54	Process, physical distribution, and logistics consulting services	47	541614	1	47001	Anderson County, Tennessee	no	4.0	0.0	299.0
19252	54	Process, physical distribution, and logistics consulting services	47	541614	1	47001	Anderson County, Tennessee	yes	2.0	30.03757423699359	781.6259386336482
19253	54	Process, physical distribution, and logistics consulting services	47	541614	3	47003	Bedford County, Tennessee	yes	1.0	15.044089641939104	408.606893305818
19254	54	Process, physical distribution, and logistics consulting services	47	541614	9	47009	Blount County, Tennessee	no	3.5	4.0	157.0
19255	54	Process, physical distribution, and logistics consulting services	47	541614	9	47009	Blount County, Tennessee	yes	2.0	28.662424242424244	689.2157575757576
19256	54	Process, physical distribution, and logistics consulting services	47	541614	13	47013	Campbell County, Tennessee	yes	1.75	26.671134462908654	703.8203399587271
19257	54	Process, physical distribution, and logistics consulting services	47	541614	25	47025	Claiborne County, Tennessee	yes	1.0	14.186198567739579	361.6270868337876
19258	54	Process, physical distribution, and logistics consulting services	47	541614	37	47037	Davidson County, Tennessee	no	11.333333333333334	31.333333333333332	1439.6666666666667
19259	54	Process, physical distribution, and logistics consulting services	47	541614	37	47037	Davidson County, Tennessee	yes	9.666666666666666	128.76918604651163	3024.9380813953485
19260	54	Process, physical distribution, and logistics consulting services	47	541614	39	47039	Decatur County, Tennessee	yes	1.0	11.782461240310077	290.1509205426356
19261	54	Process, physical distribution, and logistics consulting services	47	541614	47	47047	Fayette County, Tennessee	yes	1.0	14.186198567739579	361.6270868337876
19262	54	Process, physical distribution, and logistics consulting services	47	541614	51	47051	Franklin County, Tennessee	yes	1.0	15.044089641939104	408.606893305818
19263	54	Process, physical distribution, and logistics consulting services	47	541614	59	47059	Greene County, Tennessee	yes	1.0	15.477170450019912	421.6163630027877
19264	54	Process, physical distribution, and logistics consulting services	47	541614	65	47065	Hamilton County, Tennessee	no	10.833333333333334	468.0	10211.333333333334
19265	54	Process, physical distribution, and logistics consulting services	47	541614	73	47073	Hawkins County, Tennessee	yes	1.0	14.186198567739579	361.6270868337876
19266	54	Process, physical distribution, and logistics consulting services	47	541614	77	47077	Henderson County, Tennessee	yes	1.0	10.023255813953488	215.69767441860463
19267	54	Process, physical distribution, and logistics consulting services	47	541614	79	47079	Henry County, Tennessee	yes	1.0	15.044089641939104	408.606893305818
19268	54	Process, physical distribution, and logistics consulting services	47	541614	89	47089	Jefferson County, Tennessee	yes	1.3333333333333333	18.113685647842935	458.3440603479994
19269	54	Process, physical distribution, and logistics consulting services	47	541614	93	47093	Knox County, Tennessee	no	14.166666666666666	22.333333333333332	1927.3333333333333
19270	54	Process, physical distribution, and logistics consulting services	47	541614	99	47099	Lawrence County, Tennessee	no	3.0	24.0	458.0
19271	54	Process, physical distribution, and logistics consulting services	47	541614	99	47099	Lawrence County, Tennessee	yes	2.0	26.1136733615222	634.7587993305144
19272	54	Process, physical distribution, and logistics consulting services	47	541614	105	47105	Loudon County, Tennessee	yes	2.0	28.372397135479158	723.2541736675752
19273	54	Process, physical distribution, and logistics consulting services	47	541614	107	47107	McMinn County, Tennessee	yes	1.0	15.388067231454329	397.3651699793635
19274	54	Process, physical distribution, and logistics consulting services	47	541614	113	47113	Madison County, Tennessee	no	3.0	17.0	623.75
19275	54	Process, physical distribution, and logistics consulting services	47	541614	113	47113	Madison County, Tennessee	yes	2.0	23.564922480620154	580.3018410852712
19276	54	Process, physical distribution, and logistics consulting services	47	541614	115	47115	Marion County, Tennessee	yes	1.0	16.42	363.64
19277	54	Process, physical distribution, and logistics consulting services	47	541614	119	47119	Maury County, Tennessee	yes	2.0	28.372397135479158	723.2541736675752
19278	54	Process, physical distribution, and logistics consulting services	47	541614	123	47123	Monroe County, Tennessee	yes	1.0	14.186198567739579	361.6270868337876
19279	54	Process, physical distribution, and logistics consulting services	47	541614	125	47125	Montgomery County, Tennessee	yes	1.0	14.186198567739579	361.6270868337876
19280	54	Process, physical distribution, and logistics consulting services	47	541614	143	47143	Rhea County, Tennessee	yes	1.0	16.444922341696532	450.1224611708483
19281	54	Process, physical distribution, and logistics consulting services	47	541614	145	47145	Roane County, Tennessee	yes	1.6666666666666667	23.965187833153575	626.6978945978076
19282	54	Process, physical distribution, and logistics consulting services	47	541614	147	47147	Robertson County, Tennessee	yes	1.0	11.782461240310077	290.1509205426356
19283	54	Process, physical distribution, and logistics consulting services	47	541614	149	47149	Rutherford County, Tennessee	no	9.6	110.6	2040.2
19284	54	Process, physical distribution, and logistics consulting services	47	541614	149	47149	Rutherford County, Tennessee	yes	5.0	82.10000000000001	1818.2
19285	54	Process, physical distribution, and logistics consulting services	47	541614	153	47153	Sequatchie County, Tennessee	yes	1.0	13.328307493540052	314.64728036175705
19286	54	Process, physical distribution, and logistics consulting services	47	541614	157	47157	Shelby County, Tennessee	no	32.5	759.1666666666666	27600.5
19287	54	Process, physical distribution, and logistics consulting services	47	541614	163	47163	Sullivan County, Tennessee	yes	1.0	14.186198567739579	361.6270868337876
19288	54	Process, physical distribution, and logistics consulting services	47	541614	165	47165	Sumner County, Tennessee	no	3.75	33.5	4026.5
19289	54	Process, physical distribution, and logistics consulting services	47	541614	165	47165	Sumner County, Tennessee	yes	6.5	96.65583333333333	2367.0345833333336
19290	54	Process, physical distribution, and logistics consulting services	47	541614	173	47173	Union County, Tennessee	yes	1.0	13.328307493540052	314.64728036175705
19291	54	Process, physical distribution, and logistics consulting services	47	541614	177	47177	Warren County, Tennessee	yes	1.6666666666666667	26.007371203070125	708.6885340863836
19292	54	Process, physical distribution, and logistics consulting services	47	541614	179	47179	Washington County, Tennessee	yes	1.5	21.708243388709132	565.9305334866966
19293	54	Process, physical distribution, and logistics consulting services	47	541614	187	47187	Williamson County, Tennessee	no	15.333333333333334	157.0	17499.166666666668
19294	54	Process, physical distribution, and logistics consulting services	47	541614	189	47189	Wilson County, Tennessee	no	8.0	39.0	2841.0
19295	54	Process, physical distribution, and logistics consulting services	47	541614	189	47189	Wilson County, Tennessee	yes	6.5	81.19866983791403	1947.6701330162084
19296	54	Public relations agencies	47	541820	1	47001	Anderson County, Tennessee	yes	2.0	11.300064432046156	391.47857219561956
19297	54	Public relations agencies	47	541820	9	47009	Blount County, Tennessee	no	3.0	0.0	778.0
19298	54	Public relations agencies	47	541820	9	47009	Blount County, Tennessee	yes	1.6	7.191842024337741	351.36977683082193
19299	54	Public relations agencies	47	541820	21	47021	Cheatham County, Tennessee	yes	1.0	5.650032216023078	195.73928609780978
19300	54	Public relations agencies	47	541820	33	47033	Crockett County, Tennessee	yes	1.0	5.9411764705882355	136.7058823529412
19301	54	Public relations agencies	47	541820	35	47035	Cumberland County, Tennessee	yes	1.0	7.213725490196079	141.29640522875818
19302	54	Public relations agencies	47	541820	37	47037	Davidson County, Tennessee	no	49.0	321.5	22403.833333333332
19303	54	Public relations agencies	47	541820	43	47043	Dickson County, Tennessee	yes	1.0	5.720588235294118	127.8779411764706
19304	54	Public relations agencies	47	541820	59	47059	Greene County, Tennessee	yes	1.0	5.650032216023078	195.73928609780978
19305	54	Public relations agencies	47	541820	65	47065	Hamilton County, Tennessee	no	3.0	5.6	367.8
19306	54	Public relations agencies	47	541820	65	47065	Hamilton County, Tennessee	yes	2.0	11.0	238.10000000000002
19307	54	Public relations agencies	47	541820	69	47069	Hardeman County, Tennessee	yes	1.0	5.9411764705882355	136.7058823529412
19308	54	Public relations agencies	47	541820	79	47079	Henry County, Tennessee	yes	1.0	5.5	119.05000000000001
19309	54	Public relations agencies	47	541820	93	47093	Knox County, Tennessee	no	8.5	43.166666666666664	3062.6666666666665
19310	54	Public relations agencies	47	541820	113	47113	Madison County, Tennessee	yes	2.0	11.300064432046156	391.47857219561956
19311	54	Public relations agencies	47	541820	119	47119	Maury County, Tennessee	yes	1.0	5.650032216023078	195.73928609780978
19312	54	Public relations agencies	47	541820	149	47149	Rutherford County, Tennessee	no	3.0	3.0	522.0
19313	54	Public relations agencies	47	541820	149	47149	Rutherford County, Tennessee	yes	2.25	14.907352941176471	336.09338235294115
19314	54	Public relations agencies	47	541820	157	47157	Shelby County, Tennessee	no	11.666666666666666	48.166666666666664	2637.1666666666665
19315	54	Public relations agencies	47	541820	163	47163	Sullivan County, Tennessee	yes	2.0	11.300064432046156	391.47857219561956
19316	54	Public relations agencies	47	541820	165	47165	Sumner County, Tennessee	no	3.0	5.0	438.0
19317	54	Public relations agencies	47	541820	165	47165	Sumner County, Tennessee	yes	1.0	6.233823529411764	149.23700980392158
19318	54	Public relations agencies	47	541820	177	47177	Warren County, Tennessee	yes	1.0	4.086338941850078	250.18216696686144
19319	54	Public relations agencies	47	541820	179	47179	Washington County, Tennessee	yes	1.0	3.2941176470588234	173.05882352941177
19320	54	Public relations agencies	47	541820	187	47187	Williamson County, Tennessee	no	8.333333333333334	13.5	1668.0
19321	54	Public relations agencies	47	541820	189	47189	Wilson County, Tennessee	yes	1.0	5.650032216023078	195.73928609780978
19322	54	Research and development in biotechnology	47	541711	1	47001	Anderson County, Tennessee	yes	1.0	19.26816239316239	1502.6682692307693
19323	54	Research and development in biotechnology	47	541711	9	47009	Blount County, Tennessee	yes	1.1666666666666667	18.497293447293448	1389.3597985347985
19324	54	Research and development in biotechnology	47	541711	35	47035	Cumberland County, Tennessee	yes	1.0	15.478774928774927	1273.6931318681318
19325	54	Research and development in biotechnology	47	541711	37	47037	Davidson County, Tennessee	no	9.333333333333334	141.0	14850.0
19326	54	Research and development in biotechnology	47	541711	65	47065	Hamilton County, Tennessee	yes	1.3333333333333333	18.11210826210826	1545.6074175824176
19327	54	Research and development in biotechnology	47	541711	93	47093	Knox County, Tennessee	no	4.4	13.2	1346.8
19328	54	Research and development in biotechnology	47	541711	93	47093	Knox County, Tennessee	yes	3.0	73.38461538461539	3887.769230769231
19329	54	Research and development in biotechnology	47	541711	141	47141	Putnam County, Tennessee	yes	1.0	15.0	2005.625
19330	54	Research and development in biotechnology	47	541711	149	47149	Rutherford County, Tennessee	yes	1.0	19.653846153846157	1772.2243589743591
19331	54	Research and development in biotechnology	47	541711	157	47157	Shelby County, Tennessee	no	9.666666666666666	142.16666666666666	17687.333333333332
19332	54	Research and development in biotechnology	47	541711	163	47163	Sullivan County, Tennessee	yes	1.0	21.286324786324787	994.9615384615385
19333	54	Research and development in biotechnology	47	541711	179	47179	Washington County, Tennessee	yes	2.0	30.957549857549854	2547.3862637362636
19334	54	Research and development in biotechnology	47	541711	187	47187	Williamson County, Tennessee	yes	1.2	20.466837606837608	1386.4913736263738
19335	54	Research and development in the physical, engineering, and life sciences (except biotechnology)	47	541712	1	47001	Anderson County, Tennessee	no	12.0	5850.0	527100.0
19336	54	Research and development in the physical, engineering, and life sciences (except biotechnology)	47	541712	1	47001	Anderson County, Tennessee	yes	7.6	947.8225177093739	90314.53684191233
19337	54	Research and development in the physical, engineering, and life sciences (except biotechnology)	47	541712	3	47003	Bedford County, Tennessee	yes	1.1666666666666667	128.25874303920043	12265.714210569722
19338	54	Research and development in the physical, engineering, and life sciences (except biotechnology)	47	541712	9	47009	Blount County, Tennessee	yes	1.0	122.45358051617592	12332.93006179571
19339	54	Research and development in the physical, engineering, and life sciences (except biotechnology)	47	541712	17	47017	Carroll County, Tennessee	yes	1.0	10.535714285714285	728.2857142857142
19340	54	Research and development in the physical, engineering, and life sciences (except biotechnology)	47	541712	31	47031	Coffee County, Tennessee	no	3.0	1.0	92.0
19341	54	Research and development in the physical, engineering, and life sciences (except biotechnology)	47	541712	31	47031	Coffee County, Tennessee	yes	1.8	218.67610934450119	21182.785702005993
19342	54	Research and development in the physical, engineering, and life sciences (except biotechnology)	47	541712	35	47035	Cumberland County, Tennessee	yes	1.8333333333333333	191.69197587431918	18395.505291887745
19343	54	Research and development in the physical, engineering, and life sciences (except biotechnology)	47	541712	37	47037	Davidson County, Tennessee	no	18.833333333333332	677.6666666666666	75529.5
19344	54	Research and development in the physical, engineering, and life sciences (except biotechnology)	47	541712	51	47051	Franklin County, Tennessee	yes	1.8	179.82917056899095	17618.924477516197
19345	54	Research and development in the physical, engineering, and life sciences (except biotechnology)	47	541712	53	47053	Gibson County, Tennessee	yes	1.0	87.18057222889155	7668.898359343737
19346	54	Research and development in the physical, engineering, and life sciences (except biotechnology)	47	541712	55	47055	Giles County, Tennessee	yes	2.0	215.30612244897958	19275.877551020407
19347	54	Research and development in the physical, engineering, and life sciences (except biotechnology)	47	541712	63	47063	Hamblen County, Tennessee	yes	1.0	113.35537077426389	11704.995092693565
19348	54	Research and development in the physical, engineering, and life sciences (except biotechnology)	47	541712	65	47065	Hamilton County, Tennessee	no	9.666666666666666	63.0	4053.3333333333335
19349	54	Research and development in the physical, engineering, and life sciences (except biotechnology)	47	541712	65	47065	Hamilton County, Tennessee	yes	10.0	883.7056822729091	77689.8275310124
19350	54	Research and development in the physical, engineering, and life sciences (except biotechnology)	47	541712	89	47089	Jefferson County, Tennessee	yes	1.0	122.45358051617592	12332.93006179571
19351	54	Research and development in the physical, engineering, and life sciences (except biotechnology)	47	541712	93	47093	Knox County, Tennessee	no	20.0	385.5	40650.833333333336
19352	54	Research and development in the physical, engineering, and life sciences (except biotechnology)	47	541712	101	47101	Lewis County, Tennessee	yes	1.0	104.81707637253375	10000.914210569723
19353	54	Research and development in the physical, engineering, and life sciences (except biotechnology)	47	541712	113	47113	Madison County, Tennessee	yes	1.0	113.35537077426389	11704.995092693565
19354	54	Research and development in the physical, engineering, and life sciences (except biotechnology)	47	541712	119	47119	Maury County, Tennessee	yes	1.0	122.45358051617592	12332.93006179571
19355	54	Research and development in the physical, engineering, and life sciences (except biotechnology)	47	541712	125	47125	Montgomery County, Tennessee	yes	1.0	104.81707637253375	10000.914210569723
19356	54	Research and development in the physical, engineering, and life sciences (except biotechnology)	47	541712	141	47141	Putnam County, Tennessee	yes	1.0	104.81707637253375	10000.914210569723
19357	54	Research and development in the physical, engineering, and life sciences (except biotechnology)	47	541712	145	47145	Roane County, Tennessee	yes	1.0	122.45358051617592	12332.93006179571
19358	54	Research and development in the physical, engineering, and life sciences (except biotechnology)	47	541712	147	47147	Robertson County, Tennessee	yes	1.0	104.81707637253375	10000.914210569723
19359	54	Research and development in the physical, engineering, and life sciences (except biotechnology)	47	541712	149	47149	Rutherford County, Tennessee	no	3.5	8.0	2560.25
19360	54	Research and development in the physical, engineering, and life sciences (except biotechnology)	47	541712	149	47149	Rutherford County, Tennessee	yes	2.5	302.1295918367347	28045.708163265306
19361	54	Research and development in the physical, engineering, and life sciences (except biotechnology)	47	541712	157	47157	Shelby County, Tennessee	no	25.5	411.8333333333333	39718.833333333336
19362	54	Research and development in the physical, engineering, and life sciences (except biotechnology)	47	541712	163	47163	Sullivan County, Tennessee	no	3.0	12.0	827.0
19363	54	Research and development in the physical, engineering, and life sciences (except biotechnology)	47	541712	163	47163	Sullivan County, Tennessee	yes	2.25	236.2583583433373	21694.947539015608
19364	54	Research and development in the physical, engineering, and life sciences (except biotechnology)	47	541712	165	47165	Sumner County, Tennessee	no	3.4	3.2	387.8
19365	54	Research and development in the physical, engineering, and life sciences (except biotechnology)	47	541712	165	47165	Sumner County, Tennessee	yes	3.0	421.95	40766.4
19366	54	Research and development in the physical, engineering, and life sciences (except biotechnology)	47	541712	179	47179	Washington County, Tennessee	yes	4.833333333333333	505.692714795842	48556.3028255577
19367	54	Research and development in the physical, engineering, and life sciences (except biotechnology)	47	541712	187	47187	Williamson County, Tennessee	no	11.2	91.8	5957.2
19368	54	Research and development in the physical, engineering, and life sciences (except biotechnology)	47	541712	187	47187	Williamson County, Tennessee	yes	11.0	1184.1836734693877	106017.32653061225
19369	54	Research and development in the social sciences and humanities	47	541720	17	47017	Carroll County, Tennessee	yes	1.0	4.666666666666666	323.3333333333333
19370	54	Research and development in the social sciences and humanities	47	541720	37	47037	Davidson County, Tennessee	no	4.5	41.0	3664.0
19371	54	Research and development in the social sciences and humanities	47	541720	37	47037	Davidson County, Tennessee	yes	3.25	16.51153846153846	1237.5538461538463
19372	54	Research and development in the social sciences and humanities	47	541720	51	47051	Franklin County, Tennessee	yes	1.2	5.794529914529914	411.7596581196582
19373	54	Research and development in the social sciences and humanities	47	541720	61	47061	Grundy County, Tennessee	yes	1.0	5.699999999999999	417.93333333333334
19374	54	Research and development in the social sciences and humanities	47	541720	65	47065	Hamilton County, Tennessee	yes	1.0	4.479568579568579	308.36320716320716
19375	54	Research and development in the social sciences and humanities	47	541720	69	47069	Hardeman County, Tennessee	yes	1.0	4.564102564102564	345.7435897435897
19376	54	Research and development in the social sciences and humanities	47	541720	93	47093	Knox County, Tennessee	no	3.0	5.0	542.0
19377	54	Research and development in the social sciences and humanities	47	541720	93	47093	Knox County, Tennessee	yes	2.0	7.609279609279608	491.78510378510373
19378	54	Research and development in the social sciences and humanities	47	541720	113	47113	Madison County, Tennessee	yes	2.0	8.959137159137159	616.7264143264143
19379	54	Research and development in the social sciences and humanities	47	541720	157	47157	Shelby County, Tennessee	no	3.0	37.0	1664.0
19380	54	Research and development in the social sciences and humanities	47	541720	157	47157	Shelby County, Tennessee	yes	1.0	4.301994301994301	299.8660968660968
19381	54	Research and development in the social sciences and humanities	47	541720	163	47163	Sullivan County, Tennessee	yes	1.0	4.479568579568579	308.36320716320716
19382	54	Research and development in the social sciences and humanities	47	541720	187	47187	Williamson County, Tennessee	yes	1.0	2.571428571428571	114.71428571428571
19383	54	Research and development in the social sciences and humanities	47	541720	189	47189	Wilson County, Tennessee	yes	1.0	2.571428571428571	114.71428571428571
19384	54	Surveying and mapping (except geophysical) services	47	541370	1	47001	Anderson County, Tennessee	yes	1.8333333333333333	7.353540310645574	138.784424073196
19385	54	Surveying and mapping (except geophysical) services	47	541370	3	47003	Bedford County, Tennessee	no	3.3333333333333335	8.166666666666666	252.5
19386	54	Surveying and mapping (except geophysical) services	47	541370	5	47005	Benton County, Tennessee	yes	1.0	3.937096929465351	84.16211088281263
19387	54	Surveying and mapping (except geophysical) services	47	541370	7	47007	Bledsoe County, Tennessee	yes	1.0	3.937096929465351	84.16211088281263
19388	54	Surveying and mapping (except geophysical) services	47	541370	9	47009	Blount County, Tennessee	no	5.833333333333333	18.833333333333332	1014.0
19389	54	Surveying and mapping (except geophysical) services	47	541370	11	47011	Bradley County, Tennessee	no	4.0	8.0	327.5
19390	54	Surveying and mapping (except geophysical) services	47	541370	13	47013	Campbell County, Tennessee	yes	1.0	3.8352067977067974	92.03606106106105
19391	54	Surveying and mapping (except geophysical) services	47	541370	15	47015	Cannon County, Tennessee	yes	1.0	3.937096929465351	84.16211088281263
19392	54	Surveying and mapping (except geophysical) services	47	541370	17	47017	Carroll County, Tennessee	yes	1.0	3.937096929465351	84.16211088281263
19393	54	Surveying and mapping (except geophysical) services	47	541370	19	47019	Carter County, Tennessee	no	3.0	2.75	170.25
19394	54	Surveying and mapping (except geophysical) services	47	541370	19	47019	Carter County, Tennessee	yes	1.0	3.496171171171171	118.55360360360359
19395	54	Surveying and mapping (except geophysical) services	47	541370	21	47021	Cheatham County, Tennessee	no	3.0	5.0	308.6666666666667
19396	54	Surveying and mapping (except geophysical) services	47	541370	21	47021	Cheatham County, Tennessee	yes	2.0	9.420159489633173	136.5522807017544
19397	54	Surveying and mapping (except geophysical) services	47	541370	23	47023	Chester County, Tennessee	yes	1.0	3.937096929465351	84.16211088281263
19398	54	Surveying and mapping (except geophysical) services	47	541370	29	47029	Cocke County, Tennessee	yes	1.0	3.937096929465351	84.16211088281263
19399	54	Surveying and mapping (except geophysical) services	47	541370	31	47031	Coffee County, Tennessee	no	3.0	0.0	150.0
19400	54	Surveying and mapping (except geophysical) services	47	541370	31	47031	Coffee County, Tennessee	yes	2.2	7.883322901849217	186.76275032927666
19401	54	Surveying and mapping (except geophysical) services	47	541370	35	47035	Cumberland County, Tennessee	yes	1.0	3.8684210526315788	59.868421052631575
19402	54	Surveying and mapping (except geophysical) services	47	541370	37	47037	Davidson County, Tennessee	no	14.5	72.0	3045.5
19403	54	Surveying and mapping (except geophysical) services	47	541370	41	47041	DeKalb County, Tennessee	yes	1.0	3.937096929465351	84.16211088281263
19404	54	Surveying and mapping (except geophysical) services	47	541370	43	47043	Dickson County, Tennessee	yes	1.0	4.15755980861244	66.96636452241715
19405	54	Surveying and mapping (except geophysical) services	47	541370	45	47045	Dyer County, Tennessee	yes	2.0	7.874193858930702	168.32422176562525
19406	54	Surveying and mapping (except geophysical) services	47	541370	47	47047	Fayette County, Tennessee	no	3.0	0.0	98.0
19407	54	Surveying and mapping (except geophysical) services	47	541370	47	47047	Fayette County, Tennessee	yes	2.2	7.992305357989568	190.18106611875032
19408	54	Surveying and mapping (except geophysical) services	47	541370	49	47049	Fentress County, Tennessee	yes	2.0	7.874193858930702	168.32422176562525
19409	54	Surveying and mapping (except geophysical) services	47	541370	51	47051	Franklin County, Tennessee	no	3.1666666666666665	9.5	528.6666666666666
19410	54	Surveying and mapping (except geophysical) services	47	541370	53	47053	Gibson County, Tennessee	yes	1.0	3.937096929465351	84.16211088281263
19411	54	Surveying and mapping (except geophysical) services	47	541370	55	47055	Giles County, Tennessee	yes	1.0	3.8684210526315788	59.868421052631575
19412	54	Surveying and mapping (except geophysical) services	47	541370	59	47059	Greene County, Tennessee	no	3.0	7.0	142.0
19413	54	Surveying and mapping (except geophysical) services	47	541370	59	47059	Greene County, Tennessee	yes	2.8	11.652751928962456	228.08730393551446
19414	54	Surveying and mapping (except geophysical) services	47	541370	61	47061	Grundy County, Tennessee	yes	1.0	3.8185241820768137	93.48390706495971
19415	54	Surveying and mapping (except geophysical) services	47	541370	63	47063	Hamblen County, Tennessee	yes	1.0	3.937096929465351	84.16211088281263
19416	54	Surveying and mapping (except geophysical) services	47	541370	65	47065	Hamilton County, Tennessee	no	13.0	95.16666666666667	3149.0
19417	54	Surveying and mapping (except geophysical) services	47	541370	71	47071	Hardin County, Tennessee	yes	1.0	3.8684210526315788	59.868421052631575
19418	54	Surveying and mapping (except geophysical) services	47	541370	73	47073	Hawkins County, Tennessee	no	4.0	5.8	138.4
19419	54	Surveying and mapping (except geophysical) services	47	541370	73	47073	Hawkins County, Tennessee	yes	3.0	17.545454545454547	204.0
19420	54	Surveying and mapping (except geophysical) services	47	541370	77	47077	Henderson County, Tennessee	yes	1.5	6.292136801873643	118.30018105825123
19421	54	Surveying and mapping (except geophysical) services	47	541370	79	47079	Henry County, Tennessee	yes	2.1666666666666665	8.518930701035965	178.30229194106388
19422	54	Surveying and mapping (except geophysical) services	47	541370	85	47085	Humphreys County, Tennessee	yes	1.0	3.937096929465351	84.16211088281263
19423	54	Surveying and mapping (except geophysical) services	47	541370	87	47087	Jackson County, Tennessee	yes	1.0	3.937096929465351	84.16211088281263
19424	54	Surveying and mapping (except geophysical) services	47	541370	89	47089	Jefferson County, Tennessee	yes	1.2	4.328503556187767	99.36821726990146
19425	54	Surveying and mapping (except geophysical) services	47	541370	91	47091	Johnson County, Tennessee	yes	1.0	3.937096929465351	84.16211088281263
19426	54	Surveying and mapping (except geophysical) services	47	541370	93	47093	Knox County, Tennessee	no	10.166666666666666	32.0	1244.1666666666667
19427	54	Surveying and mapping (except geophysical) services	47	541370	97	47097	Lauderdale County, Tennessee	yes	2.0	7.874193858930702	168.32422176562525
19428	54	Surveying and mapping (except geophysical) services	47	541370	99	47099	Lawrence County, Tennessee	yes	1.1666666666666667	4.911844404212826	95.49544421614597
19429	54	Surveying and mapping (except geophysical) services	47	541370	101	47101	Lewis County, Tennessee	yes	1.0	3.8684210526315788	59.868421052631575
19430	54	Surveying and mapping (except geophysical) services	47	541370	103	47103	Lincoln County, Tennessee	no	3.3333333333333335	14.333333333333334	593.6666666666666
19431	54	Surveying and mapping (except geophysical) services	47	541370	103	47103	Lincoln County, Tennessee	yes	3.0	11.405675675675676	314.0672072072072
19432	54	Surveying and mapping (except geophysical) services	47	541370	107	47107	McMinn County, Tennessee	no	3.0	0.0	64.0
19433	54	Surveying and mapping (except geophysical) services	47	541370	107	47107	McMinn County, Tennessee	yes	1.6	6.285230828915039	123.78362467730888
19434	54	Surveying and mapping (except geophysical) services	47	541370	111	47111	Macon County, Tennessee	yes	1.0	3.937096929465351	84.16211088281263
19435	54	Surveying and mapping (except geophysical) services	47	541370	113	47113	Madison County, Tennessee	no	3.0	20.0	974.6666666666666
19436	54	Surveying and mapping (except geophysical) services	47	541370	115	47115	Marion County, Tennessee	no	3.0	5.0	62.0
19437	54	Surveying and mapping (except geophysical) services	47	541370	115	47115	Marion County, Tennessee	yes	2.0	8.31511961722488	133.9327290448343
19438	54	Surveying and mapping (except geophysical) services	47	541370	117	47117	Marshall County, Tennessee	yes	1.1666666666666667	4.581833771570614	94.14018105825123
19439	54	Surveying and mapping (except geophysical) services	47	541370	119	47119	Maury County, Tennessee	no	4.0	9.6	432.8
19440	54	Surveying and mapping (except geophysical) services	47	541370	119	47119	Maury County, Tennessee	yes	4.0	17.653333333333336	307.84000000000003
19441	54	Surveying and mapping (except geophysical) services	47	541370	121	47121	Meigs County, Tennessee	yes	1.0	3.937096929465351	84.16211088281263
19442	54	Surveying and mapping (except geophysical) services	47	541370	123	47123	Monroe County, Tennessee	yes	1.5	5.519153986522407	134.18615159018668
19443	54	Surveying and mapping (except geophysical) services	47	541370	125	47125	Montgomery County, Tennessee	no	3.0	26.333333333333332	1435.3333333333333
19444	54	Surveying and mapping (except geophysical) services	47	541370	127	47127	Moore County, Tennessee	yes	1.0	3.937096929465351	84.16211088281263
19445	54	Surveying and mapping (except geophysical) services	47	541370	129	47129	Morgan County, Tennessee	yes	1.0	4.7100797448165865	68.2761403508772
19446	54	Surveying and mapping (except geophysical) services	47	541370	131	47131	Obion County, Tennessee	yes	1.0	4.224516315358421	88.38712565196776
19447	54	Surveying and mapping (except geophysical) services	47	541370	133	47133	Overton County, Tennessee	yes	1.0	3.937096929465351	84.16211088281263
19448	54	Surveying and mapping (except geophysical) services	47	541370	137	47137	Pickett County, Tennessee	yes	1.0	3.937096929465351	84.16211088281263
19449	54	Surveying and mapping (except geophysical) services	47	541370	141	47141	Putnam County, Tennessee	no	5.5	14.75	651.25
19450	54	Surveying and mapping (except geophysical) services	47	541370	141	47141	Putnam County, Tennessee	yes	5.5	27.86121212121212	400.88
19451	54	Surveying and mapping (except geophysical) services	47	541370	143	47143	Rhea County, Tennessee	yes	1.0	3.937096929465351	84.16211088281263
19452	54	Surveying and mapping (except geophysical) services	47	541370	145	47145	Roane County, Tennessee	yes	1.1666666666666667	4.581833771570614	94.14018105825123
19453	54	Surveying and mapping (except geophysical) services	47	541370	147	47147	Robertson County, Tennessee	no	4.5	8.666666666666666	527.1666666666666
19454	54	Surveying and mapping (except geophysical) services	47	541370	149	47149	Rutherford County, Tennessee	no	4.0	31.333333333333332	1468.8333333333333
19455	54	Surveying and mapping (except geophysical) services	47	541370	153	47153	Sequatchie County, Tennessee	yes	1.0	3.937096929465351	84.16211088281263
19456	54	Surveying and mapping (except geophysical) services	47	541370	155	47155	Sevier County, Tennessee	no	3.0	4.0	204.0
19457	54	Surveying and mapping (except geophysical) services	47	541370	155	47155	Sevier County, Tennessee	yes	3.2	14.497141083667398	260.33193551446186
19458	54	Surveying and mapping (except geophysical) services	47	541370	157	47157	Shelby County, Tennessee	no	7.666666666666667	32.0	1495.1666666666667
19459	54	Surveying and mapping (except geophysical) services	47	541370	161	47161	Stewart County, Tennessee	yes	1.1666666666666667	4.353763596132017	94.6682837223188
19460	54	Surveying and mapping (except geophysical) services	47	541370	163	47163	Sullivan County, Tennessee	no	6.5	18.166666666666668	816.3333333333334
19461	54	Surveying and mapping (except geophysical) services	47	541370	165	47165	Sumner County, Tennessee	no	3.5	5.0	311.0
19462	54	Surveying and mapping (except geophysical) services	47	541370	165	47165	Sumner County, Tennessee	yes	2.0	7.637048364153627	186.96781412991942
19463	54	Surveying and mapping (except geophysical) services	47	541370	167	47167	Tipton County, Tennessee	yes	1.6666666666666667	6.493901461269883	145.51948492352003
19464	54	Surveying and mapping (except geophysical) services	47	541370	169	47169	Trousdale County, Tennessee	yes	1.0	3.937096929465351	84.16211088281263
19465	54	Surveying and mapping (except geophysical) services	47	541370	177	47177	Warren County, Tennessee	no	3.0	2.5	49.0
19466	54	Surveying and mapping (except geophysical) services	47	541370	177	47177	Warren County, Tennessee	yes	2.0	6.68038169748696	180.00633264843788
19467	54	Surveying and mapping (except geophysical) services	47	541370	179	47179	Washington County, Tennessee	no	6.5	9.166666666666666	264.3333333333333
19468	54	Surveying and mapping (except geophysical) services	47	541370	185	47185	White County, Tennessee	yes	1.0	3.937096929465351	84.16211088281263
19469	54	Surveying and mapping (except geophysical) services	47	541370	187	47187	Williamson County, Tennessee	no	10.5	21.0	925.5
19470	54	Surveying and mapping (except geophysical) services	47	541370	189	47189	Wilson County, Tennessee	no	5.833333333333333	13.333333333333334	668.1666666666666
19471	54	Tax preparation services	47	541213	1	47001	Anderson County, Tennessee	yes	2.0	9.87798015873016	118.11306349206349
19472	54	Tax preparation services	47	541213	3	47003	Bedford County, Tennessee	yes	2.5	10.271234126984126	148.03131746031744
19473	54	Tax preparation services	47	541213	5	47005	Benton County, Tennessee	yes	1.6666666666666667	7.695091269841271	98.46784126984129
19474	54	Tax preparation services	47	541213	9	47009	Blount County, Tennessee	no	10.333333333333334	68.66666666666667	787.5
19475	54	Tax preparation services	47	541213	11	47011	Bradley County, Tennessee	no	11.333333333333334	77.83333333333333	553.0
19476	54	Tax preparation services	47	541213	13	47013	Campbell County, Tennessee	yes	1.4	12.958159523809524	81.75162857142857
19477	54	Tax preparation services	47	541213	15	47015	Cannon County, Tennessee	yes	1.5	11.37167857142857	87.89244444444444
19478	54	Tax preparation services	47	541213	17	47017	Carroll County, Tennessee	yes	2.0	9.87798015873016	118.11306349206349
19479	54	Tax preparation services	47	541213	19	47019	Carter County, Tennessee	yes	5.666666666666667	36.3312619047619	333.5451428571428
19480	54	Tax preparation services	47	541213	21	47021	Cheatham County, Tennessee	no	5.0	18.0	155.0
19481	54	Tax preparation services	47	541213	21	47021	Cheatham County, Tennessee	yes	3.0	20.477827380952384	176.2625
19482	54	Tax preparation services	47	541213	23	47023	Chester County, Tennessee	yes	1.0	4.134151785714287	59.11696428571428
19483	54	Tax preparation services	47	541213	25	47025	Claiborne County, Tennessee	yes	1.5	8.153625000000002	88.5366746031746
19484	54	Tax preparation services	47	541213	27	47027	Clay County, Tennessee	yes	1.0	4.93899007936508	59.056531746031744
19485	54	Tax preparation services	47	541213	29	47029	Cocke County, Tennessee	no	3.3333333333333335	24.333333333333332	129.33333333333334
19486	54	Tax preparation services	47	541213	31	47031	Coffee County, Tennessee	no	4.6	28.2	290.2
19487	54	Tax preparation services	47	541213	31	47031	Coffee County, Tennessee	yes	3.0	42.53125	170.875
19488	54	Tax preparation services	47	541213	35	47035	Cumberland County, Tennessee	no	4.5	38.5	343.5
19489	54	Tax preparation services	47	541213	35	47035	Cumberland County, Tennessee	yes	2.5	-0.7938988095238066	148.88988095238096
19490	54	Tax preparation services	47	541213	37	47037	Davidson County, Tennessee	no	56.333333333333336	344.5	3943.0
19491	54	Tax preparation services	47	541213	39	47039	Decatur County, Tennessee	no	3.0	2.0	59.0
19492	54	Tax preparation services	47	541213	39	47039	Decatur County, Tennessee	yes	2.0	13.097333333333333	117.87133333333334
19493	54	Tax preparation services	47	541213	41	47041	DeKalb County, Tennessee	no	3.0	18.0	146.0
19494	54	Tax preparation services	47	541213	41	47041	DeKalb County, Tennessee	yes	2.25	9.81592261904762	132.9863095238095
19495	54	Tax preparation services	47	541213	43	47043	Dickson County, Tennessee	no	3.5	6.5	61.0
19496	54	Tax preparation services	47	541213	43	47043	Dickson County, Tennessee	yes	2.25	27.3086369047619	130.20054761904763
19497	54	Tax preparation services	47	541213	45	47045	Dyer County, Tennessee	yes	1.0	4.93899007936508	59.056531746031744
19498	54	Tax preparation services	47	541213	47	47047	Fayette County, Tennessee	yes	1.6666666666666667	10.516472222222223	98.02973015873016
19499	54	Tax preparation services	47	541213	49	47049	Fentress County, Tennessee	yes	1.0	4.93899007936508	59.056531746031744
19500	54	Tax preparation services	47	541213	51	47051	Franklin County, Tennessee	yes	1.0	2.28107380952381	59.45831428571429
19501	54	Tax preparation services	47	541213	53	47053	Gibson County, Tennessee	no	5.666666666666667	41.166666666666664	269.6666666666667
19502	54	Tax preparation services	47	541213	55	47055	Giles County, Tennessee	no	4.0	22.0	295.0
19503	54	Tax preparation services	47	541213	55	47055	Giles County, Tennessee	yes	2.0	25.730753968253968	115.3436507936508
19504	54	Tax preparation services	47	541213	57	47057	Grainger County, Tennessee	yes	2.0	36.45714285714286	114.0952380952381
19505	54	Tax preparation services	47	541213	59	47059	Greene County, Tennessee	yes	2.0	5.169646825396826	118.85353968253968
19506	54	Tax preparation services	47	541213	61	47061	Grundy County, Tennessee	yes	1.0	6.429269841269842	58.960285714285725
19507	54	Tax preparation services	47	541213	63	47063	Hamblen County, Tennessee	no	5.333333333333333	55.5	229.33333333333334
19508	54	Tax preparation services	47	541213	65	47065	Hamilton County, Tennessee	no	26.166666666666668	136.16666666666666	2156.6666666666665
19509	54	Tax preparation services	47	541213	67	47067	Hancock County, Tennessee	yes	1.0	6.429269841269842	58.960285714285725
19510	54	Tax preparation services	47	541213	69	47069	Hardeman County, Tennessee	no	3.25	2.5	31.75
19511	54	Tax preparation services	47	541213	69	47069	Hardeman County, Tennessee	yes	2.0	13.097333333333333	117.87133333333334
19512	54	Tax preparation services	47	541213	71	47071	Hardin County, Tennessee	no	3.0	0.0	130.0
19513	54	Tax preparation services	47	541213	71	47071	Hardin County, Tennessee	yes	1.5	23.29136904761905	85.48214285714286
19514	54	Tax preparation services	47	541213	73	47073	Hawkins County, Tennessee	yes	1.0	4.93899007936508	59.056531746031744
19515	54	Tax preparation services	47	541213	77	47077	Henderson County, Tennessee	yes	2.3333333333333335	8.56424007936508	138.18151587301585
19516	54	Tax preparation services	47	541213	79	47079	Henry County, Tennessee	yes	5.333333333333333	28.764791666666667	314.6255158730159
19517	54	Tax preparation services	47	541213	81	47081	Hickman County, Tennessee	yes	1.0	4.93899007936508	59.056531746031744
19518	54	Tax preparation services	47	541213	83	47083	Houston County, Tennessee	yes	1.0	2.3165952380952395	59.59283333333333
19519	54	Tax preparation services	47	541213	85	47085	Humphreys County, Tennessee	yes	1.0	4.134151785714287	59.11696428571428
19520	54	Tax preparation services	47	541213	89	47089	Jefferson County, Tennessee	no	3.0	16.0	149.0
19521	54	Tax preparation services	47	541213	89	47089	Jefferson County, Tennessee	yes	2.0	5.258779761904763	118.72440476190475
19522	54	Tax preparation services	47	541213	91	47091	Johnson County, Tennessee	yes	1.3333333333333333	3.625250000000001	79.12498412698412
19523	54	Tax preparation services	47	541213	93	47093	Knox County, Tennessee	no	34.666666666666664	323.8333333333333	2170.3333333333335
19524	54	Tax preparation services	47	541213	97	47097	Lauderdale County, Tennessee	yes	1.0	10.338692857142856	58.1773619047619
19525	54	Tax preparation services	47	541213	99	47099	Lawrence County, Tennessee	yes	2.0	9.87798015873016	118.11306349206349
19526	54	Tax preparation services	47	541213	101	47101	Lewis County, Tennessee	yes	1.0	4.134151785714287	59.11696428571428
19527	54	Tax preparation services	47	541213	103	47103	Lincoln County, Tennessee	no	3.25	6.75	59.0
19528	54	Tax preparation services	47	541213	103	47103	Lincoln County, Tennessee	yes	2.0	-7.8824404761904745	120.41071428571428
19529	54	Tax preparation services	47	541213	105	47105	Loudon County, Tennessee	no	3.0	27.333333333333332	281.0
19530	54	Tax preparation services	47	541213	105	47105	Loudon County, Tennessee	yes	2.0	12.858539682539684	117.92057142857145
19531	54	Tax preparation services	47	541213	107	47107	McMinn County, Tennessee	no	3.8	31.8	317.4
19532	54	Tax preparation services	47	541213	107	47107	McMinn County, Tennessee	yes	4.0	72.91428571428573	228.1904761904762
19533	54	Tax preparation services	47	541213	109	47109	McNairy County, Tennessee	no	3.0	12.0	95.0
19534	54	Tax preparation services	47	541213	109	47109	McNairy County, Tennessee	yes	1.6	18.057919047619045	92.78045714285714
19535	54	Tax preparation services	47	541213	111	47111	Macon County, Tennessee	no	3.0	2.0	28.0
19536	54	Tax preparation services	47	541213	111	47111	Macon County, Tennessee	yes	1.2	13.984407142857142	69.58688571428571
19537	54	Tax preparation services	47	541213	113	47113	Madison County, Tennessee	no	9.166666666666666	108.0	870.5
19538	54	Tax preparation services	47	541213	115	47115	Marion County, Tennessee	yes	1.5	11.37167857142857	87.89244444444444
19539	54	Tax preparation services	47	541213	117	47117	Marshall County, Tennessee	no	3.6666666666666665	17.666666666666668	87.66666666666667
19540	54	Tax preparation services	47	541213	117	47117	Marshall County, Tennessee	yes	3.0	31.325904761904763	174.9189523809524
19541	54	Tax preparation services	47	541213	119	47119	Maury County, Tennessee	yes	3.5	18.30888095238095	206.4682380952381
19542	54	Tax preparation services	47	541213	123	47123	Monroe County, Tennessee	yes	4.0	19.75596031746032	236.22612698412698
19543	54	Tax preparation services	47	541213	125	47125	Montgomery County, Tennessee	no	18.666666666666668	211.83333333333334	1509.8333333333333
19544	54	Tax preparation services	47	541213	131	47131	Obion County, Tennessee	no	3.0	14.0	61.0
19545	54	Tax preparation services	47	541213	131	47131	Obion County, Tennessee	yes	2.0	8.268303571428573	118.23392857142856
19546	54	Tax preparation services	47	541213	133	47133	Overton County, Tennessee	yes	1.8333333333333333	7.515132936507939	108.62000793650795
19547	54	Tax preparation services	47	541213	135	47135	Perry County, Tennessee	yes	1.6666666666666667	7.695091269841271	98.46784126984129
19548	54	Tax preparation services	47	541213	141	47141	Putnam County, Tennessee	no	3.0	5.0	133.0
19549	54	Tax preparation services	47	541213	141	47141	Putnam County, Tennessee	yes	2.75	7.8453125	163.0889880952381
19550	54	Tax preparation services	47	541213	143	47143	Rhea County, Tennessee	yes	1.3333333333333333	2.294148809523811	79.46684920634921
19551	54	Tax preparation services	47	541213	145	47145	Roane County, Tennessee	no	5.0	0.0	85.0
19552	54	Tax preparation services	47	541213	145	47145	Roane County, Tennessee	yes	4.6	12.981857142857143	273.20942857142853
19553	54	Tax preparation services	47	541213	147	47147	Robertson County, Tennessee	yes	1.0	-22.059523809523807	63.45238095238095
19554	54	Tax preparation services	47	541213	149	47149	Rutherford County, Tennessee	no	16.666666666666668	140.16666666666666	1370.8333333333333
19555	54	Tax preparation services	47	541213	153	47153	Sequatchie County, Tennessee	yes	1.0	4.93899007936508	59.056531746031744
19556	54	Tax preparation services	47	541213	155	47155	Sevier County, Tennessee	no	5.833333333333333	18.666666666666668	209.0
19557	54	Tax preparation services	47	541213	157	47157	Shelby County, Tennessee	no	106.33333333333333	403.6666666666667	4887.666666666667
19558	54	Tax preparation services	47	541213	163	47163	Sullivan County, Tennessee	no	14.0	122.66666666666667	719.8333333333334
19559	54	Tax preparation services	47	541213	165	47165	Sumner County, Tennessee	no	8.333333333333334	72.66666666666667	849.8333333333334
19560	54	Tax preparation services	47	541213	167	47167	Tipton County, Tennessee	no	5.166666666666667	29.5	243.66666666666666
19561	54	Tax preparation services	47	541213	169	47169	Trousdale County, Tennessee	yes	1.0	4.134151785714287	59.11696428571428
19562	54	Tax preparation services	47	541213	173	47173	Union County, Tennessee	yes	1.0	4.93899007936508	59.056531746031744
19563	54	Tax preparation services	47	541213	177	47177	Warren County, Tennessee	no	3.0	2.0	23.0
19564	54	Tax preparation services	47	541213	177	47177	Warren County, Tennessee	yes	3.0	14.066078571428571	177.1978
19565	54	Tax preparation services	47	541213	179	47179	Washington County, Tennessee	no	14.166666666666666	100.16666666666667	1029.3333333333333
19566	54	Tax preparation services	47	541213	181	47181	Wayne County, Tennessee	yes	1.25	5.681770833333335	73.86934523809524
19567	54	Tax preparation services	47	541213	183	47183	Weakley County, Tennessee	yes	1.0	4.134151785714287	59.11696428571428
19568	54	Tax preparation services	47	541213	187	47187	Williamson County, Tennessee	no	6.25	46.5	568.25
19569	54	Tax preparation services	47	541213	187	47187	Williamson County, Tennessee	yes	7.0	85.46666666666667	406.2
19570	54	Tax preparation services	47	541213	189	47189	Wilson County, Tennessee	no	10.5	89.66666666666667	872.1666666666666
19571	54	Testing laboratories	47	541380	1	47001	Anderson County, Tennessee	no	5.5	59.333333333333336	3176.1666666666665
19572	54	Testing laboratories	47	541380	7	47007	Bledsoe County, Tennessee	yes	1.0	21.48707438158135	1132.9185631080056
19573	54	Testing laboratories	47	541380	9	47009	Blount County, Tennessee	no	5.666666666666667	55.333333333333336	2087.6666666666665
19574	54	Testing laboratories	47	541380	9	47009	Blount County, Tennessee	yes	4.333333333333333	93.83769063180829	4321.0381263616555
19575	54	Testing laboratories	47	541380	11	47011	Bradley County, Tennessee	no	3.0	0.0	923.0
19576	54	Testing laboratories	47	541380	11	47011	Bradley County, Tennessee	yes	2.0	42.921919692265824	2336.322198518037
19577	54	Testing laboratories	47	541380	13	47013	Campbell County, Tennessee	yes	1.0	21.48707438158135	1132.9185631080056
19578	54	Testing laboratories	47	541380	21	47021	Cheatham County, Tennessee	yes	1.25	26.86182268606367	1393.0402962260173
19579	54	Testing laboratories	47	541380	25	47025	Claiborne County, Tennessee	yes	1.0	21.48707438158135	1132.9185631080056
19580	54	Testing laboratories	47	541380	31	47031	Coffee County, Tennessee	yes	1.0	20.281045751633986	965.2973856209151
19581	54	Testing laboratories	47	541380	37	47037	Davidson County, Tennessee	no	10.0	260.6666666666667	12241.166666666666
19582	54	Testing laboratories	47	541380	43	47043	Dickson County, Tennessee	yes	1.0	21.48707438158135	1132.9185631080056
19583	54	Testing laboratories	47	541380	45	47045	Dyer County, Tennessee	yes	1.0	20.281045751633986	965.2973856209151
19584	54	Testing laboratories	47	541380	51	47051	Franklin County, Tennessee	yes	1.0	21.99560036900873	1164.7244979518289
19585	54	Testing laboratories	47	541380	57	47057	Grainger County, Tennessee	yes	1.0	21.48707438158135	1132.9185631080056
19586	54	Testing laboratories	47	541380	65	47065	Hamilton County, Tennessee	no	11.0	90.83333333333333	5856.5
19587	54	Testing laboratories	47	541380	73	47073	Hawkins County, Tennessee	yes	1.0	20.281045751633986	965.2973856209151
19588	54	Testing laboratories	47	541380	75	47075	Haywood County, Tennessee	yes	1.0	21.48707438158135	1132.9185631080056
19589	54	Testing laboratories	47	541380	93	47093	Knox County, Tennessee	no	9.833333333333334	169.5	9162.333333333334
19590	54	Testing laboratories	47	541380	103	47103	Lincoln County, Tennessee	yes	1.0	21.48707438158135	1132.9185631080056
19591	54	Testing laboratories	47	541380	105	47105	Loudon County, Tennessee	yes	1.0	18.944444444444443	973.8888888888888
19592	54	Testing laboratories	47	541380	107	47107	McMinn County, Tennessee	yes	1.0	21.48707438158135	1132.9185631080056
19593	54	Testing laboratories	47	541380	113	47113	Madison County, Tennessee	yes	2.0	42.9741487631627	2265.8371262160113
19594	54	Testing laboratories	47	541380	117	47117	Marshall County, Tennessee	yes	1.0	21.99560036900873	1164.7244979518289
19595	54	Testing laboratories	47	541380	125	47125	Montgomery County, Tennessee	yes	1.0	21.502471203249844	1272.9231828608915
19596	54	Testing laboratories	47	541380	147	47147	Robertson County, Tennessee	yes	1.0	18.944444444444443	973.8888888888888
19597	54	Testing laboratories	47	541380	149	47149	Rutherford County, Tennessee	yes	4.0	85.9636943479939	4671.678872184909
19598	54	Testing laboratories	47	541380	155	47155	Sevier County, Tennessee	yes	2.0	42.9741487631627	2265.8371262160113
19599	54	Testing laboratories	47	541380	157	47157	Shelby County, Tennessee	no	14.833333333333334	285.1666666666667	14623.666666666666
19600	54	Testing laboratories	47	541380	159	47159	Smith County, Tennessee	yes	1.0	21.47167755991285	992.91394335512
19601	54	Testing laboratories	47	541380	163	47163	Sullivan County, Tennessee	yes	1.5	32.22291316153778	1629.3755347855658
19602	54	Testing laboratories	47	541380	167	47167	Tipton County, Tennessee	yes	1.0	21.49564228874574	1261.0299355816596
19603	54	Testing laboratories	47	541380	179	47179	Washington County, Tennessee	yes	2.0	42.9741487631627	2265.8371262160113
19604	54	Testing laboratories	47	541380	187	47187	Williamson County, Tennessee	no	4.833333333333333	31.0	2182.6666666666665
19605	54	Testing laboratories	47	541380	189	47189	Wilson County, Tennessee	yes	3.6666666666666665	78.78308343007681	4111.330940571469
19606	54	Title abstract and settlement offices	47	541191	1	47001	Anderson County, Tennessee	yes	1.0	6.008670951371088	122.99125298303356
19607	54	Title abstract and settlement offices	47	541191	3	47003	Bedford County, Tennessee	yes	2.0	12.017341902742176	245.98250596606712
19608	54	Title abstract and settlement offices	47	541191	9	47009	Blount County, Tennessee	no	5.5	28.0	2141.5
19609	54	Title abstract and settlement offices	47	541191	11	47011	Bradley County, Tennessee	no	5.0	25.166666666666668	1496.0
19610	54	Title abstract and settlement offices	47	541191	15	47015	Cannon County, Tennessee	yes	1.0	6.008670951371088	122.99125298303356
19611	54	Title abstract and settlement offices	47	541191	17	47017	Carroll County, Tennessee	yes	1.6666666666666667	10.667375504892716	179.47360139617467
19612	54	Title abstract and settlement offices	47	541191	19	47019	Carter County, Tennessee	yes	1.0	8.16826923076923	77.46121794871794
19613	54	Title abstract and settlement offices	47	541191	31	47031	Coffee County, Tennessee	yes	1.0	6.9880568302824395	84.72352261971164
19614	54	Title abstract and settlement offices	47	541191	35	47035	Cumberland County, Tennessee	no	5.0	10.833333333333334	458.1666666666667
19615	54	Title abstract and settlement offices	47	541191	37	47037	Davidson County, Tennessee	no	38.166666666666664	133.5	9847.0
19616	54	Title abstract and settlement offices	47	541191	43	47043	Dickson County, Tennessee	no	3.5	11.0	879.8333333333334
19617	54	Title abstract and settlement offices	47	541191	45	47045	Dyer County, Tennessee	yes	1.0	6.008670951371088	122.99125298303356
19618	54	Title abstract and settlement offices	47	541191	47	47047	Fayette County, Tennessee	yes	1.0	6.008670951371088	122.99125298303356
19619	54	Title abstract and settlement offices	47	541191	51	47051	Franklin County, Tennessee	yes	1.3333333333333333	9.495850438550578	146.62373161551218
19620	54	Title abstract and settlement offices	47	541191	55	47055	Giles County, Tennessee	yes	1.0	4.196402299476896	145.13447171970358
19621	54	Title abstract and settlement offices	47	541191	59	47059	Greene County, Tennessee	yes	1.5	10.198907036424247	163.23035815293142
19622	54	Title abstract and settlement offices	47	541191	63	47063	Hamblen County, Tennessee	no	3.0	16.0	851.0
19623	54	Title abstract and settlement offices	47	541191	63	47063	Hamblen County, Tennessee	yes	3.0	20.96417049084732	254.1705678591349
19624	54	Title abstract and settlement offices	47	541191	65	47065	Hamilton County, Tennessee	no	16.833333333333332	75.83333333333333	4403.5
19625	54	Title abstract and settlement offices	47	541191	79	47079	Henry County, Tennessee	yes	1.0	5.830229619863766	89.33221819380357
19626	54	Title abstract and settlement offices	47	541191	81	47081	Hickman County, Tennessee	yes	1.0	6.008670951371088	122.99125298303356
19627	54	Title abstract and settlement offices	47	541191	89	47089	Jefferson County, Tennessee	yes	1.0	6.008670951371088	122.99125298303356
19628	54	Title abstract and settlement offices	47	541191	91	47091	Johnson County, Tennessee	yes	1.0	6.008670951371088	122.99125298303356
19629	54	Title abstract and settlement offices	47	541191	93	47093	Knox County, Tennessee	no	25.0	98.5	7244.5
19630	54	Title abstract and settlement offices	47	541191	99	47099	Lawrence County, Tennessee	yes	1.0	6.008670951371088	122.99125298303356
19631	54	Title abstract and settlement offices	47	541191	105	47105	Loudon County, Tennessee	no	4.333333333333333	9.5	424.8333333333333
19632	54	Title abstract and settlement offices	47	541191	107	47107	McMinn County, Tennessee	no	3.0	12.0	597.0
19633	54	Title abstract and settlement offices	47	541191	107	47107	McMinn County, Tennessee	yes	2.0	13.29648595896629	256.19522337549677
19634	54	Title abstract and settlement offices	47	541191	111	47111	Macon County, Tennessee	yes	1.0	6.008670951371088	122.99125298303356
19635	54	Title abstract and settlement offices	47	541191	113	47113	Madison County, Tennessee	yes	1.3333333333333333	11.867651657285805	104.11068897227433
19636	54	Title abstract and settlement offices	47	541191	115	47115	Marion County, Tennessee	yes	1.0	6.008670951371088	122.99125298303356
19637	54	Title abstract and settlement offices	47	541191	117	47117	Marshall County, Tennessee	yes	1.0	6.008670951371088	122.99125298303356
19638	54	Title abstract and settlement offices	47	541191	119	47119	Maury County, Tennessee	yes	2.0	12.017341902742176	245.98250596606712
19639	54	Title abstract and settlement offices	47	541191	123	47123	Monroe County, Tennessee	yes	1.0	6.008670951371088	122.99125298303356
19640	54	Title abstract and settlement offices	47	541191	125	47125	Montgomery County, Tennessee	no	3.0	3.5	313.5
19641	54	Title abstract and settlement offices	47	541191	125	47125	Montgomery County, Tennessee	yes	2.25	12.058963135539159	313.1405897808705
19642	54	Title abstract and settlement offices	47	541191	131	47131	Obion County, Tennessee	yes	1.0	8.380472170106316	80.4782103397957
19643	54	Title abstract and settlement offices	47	541191	141	47141	Putnam County, Tennessee	yes	2.0	12.017341902742176	245.98250596606712
19644	54	Title abstract and settlement offices	47	541191	143	47143	Rhea County, Tennessee	yes	1.0	6.008670951371088	122.99125298303356
19645	54	Title abstract and settlement offices	47	541191	145	47145	Roane County, Tennessee	no	3.0	0.0	210.0
19646	54	Title abstract and settlement offices	47	541191	145	47145	Roane County, Tennessee	yes	2.0	10.236194898675228	266.8200328003062
19647	54	Title abstract and settlement offices	47	541191	147	47147	Robertson County, Tennessee	yes	2.0	12.017341902742176	245.98250596606712
19648	54	Title abstract and settlement offices	47	541191	149	47149	Rutherford County, Tennessee	no	16.166666666666668	41.0	2266.5
19649	54	Title abstract and settlement offices	47	541191	155	47155	Sevier County, Tennessee	no	9.166666666666666	43.5	2102.0
19650	54	Title abstract and settlement offices	47	541191	157	47157	Shelby County, Tennessee	no	32.666666666666664	191.33333333333334	9444.5
19651	54	Title abstract and settlement offices	47	541191	163	47163	Sullivan County, Tennessee	no	7.833333333333333	23.833333333333332	1294.1666666666667
19652	54	Title abstract and settlement offices	47	541191	165	47165	Sumner County, Tennessee	no	8.333333333333334	26.166666666666668	1919.1666666666667
19653	54	Title abstract and settlement offices	47	541191	177	47177	Warren County, Tennessee	yes	1.0	2.810810810810811	97.45945945945947
19654	54	Title abstract and settlement offices	47	541191	179	47179	Washington County, Tennessee	no	4.166666666666667	14.666666666666666	831.1666666666666
19655	54	Title abstract and settlement offices	47	541191	181	47181	Wayne County, Tennessee	yes	1.0	6.008670951371088	122.99125298303356
19656	54	Title abstract and settlement offices	47	541191	187	47187	Williamson County, Tennessee	no	25.166666666666668	173.0	10948.166666666666
19657	54	Title abstract and settlement offices	47	541191	189	47189	Wilson County, Tennessee	no	5.166666666666667	11.0	675.8333333333334
19658	54	Translation and interpretation services	47	541930	37	47037	Davidson County, Tennessee	no	4.333333333333333	42.333333333333336	1195.3333333333333
19659	54	Translation and interpretation services	47	541930	65	47065	Hamilton County, Tennessee	yes	2.3333333333333335	13.836363636363636	513.570461020461
19660	54	Translation and interpretation services	47	541930	89	47089	Jefferson County, Tennessee	yes	1.0	5.966666666666666	205.0022792022792
19661	54	Translation and interpretation services	47	541930	93	47093	Knox County, Tennessee	no	3.5	17.75	676.75
19662	54	Translation and interpretation services	47	541930	93	47093	Knox County, Tennessee	yes	2.0	12.0	440.60683760683764
19663	54	Translation and interpretation services	47	541930	149	47149	Rutherford County, Tennessee	no	3.0	43.0	1661.0
19664	54	Translation and interpretation services	47	541930	149	47149	Rutherford County, Tennessee	yes	3.0	18.76545454545455	715.2434965034965
19665	54	Translation and interpretation services	47	541930	155	47155	Sevier County, Tennessee	yes	1.3333333333333333	7.957070707070707	296.5213416213416
19666	54	Translation and interpretation services	47	541930	179	47179	Washington County, Tennessee	yes	1.6666666666666667	9.68080808080808	354.6260165760166
19667	54	Translation and interpretation services	47	541930	187	47187	Williamson County, Tennessee	yes	1.6666666666666667	10.108585858585858	386.66120176120177
19668	54	Translation and interpretation services	47	541930	189	47189	Wilson County, Tennessee	yes	1.0	5.791919191919192	229.09595959595958
19669	54	Veterinary services	47	541940	1	47001	Anderson County, Tennessee	no	10.0	77.0	2444.8333333333335
19670	54	Veterinary services	47	541940	3	47003	Bedford County, Tennessee	no	9.833333333333334	53.166666666666664	1530.3333333333333
19671	54	Veterinary services	47	541940	5	47005	Benton County, Tennessee	yes	1.3333333333333333	13.462305029729578	340.031213313305
19672	54	Veterinary services	47	541940	9	47009	Blount County, Tennessee	no	18.166666666666668	218.16666666666666	6202.166666666667
19673	54	Veterinary services	47	541940	11	47011	Bradley County, Tennessee	no	12.333333333333334	120.5	3085.0
19674	54	Veterinary services	47	541940	13	47013	Campbell County, Tennessee	yes	2.0	20.46013244751886	474.1320783679035
19675	54	Veterinary services	47	541940	15	47015	Cannon County, Tennessee	yes	2.0	20.46013244751886	474.1320783679035
19676	54	Veterinary services	47	541940	17	47017	Carroll County, Tennessee	yes	2.0	20.46013244751886	474.1320783679035
19677	54	Veterinary services	47	541940	19	47019	Carter County, Tennessee	no	5.666666666666667	41.833333333333336	1008.0
19678	54	Veterinary services	47	541940	21	47021	Cheatham County, Tennessee	no	3.1666666666666665	35.833333333333336	1404.1666666666667
19679	54	Veterinary services	47	541940	23	47023	Chester County, Tennessee	yes	1.1666666666666667	12.000506475331756	267.8018882405555
19680	54	Veterinary services	47	541940	25	47025	Claiborne County, Tennessee	no	4.833333333333333	23.833333333333332	970.5
19681	54	Veterinary services	47	541940	27	47027	Clay County, Tennessee	yes	1.25	13.172416802359596	253.6006219062221
19682	54	Veterinary services	47	541940	29	47029	Cocke County, Tennessee	no	3.3333333333333335	16.833333333333332	945.0
19683	54	Veterinary services	47	541940	31	47031	Coffee County, Tennessee	no	9.166666666666666	65.33333333333333	2038.3333333333333
19684	54	Veterinary services	47	541940	33	47033	Crockett County, Tennessee	no	3.3333333333333335	10.333333333333334	351.3333333333333
19685	54	Veterinary services	47	541940	33	47033	Crockett County, Tennessee	yes	2.3333333333333335	23.551596733314557	596.2757908570356
19686	54	Veterinary services	47	541940	35	47035	Cumberland County, Tennessee	no	7.0	39.833333333333336	1670.6666666666667
19687	54	Veterinary services	47	541940	37	47037	Davidson County, Tennessee	no	63.5	782.8333333333334	27856.333333333332
19688	54	Veterinary services	47	541940	39	47039	Decatur County, Tennessee	yes	2.0	20.46013244751886	474.1320783679035
19689	54	Veterinary services	47	541940	41	47041	DeKalb County, Tennessee	no	3.1666666666666665	14.5	379.5
19690	54	Veterinary services	47	541940	43	47043	Dickson County, Tennessee	no	5.333333333333333	49.833333333333336	1499.6666666666667
19691	54	Veterinary services	47	541940	45	47045	Dyer County, Tennessee	yes	2.0	20.46013244751886	474.1320783679035
19692	54	Veterinary services	47	541940	47	47047	Fayette County, Tennessee	no	6.666666666666667	31.0	991.6666666666666
19693	54	Veterinary services	47	541940	47	47047	Fayette County, Tennessee	yes	5.666666666666667	65.04465931824423	1109.107735456792
19694	54	Veterinary services	47	541940	49	47049	Fentress County, Tennessee	yes	2.0	20.46013244751886	474.1320783679035
19695	54	Veterinary services	47	541940	51	47051	Franklin County, Tennessee	no	3.1666666666666665	31.333333333333332	1221.8333333333333
19696	54	Veterinary services	47	541940	53	47053	Gibson County, Tennessee	no	5.0	27.833333333333332	605.5
19697	54	Veterinary services	47	541940	55	47055	Giles County, Tennessee	no	5.166666666666667	39.333333333333336	797.6666666666666
19698	54	Veterinary services	47	541940	57	47057	Grainger County, Tennessee	yes	2.0	20.46013244751886	474.1320783679035
19699	54	Veterinary services	47	541940	59	47059	Greene County, Tennessee	no	9.333333333333334	75.0	2016.8333333333333
19700	54	Veterinary services	47	541940	63	47063	Hamblen County, Tennessee	no	6.666666666666667	56.666666666666664	1680.8333333333333
19701	54	Veterinary services	47	541940	65	47065	Hamilton County, Tennessee	no	36.333333333333336	529.5	17019.333333333332
19702	54	Veterinary services	47	541940	69	47069	Hardeman County, Tennessee	yes	1.0	10.23006622375943	237.06603918395174
19703	54	Veterinary services	47	541940	71	47071	Hardin County, Tennessee	yes	2.0	20.46013244751886	474.1320783679035
19704	54	Veterinary services	47	541940	73	47073	Hawkins County, Tennessee	no	4.0	29.166666666666668	690.8333333333334
19705	54	Veterinary services	47	541940	75	47075	Haywood County, Tennessee	yes	2.0	20.46013244751886	474.1320783679035
19706	54	Veterinary services	47	541940	77	47077	Henderson County, Tennessee	no	3.0	9.0	397.6666666666667
19707	54	Veterinary services	47	541940	79	47079	Henry County, Tennessee	no	3.0	35.5	1049.0
19708	54	Veterinary services	47	541940	81	47081	Hickman County, Tennessee	yes	1.0	10.23006622375943	237.06603918395174
19709	54	Veterinary services	47	541940	83	47083	Houston County, Tennessee	yes	1.0	10.23006622375943	237.06603918395174
19710	54	Veterinary services	47	541940	85	47085	Humphreys County, Tennessee	no	3.0	19.8	719.8
19711	54	Veterinary services	47	541940	85	47085	Humphreys County, Tennessee	yes	2.0	21.405405405405407	419.59459459459464
19712	54	Veterinary services	47	541940	89	47089	Jefferson County, Tennessee	no	8.333333333333334	67.83333333333333	2235.3333333333335
19713	54	Veterinary services	47	541940	93	47093	Knox County, Tennessee	no	54.166666666666664	659.1666666666666	20423.166666666668
19714	54	Veterinary services	47	541940	97	47097	Lauderdale County, Tennessee	yes	1.5	14.742446873701212	375.87873104380145
19715	54	Veterinary services	47	541940	99	47099	Lawrence County, Tennessee	no	5.0	29.166666666666668	458.6666666666667
19716	54	Veterinary services	47	541940	101	47101	Lewis County, Tennessee	no	3.0	17.75	458.25
19717	54	Veterinary services	47	541940	101	47101	Lewis County, Tennessee	yes	2.5	30.17385654885655	502.75883575883574
19718	54	Veterinary services	47	541940	103	47103	Lincoln County, Tennessee	no	3.8333333333333335	39.666666666666664	1556.5
19719	54	Veterinary services	47	541940	105	47105	Loudon County, Tennessee	no	5.666666666666667	48.166666666666664	1280.1666666666667
19720	54	Veterinary services	47	541940	107	47107	McMinn County, Tennessee	no	5.5	44.0	1020.3333333333334
19721	54	Veterinary services	47	541940	109	47109	McNairy County, Tennessee	no	3.0	15.8	461.0
19722	54	Veterinary services	47	541940	109	47109	McNairy County, Tennessee	yes	2.0	15.361702127659575	430.17021276595744
19723	54	Veterinary services	47	541940	111	47111	Macon County, Tennessee	no	3.5	12.0	298.5
19724	54	Veterinary services	47	541940	113	47113	Madison County, Tennessee	no	12.666666666666666	82.0	2996.3333333333335
19725	54	Veterinary services	47	541940	115	47115	Marion County, Tennessee	no	3.0	4.0	180.83333333333334
19726	54	Veterinary services	47	541940	117	47117	Marshall County, Tennessee	no	5.333333333333333	47.666666666666664	1092.3333333333333
19727	54	Veterinary services	47	541940	119	47119	Maury County, Tennessee	no	10.166666666666666	90.16666666666667	2843.1666666666665
19728	54	Veterinary services	47	541940	123	47123	Monroe County, Tennessee	no	5.333333333333333	51.5	1189.8333333333333
19729	54	Veterinary services	47	541940	125	47125	Montgomery County, Tennessee	no	14.166666666666666	201.33333333333334	7189.666666666667
19730	54	Veterinary services	47	541940	127	47127	Moore County, Tennessee	yes	1.1666666666666667	12.013850007543214	272.03225540016797
19731	54	Veterinary services	47	541940	129	47129	Morgan County, Tennessee	yes	1.0	9.024761299883561	277.62538371969936
19732	54	Veterinary services	47	541940	131	47131	Obion County, Tennessee	yes	1.1666666666666667	12.013850007543214	272.03225540016797
19733	54	Veterinary services	47	541940	133	47133	Overton County, Tennessee	yes	2.0	20.46013244751886	474.1320783679035
19734	54	Veterinary services	47	541940	135	47135	Perry County, Tennessee	yes	1.0	9.696716417910448	308.8955223880597
19735	54	Veterinary services	47	541940	139	47139	Polk County, Tennessee	yes	1.0	10.23006622375943	237.06603918395174
19736	54	Veterinary services	47	541940	141	47141	Putnam County, Tennessee	no	5.0	53.166666666666664	1667.5
19737	54	Veterinary services	47	541940	143	47143	Rhea County, Tennessee	no	3.5	29.0	863.25
19738	54	Veterinary services	47	541940	143	47143	Rhea County, Tennessee	yes	2.5	29.03482328482329	510.00363825363826
19739	54	Veterinary services	47	541940	145	47145	Roane County, Tennessee	no	5.166666666666667	39.333333333333336	901.5
19740	54	Veterinary services	47	541940	147	47147	Robertson County, Tennessee	no	3.3333333333333335	28.833333333333332	2028.5
19741	54	Veterinary services	47	541940	149	47149	Rutherford County, Tennessee	no	22.833333333333332	275.0	9489.5
19742	54	Veterinary services	47	541940	151	47151	Scott County, Tennessee	yes	2.0	20.46013244751886	474.1320783679035
19743	54	Veterinary services	47	541940	153	47153	Sequatchie County, Tennessee	yes	1.0	10.23006622375943	237.06603918395174
19744	54	Veterinary services	47	541940	155	47155	Sevier County, Tennessee	no	8.666666666666666	97.5	2667.3333333333335
19745	54	Veterinary services	47	541940	157	47157	Shelby County, Tennessee	no	73.83333333333333	1170.5	45071.833333333336
19746	54	Veterinary services	47	541940	159	47159	Smith County, Tennessee	yes	2.0	20.46013244751886	474.1320783679035
19747	54	Veterinary services	47	541940	161	47161	Stewart County, Tennessee	yes	2.0	20.46013244751886	474.1320783679035
19748	54	Veterinary services	47	541940	163	47163	Sullivan County, Tennessee	no	17.333333333333332	218.83333333333334	7322.0
19749	54	Veterinary services	47	541940	165	47165	Sumner County, Tennessee	no	15.5	167.66666666666666	5283.5
19750	54	Veterinary services	47	541940	167	47167	Tipton County, Tennessee	no	3.0	23.75	728.5
19751	54	Veterinary services	47	541940	167	47167	Tipton County, Tennessee	yes	2.0	19.393432835820896	617.7910447761194
19752	54	Veterinary services	47	541940	169	47169	Trousdale County, Tennessee	yes	1.0	10.23006622375943	237.06603918395174
19753	54	Veterinary services	47	541940	171	47171	Unicoi County, Tennessee	yes	1.0	10.23006622375943	237.06603918395174
19754	54	Veterinary services	47	541940	173	47173	Union County, Tennessee	yes	1.0	10.23006622375943	237.06603918395174
19755	54	Veterinary services	47	541940	177	47177	Warren County, Tennessee	no	6.166666666666667	23.0	592.6666666666666
19756	54	Veterinary services	47	541940	179	47179	Washington County, Tennessee	no	11.333333333333334	166.66666666666666	4512.0
19757	54	Veterinary services	47	541940	181	47181	Wayne County, Tennessee	yes	1.0	10.23006622375943	237.06603918395174
19758	54	Veterinary services	47	541940	183	47183	Weakley County, Tennessee	no	3.1666666666666665	20.166666666666668	618.5
19759	54	Veterinary services	47	541940	185	47185	White County, Tennessee	no	3.0	10.0	153.0
19760	54	Veterinary services	47	541940	185	47185	White County, Tennessee	yes	2.0	19.35985124471494	490.83541711840724
19761	54	Veterinary services	47	541940	187	47187	Williamson County, Tennessee	no	28.666666666666668	367.3333333333333	12092.0
19762	54	Veterinary services	47	541940	189	47189	Wilson County, Tennessee	no	15.2	159.2	8267.4
19763	54	Veterinary services	47	541940	189	47189	Wilson County, Tennessee	yes	16.0	171.24324324324326	3356.756756756757
19764	55	Corporate, subsidiary, and regional managing offices	47	551114	1	47001	Anderson County, Tennessee	no	11.666666666666666	706.3333333333334	40894.0
19765	55	Corporate, subsidiary, and regional managing offices	47	551114	1	47001	Anderson County, Tennessee	yes	9.333333333333334	562.9551194057459	36073.703667357884
19766	55	Corporate, subsidiary, and regional managing offices	47	551114	3	47003	Bedford County, Tennessee	yes	1.0	61.9986385699174	4485.008220271265
19767	55	Corporate, subsidiary, and regional managing offices	47	551114	9	47009	Blount County, Tennessee	no	23.0	758.0	69195.66666666667
19768	55	Corporate, subsidiary, and regional managing offices	47	551114	9	47009	Blount County, Tennessee	yes	25.666666666666668	1537.85241975525	98928.08214609073
19769	55	Corporate, subsidiary, and regional managing offices	47	551114	11	47011	Bradley County, Tennessee	no	26.666666666666668	1609.8333333333333	132135.33333333334
19770	55	Corporate, subsidiary, and regional managing offices	47	551114	13	47013	Campbell County, Tennessee	no	3.3333333333333335	24.0	1155.5
19771	55	Corporate, subsidiary, and regional managing offices	47	551114	17	47017	Carroll County, Tennessee	yes	1.0	61.9986385699174	4485.008220271265
19772	55	Corporate, subsidiary, and regional managing offices	47	551114	19	47019	Carter County, Tennessee	yes	1.3333333333333333	82.51899137053584	6311.875554588504
19773	55	Corporate, subsidiary, and regional managing offices	47	551114	21	47021	Cheatham County, Tennessee	yes	2.8333333333333335	178.15640953691272	12874.523426245893
19774	55	Corporate, subsidiary, and regional managing offices	47	551114	25	47025	Claiborne County, Tennessee	no	5.0	164.75	6556.5
19775	55	Corporate, subsidiary, and regional managing offices	47	551114	25	47025	Claiborne County, Tennessee	yes	3.0	155.2238723872387	10782.441804180417
19776	55	Corporate, subsidiary, and regional managing offices	47	551114	27	47027	Clay County, Tennessee	yes	1.0	61.9986385699174	4485.008220271265
19777	55	Corporate, subsidiary, and regional managing offices	47	551114	29	47029	Cocke County, Tennessee	no	3.0	99.83333333333333	5392.333333333333
19778	55	Corporate, subsidiary, and regional managing offices	47	551114	31	47031	Coffee County, Tennessee	no	4.833333333333333	106.66666666666667	4292.5
19779	55	Corporate, subsidiary, and regional managing offices	47	551114	35	47035	Cumberland County, Tennessee	yes	1.8333333333333333	116.15777096699527	8389.515205974629
19780	55	Corporate, subsidiary, and regional managing offices	47	551114	37	47037	Davidson County, Tennessee	no	220.83333333333334	20142.5	2199124.1666666665
19781	55	Corporate, subsidiary, and regional managing offices	47	551114	39	47039	Decatur County, Tennessee	yes	2.0	123.9972771398348	8970.01644054253
19782	55	Corporate, subsidiary, and regional managing offices	47	551114	41	47041	DeKalb County, Tennessee	yes	1.0	61.9986385699174	4485.008220271265
19783	55	Corporate, subsidiary, and regional managing offices	47	551114	43	47043	Dickson County, Tennessee	yes	1.3333333333333333	82.51899137053584	6311.875554588504
19784	55	Corporate, subsidiary, and regional managing offices	47	551114	45	47045	Dyer County, Tennessee	yes	1.0	59.247923806024765	4511.480660785695
19785	55	Corporate, subsidiary, and regional managing offices	47	551114	47	47047	Fayette County, Tennessee	yes	3.6666666666666665	230.80293524396973	17262.90888853117
19786	55	Corporate, subsidiary, and regional managing offices	47	551114	49	47049	Fentress County, Tennessee	yes	1.0	67.12731245700297	4930.438696376828
19787	55	Corporate, subsidiary, and regional managing offices	47	551114	51	47051	Franklin County, Tennessee	yes	1.0	60.471382156916754	4500.428911944566
19788	55	Corporate, subsidiary, and regional managing offices	47	551114	53	47053	Gibson County, Tennessee	yes	3.3333333333333335	210.28258244335123	15436.041554213929
19789	55	Corporate, subsidiary, and regional managing offices	47	551114	55	47055	Giles County, Tennessee	yes	1.8333333333333333	119.37554893948278	8497.408354139003
19790	55	Corporate, subsidiary, and regional managing offices	47	551114	59	47059	Greene County, Tennessee	no	9.8	184.4	22818.8
19791	55	Corporate, subsidiary, and regional managing offices	47	551114	59	47059	Greene County, Tennessee	yes	11.0	517.4074074074075	38313.08148148149
19792	55	Corporate, subsidiary, and regional managing offices	47	551114	61	47061	Grundy County, Tennessee	yes	1.0	47.03703703703704	3483.0074074074078
19793	55	Corporate, subsidiary, and regional managing offices	47	551114	63	47063	Hamblen County, Tennessee	no	10.0	558.0	40286.666666666664
19794	55	Corporate, subsidiary, and regional managing offices	47	551114	63	47063	Hamblen County, Tennessee	yes	7.666666666666667	428.3960503197695	36025.16490266358
19795	55	Corporate, subsidiary, and regional managing offices	47	551114	65	47065	Hamilton County, Tennessee	no	60.833333333333336	3169.1666666666665	189701.83333333334
19796	55	Corporate, subsidiary, and regional managing offices	47	551114	69	47069	Hardeman County, Tennessee	yes	1.0	47.03703703703704	3483.0074074074078
19797	55	Corporate, subsidiary, and regional managing offices	47	551114	71	47071	Hardin County, Tennessee	yes	2.6666666666666665	163.96295621911287	12112.035803078465
19798	55	Corporate, subsidiary, and regional managing offices	47	551114	73	47073	Hawkins County, Tennessee	yes	2.5	152.35713611329274	11377.385009427671
19799	55	Corporate, subsidiary, and regional managing offices	47	551114	75	47075	Haywood County, Tennessee	yes	2.1666666666666665	131.83678331267427	9550.517675110432
19800	55	Corporate, subsidiary, and regional managing offices	47	551114	77	47077	Henderson County, Tennessee	yes	1.0	47.03703703703704	3483.0074074074078
19801	55	Corporate, subsidiary, and regional managing offices	47	551114	79	47079	Henry County, Tennessee	yes	1.0	61.9986385699174	4485.008220271265
19802	55	Corporate, subsidiary, and regional managing offices	47	551114	93	47093	Knox County, Tennessee	no	96.5	6735.333333333333	601173.1666666666
19803	55	Corporate, subsidiary, and regional managing offices	47	551114	95	47095	Lake County, Tennessee	yes	1.0	47.03703703703704	3483.0074074074078
19804	55	Corporate, subsidiary, and regional managing offices	47	551114	99	47099	Lawrence County, Tennessee	no	6.166666666666667	35.833333333333336	2807.8333333333335
19805	55	Corporate, subsidiary, and regional managing offices	47	551114	103	47103	Lincoln County, Tennessee	yes	1.0	61.9986385699174	4485.008220271265
19806	55	Corporate, subsidiary, and regional managing offices	47	551114	105	47105	Loudon County, Tennessee	yes	2.5	153.86974280331359	10893.506532845762
19807	55	Corporate, subsidiary, and regional managing offices	47	551114	107	47107	McMinn County, Tennessee	no	4.0	167.0	8335.0
19808	55	Corporate, subsidiary, and regional managing offices	47	551114	107	47107	McMinn County, Tennessee	yes	4.6	277.7324874238416	20309.903758542143
19809	55	Corporate, subsidiary, and regional managing offices	47	551114	109	47109	McNairy County, Tennessee	yes	2.0	123.12211680371072	10961.204005903437
19810	55	Corporate, subsidiary, and regional managing offices	47	551114	111	47111	Macon County, Tennessee	yes	1.4	89.61538223723561	6877.649184024724
19811	55	Corporate, subsidiary, and regional managing offices	47	551114	113	47113	Madison County, Tennessee	no	17.0	520.6666666666666	34196.666666666664
19812	55	Corporate, subsidiary, and regional managing offices	47	551114	115	47115	Marion County, Tennessee	yes	2.1666666666666665	133.40486789891068	9587.56429532801
19813	55	Corporate, subsidiary, and regional managing offices	47	551114	117	47117	Marshall County, Tennessee	no	3.0	59.0	1566.0
19814	55	Corporate, subsidiary, and regional managing offices	47	551114	117	47117	Marshall County, Tennessee	yes	2.2	136.0932067917096	9871.387027428955
19815	55	Corporate, subsidiary, and regional managing offices	47	551114	119	47119	Maury County, Tennessee	no	9.0	136.66666666666666	9832.166666666666
19816	55	Corporate, subsidiary, and regional managing offices	47	551114	123	47123	Monroe County, Tennessee	yes	1.6666666666666667	106.75018020791937	7771.9673511891515
19817	55	Corporate, subsidiary, and regional managing offices	47	551114	125	47125	Montgomery County, Tennessee	no	13.0	410.8333333333333	16746.333333333332
19818	55	Corporate, subsidiary, and regional managing offices	47	551114	129	47129	Morgan County, Tennessee	yes	1.0	64.99095887649347	4685.408382844036
19819	55	Corporate, subsidiary, and regional managing offices	47	551114	131	47131	Obion County, Tennessee	no	4.833333333333333	104.5	8883.666666666666
19820	55	Corporate, subsidiary, and regional managing offices	47	551114	141	47141	Putnam County, Tennessee	no	11.0	1215.0	53432.0
19821	55	Corporate, subsidiary, and regional managing offices	47	551114	141	47141	Putnam County, Tennessee	yes	11.2	709.4854205319011	53171.22626027097
19822	55	Corporate, subsidiary, and regional managing offices	47	551114	145	47145	Roane County, Tennessee	yes	3.0	188.24962295271192	14093.052696478597
19823	55	Corporate, subsidiary, and regional managing offices	47	551114	147	47147	Robertson County, Tennessee	no	6.0	91.16666666666667	9524.0
19824	55	Corporate, subsidiary, and regional managing offices	47	551114	149	47149	Rutherford County, Tennessee	no	32.5	2162.6666666666665	162880.83333333334
19825	55	Corporate, subsidiary, and regional managing offices	47	551114	151	47151	Scott County, Tennessee	yes	1.0	61.9986385699174	4485.008220271265
19826	55	Corporate, subsidiary, and regional managing offices	47	551114	155	47155	Sevier County, Tennessee	no	11.5	113.0	7784.333333333333
19827	55	Corporate, subsidiary, and regional managing offices	47	551114	157	47157	Shelby County, Tennessee	no	486.5	25656.666666666668	3395377.1666666665
19828	55	Corporate, subsidiary, and regional managing offices	47	551114	163	47163	Sullivan County, Tennessee	no	22.666666666666668	1202.8333333333333	71008.33333333333
19829	55	Corporate, subsidiary, and regional managing offices	47	551114	165	47165	Sumner County, Tennessee	no	17.0	231.5	18085.5
19830	55	Corporate, subsidiary, and regional managing offices	47	551114	167	47167	Tipton County, Tennessee	no	3.0	4.0	325.0
19831	55	Corporate, subsidiary, and regional managing offices	47	551114	167	47167	Tipton County, Tennessee	yes	3.0	177.4862394283066	12746.704841877068
19832	55	Corporate, subsidiary, and regional managing offices	47	551114	171	47171	Unicoi County, Tennessee	yes	1.6666666666666667	103.47692433921634	7143.149106225291
19833	55	Corporate, subsidiary, and regional managing offices	47	551114	177	47177	Warren County, Tennessee	no	3.0	57.0	2194.0
19834	55	Corporate, subsidiary, and regional managing offices	47	551114	177	47177	Warren County, Tennessee	yes	3.75	224.2821906189776	14629.459472675037
19835	55	Corporate, subsidiary, and regional managing offices	47	551114	179	47179	Washington County, Tennessee	no	16.0	469.5	30113.0
19836	55	Corporate, subsidiary, and regional managing offices	47	551114	185	47185	White County, Tennessee	yes	1.0	61.56105840185536	5480.6020029517185
19837	55	Corporate, subsidiary, and regional managing offices	47	551114	187	47187	Williamson County, Tennessee	no	145.0	11588.166666666666	1300594.3333333333
19838	55	Corporate, subsidiary, and regional managing offices	47	551114	189	47189	Wilson County, Tennessee	no	10.0	1017.3333333333334	121908.0
19839	55	Corporate, subsidiary, and regional managing offices	47	551114	189	47189	Wilson County, Tennessee	yes	6.666666666666667	392.9637818255769	25477.979286345548
19840	55	Offices of bank holding companies	47	551111	17	47017	Carroll County, Tennessee	yes	1.0	5.773908651734739	493.9302272727273
19841	55	Offices of bank holding companies	47	551111	19	47019	Carter County, Tennessee	yes	1.0	5.8565151515151515	520.3953409090909
19842	55	Offices of bank holding companies	47	551111	25	47025	Claiborne County, Tennessee	yes	1.0	5.773908651734739	493.9302272727273
19843	55	Offices of bank holding companies	47	551111	37	47037	Davidson County, Tennessee	yes	1.0	5.496706192358366	477.7121212121212
19844	55	Offices of bank holding companies	47	551111	57	47057	Grainger County, Tennessee	yes	1.0	5.773908651734739	493.9302272727273
19845	55	Offices of bank holding companies	47	551111	63	47063	Hamblen County, Tennessee	yes	1.0	6.051111111111111	510.1483333333333
19846	55	Offices of bank holding companies	47	551111	65	47065	Hamilton County, Tennessee	yes	2.0	11.547817303469477	987.8604545454546
19847	55	Offices of bank holding companies	47	551111	71	47071	Hardin County, Tennessee	yes	1.0	6.051111111111111	510.1483333333333
19848	55	Offices of bank holding companies	47	551111	79	47079	Henry County, Tennessee	yes	1.0	5.773908651734739	493.9302272727273
19849	55	Offices of bank holding companies	47	551111	93	47093	Knox County, Tennessee	yes	1.0	5.833333333333333	486.125
19850	55	Offices of bank holding companies	47	551111	97	47097	Lauderdale County, Tennessee	yes	1.0	5.773908651734739	493.9302272727273
19851	55	Offices of bank holding companies	47	551111	115	47115	Marion County, Tennessee	yes	1.0	5.773908651734739	493.9302272727273
19852	55	Offices of bank holding companies	47	551111	119	47119	Maury County, Tennessee	yes	1.8333333333333333	10.575595081247256	906.8396212121212
19853	55	Offices of bank holding companies	47	551111	141	47141	Putnam County, Tennessee	yes	1.0	5.773908651734739	493.9302272727273
19854	55	Offices of bank holding companies	47	551111	153	47153	Sequatchie County, Tennessee	yes	1.0	5.773908651734739	493.9302272727273
19855	55	Offices of bank holding companies	47	551111	155	47155	Sevier County, Tennessee	yes	1.0	5.773908651734739	493.9302272727273
19856	55	Offices of bank holding companies	47	551111	157	47157	Shelby County, Tennessee	yes	1.6666666666666667	9.569029424681599	802.7977272727272
19857	55	Offices of bank holding companies	47	551111	163	47163	Sullivan County, Tennessee	yes	1.6666666666666667	9.696807202459377	814.9835606060606
19858	55	Offices of bank holding companies	47	551111	165	47165	Sumner County, Tennessee	yes	1.0	5.773908651734739	493.9302272727273
19859	55	Offices of bank holding companies	47	551111	169	47169	Trousdale County, Tennessee	yes	1.0	5.773908651734739	493.9302272727273
19860	55	Offices of bank holding companies	47	551111	171	47171	Unicoi County, Tennessee	yes	1.0	5.772529644268775	498.09409090909094
19861	55	Offices of bank holding companies	47	551111	179	47179	Washington County, Tennessee	yes	1.0	6.051111111111111	510.1483333333333
19862	55	Offices of bank holding companies	47	551111	187	47187	Williamson County, Tennessee	yes	2.0	11.547817303469477	987.8604545454546
19863	55	Offices of other holding companies	47	551112	1	47001	Anderson County, Tennessee	yes	1.5	23.602469834087483	2156.6021203905966
19864	55	Offices of other holding companies	47	551112	9	47009	Blount County, Tennessee	yes	1.0	27.083333333333332	980.9583333333333
19865	55	Offices of other holding companies	47	551112	11	47011	Bradley County, Tennessee	yes	1.0	11.544871794871796	1267.5537135278514
19866	55	Offices of other holding companies	47	551112	19	47019	Carter County, Tennessee	yes	1.0	27.083333333333332	980.9583333333333
19867	55	Offices of other holding companies	47	551112	25	47025	Claiborne County, Tennessee	yes	1.0	24.115196078431374	1778.09681372549
19868	55	Offices of other holding companies	47	551112	31	47031	Coffee County, Tennessee	yes	1.6666666666666667	21.05982905982906	2000.3469803559758
19869	55	Offices of other holding companies	47	551112	37	47037	Davidson County, Tennessee	no	18.833333333333332	255.0	16378.166666666666
19870	55	Offices of other holding companies	47	551112	43	47043	Dickson County, Tennessee	yes	1.0	11.544871794871796	1267.5537135278514
19871	55	Offices of other holding companies	47	551112	45	47045	Dyer County, Tennessee	yes	1.0	17.0	930.8260869565217
19872	55	Offices of other holding companies	47	551112	47	47047	Fayette County, Tennessee	yes	1.0	24.115196078431374	1778.09681372549
19873	55	Offices of other holding companies	47	551112	51	47051	Franklin County, Tennessee	yes	1.0	13.822435897435897	1229.6583785030562
19874	55	Offices of other holding companies	47	551112	53	47053	Gibson County, Tennessee	yes	1.0	17.253355957767724	1412.4711902438676
19875	55	Offices of other holding companies	47	551112	59	47059	Greene County, Tennessee	yes	1.0	27.083333333333332	980.9583333333333
19876	55	Offices of other holding companies	47	551112	63	47063	Hamblen County, Tennessee	yes	1.0	21.143464052287584	1669.6312091503266
19877	55	Offices of other holding companies	47	551112	65	47065	Hamilton County, Tennessee	no	3.0	30.666666666666668	911.6666666666666
19878	55	Offices of other holding companies	47	551112	65	47065	Hamilton County, Tennessee	yes	1.6666666666666667	28.515686274509804	2447.42915601023
19879	55	Offices of other holding companies	47	551112	71	47071	Hardin County, Tennessee	yes	1.5	23.934979889391656	1990.126775912572
19880	55	Offices of other holding companies	47	551112	81	47081	Hickman County, Tennessee	yes	1.0	17.253355957767724	1412.4711902438676
19881	55	Offices of other holding companies	47	551112	93	47093	Knox County, Tennessee	no	4.333333333333333	13.0	2736.8333333333335
19882	55	Offices of other holding companies	47	551112	99	47099	Lawrence County, Tennessee	yes	1.25	23.907598039215685	1848.1049286018756
19883	55	Offices of other holding companies	47	551112	113	47113	Madison County, Tennessee	yes	2.1666666666666665	39.02060080442433	2988.4354360432903
19884	55	Offices of other holding companies	47	551112	117	47117	Marshall County, Tennessee	yes	1.1666666666666667	21.76724484665661	1575.964245799423
19885	55	Offices of other holding companies	47	551112	119	47119	Maury County, Tennessee	yes	1.0	21.147058823529413	2575.235294117647
19886	55	Offices of other holding companies	47	551112	123	47123	Monroe County, Tennessee	yes	1.0	24.115196078431374	1778.09681372549
19887	55	Offices of other holding companies	47	551112	125	47125	Montgomery County, Tennessee	yes	1.0	15.2873604826546	1498.7737616259742
19888	55	Offices of other holding companies	47	551112	141	47141	Putnam County, Tennessee	yes	1.0	12.763247863247862	1329.269142351901
19889	55	Offices of other holding companies	47	551112	145	47145	Roane County, Tennessee	yes	1.0	17.253355957767724	1412.4711902438676
19890	55	Offices of other holding companies	47	551112	149	47149	Rutherford County, Tennessee	yes	1.8333333333333333	29.30164655605832	2387.3811237386585
19891	55	Offices of other holding companies	47	551112	155	47155	Sevier County, Tennessee	yes	1.0	17.253355957767724	1412.4711902438676
19892	55	Offices of other holding companies	47	551112	157	47157	Shelby County, Tennessee	no	16.666666666666668	202.66666666666666	62008.833333333336
19893	55	Offices of other holding companies	47	551112	163	47163	Sullivan County, Tennessee	yes	2.3333333333333335	36.14544997486174	2998.6556404866947
19894	55	Offices of other holding companies	47	551112	165	47165	Sumner County, Tennessee	yes	1.0	13.363247863247864	1155.3111713374083
19895	55	Offices of other holding companies	47	551112	167	47167	Tipton County, Tennessee	yes	1.0	21.147058823529413	2575.235294117647
19896	55	Offices of other holding companies	47	551112	179	47179	Washington County, Tennessee	yes	1.0	16.724358974358974	1172.0219201296788
19897	55	Offices of other holding companies	47	551112	183	47183	Weakley County, Tennessee	yes	1.0	20.107598039215688	1484.9299286018754
19898	55	Offices of other holding companies	47	551112	187	47187	Williamson County, Tennessee	no	8.75	134.5	21062.0
19899	55	Offices of other holding companies	47	551112	187	47187	Williamson County, Tennessee	yes	11.5	213.45588235294116	24002.529411764706
19900	56	All other business support services	47	561499	1	47001	Anderson County, Tennessee	yes	2.0	11.47786919895777	318.29217070394975
19901	56	All other business support services	47	561499	9	47009	Blount County, Tennessee	no	4.0	22.0	1355.0
19902	56	All other business support services	47	561499	9	47009	Blount County, Tennessee	yes	2.5	44.44536182107439	1483.569616173781
19903	56	All other business support services	47	561499	11	47011	Bradley County, Tennessee	yes	1.0	12.851595036192693	397.7452705048572
19904	56	All other business support services	47	561499	19	47019	Carter County, Tennessee	yes	1.0	12.851595036192693	397.7452705048572
19905	56	All other business support services	47	561499	37	47037	Davidson County, Tennessee	no	9.0	47.25	2584.0
19906	56	All other business support services	47	561499	37	47037	Davidson County, Tennessee	yes	6.5	-2.239601848560256	-349.1638819765375
19907	56	All other business support services	47	561499	59	47059	Greene County, Tennessee	yes	1.0	19.44598480455566	624.9949646505196
19908	56	All other business support services	47	561499	65	47065	Hamilton County, Tennessee	no	5.0	9.5	450.0
19909	56	All other business support services	47	561499	65	47065	Hamilton County, Tennessee	yes	4.0	77.78393921822264	2499.9798586020784
19910	56	All other business support services	47	561499	93	47093	Knox County, Tennessee	no	7.0	140.0	8292.0
19911	56	All other business support services	47	561499	93	47093	Knox County, Tennessee	yes	8.25	175.59635609155157	5610.840009239448
19912	56	All other business support services	47	561499	105	47105	Loudon County, Tennessee	no	3.0	6.0	225.0
19913	56	All other business support services	47	561499	105	47105	Loudon County, Tennessee	yes	2.0	10.769599923392894	410.40525595901613
19914	56	All other business support services	47	561499	107	47107	McMinn County, Tennessee	yes	1.0	12.851595036192693	397.7452705048572
19915	56	All other business support services	47	561499	109	47109	McNairy County, Tennessee	yes	1.0	12.851595036192693	397.7452705048572
19916	56	All other business support services	47	561499	119	47119	Maury County, Tennessee	yes	2.0	25.703190072385386	795.4905410097144
19917	56	All other business support services	47	561499	123	47123	Monroe County, Tennessee	yes	1.0	12.851595036192693	397.7452705048572
19918	56	All other business support services	47	561499	149	47149	Rutherford County, Tennessee	yes	2.3333333333333335	29.405451547027436	951.2103322582092
19919	56	All other business support services	47	561499	157	47157	Shelby County, Tennessee	yes	62.833333333333336	825.0397132566383	26010.554205192147
19920	56	All other business support services	47	561499	165	47165	Sumner County, Tennessee	yes	1.6666666666666667	12.124502232517761	341.98040642815823
19921	56	All other business support services	47	561499	173	47173	Union County, Tennessee	yes	1.0	27.07691590962031	874.943640810622
19922	56	All other business support services	47	561499	179	47179	Washington County, Tennessee	yes	1.0	12.851595036192693	397.7452705048572
19923	56	All other business support services	47	561499	187	47187	Williamson County, Tennessee	no	3.0	10.0	338.0
19924	56	All other business support services	47	561499	187	47187	Williamson County, Tennessee	yes	3.75	15.12410550716315	556.0180590878437
19925	56	All other business support services	47	561499	189	47189	Wilson County, Tennessee	yes	1.0	-0.24137931034482757	-96.22988505747126
19926	56	All other miscellaneous waste management services	47	562998	1	47001	Anderson County, Tennessee	yes	1.0	0.0	258.90909090909093
19927	56	All other miscellaneous waste management services	47	562998	9	47009	Blount County, Tennessee	yes	1.0	6.550000000000001	286.26666666666665
19928	56	All other miscellaneous waste management services	47	562998	37	47037	Davidson County, Tennessee	no	3.25	23.5	1400.25
19929	56	All other miscellaneous waste management services	47	562998	37	47037	Davidson County, Tennessee	yes	2.0	13.100000000000001	572.5333333333333
19930	56	All other miscellaneous waste management services	47	562998	45	47045	Dyer County, Tennessee	yes	1.0	8.64423076923077	296.6225961538462
19931	56	All other miscellaneous waste management services	47	562998	53	47053	Gibson County, Tennessee	yes	1.0	8.64423076923077	296.6225961538462
19932	56	All other miscellaneous waste management services	47	562998	55	47055	Giles County, Tennessee	yes	1.0	3.25	279.6212121212121
19933	56	All other miscellaneous waste management services	47	562998	59	47059	Greene County, Tennessee	yes	1.0	6.842521367521368	289.97571386946385
19934	56	All other miscellaneous waste management services	47	562998	65	47065	Hamilton County, Tennessee	yes	1.0	6.550000000000001	286.26666666666665
19935	56	All other miscellaneous waste management services	47	562998	93	47093	Knox County, Tennessee	yes	1.6666666666666667	13.279487179487178	493.9054681429682
19936	56	All other miscellaneous waste management services	47	562998	123	47123	Monroe County, Tennessee	yes	1.0	9.318376068376068	302.80395299145295
19937	56	All other miscellaneous waste management services	47	562998	147	47147	Robertson County, Tennessee	yes	1.0	6.842521367521368	289.97571386946385
19938	56	All other miscellaneous waste management services	47	562998	157	47157	Shelby County, Tennessee	yes	1.0	6.842521367521368	289.97571386946385
19939	56	All other miscellaneous waste management services	47	562998	163	47163	Sullivan County, Tennessee	yes	2.5	17.24423076923077	729.1382527195028
19940	56	All other miscellaneous waste management services	47	562998	177	47177	Warren County, Tennessee	yes	1.0	0.0	258.90909090909093
19941	56	All other miscellaneous waste management services	47	562998	179	47179	Washington County, Tennessee	yes	1.0	9.318376068376068	302.80395299145295
19942	56	All other miscellaneous waste management services	47	562998	187	47187	Williamson County, Tennessee	yes	1.0	6.842521367521368	289.97571386946385
19943	56	All other support services	47	561990	1	47001	Anderson County, Tennessee	no	3.0	7.0	870.6666666666666
19944	56	All other support services	47	561990	1	47001	Anderson County, Tennessee	yes	2.0	24.724215883536512	965.371566654831
19945	56	All other support services	47	561990	5	47005	Benton County, Tennessee	yes	1.0	13.990800330702266	537.6755402181985
19946	56	All other support services	47	561990	9	47009	Blount County, Tennessee	no	3.5	143.0	5524.0
19947	56	All other support services	47	561990	9	47009	Blount County, Tennessee	yes	3.0	45.14753508976986	1813.3755949657966
19948	56	All other support services	47	561990	11	47011	Bradley County, Tennessee	yes	1.0	14.566103253985577	597.6992196904097
19949	56	All other support services	47	561990	15	47015	Cannon County, Tennessee	yes	1.0	13.990800330702266	537.6755402181985
19950	56	All other support services	47	561990	17	47017	Carroll County, Tennessee	yes	1.0	13.990800330702266	537.6755402181985
19951	56	All other support services	47	561990	19	47019	Carter County, Tennessee	yes	1.0	14.620887703673018	658.5990273750346
19952	56	All other support services	47	561990	21	47021	Cheatham County, Tennessee	yes	1.0	13.990800330702266	537.6755402181985
19953	56	All other support services	47	561990	23	47023	Chester County, Tennessee	yes	1.0	13.990800330702266	537.6755402181985
19954	56	All other support services	47	561990	25	47025	Claiborne County, Tennessee	yes	1.0	13.990800330702266	537.6755402181985
19955	56	All other support services	47	561990	29	47029	Cocke County, Tennessee	yes	1.0	13.990800330702266	537.6755402181985
19956	56	All other support services	47	561990	35	47035	Cumberland County, Tennessee	yes	1.3333333333333333	17.94881508590012	672.3787259995534
19957	56	All other support services	47	561990	37	47037	Davidson County, Tennessee	no	29.333333333333332	569.1666666666666	25101.833333333332
19958	56	All other support services	47	561990	43	47043	Dickson County, Tennessee	yes	1.0	13.990800330702266	537.6755402181985
19959	56	All other support services	47	561990	45	47045	Dyer County, Tennessee	yes	1.5	21.800546690520406	834.0081887726892
19960	56	All other support services	47	561990	55	47055	Giles County, Tennessee	yes	1.0	13.990800330702266	537.6755402181985
19961	56	All other support services	47	561990	59	47059	Greene County, Tennessee	yes	1.0	13.990800330702266	537.6755402181985
19962	56	All other support services	47	561990	63	47063	Hamblen County, Tennessee	no	3.0	63.0	689.6666666666666
19963	56	All other support services	47	561990	63	47063	Hamblen County, Tennessee	yes	3.0	37.08632382530477	1448.0573499822465
19964	56	All other support services	47	561990	65	47065	Hamilton County, Tennessee	no	15.666666666666666	161.0	4924.666666666667
19965	56	All other support services	47	561990	71	47071	Hardin County, Tennessee	yes	1.0	13.990800330702266	537.6755402181985
19966	56	All other support services	47	561990	77	47077	Henderson County, Tennessee	yes	1.0	13.990800330702266	537.6755402181985
19967	56	All other support services	47	561990	79	47079	Henry County, Tennessee	yes	1.0	13.990800330702266	537.6755402181985
19968	56	All other support services	47	561990	81	47081	Hickman County, Tennessee	yes	1.3333333333333333	17.94881508590012	672.3787259995534
19969	56	All other support services	47	561990	85	47085	Humphreys County, Tennessee	yes	1.0	13.990800330702266	537.6755402181985
19970	56	All other support services	47	561990	93	47093	Knox County, Tennessee	no	15.166666666666666	248.16666666666666	11251.0
19971	56	All other support services	47	561990	97	47097	Lauderdale County, Tennessee	yes	1.0	13.990800330702266	537.6755402181985
19972	56	All other support services	47	561990	99	47099	Lawrence County, Tennessee	yes	1.0	13.990800330702266	537.6755402181985
19973	56	All other support services	47	561990	105	47105	Loudon County, Tennessee	yes	2.5	34.66195714027029	1283.727106967078
19974	56	All other support services	47	561990	107	47107	McMinn County, Tennessee	yes	1.3333333333333333	17.94881508590012	672.3787259995534
19975	56	All other support services	47	561990	109	47109	McNairy County, Tennessee	yes	1.0	13.990800330702266	537.6755402181985
19976	56	All other support services	47	561990	111	47111	Macon County, Tennessee	yes	1.0	14.483926579454415	506.34950816347225
19977	56	All other support services	47	561990	113	47113	Madison County, Tennessee	no	6.0	25.25	549.75
19978	56	All other support services	47	561990	113	47113	Madison County, Tennessee	yes	4.5	53.0533199195171	1735.216800804829
19979	56	All other support services	47	561990	119	47119	Maury County, Tennessee	no	3.0	19.25	455.75
19980	56	All other support services	47	561990	119	47119	Maury County, Tennessee	yes	3.5	41.93903420523139	1497.6596579476864
19981	56	All other support services	47	561990	123	47123	Monroe County, Tennessee	yes	1.0	13.744237206326192	553.3385562455617
19982	56	All other support services	47	561990	125	47125	Montgomery County, Tennessee	no	6.0	117.0	2543.0
19983	56	All other support services	47	561990	125	47125	Montgomery County, Tennessee	yes	6.0	86.9591458097918	3023.329551276131
19984	56	All other support services	47	561990	129	47129	Morgan County, Tennessee	yes	1.0	13.990800330702266	537.6755402181985
19985	56	All other support services	47	561990	131	47131	Obion County, Tennessee	yes	1.0	13.990800330702266	537.6755402181985
19986	56	All other support services	47	561990	133	47133	Overton County, Tennessee	yes	1.0	13.990800330702266	537.6755402181985
19987	56	All other support services	47	561990	135	47135	Perry County, Tennessee	yes	1.0	13.744237206326192	553.3385562455617
19988	56	All other support services	47	561990	139	47139	Polk County, Tennessee	yes	1.0	14.566103253985577	597.6992196904097
19989	56	All other support services	47	561990	141	47141	Putnam County, Tennessee	yes	2.0	27.98160066140453	1075.351080436397
19990	56	All other support services	47	561990	143	47143	Rhea County, Tennessee	yes	1.0	13.990800330702266	537.6755402181985
19991	56	All other support services	47	561990	145	47145	Roane County, Tennessee	yes	1.0	13.990800330702266	537.6755402181985
19992	56	All other support services	47	561990	149	47149	Rutherford County, Tennessee	yes	4.0	55.96320132280906	2150.702160872794
19993	56	All other support services	47	561990	151	47151	Scott County, Tennessee	yes	1.0	11.874044265593561	404.1095573440644
19994	56	All other support services	47	561990	155	47155	Sevier County, Tennessee	yes	1.1666666666666667	16.972571164035596	665.2250193848653
19995	56	All other support services	47	561990	157	47157	Shelby County, Tennessee	no	28.166666666666668	414.0	14130.333333333334
19996	56	All other support services	47	561990	159	47159	Smith County, Tennessee	yes	1.0	13.990800330702266	537.6755402181985
19997	56	All other support services	47	561990	163	47163	Sullivan County, Tennessee	no	4.0	48.0	1582.5
19998	56	All other support services	47	561990	163	47163	Sullivan County, Tennessee	yes	1.75	25.05285483384485	1084.3372081258537
19999	56	All other support services	47	561990	165	47165	Sumner County, Tennessee	yes	2.6666666666666665	36.76759094308719	1378.8374356055756
20000	56	All other support services	47	561990	177	47177	Warren County, Tennessee	yes	1.0	14.566103253985577	597.6992196904097
20001	56	All other support services	47	561990	179	47179	Washington County, Tennessee	yes	2.1666666666666665	29.833981613785486	1114.9439375792542
20002	56	All other support services	47	561990	187	47187	Williamson County, Tennessee	no	6.0	190.66666666666666	14599.666666666666
20003	56	All other support services	47	561990	187	47187	Williamson County, Tennessee	yes	6.666666666666667	96.38267225904445	4355.0942332919085
20004	56	All other support services	47	561990	189	47189	Wilson County, Tennessee	no	3.25	77.0	2104.5
20005	56	All other support services	47	561990	189	47189	Wilson County, Tennessee	yes	2.5	31.121638655462185	1197.3144957983195
20006	56	All other travel arrangement and reservation services	47	561599	9	47009	Blount County, Tennessee	yes	1.3333333333333333	11.248081841432224	521.1338448422847
20007	56	All other travel arrangement and reservation services	47	561599	37	47037	Davidson County, Tennessee	no	11.0	147.4	6998.8
20008	56	All other travel arrangement and reservation services	47	561599	37	47037	Davidson County, Tennessee	yes	8.0	-20.869565217391305	-1162.4347826086955
20009	56	All other travel arrangement and reservation services	47	561599	65	47065	Hamilton County, Tennessee	no	3.0	13.0	662.0
20010	56	All other travel arrangement and reservation services	47	561599	65	47065	Hamilton County, Tennessee	yes	2.5	10.234654731457802	787.1772013153087
20011	56	All other travel arrangement and reservation services	47	561599	93	47093	Knox County, Tennessee	yes	2.5	16.417623013530942	863.6862588959776
20012	56	All other travel arrangement and reservation services	47	561599	119	47119	Maury County, Tennessee	yes	1.0	6.269419306184012	413.84205990088344
20013	56	All other travel arrangement and reservation services	47	561599	125	47125	Montgomery County, Tennessee	yes	1.0	9.021657157846416	292.6735359695718
20014	56	All other travel arrangement and reservation services	47	561599	143	47143	Rhea County, Tennessee	yes	1.5	7.820889894419306	648.3315556992027
20015	56	All other travel arrangement and reservation services	47	561599	149	47149	Rutherford County, Tennessee	yes	2.3333333333333335	13.389861630270838	807.9426145039956
20016	56	All other travel arrangement and reservation services	47	561599	155	47155	Sevier County, Tennessee	no	5.166666666666667	80.16666666666667	3629.0
20017	56	All other travel arrangement and reservation services	47	561599	157	47157	Shelby County, Tennessee	no	3.3333333333333335	0.0	1766.6666666666667
20018	56	All other travel arrangement and reservation services	47	561599	157	47157	Shelby County, Tennessee	yes	2.0	18.91452991452991	762.5592185592186
20019	56	All other travel arrangement and reservation services	47	561599	163	47163	Sullivan County, Tennessee	yes	1.8333333333333333	14.532286270137933	727.1014336615359
20020	56	All other travel arrangement and reservation services	47	561599	165	47165	Sumner County, Tennessee	yes	1.0	7.04875183072114	351.4420211785941
20021	56	All other travel arrangement and reservation services	47	561599	179	47179	Washington County, Tennessee	yes	1.0	4.640238704177324	321.6044330775789
20022	56	All other travel arrangement and reservation services	47	561599	187	47187	Williamson County, Tennessee	no	3.75	12.5	1142.75
20023	56	All other travel arrangement and reservation services	47	561599	187	47187	Williamson County, Tennessee	yes	2.5	27.126598465473148	752.5780051150896
20024	56	All other travel arrangement and reservation services	47	561599	189	47189	Wilson County, Tennessee	yes	1.0	19.823529411764707	598.5882352941177
20025	56	Armored car services	47	561613	37	47037	Davidson County, Tennessee	no	7.0	238.5	7756.333333333333
20026	56	Armored car services	47	561613	65	47065	Hamilton County, Tennessee	yes	3.0	14.001923076923076	685.3615384615383
20027	56	Armored car services	47	561613	93	47093	Knox County, Tennessee	yes	3.0	14.001923076923076	685.3615384615383
20028	56	Armored car services	47	561613	113	47113	Madison County, Tennessee	yes	1.0	4.667307692307691	228.45384615384614
20029	56	Armored car services	47	561613	157	47157	Shelby County, Tennessee	no	5.0	192.66666666666666	7658.333333333333
20030	56	Armored car services	47	561613	157	47157	Shelby County, Tennessee	yes	5.0	-91.41025641025642	-2793.4615384615386
20031	56	Armored car services	47	561613	163	47163	Sullivan County, Tennessee	yes	1.0	4.667307692307691	228.45384615384614
20032	56	Carpet and upholstery cleaning services	47	561740	1	47001	Anderson County, Tennessee	no	3.0	6.0	118.0
20033	56	Carpet and upholstery cleaning services	47	561740	1	47001	Anderson County, Tennessee	yes	2.2	11.886559478447666	267.0824759414247
20034	56	Carpet and upholstery cleaning services	47	561740	3	47003	Bedford County, Tennessee	yes	1.0	4.281439247089021	112.16741529974287
20035	56	Carpet and upholstery cleaning services	47	561740	9	47009	Blount County, Tennessee	yes	1.0	5.873464823336934	126.56485278047167
20036	56	Carpet and upholstery cleaning services	47	561740	11	47011	Bradley County, Tennessee	yes	1.3333333333333333	7.448394973197234	170.69680604437818
20037	56	Carpet and upholstery cleaning services	47	561740	19	47019	Carter County, Tennessee	yes	2.0	11.746929646673868	253.12970556094334
20038	56	Carpet and upholstery cleaning services	47	561740	23	47023	Chester County, Tennessee	yes	1.0	5.873464823336934	126.56485278047167
20039	56	Carpet and upholstery cleaning services	47	561740	31	47031	Coffee County, Tennessee	no	3.0	8.0	132.33333333333334
20040	56	Carpet and upholstery cleaning services	47	561740	31	47031	Coffee County, Tennessee	yes	3.0	22.39647119875454	422.8868707836014
20041	56	Carpet and upholstery cleaning services	47	561740	37	47037	Davidson County, Tennessee	no	21.5	140.66666666666666	5380.0
20042	56	Carpet and upholstery cleaning services	47	561740	41	47041	DeKalb County, Tennessee	yes	1.0	4.724790449580899	132.39585979171957
20043	56	Carpet and upholstery cleaning services	47	561740	43	47043	Dickson County, Tennessee	yes	1.0	5.873464823336934	126.56485278047167
20044	56	Carpet and upholstery cleaning services	47	561740	45	47045	Dyer County, Tennessee	yes	1.0	5.873464823336934	126.56485278047167
20045	56	Carpet and upholstery cleaning services	47	561740	47	47047	Fayette County, Tennessee	no	3.0	0.0	111.0
20046	56	Carpet and upholstery cleaning services	47	561740	47	47047	Fayette County, Tennessee	yes	1.2	7.1176959301942535	148.75275846889608
20047	56	Carpet and upholstery cleaning services	47	561740	53	47053	Gibson County, Tennessee	yes	1.2	6.405153936913178	138.47358713630928
20048	56	Carpet and upholstery cleaning services	47	561740	59	47059	Greene County, Tennessee	yes	1.8333333333333333	10.737788970497776	220.94950668300172
20049	56	Carpet and upholstery cleaning services	47	561740	63	47063	Hamblen County, Tennessee	yes	1.0	5.873464823336934	126.56485278047167
20050	56	Carpet and upholstery cleaning services	47	561740	65	47065	Hamilton County, Tennessee	no	5.25	31.25	781.0
20051	56	Carpet and upholstery cleaning services	47	561740	65	47065	Hamilton County, Tennessee	yes	4.0	18.899161798323597	529.5834391668783
20052	56	Carpet and upholstery cleaning services	47	561740	73	47073	Hawkins County, Tennessee	yes	1.0	5.873464823336934	126.56485278047167
20053	56	Carpet and upholstery cleaning services	47	561740	93	47093	Knox County, Tennessee	no	9.0	49.166666666666664	1954.5
20054	56	Carpet and upholstery cleaning services	47	561740	97	47097	Lauderdale County, Tennessee	yes	1.0	4.724790449580899	132.39585979171957
20055	56	Carpet and upholstery cleaning services	47	561740	103	47103	Lincoln County, Tennessee	yes	1.3333333333333333	7.540880313281306	161.6385583859488
20056	56	Carpet and upholstery cleaning services	47	561740	109	47109	McNairy County, Tennessee	yes	1.0	7.465490399584847	140.96229026120048
20057	56	Carpet and upholstery cleaning services	47	561740	113	47113	Madison County, Tennessee	no	3.0	8.0	157.0
20058	56	Carpet and upholstery cleaning services	47	561740	113	47113	Madison County, Tennessee	yes	2.0	11.536971157785485	224.96413500669163
20059	56	Carpet and upholstery cleaning services	47	561740	119	47119	Maury County, Tennessee	no	3.0	2.0	76.0
20060	56	Carpet and upholstery cleaning services	47	561740	119	47119	Maury County, Tennessee	yes	2.0	12.895604020429902	247.29869854969547
20061	56	Carpet and upholstery cleaning services	47	561740	125	47125	Montgomery County, Tennessee	no	6.0	16.5	520.1666666666666
20062	56	Carpet and upholstery cleaning services	47	561740	141	47141	Putnam County, Tennessee	yes	1.3333333333333333	7.5988287651062505	159.0343376628905
20063	56	Carpet and upholstery cleaning services	47	561740	143	47143	Rhea County, Tennessee	yes	1.0	6.447802010214951	123.64934927484774
20064	56	Carpet and upholstery cleaning services	47	561740	145	47145	Roane County, Tennessee	yes	1.0	5.873464823336934	126.56485278047167
20065	56	Carpet and upholstery cleaning services	47	561740	147	47147	Robertson County, Tennessee	no	3.0	7.0	112.0
20066	56	Carpet and upholstery cleaning services	47	561740	147	47147	Robertson County, Tennessee	yes	2.0	11.452413136984251	248.26296374630274
20067	56	Carpet and upholstery cleaning services	47	561740	149	47149	Rutherford County, Tennessee	no	5.5	8.166666666666666	399.5
20068	56	Carpet and upholstery cleaning services	47	561740	155	47155	Sevier County, Tennessee	yes	2.3333333333333335	13.784263835805232	291.9229233615424
20069	56	Carpet and upholstery cleaning services	47	561740	157	47157	Shelby County, Tennessee	no	26.833333333333332	228.5	5482.333333333333
20070	56	Carpet and upholstery cleaning services	47	561740	163	47163	Sullivan County, Tennessee	no	4.0	8.4	139.8
20071	56	Carpet and upholstery cleaning services	47	561740	163	47163	Sullivan County, Tennessee	yes	2.0	17.658536585365855	322.0975609756098
20072	56	Carpet and upholstery cleaning services	47	561740	165	47165	Sumner County, Tennessee	no	5.333333333333333	30.333333333333332	995.8333333333334
20073	56	Carpet and upholstery cleaning services	47	561740	167	47167	Tipton County, Tennessee	yes	1.8333333333333333	11.10770766968477	224.66901887812367
20074	56	Carpet and upholstery cleaning services	47	561740	171	47171	Unicoi County, Tennessee	yes	1.0	6.112002567394095	116.37965340179719
20075	56	Carpet and upholstery cleaning services	47	561740	179	47179	Washington County, Tennessee	yes	1.5	10.088479501816295	200.28489880643488
20076	56	Carpet and upholstery cleaning services	47	561740	183	47183	Weakley County, Tennessee	yes	1.0	5.4690092358908124	129.29936752072084
20077	56	Carpet and upholstery cleaning services	47	561740	187	47187	Williamson County, Tennessee	no	4.333333333333333	64.66666666666667	442.3333333333333
20078	56	Carpet and upholstery cleaning services	47	561740	187	47187	Williamson County, Tennessee	yes	7.0	51.634492302369836	974.0885659920428
20079	56	Carpet and upholstery cleaning services	47	561740	189	47189	Wilson County, Tennessee	no	4.5	11.5	389.0
20080	56	Carpet and upholstery cleaning services	47	561740	189	47189	Wilson County, Tennessee	yes	2.0	13.567202906071614	261.8380902957966
20081	56	Collection agencies	47	561440	9	47009	Blount County, Tennessee	yes	1.3333333333333333	86.97833667722107	3496.1813097165027
20082	56	Collection agencies	47	561440	11	47011	Bradley County, Tennessee	yes	2.0	130.2447997160979	5268.089198953701
20083	56	Collection agencies	47	561440	37	47037	Davidson County, Tennessee	no	7.666666666666667	452.5	27676.333333333332
20084	56	Collection agencies	47	561440	45	47045	Dyer County, Tennessee	yes	1.0	63.295138248611885	2570.741899215276
20085	56	Collection agencies	47	561440	51	47051	Franklin County, Tennessee	yes	1.25	80.15543236625894	3218.1830756858644
20086	56	Collection agencies	47	561440	59	47059	Greene County, Tennessee	yes	1.0	65.12239985804895	2634.0445994768506
20087	56	Collection agencies	47	561440	63	47063	Hamblen County, Tennessee	yes	2.0	130.2447997160979	5268.089198953701
20088	56	Collection agencies	47	561440	65	47065	Hamilton County, Tennessee	yes	6.166666666666667	400.7256845513437	16233.658664399232
20089	56	Collection agencies	47	561440	79	47079	Henry County, Tennessee	yes	1.5	97.15148915955204	3942.588852350414
20090	56	Collection agencies	47	561440	93	47093	Knox County, Tennessee	no	8.333333333333334	1347.0	32361.833333333332
20091	56	Collection agencies	47	561440	113	47113	Madison County, Tennessee	yes	1.0	65.12239985804895	2634.0445994768506
20092	56	Collection agencies	47	561440	119	47119	Maury County, Tennessee	yes	1.1666666666666667	74.22584813391101	3022.3721856837474
20093	56	Collection agencies	47	561440	125	47125	Montgomery County, Tennessee	yes	1.0	65.12239985804895	2634.0445994768506
20094	56	Collection agencies	47	561440	131	47131	Obion County, Tennessee	yes	1.0	65.12239985804895	2634.0445994768506
20095	56	Collection agencies	47	561440	141	47141	Putnam County, Tennessee	yes	1.0	67.44117647058823	2589.7647058823527
20096	56	Collection agencies	47	561440	149	47149	Rutherford County, Tennessee	yes	1.0	65.12239985804895	2634.0445994768506
20097	56	Collection agencies	47	561440	157	47157	Shelby County, Tennessee	no	18.0	568.5	22180.0
20098	56	Collection agencies	47	561440	163	47163	Sullivan County, Tennessee	yes	2.0	130.2447997160979	5268.089198953701
20099	56	Collection agencies	47	561440	165	47165	Sumner County, Tennessee	yes	2.0	130.2447997160979	5268.089198953701
20100	56	Collection agencies	47	561440	179	47179	Washington County, Tennessee	yes	2.0	130.2447997160979	5268.089198953701
20101	56	Collection agencies	47	561440	187	47187	Williamson County, Tennessee	no	6.0	1089.0	49551.333333333336
20102	56	Collection agencies	47	561440	187	47187	Williamson County, Tennessee	yes	5.666666666666667	374.63933452168743	15042.749257278667
20103	56	Collection agencies	47	561440	189	47189	Wilson County, Tennessee	yes	1.0	65.12239985804895	2634.0445994768506
20104	56	Convention and trade show organizers	47	561920	37	47037	Davidson County, Tennessee	no	20.833333333333332	618.3333333333334	13468.833333333334
20105	56	Convention and trade show organizers	47	561920	65	47065	Hamilton County, Tennessee	yes	3.1666666666666665	86.55396917896917	2500.2903846153845
20106	56	Convention and trade show organizers	47	561920	93	47093	Knox County, Tennessee	no	3.0	222.66666666666666	3751.6666666666665
20107	56	Convention and trade show organizers	47	561920	93	47093	Knox County, Tennessee	yes	3.3333333333333335	96.41919191919192	2447.062962962963
20108	56	Convention and trade show organizers	47	561920	101	47101	Lewis County, Tennessee	yes	1.0	26.666666666666664	542.2222222222222
20109	56	Convention and trade show organizers	47	561920	149	47149	Rutherford County, Tennessee	yes	2.6666666666666665	72.96909263575931	2105.3721747388413
20110	56	Convention and trade show organizers	47	561920	155	47155	Sevier County, Tennessee	yes	2.1666666666666665	59.55028921695589	1770.0300094966763
20111	56	Convention and trade show organizers	47	561920	157	47157	Shelby County, Tennessee	no	9.5	255.16666666666666	8402.0
20112	56	Convention and trade show organizers	47	561920	165	47165	Sumner County, Tennessee	yes	1.0	27.421296296296294	913.6435185185185
20113	56	Convention and trade show organizers	47	561920	179	47179	Washington County, Tennessee	yes	2.0	54.373521540188214	1533.5670465337134
20114	56	Convention and trade show organizers	47	561920	187	47187	Williamson County, Tennessee	no	7.4	120.4	8799.2
20115	56	Convention and trade show organizers	47	561920	187	47187	Williamson County, Tennessee	yes	8.0	230.9090909090909	7844.0
20116	56	Convention and trade show organizers	47	561920	189	47189	Wilson County, Tennessee	yes	1.8333333333333333	49.125658292324964	1473.8647673314342
20117	56	Convention and visitors bureaus	47	561591	19	47019	Carter County, Tennessee	yes	1.0	15.847426470588237	795.7748502178648
20118	56	Convention and visitors bureaus	47	561591	31	47031	Coffee County, Tennessee	yes	1.0	15.847426470588237	795.7748502178648
20119	56	Convention and visitors bureaus	47	561591	35	47035	Cumberland County, Tennessee	yes	1.0	15.847426470588237	795.7748502178648
20120	56	Convention and visitors bureaus	47	561591	37	47037	Davidson County, Tennessee	yes	1.5	23.93075980392157	1219.1544798474945
20121	56	Convention and visitors bureaus	47	561591	55	47055	Giles County, Tennessee	yes	1.0	14.354779411764707	706.5294117647059
20122	56	Convention and visitors bureaus	47	561591	65	47065	Hamilton County, Tennessee	yes	1.0	15.847426470588237	795.7748502178648
20123	56	Convention and visitors bureaus	47	561591	71	47071	Hardin County, Tennessee	yes	1.0	15.847426470588237	795.7748502178648
20124	56	Convention and visitors bureaus	47	561591	91	47091	Johnson County, Tennessee	yes	1.0	15.847426470588237	795.7748502178648
20125	56	Convention and visitors bureaus	47	561591	93	47093	Knox County, Tennessee	yes	1.5	23.93075980392157	1219.1544798474945
20126	56	Convention and visitors bureaus	47	561591	107	47107	McMinn County, Tennessee	yes	1.0	16.204411764705885	812.9298202614378
20127	56	Convention and visitors bureaus	47	561591	157	47157	Shelby County, Tennessee	yes	4.0	63.38970588235295	3183.0994008714592
20128	56	Convention and visitors bureaus	47	561591	159	47159	Smith County, Tennessee	yes	1.0	15.847426470588237	795.7748502178648
20129	56	Convention and visitors bureaus	47	561591	165	47165	Sumner County, Tennessee	yes	1.0	15.847426470588237	795.7748502178648
20130	56	Convention and visitors bureaus	47	561591	187	47187	Williamson County, Tennessee	yes	1.0	15.847426470588237	795.7748502178648
20131	56	Court reporting and stenotype services	47	561492	37	47037	Davidson County, Tennessee	no	4.0	4.0	261.0
20132	56	Court reporting and stenotype services	47	561492	37	47037	Davidson County, Tennessee	yes	3.0	-0.46666666666666673	-12.733333333333334
20133	56	Court reporting and stenotype services	47	561492	49	47049	Fentress County, Tennessee	yes	1.0	2.4499999999999997	139.73333333333335
20134	56	Court reporting and stenotype services	47	561492	65	47065	Hamilton County, Tennessee	no	3.0	7.25	157.5
20135	56	Court reporting and stenotype services	47	561492	65	47065	Hamilton County, Tennessee	yes	2.5	0.0	0.0
20136	56	Court reporting and stenotype services	47	561492	93	47093	Knox County, Tennessee	yes	2.0	4.8999999999999995	279.4666666666667
20137	56	Court reporting and stenotype services	47	561492	105	47105	Loudon County, Tennessee	yes	1.0	4.75	275.90000000000003
20138	56	Court reporting and stenotype services	47	561492	113	47113	Madison County, Tennessee	yes	1.0	2.4499999999999997	139.73333333333335
20139	56	Court reporting and stenotype services	47	561492	125	47125	Montgomery County, Tennessee	yes	1.1666666666666667	2.4499999999999997	139.73333333333335
20140	56	Court reporting and stenotype services	47	561492	143	47143	Rhea County, Tennessee	yes	1.0	-0.4666666666666667	-12.733333333333333
20141	56	Court reporting and stenotype services	47	561492	151	47151	Scott County, Tennessee	yes	1.0	0.0	0.0
20142	56	Court reporting and stenotype services	47	561492	157	47157	Shelby County, Tennessee	yes	2.5	5.844444444444445	329.35555555555555
20143	56	Court reporting and stenotype services	47	561492	163	47163	Sullivan County, Tennessee	yes	1.0	2.4499999999999997	139.73333333333335
20144	56	Court reporting and stenotype services	47	561492	179	47179	Washington County, Tennessee	yes	1.0	0.0	0.0
20145	56	Court reporting and stenotype services	47	561492	187	47187	Williamson County, Tennessee	no	3.0	6.0	236.0
20146	56	Court reporting and stenotype services	47	561492	187	47187	Williamson County, Tennessee	yes	2.0	2.5999999999999996	143.29999999999998
20147	56	Court reporting and stenotype services	47	561492	189	47189	Wilson County, Tennessee	yes	1.0	2.4499999999999997	139.73333333333335
20148	56	Credit bureaus	47	561450	1	47001	Anderson County, Tennessee	yes	1.0	6.771794871794872	341.39529914529913
20149	56	Credit bureaus	47	561450	37	47037	Davidson County, Tennessee	yes	2.5	27.11554487179487	1732.0890491452992
20150	56	Credit bureaus	47	561450	51	47051	Franklin County, Tennessee	yes	1.0	5.5	268.41666666666663
20151	56	Credit bureaus	47	561450	59	47059	Greene County, Tennessee	yes	1.0	10.167147435897435	634.2622329059828
20152	56	Credit bureaus	47	561450	93	47093	Knox County, Tennessee	yes	1.0	10.167147435897435	634.2622329059828
20153	56	Credit bureaus	47	561450	113	47113	Madison County, Tennessee	yes	1.0	10.167147435897435	634.2622329059828
20154	56	Credit bureaus	47	561450	157	47157	Shelby County, Tennessee	no	5.6	61.6	4155.8
20155	56	Credit bureaus	47	561450	157	47157	Shelby County, Tennessee	yes	5.0	43.07692307692308	1763.846153846154
20156	56	Credit bureaus	47	561450	165	47165	Sumner County, Tennessee	yes	1.0	10.167147435897435	634.2622329059828
20157	56	Credit bureaus	47	561450	177	47177	Warren County, Tennessee	yes	1.0	10.167147435897435	634.2622329059828
20158	56	Credit bureaus	47	561450	187	47187	Williamson County, Tennessee	no	3.0	0.0	1633.0
20159	56	Credit bureaus	47	561450	187	47187	Williamson County, Tennessee	yes	2.2	22.055	1434.8049999999998
20160	56	Document preparation services	47	561410	1	47001	Anderson County, Tennessee	yes	1.0	12.699810147923356	545.6096414068112
20161	56	Document preparation services	47	561410	9	47009	Blount County, Tennessee	yes	2.0	35.64503938262627	1371.4577971497038
20162	56	Document preparation services	47	561410	11	47011	Bradley County, Tennessee	yes	1.3333333333333333	15.38570758382079	651.0519490991189
20163	56	Document preparation services	47	561410	35	47035	Cumberland County, Tennessee	yes	1.3333333333333333	20.828990421840473	820.3620021065403
20164	56	Document preparation services	47	561410	37	47037	Davidson County, Tennessee	no	12.333333333333334	53.0	2932.0
20165	56	Document preparation services	47	561410	37	47037	Davidson County, Tennessee	yes	14.666666666666666	173.08966295758748	7511.860990162876
20166	56	Document preparation services	47	561410	43	47043	Dickson County, Tennessee	yes	1.2	24.30897903266324	900.3076113944535
20167	56	Document preparation services	47	561410	53	47053	Gibson County, Tennessee	yes	1.5	20.18229097946079	830.815977261732
20168	56	Document preparation services	47	561410	59	47059	Greene County, Tennessee	yes	1.0	17.569735819735822	674.6645299145299
20169	56	Document preparation services	47	561410	63	47063	Hamblen County, Tennessee	yes	1.0	8.057692307692308	316.3269230769231
20170	56	Document preparation services	47	561410	65	47065	Hamilton County, Tennessee	no	5.0	10.5	530.5
20171	56	Document preparation services	47	561410	93	47093	Knox County, Tennessee	yes	6.333333333333333	107.25384217092261	4173.414682066618
20172	56	Document preparation services	47	561410	103	47103	Lincoln County, Tennessee	yes	1.0	17.822519691313136	685.7288985748519
20173	56	Document preparation services	47	561410	105	47105	Loudon County, Tennessee	yes	1.0	9.019412191582003	403.89931059506534
20174	56	Document preparation services	47	561410	113	47113	Madison County, Tennessee	yes	1.0	17.822519691313136	685.7288985748519
20175	56	Document preparation services	47	561410	119	47119	Maury County, Tennessee	yes	1.0	22.945229234702918	825.8481557428926
20176	56	Document preparation services	47	561410	125	47125	Montgomery County, Tennessee	yes	1.0	24.59090909090909	878.6363636363636
20177	56	Document preparation services	47	561410	141	47141	Putnam County, Tennessee	yes	1.0	22.945229234702918	825.8481557428926
20178	56	Document preparation services	47	561410	145	47145	Roane County, Tennessee	yes	1.0	9.981132075471697	491.47169811320754
20179	56	Document preparation services	47	561410	157	47157	Shelby County, Tennessee	no	7.0	29.0	939.5
20180	56	Document preparation services	47	561410	157	47157	Shelby County, Tennessee	yes	4.0	36.07764876632801	1615.5972423802614
20181	56	Document preparation services	47	561410	163	47163	Sullivan County, Tennessee	no	3.0	7.333333333333333	327.5
20182	56	Document preparation services	47	561410	165	47165	Sumner County, Tennessee	yes	1.5	26.63209540239083	1001.4037070936897
20183	56	Document preparation services	47	561410	173	47173	Union County, Tennessee	yes	1.6666666666666667	32.63856865209894	1236.8246936180153
20184	56	Document preparation services	47	561410	179	47179	Washington County, Tennessee	no	3.0	0.0	204.0
20185	56	Document preparation services	47	561410	179	47179	Washington County, Tennessee	yes	1.8	33.863412610781026	1273.4334046070887
20186	56	Document preparation services	47	561410	183	47183	Weakley County, Tennessee	yes	1.0	22.325757575757578	853.8333333333333
20187	56	Document preparation services	47	561410	187	47187	Williamson County, Tennessee	no	7.4	118.6	4086.6
20188	56	Document preparation services	47	561410	187	47187	Williamson County, Tennessee	yes	7.0	69.86792452830188	3440.301886792453
20189	56	Document preparation services	47	561410	189	47189	Wilson County, Tennessee	no	4.0	4.0	405.75
20190	56	Document preparation services	47	561410	189	47189	Wilson County, Tennessee	yes	4.5	40.106494920174164	1773.7607039187228
20191	56	Employment placement agencies	47	561311	1	47001	Anderson County, Tennessee	yes	2.0	132.2566889632107	2403.0359531772574
20192	56	Employment placement agencies	47	561311	5	47005	Benton County, Tennessee	yes	1.0	72.27604166666666	1673.9270833333333
20193	56	Employment placement agencies	47	561311	11	47011	Bradley County, Tennessee	no	3.0	0.0	3385.0
20194	56	Employment placement agencies	47	561311	11	47011	Bradley County, Tennessee	yes	1.8	132.4283906882591	2621.22487118145
20195	56	Employment placement agencies	47	561311	19	47019	Carter County, Tennessee	yes	1.0	89.36538461538463	1256.0576923076924
20196	56	Employment placement agencies	47	561311	21	47021	Cheatham County, Tennessee	yes	1.0	62.481129227053145	1498.2774758454107
20197	56	Employment placement agencies	47	561311	25	47025	Claiborne County, Tennessee	yes	1.0	71.40625	1581.36553030303
20198	56	Employment placement agencies	47	561311	35	47035	Cumberland County, Tennessee	yes	1.8333333333333333	118.9221436220149	2541.6398291353958
20199	56	Employment placement agencies	47	561311	37	47037	Davidson County, Tennessee	no	15.833333333333334	246.5	10349.5
20200	56	Employment placement agencies	47	561311	41	47041	DeKalb County, Tennessee	yes	1.0	89.36538461538463	1256.0576923076924
20201	56	Employment placement agencies	47	561311	55	47055	Giles County, Tennessee	yes	2.6666666666666665	176.63254769797962	3568.4984723355715
20202	56	Employment placement agencies	47	561311	63	47063	Hamblen County, Tennessee	yes	1.0	62.416747711670475	1399.3781282504679
20203	56	Employment placement agencies	47	561311	65	47065	Hamilton County, Tennessee	no	4.833333333333333	225.83333333333334	5337.666666666667
20204	56	Employment placement agencies	47	561311	81	47081	Hickman County, Tennessee	yes	1.0	66.90818719562283	1375.491388926672
20205	56	Employment placement agencies	47	561311	89	47089	Jefferson County, Tennessee	yes	1.0	66.90818719562283	1375.491388926672
20206	56	Employment placement agencies	47	561311	93	47093	Knox County, Tennessee	no	7.25	75.25	2615.75
20207	56	Employment placement agencies	47	561311	93	47093	Knox County, Tennessee	yes	6.0	299.6361556064073	6737.800915331807
20208	56	Employment placement agencies	47	561311	99	47099	Lawrence County, Tennessee	yes	1.0	66.90818719562283	1375.491388926672
20209	56	Employment placement agencies	47	561311	101	47101	Lewis County, Tennessee	yes	1.0	66.90818719562283	1375.491388926672
20210	56	Employment placement agencies	47	561311	103	47103	Lincoln County, Tennessee	yes	1.0	72.27604166666666	1673.9270833333333
20211	56	Employment placement agencies	47	561311	113	47113	Madison County, Tennessee	yes	1.75	119.62977835474976	2141.0469530945793
20212	56	Employment placement agencies	47	561311	117	47117	Marshall County, Tennessee	yes	1.0	66.90818719562283	1375.491388926672
20213	56	Employment placement agencies	47	561311	119	47119	Maury County, Tennessee	yes	3.0	200.7245615868685	4126.474166780016
20214	56	Employment placement agencies	47	561311	125	47125	Montgomery County, Tennessee	yes	1.0	66.12834448160535	1201.5179765886287
20215	56	Employment placement agencies	47	561311	131	47131	Obion County, Tennessee	yes	1.3333333333333333	92.19858592970722	1588.3031449862112
20216	56	Employment placement agencies	47	561311	135	47135	Perry County, Tennessee	yes	1.0	66.90818719562283	1375.491388926672
20217	56	Employment placement agencies	47	561311	141	47141	Putnam County, Tennessee	yes	1.3333333333333333	91.00020108451173	1933.4670833711164
20218	56	Employment placement agencies	47	561311	145	47145	Roane County, Tennessee	yes	1.0	89.36538461538463	1256.0576923076924
20219	56	Employment placement agencies	47	561311	147	47147	Robertson County, Tennessee	yes	3.1666666666666665	206.60372263050326	4334.140920348086
20220	56	Employment placement agencies	47	561311	149	47149	Rutherford County, Tennessee	yes	2.0	141.52655201793505	2604.8325689454837
20221	56	Employment placement agencies	47	561311	157	47157	Shelby County, Tennessee	no	20.333333333333332	661.8333333333334	23739.166666666668
20222	56	Employment placement agencies	47	561311	163	47163	Sullivan County, Tennessee	yes	1.5	94.83012973312601	1983.664134690951
20223	56	Employment placement agencies	47	561311	165	47165	Sumner County, Tennessee	yes	1.5	102.61131219562283	2166.1741540781873
20224	56	Employment placement agencies	47	561311	179	47179	Washington County, Tennessee	yes	1.0	69.29508779264214	1429.4265088172695
20225	56	Employment placement agencies	47	561311	181	47181	Wayne County, Tennessee	yes	1.0	66.90818719562283	1375.491388926672
20226	56	Employment placement agencies	47	561311	185	47185	White County, Tennessee	yes	1.0	89.36538461538463	1256.0576923076924
20227	56	Employment placement agencies	47	561311	187	47187	Williamson County, Tennessee	no	10.75	590.0	35131.0
20228	56	Employment placement agencies	47	561311	187	47187	Williamson County, Tennessee	yes	8.5	596.9464882943143	10294.71237458194
20229	56	Employment placement agencies	47	561311	189	47189	Wilson County, Tennessee	yes	1.6666666666666667	118.73943022795284	2194.683278558779
20230	56	Executive search services	47	561312	3	47003	Bedford County, Tennessee	yes	1.0	12.64153273626958	448.45091911012963
20231	56	Executive search services	47	561312	9	47009	Blount County, Tennessee	yes	1.0	12.64153273626958	448.45091911012963
20232	56	Executive search services	47	561312	11	47011	Bradley County, Tennessee	yes	1.0	5.288875598086124	459.6961722488038
20233	56	Executive search services	47	561312	37	47037	Davidson County, Tennessee	no	9.666666666666666	57.666666666666664	5005.0
20234	56	Executive search services	47	561312	37	47037	Davidson County, Tennessee	yes	11.0	61.73178137651822	5196.34278002699
20235	56	Executive search services	47	561312	45	47045	Dyer County, Tennessee	yes	1.0	12.64153273626958	448.45091911012963
20236	56	Executive search services	47	561312	47	47047	Fayette County, Tennessee	yes	1.0	5.288875598086124	459.6961722488038
20237	56	Executive search services	47	561312	63	47063	Hamblen County, Tennessee	yes	2.0	25.28306547253916	896.9018382202593
20238	56	Executive search services	47	561312	65	47065	Hamilton County, Tennessee	no	3.3333333333333335	12.0	624.6666666666666
20239	56	Executive search services	47	561312	65	47065	Hamilton County, Tennessee	yes	3.6666666666666665	41.74125874125874	1744.1299533799536
20240	56	Executive search services	47	561312	89	47089	Jefferson County, Tennessee	yes	1.0	12.64153273626958	448.45091911012963
20241	56	Executive search services	47	561312	93	47093	Knox County, Tennessee	no	4.333333333333333	14.333333333333334	714.0
20242	56	Executive search services	47	561312	105	47105	Loudon County, Tennessee	yes	1.3333333333333333	14.404491268964954	601.6829765263975
20243	56	Executive search services	47	561312	117	47117	Marshall County, Tennessee	yes	1.0	12.64153273626958	448.45091911012963
20244	56	Executive search services	47	561312	141	47141	Putnam County, Tennessee	yes	1.0	15.382517482517482	355.40979020979023
20245	56	Executive search services	47	561312	147	47147	Robertson County, Tennessee	no	3.0	3.0	23.0
20246	56	Executive search services	47	561312	147	47147	Robertson County, Tennessee	yes	1.2	15.549025886394308	557.9468445589498
20247	56	Executive search services	47	561312	149	47149	Rutherford County, Tennessee	yes	2.0	25.28306547253916	896.9018382202593
20248	56	Executive search services	47	561312	155	47155	Sevier County, Tennessee	yes	1.0	12.64153273626958	448.45091911012963
20249	56	Executive search services	47	561312	157	47157	Shelby County, Tennessee	no	10.166666666666666	169.0	4619.5
20250	56	Executive search services	47	561312	165	47165	Sumner County, Tennessee	no	4.0	4.666666666666667	181.0
20251	56	Executive search services	47	561312	165	47165	Sumner County, Tennessee	yes	1.0	6.256410256410256	498.7435897435897
20252	56	Executive search services	47	561312	179	47179	Washington County, Tennessee	yes	1.0	11.271040363145627	494.97148356029936
20253	56	Executive search services	47	561312	187	47187	Williamson County, Tennessee	no	12.0	123.33333333333333	7964.0
20254	56	Executive search services	47	561312	187	47187	Williamson County, Tennessee	yes	11.333333333333334	62.53372796793849	5307.038441091073
20255	56	Exterminating and pest control services	47	561710	1	47001	Anderson County, Tennessee	yes	2.3333333333333335	19.811836856887556	615.8201248239393
20256	56	Exterminating and pest control services	47	561710	3	47003	Bedford County, Tennessee	yes	4.166666666666667	35.3058074062782	1091.8530687206328
20257	56	Exterminating and pest control services	47	561710	5	47005	Benton County, Tennessee	yes	1.0	8.549802697328047	273.0817822086895
20258	56	Exterminating and pest control services	47	561710	9	47009	Blount County, Tennessee	no	4.5	48.833333333333336	2233.5
20259	56	Exterminating and pest control services	47	561710	11	47011	Bradley County, Tennessee	yes	3.1666666666666665	26.848126040702095	850.8906457713675
20260	56	Exterminating and pest control services	47	561710	13	47013	Campbell County, Tennessee	yes	2.0	17.433782182780252	553.8801073773429
20261	56	Exterminating and pest control services	47	561710	15	47015	Cannon County, Tennessee	yes	1.0	8.549802697328047	273.0817822086895
20262	56	Exterminating and pest control services	47	561710	17	47017	Carroll County, Tennessee	yes	1.0	8.549802697328047	273.0817822086895
20263	56	Exterminating and pest control services	47	561710	19	47019	Carter County, Tennessee	yes	2.6666666666666665	23.268257710833762	744.4919393726612
20264	56	Exterminating and pest control services	47	561710	21	47021	Cheatham County, Tennessee	yes	1.0	7.192307692307692	189.87179487179486
20265	56	Exterminating and pest control services	47	561710	23	47023	Chester County, Tennessee	yes	1.1666666666666667	9.73223512976048	316.1898903167976
20266	56	Exterminating and pest control services	47	561710	29	47029	Cocke County, Tennessee	yes	1.0	8.549802697328047	273.0817822086895
20267	56	Exterminating and pest control services	47	561710	31	47031	Coffee County, Tennessee	yes	1.5	12.794928896401615	382.100184720513
20268	56	Exterminating and pest control services	47	561710	33	47033	Crockett County, Tennessee	yes	1.0	8.44354702057744	282.08462513691387
20269	56	Exterminating and pest control services	47	561710	35	47035	Cumberland County, Tennessee	yes	2.5	21.34782730077274	667.9953567360134
20270	56	Exterminating and pest control services	47	561710	37	47037	Davidson County, Tennessee	no	32.5	520.5	23753.0
20271	56	Exterminating and pest control services	47	561710	39	47039	Decatur County, Tennessee	no	3.0	1.0	63.0
20272	56	Exterminating and pest control services	47	561710	39	47039	Decatur County, Tennessee	yes	2.0	17.681688635749474	551.9368178413954
20273	56	Exterminating and pest control services	47	561710	41	47041	DeKalb County, Tennessee	yes	1.0	8.549802697328047	273.0817822086895
20274	56	Exterminating and pest control services	47	561710	43	47043	Dickson County, Tennessee	yes	2.3333333333333335	20.20556394419263	678.5816449689459
20275	56	Exterminating and pest control services	47	561710	45	47045	Dyer County, Tennessee	no	3.3333333333333335	0.0	322.0
20276	56	Exterminating and pest control services	47	561710	45	47045	Dyer County, Tennessee	yes	2.0	17.21870599301792	656.2535187874637
20277	56	Exterminating and pest control services	47	561710	47	47047	Fayette County, Tennessee	no	3.0	3.0	109.0
20278	56	Exterminating and pest control services	47	561710	47	47047	Fayette County, Tennessee	yes	2.25	18.080752817594924	503.84748057774374
20279	56	Exterminating and pest control services	47	561710	49	47049	Fentress County, Tennessee	yes	1.0	8.549802697328047	273.0817822086895
20280	56	Exterminating and pest control services	47	561710	51	47051	Franklin County, Tennessee	no	4.0	18.0	753.0
20281	56	Exterminating and pest control services	47	561710	51	47051	Franklin County, Tennessee	yes	3.25	27.195549294233505	753.1610041215304
20282	56	Exterminating and pest control services	47	561710	53	47053	Gibson County, Tennessee	yes	1.5	12.854479195582527	437.1451619055554
20283	56	Exterminating and pest control services	47	561710	55	47055	Giles County, Tennessee	yes	1.0	8.549802697328047	273.0817822086895
20284	56	Exterminating and pest control services	47	561710	59	47059	Greene County, Tennessee	no	5.0	6.25	167.5
20285	56	Exterminating and pest control services	47	561710	59	47059	Greene County, Tennessee	yes	3.0	24.41008316008316	626.9090436590436
20286	56	Exterminating and pest control services	47	561710	63	47063	Hamblen County, Tennessee	no	3.3333333333333335	27.833333333333332	877.6666666666666
20287	56	Exterminating and pest control services	47	561710	65	47065	Hamilton County, Tennessee	no	16.5	198.5	8109.333333333333
20288	56	Exterminating and pest control services	47	561710	69	47069	Hardeman County, Tennessee	no	5.0	0.0	148.0
20289	56	Exterminating and pest control services	47	561710	69	47069	Hardeman County, Tennessee	yes	2.4	20.16502926382695	649.3778197745025
20290	56	Exterminating and pest control services	47	561710	71	47071	Hardin County, Tennessee	yes	2.6666666666666665	22.527164026162097	698.2900750373105
20291	56	Exterminating and pest control services	47	561710	73	47073	Hawkins County, Tennessee	no	4.0	26.666666666666668	772.3333333333334
20292	56	Exterminating and pest control services	47	561710	73	47073	Hawkins County, Tennessee	yes	2.0	17.21870599301792	656.2535187874637
20293	56	Exterminating and pest control services	47	561710	75	47075	Haywood County, Tennessee	no	3.3333333333333335	6.166666666666667	245.5
20294	56	Exterminating and pest control services	47	561710	77	47077	Henderson County, Tennessee	yes	1.0	8.136694386694387	208.9696812196812
20295	56	Exterminating and pest control services	47	561710	79	47079	Henry County, Tennessee	yes	1.0	8.549802697328047	273.0817822086895
20296	56	Exterminating and pest control services	47	561710	89	47089	Jefferson County, Tennessee	yes	2.0	17.099605394656095	546.163564417379
20297	56	Exterminating and pest control services	47	561710	93	47093	Knox County, Tennessee	no	30.333333333333332	353.0	14954.833333333334
20298	56	Exterminating and pest control services	47	561710	95	47095	Lake County, Tennessee	yes	1.25	10.530005501293527	369.79999486535576
20299	56	Exterminating and pest control services	47	561710	97	47097	Lauderdale County, Tennessee	yes	1.1666666666666667	10.063316210841561	311.09304346995077
20300	56	Exterminating and pest control services	47	561710	99	47099	Lawrence County, Tennessee	no	3.0	0.0	349.0
20301	56	Exterminating and pest control services	47	561710	99	47099	Lawrence County, Tennessee	yes	1.4	11.721482243249506	367.29319463758856
20302	56	Exterminating and pest control services	47	561710	101	47101	Lewis County, Tennessee	yes	1.0	8.60935299650896	328.12675939373185
20303	56	Exterminating and pest control services	47	561710	103	47103	Lincoln County, Tennessee	yes	2.0	17.099605394656095	546.163564417379
20304	56	Exterminating and pest control services	47	561710	105	47105	Loudon County, Tennessee	yes	1.3333333333333333	11.672046763150094	394.0370537974473
20305	56	Exterminating and pest control services	47	561710	107	47107	McMinn County, Tennessee	no	3.4	24.6	776.6
20306	56	Exterminating and pest control services	47	561710	107	47107	McMinn County, Tennessee	yes	3.0	27.243243243243246	684.2027027027027
20307	56	Exterminating and pest control services	47	561710	109	47109	McNairy County, Tennessee	yes	2.0	17.099605394656095	546.163564417379
20308	56	Exterminating and pest control services	47	561710	113	47113	Madison County, Tennessee	no	7.666666666666667	85.83333333333333	3623.8333333333335
20309	56	Exterminating and pest control services	47	561710	115	47115	Marion County, Tennessee	yes	1.0	8.549802697328047	273.0817822086895
20310	56	Exterminating and pest control services	47	561710	117	47117	Marshall County, Tennessee	yes	1.6666666666666667	13.977361328834048	425.20829282862115
20311	56	Exterminating and pest control services	47	561710	119	47119	Maury County, Tennessee	no	6.6	8.0	488.6
20312	56	Exterminating and pest control services	47	561710	119	47119	Maury County, Tennessee	yes	7.0	50.34615384615385	1329.1025641025642
20313	56	Exterminating and pest control services	47	561710	123	47123	Monroe County, Tennessee	yes	1.0	8.821301698332118	289.72377967606843
20314	56	Exterminating and pest control services	47	561710	125	47125	Montgomery County, Tennessee	no	7.666666666666667	109.33333333333333	2692.5
20315	56	Exterminating and pest control services	47	561710	131	47131	Obion County, Tennessee	yes	1.0	8.549802697328047	273.0817822086895
20316	56	Exterminating and pest control services	47	561710	141	47141	Putnam County, Tennessee	no	6.0	43.333333333333336	1676.5
20317	56	Exterminating and pest control services	47	561710	143	47143	Rhea County, Tennessee	yes	1.0	8.549802697328047	273.0817822086895
20318	56	Exterminating and pest control services	47	561710	145	47145	Roane County, Tennessee	yes	1.5	13.2049414999922	433.39889590271054
20319	56	Exterminating and pest control services	47	561710	147	47147	Robertson County, Tennessee	no	4.0	26.666666666666668	1022.0
20320	56	Exterminating and pest control services	47	561710	147	47147	Robertson County, Tennessee	yes	3.0	25.82805898952688	984.3802781811955
20321	56	Exterminating and pest control services	47	561710	149	47149	Rutherford County, Tennessee	no	13.666666666666666	124.33333333333333	5555.166666666667
20322	56	Exterminating and pest control services	47	561710	153	47153	Sequatchie County, Tennessee	yes	1.8333333333333333	15.900887445938148	514.5182652720798
20323	56	Exterminating and pest control services	47	561710	155	47155	Sevier County, Tennessee	no	11.0	44.5	1661.5
20324	56	Exterminating and pest control services	47	561710	157	47157	Shelby County, Tennessee	no	57.166666666666664	584.3333333333334	24218.5
20325	56	Exterminating and pest control services	47	561710	159	47159	Smith County, Tennessee	yes	1.0	8.549802697328047	273.0817822086895
20326	56	Exterminating and pest control services	47	561710	163	47163	Sullivan County, Tennessee	no	7.5	94.33333333333333	3608.5
20327	56	Exterminating and pest control services	47	561710	165	47165	Sumner County, Tennessee	no	10.333333333333334	65.16666666666667	5244.5
20328	56	Exterminating and pest control services	47	561710	167	47167	Tipton County, Tennessee	no	3.5	4.333333333333333	275.6666666666667
20329	56	Exterminating and pest control services	47	561710	177	47177	Warren County, Tennessee	no	3.0	3.0	289.0
20330	56	Exterminating and pest control services	47	561710	177	47177	Warren County, Tennessee	yes	3.0	28.100196592398426	1088.5974442988204
20331	56	Exterminating and pest control services	47	561710	179	47179	Washington County, Tennessee	no	5.833333333333333	63.5	2149.5
20332	56	Exterminating and pest control services	47	561710	183	47183	Weakley County, Tennessee	yes	1.0	8.549802697328047	273.0817822086895
20333	56	Exterminating and pest control services	47	561710	187	47187	Williamson County, Tennessee	no	7.833333333333333	68.66666666666667	2903.1666666666665
20334	56	Exterminating and pest control services	47	561710	189	47189	Wilson County, Tennessee	no	4.666666666666667	52.0	2027.3333333333333
20335	56	Exterminating and pest control services	47	561710	189	47189	Wilson County, Tennessee	yes	4.0	33.96100959258854	872.1472200945885
20336	56	Facilities support services	47	561210	1	47001	Anderson County, Tennessee	no	7.333333333333333	264.0	13864.333333333334
20337	56	Facilities support services	47	561210	9	47009	Blount County, Tennessee	yes	2.8333333333333335	223.3518429352066	9208.68191871228
20338	56	Facilities support services	47	561210	11	47011	Bradley County, Tennessee	yes	1.0	103.58393579886116	4287.676622713936
20339	56	Facilities support services	47	561210	15	47015	Cannon County, Tennessee	yes	1.0	87.25282677521483	3640.7457033016735
20340	56	Facilities support services	47	561210	17	47017	Carroll County, Tennessee	yes	1.0	42.9268808878565	1711.9699057942962
20341	56	Facilities support services	47	561210	19	47019	Carter County, Tennessee	yes	1.0	73.25540834335884	2999.8232642541157
20342	56	Facilities support services	47	561210	21	47021	Cheatham County, Tennessee	yes	1.0	73.25540834335884	2999.8232642541157
20343	56	Facilities support services	47	561210	23	47023	Chester County, Tennessee	yes	1.0	119.93650975889781	5080.052812858783
20344	56	Facilities support services	47	561210	27	47027	Clay County, Tennessee	yes	1.0	88.65136648329222	3621.5928328891105
20345	56	Facilities support services	47	561210	31	47031	Coffee County, Tennessee	yes	1.6666666666666667	183.5416089714597	7674.378497953126
20346	56	Facilities support services	47	561210	35	47035	Cumberland County, Tennessee	yes	3.0	310.7518073965835	12863.029868141808
20347	56	Facilities support services	47	561210	37	47037	Davidson County, Tennessee	no	15.0	1014.6	104732.2
20348	56	Facilities support services	47	561210	37	47037	Davidson County, Tennessee	yes	17.0	1204.939393939394	45949.71212121212
20349	56	Facilities support services	47	561210	41	47041	DeKalb County, Tennessee	yes	1.0	73.25540834335884	2999.8232642541157
20350	56	Facilities support services	47	561210	43	47043	Dickson County, Tennessee	yes	1.0	136.24615384615385	5581.538461538462
20351	56	Facilities support services	47	561210	47	47047	Fayette County, Tennessee	yes	1.0	70.87878787878788	2702.9242424242425
20352	56	Facilities support services	47	561210	51	47051	Franklin County, Tennessee	yes	1.0	73.25540834335884	2999.8232642541157
20353	56	Facilities support services	47	561210	55	47055	Giles County, Tennessee	yes	1.0	42.9268808878565	1711.9699057942962
20354	56	Facilities support services	47	561210	63	47063	Hamblen County, Tennessee	yes	1.6	104.32912166020283	4264.446798800843
20355	56	Facilities support services	47	561210	65	47065	Hamilton County, Tennessee	no	11.666666666666666	1789.3333333333333	30435.666666666668
20356	56	Facilities support services	47	561210	65	47065	Hamilton County, Tennessee	yes	8.333333333333334	852.297749017152	35202.38772918624
20357	56	Facilities support services	47	561210	69	47069	Hardeman County, Tennessee	yes	2.0	146.51081668671767	5999.646528508231
20358	56	Facilities support services	47	561210	73	47073	Hawkins County, Tennessee	yes	1.5	71.14660366733537	2837.8505534438464
20359	56	Facilities support services	47	561210	79	47079	Henry County, Tennessee	yes	1.0	73.25540834335884	2999.8232642541157
20360	56	Facilities support services	47	561210	93	47093	Knox County, Tennessee	no	7.25	35.25	2248.75
20361	56	Facilities support services	47	561210	93	47093	Knox County, Tennessee	yes	4.0	463.4363949483352	19818.725602755454
20362	56	Facilities support services	47	561210	105	47105	Loudon County, Tennessee	yes	1.0	81.20000091119493	3418.1684699214547
20363	56	Facilities support services	47	561210	107	47107	McMinn County, Tennessee	yes	1.0	73.25540834335884	2999.8232642541157
20364	56	Facilities support services	47	561210	113	47113	Madison County, Tennessee	yes	1.3333333333333333	113.23424492965812	4693.17420187371
20365	56	Facilities support services	47	561210	117	47117	Marshall County, Tennessee	yes	1.0	42.9268808878565	1711.9699057942962
20366	56	Facilities support services	47	561210	119	47119	Maury County, Tennessee	no	3.0	0.0	2418.0
20367	56	Facilities support services	47	561210	119	47119	Maury County, Tennessee	yes	3.0	221.19219730881906	9177.609205860274
20368	56	Facilities support services	47	561210	123	47123	Monroe County, Tennessee	yes	1.0	42.9268808878565	1711.9699057942962
20369	56	Facilities support services	47	561210	125	47125	Montgomery County, Tennessee	yes	5.5	401.71643565618814	16350.5784424827
20370	56	Facilities support services	47	561210	129	47129	Morgan County, Tennessee	yes	1.0	136.24615384615385	5581.538461538462
20371	56	Facilities support services	47	561210	131	47131	Obion County, Tennessee	yes	1.0	42.9268808878565	1711.9699057942962
20372	56	Facilities support services	47	561210	147	47147	Robertson County, Tennessee	yes	1.0	87.25282677521483	3640.7457033016735
20373	56	Facilities support services	47	561210	149	47149	Rutherford County, Tennessee	yes	3.3333333333333335	259.7450616163758	10692.820730381944
20374	56	Facilities support services	47	561210	155	47155	Sevier County, Tennessee	yes	1.0	73.25540834335884	2999.8232642541157
20375	56	Facilities support services	47	561210	157	47157	Shelby County, Tennessee	no	24.0	380.6666666666667	15579.166666666666
20376	56	Facilities support services	47	561210	163	47163	Sullivan County, Tennessee	yes	1.0	66.25669912743084	2679.3620447303374
20377	56	Facilities support services	47	561210	165	47165	Sumner County, Tennessee	no	3.0	3.5	535.5
20378	56	Facilities support services	47	561210	165	47165	Sumner County, Tennessee	yes	2.75	209.53846427204635	8859.120794379749
20379	56	Facilities support services	47	561210	167	47167	Tipton County, Tennessee	yes	2.5	137.64572967514357	5567.77812294556
20380	56	Facilities support services	47	561210	169	47169	Trousdale County, Tennessee	yes	1.0	42.9268808878565	1711.9699057942962
20381	56	Facilities support services	47	561210	179	47179	Washington County, Tennessee	yes	1.0	88.65136648329222	3621.5928328891105
20382	56	Facilities support services	47	561210	181	47181	Wayne County, Tennessee	yes	1.0	73.25540834335884	2999.8232642541157
20383	56	Facilities support services	47	561210	183	47183	Weakley County, Tennessee	yes	1.0	42.46349206349206	1756.284126984127
20384	56	Facilities support services	47	561210	187	47187	Williamson County, Tennessee	no	11.0	232.25	9439.75
20385	56	Facilities support services	47	561210	187	47187	Williamson County, Tennessee	yes	8.0	975.8017221584386	41141.90815154994
20386	56	Facilities support services	47	561210	189	47189	Wilson County, Tennessee	yes	1.3333333333333333	102.33968393509713	4213.405165354674
20387	56	Hazardous waste collection	47	562112	37	47037	Davidson County, Tennessee	yes	1.4	14.967948717948719	758.7565268065267
20388	56	Hazardous waste collection	47	562112	65	47065	Hamilton County, Tennessee	yes	1.8333333333333333	19.181623931623932	932.6056073556073
20389	56	Hazardous waste collection	47	562112	93	47093	Knox County, Tennessee	yes	2.0	20.23717948717949	984.9759777259777
20390	56	Hazardous waste collection	47	562112	119	47119	Maury County, Tennessee	yes	1.0	10.118589743589745	492.48798886298886
20391	56	Hazardous waste collection	47	562112	125	47125	Montgomery County, Tennessee	yes	1.0	10.042735042735044	540.6923076923076
20392	56	Hazardous waste collection	47	562112	129	47129	Morgan County, Tennessee	yes	1.0	15.25	596.0833333333333
20393	56	Hazardous waste collection	47	562112	147	47147	Robertson County, Tennessee	yes	1.0	10.118589743589745	492.48798886298886
20394	56	Hazardous waste collection	47	562112	149	47149	Rutherford County, Tennessee	yes	1.1666666666666667	11.1741452991453	544.8583592333592
20395	56	Hazardous waste collection	47	562112	157	47157	Shelby County, Tennessee	yes	1.0	11.344551282051283	554.5400641025641
20396	56	Hazardous waste collection	47	562112	165	47165	Sumner County, Tennessee	yes	1.0	9.0	422.54545454545456
20397	56	Hazardous waste collection	47	562112	187	47187	Williamson County, Tennessee	yes	1.3333333333333333	13.528846153846155	684.6674760424761
20398	56	Hazardous waste collection	47	562112	189	47189	Wilson County, Tennessee	yes	1.0	10.0625	450.46275252525254
20399	56	Hazardous waste treatment and disposal	47	562211	1	47001	Anderson County, Tennessee	no	6.5	377.1666666666667	27217.5
20400	56	Hazardous waste treatment and disposal	47	562211	5	47005	Benton County, Tennessee	yes	1.0	29.884191176470587	1818.1323529411764
20401	56	Hazardous waste treatment and disposal	47	562211	11	47011	Bradley County, Tennessee	yes	1.0	29.361000233426704	1864.5264589169
20402	56	Hazardous waste treatment and disposal	47	562211	27	47027	Clay County, Tennessee	yes	1.0	29.361000233426704	1864.5264589169
20403	56	Hazardous waste treatment and disposal	47	562211	37	47037	Davidson County, Tennessee	no	5.0	48.0	1738.0
20404	56	Hazardous waste treatment and disposal	47	562211	37	47037	Davidson County, Tennessee	yes	4.6	123.43364845938376	7782.27787114846
20405	56	Hazardous waste treatment and disposal	47	562211	55	47055	Giles County, Tennessee	yes	1.0	29.361000233426704	1864.5264589169
20406	56	Hazardous waste treatment and disposal	47	562211	65	47065	Hamilton County, Tennessee	yes	1.1666666666666667	32.70227007469654	2085.962966853408
20407	56	Hazardous waste treatment and disposal	47	562211	93	47093	Knox County, Tennessee	no	8.166666666666666	160.0	13205.333333333334
20408	56	Hazardous waste treatment and disposal	47	562211	105	47105	Loudon County, Tennessee	yes	1.0	29.361000233426704	1864.5264589169
20409	56	Hazardous waste treatment and disposal	47	562211	129	47129	Morgan County, Tennessee	yes	1.0	25.805059523809526	1669.7157738095239
20410	56	Hazardous waste treatment and disposal	47	562211	141	47141	Putnam County, Tennessee	yes	1.25	34.740905112044814	2222.475700280112
20411	56	Hazardous waste treatment and disposal	47	562211	145	47145	Roane County, Tennessee	yes	1.0	29.361000233426704	1864.5264589169
20412	56	Hazardous waste treatment and disposal	47	562211	149	47149	Rutherford County, Tennessee	yes	1.0	29.884191176470587	1818.1323529411764
20413	56	Hazardous waste treatment and disposal	47	562211	155	47155	Sevier County, Tennessee	yes	1.0	29.884191176470587	1818.1323529411764
20414	56	Hazardous waste treatment and disposal	47	562211	157	47157	Shelby County, Tennessee	no	4.333333333333333	204.33333333333334	10726.5
20415	56	Hazardous waste treatment and disposal	47	562211	163	47163	Sullivan County, Tennessee	yes	1.0	20.047619047619047	1328.6190476190475
20416	56	Hazardous waste treatment and disposal	47	562211	165	47165	Sumner County, Tennessee	yes	2.3333333333333335	67.32368697478991	4285.624842436975
20417	56	Hazardous waste treatment and disposal	47	562211	171	47171	Unicoi County, Tennessee	yes	1.0	29.361000233426704	1864.5264589169
20418	56	Hazardous waste treatment and disposal	47	562211	187	47187	Williamson County, Tennessee	yes	1.0	20.047619047619047	1328.6190476190475
20419	56	Investigation services	47	561611	1	47001	Anderson County, Tennessee	yes	2.0	29.274095796676445	1523.182670793961
20420	56	Investigation services	47	561611	21	47021	Cheatham County, Tennessee	yes	1.0	14.637047898338222	761.5913353969805
20421	56	Investigation services	47	561611	31	47031	Coffee County, Tennessee	yes	1.5	21.344802867383518	1112.5164250027153
20422	56	Investigation services	47	561611	37	47037	Davidson County, Tennessee	yes	9.166666666666666	135.72805474095796	7057.735997067449
20423	56	Investigation services	47	561611	59	47059	Greene County, Tennessee	yes	1.0	13.415509938090585	701.8501792114695
20424	56	Investigation services	47	561611	65	47065	Hamilton County, Tennessee	no	4.166666666666667	7.666666666666667	289.6666666666667
20425	56	Investigation services	47	561611	79	47079	Henry County, Tennessee	yes	1.0	-2.9545454545454546	-127.33333333333333
20426	56	Investigation services	47	561611	93	47093	Knox County, Tennessee	yes	6.0	78.16572173346366	4092.5484332573046
20427	56	Investigation services	47	561611	99	47099	Lawrence County, Tennessee	yes	1.0	-2.4545454545454546	-122.0
20428	56	Investigation services	47	561611	105	47105	Loudon County, Tennessee	yes	1.0	14.637047898338222	761.5913353969805
20429	56	Investigation services	47	561611	113	47113	Madison County, Tennessee	yes	1.0	14.637047898338222	761.5913353969805
20430	56	Investigation services	47	561611	141	47141	Putnam County, Tennessee	yes	1.0	14.637047898338222	761.5913353969805
20431	56	Investigation services	47	561611	145	47145	Roane County, Tennessee	yes	1.0	-2.4545454545454546	-122.0
20432	56	Investigation services	47	561611	147	47147	Robertson County, Tennessee	yes	1.0	-2.9545454545454546	-127.33333333333333
20433	56	Investigation services	47	561611	149	47149	Rutherford County, Tennessee	yes	1.0	15.85858585858586	821.3324915824915
20434	56	Investigation services	47	561611	157	47157	Shelby County, Tennessee	no	9.0	109.33333333333333	6620.833333333333
20435	56	Investigation services	47	561611	163	47163	Sullivan County, Tennessee	yes	1.8333333333333333	20.193287715868358	1068.2942027804932
20436	56	Investigation services	47	561611	167	47167	Tipton County, Tennessee	yes	1.0	23.43284457478006	1206.0536697621376
20437	56	Investigation services	47	561611	179	47179	Washington County, Tennessee	yes	1.0	14.637047898338222	761.5913353969805
20438	56	Investigation services	47	561611	187	47187	Williamson County, Tennessee	no	3.8333333333333335	6.166666666666667	304.1666666666667
20439	56	Investigation services	47	561611	189	47189	Wilson County, Tennessee	yes	2.0	29.274095796676445	1523.182670793961
20440	56	Janitorial services	47	561720	1	47001	Anderson County, Tennessee	no	7.6	69.2	976.0
20441	56	Janitorial services	47	561720	1	47001	Anderson County, Tennessee	yes	12.0	136.0	4437.888888888889
20442	56	Janitorial services	47	561720	3	47003	Bedford County, Tennessee	no	4.0	0.0	238.0
20443	56	Janitorial services	47	561720	3	47003	Bedford County, Tennessee	yes	2.4	120.50083110291084	2007.3139641668254
20444	56	Janitorial services	47	561720	7	47007	Bledsoe County, Tennessee	yes	1.0	21.66264700019932	380.4716464022324
20445	56	Janitorial services	47	561720	9	47009	Blount County, Tennessee	no	17.5	121.16666666666667	2161.5
20446	56	Janitorial services	47	561720	11	47011	Bradley County, Tennessee	no	10.5	141.0	1542.8333333333333
20447	56	Janitorial services	47	561720	13	47013	Campbell County, Tennessee	no	3.5	11.5	145.0
20448	56	Janitorial services	47	561720	13	47013	Campbell County, Tennessee	yes	2.0	67.93892231422136	1160.0811055152806
20449	56	Janitorial services	47	561720	15	47015	Cannon County, Tennessee	yes	1.0	47.010224948875255	859.4427118836628
20450	56	Janitorial services	47	561720	17	47017	Carroll County, Tennessee	yes	1.0	16.491410056870468	291.27896994191383
20451	56	Janitorial services	47	561720	19	47019	Carter County, Tennessee	yes	1.5	68.38705981362918	1200.7097266283383
20452	56	Janitorial services	47	561720	21	47021	Cheatham County, Tennessee	no	8.666666666666666	46.833333333333336	2130.6666666666665
20453	56	Janitorial services	47	561720	25	47025	Claiborne County, Tennessee	yes	1.0	38.31638242103221	673.1746057996477
20454	56	Janitorial services	47	561720	29	47029	Cocke County, Tennessee	yes	2.0	76.63276484206442	1346.3492115992954
20455	56	Janitorial services	47	561720	31	47031	Coffee County, Tennessee	no	7.2	98.0	1772.2
20456	56	Janitorial services	47	561720	31	47031	Coffee County, Tennessee	yes	8.0	691.2289156626506	11570.602409638555
20457	56	Janitorial services	47	561720	33	47033	Crockett County, Tennessee	no	3.0	15.0	94.33333333333333
20458	56	Janitorial services	47	561720	33	47033	Crockett County, Tennessee	yes	1.0	47.010224948875255	859.4427118836628
20459	56	Janitorial services	47	561720	35	47035	Cumberland County, Tennessee	no	4.0	62.0	919.0
20460	56	Janitorial services	47	561720	35	47035	Cumberland County, Tennessee	yes	3.6	155.32037165980506	2773.4343102342455
20461	56	Janitorial services	47	561720	37	47037	Davidson County, Tennessee	no	168.5	3018.8333333333335	55231.333333333336
20462	56	Janitorial services	47	561720	41	47041	DeKalb County, Tennessee	yes	2.3333333333333335	92.30283982502283	1632.8301155605166
20463	56	Janitorial services	47	561720	43	47043	Dickson County, Tennessee	no	5.0	68.0	1288.0
20464	56	Janitorial services	47	561720	43	47043	Dickson County, Tennessee	yes	1.5	69.78138778845968	1209.3308150548794
20465	56	Janitorial services	47	561720	45	47045	Dyer County, Tennessee	no	10.166666666666666	67.83333333333333	790.6666666666666
20466	56	Janitorial services	47	561720	47	47047	Fayette County, Tennessee	yes	3.0	115.81321345695005	2062.3455602410763
20467	56	Janitorial services	47	561720	51	47051	Franklin County, Tennessee	no	4.833333333333333	9.0	112.66666666666667
20468	56	Janitorial services	47	561720	53	47053	Gibson County, Tennessee	no	3.5	25.0	366.5
20469	56	Janitorial services	47	561720	53	47053	Gibson County, Tennessee	yes	3.0	159.31201876698535	2667.2474577769017
20470	56	Janitorial services	47	561720	55	47055	Giles County, Tennessee	no	4.0	24.5	918.6666666666666
20471	56	Janitorial services	47	561720	57	47057	Grainger County, Tennessee	yes	1.0	38.31638242103221	673.1746057996477
20472	56	Janitorial services	47	561720	59	47059	Greene County, Tennessee	no	10.166666666666666	53.833333333333336	852.6666666666666
20473	56	Janitorial services	47	561720	61	47061	Grundy County, Tennessee	no	3.0	39.0	561.0
20474	56	Janitorial services	47	561720	61	47061	Grundy County, Tennessee	yes	2.0	89.49974334239218	1570.4616071106439
20475	56	Janitorial services	47	561720	63	47063	Hamblen County, Tennessee	no	11.833333333333334	87.33333333333333	2487.1666666666665
20476	56	Janitorial services	47	561720	65	47065	Hamilton County, Tennessee	no	69.66666666666667	3962.5	70298.33333333333
20477	56	Janitorial services	47	561720	69	47069	Hardeman County, Tennessee	yes	1.0	47.010224948875255	859.4427118836628
20478	56	Janitorial services	47	561720	71	47071	Hardin County, Tennessee	yes	1.0	38.31638242103221	673.1746057996477
20479	56	Janitorial services	47	561720	73	47073	Hawkins County, Tennessee	no	5.833333333333333	14.0	261.8333333333333
20480	56	Janitorial services	47	561720	75	47075	Haywood County, Tennessee	yes	1.1666666666666667	40.205271309921095	734.81195147866
20481	56	Janitorial services	47	561720	77	47077	Henderson County, Tennessee	yes	1.0	16.491410056870468	291.27896994191383
20482	56	Janitorial services	47	561720	79	47079	Henry County, Tennessee	no	4.0	26.5	961.5
20483	56	Janitorial services	47	561720	79	47079	Henry County, Tennessee	yes	3.0	64.98794100059797	1141.4149392066972
20484	56	Janitorial services	47	561720	81	47081	Hickman County, Tennessee	no	3.2	36.8	531.4
20485	56	Janitorial services	47	561720	81	47081	Hickman County, Tennessee	yes	2.0	22.666666666666664	739.6481481481482
20486	56	Janitorial services	47	561720	85	47085	Humphreys County, Tennessee	yes	1.3333333333333333	45.53726475443198	799.9984879337252
20487	56	Janitorial services	47	561720	87	47087	Jackson County, Tennessee	yes	1.0	29.44223559235521	537.997257020927
20488	56	Janitorial services	47	561720	89	47089	Jefferson County, Tennessee	no	6.833333333333333	76.33333333333333	1673.0
20489	56	Janitorial services	47	561720	93	47093	Knox County, Tennessee	no	99.5	13709.5	236327.0
20490	56	Janitorial services	47	561720	93	47093	Knox County, Tennessee	yes	92.0	7778.1736270234305	128587.78594131126
20491	56	Janitorial services	47	561720	97	47097	Lauderdale County, Tennessee	yes	2.8333333333333335	109.61715381858573	1954.3372809438779
20492	56	Janitorial services	47	561720	99	47099	Lawrence County, Tennessee	yes	2.5	106.7034422346614	1873.884332427986
20493	56	Janitorial services	47	561720	103	47103	Lincoln County, Tennessee	yes	2.1666666666666665	78.5216537309533	1407.9865572783076
20494	56	Janitorial services	47	561720	105	47105	Loudon County, Tennessee	no	11.333333333333334	45.166666666666664	1013.8333333333334
20495	56	Janitorial services	47	561720	107	47107	McMinn County, Tennessee	no	9.0	75.66666666666667	1568.6666666666667
20496	56	Janitorial services	47	561720	109	47109	McNairy County, Tennessee	yes	1.6666666666666667	61.20733973739039	1086.479391894946
20497	56	Janitorial services	47	561720	111	47111	Macon County, Tennessee	yes	1.1666666666666667	40.205271309921095	734.81195147866
20498	56	Janitorial services	47	561720	113	47113	Madison County, Tennessee	no	22.333333333333332	292.5	3224.3333333333335
20499	56	Janitorial services	47	561720	115	47115	Marion County, Tennessee	yes	2.1666666666666665	90.41395093613396	1571.192769881504
20500	56	Janitorial services	47	561720	117	47117	Marshall County, Tennessee	no	6.666666666666667	5.166666666666667	164.33333333333334
20501	56	Janitorial services	47	561720	119	47119	Maury County, Tennessee	no	12.833333333333334	264.0	7875.5
20502	56	Janitorial services	47	561720	121	47121	Meigs County, Tennessee	yes	1.0	60.14135478519395	1055.0702416573815
20503	56	Janitorial services	47	561720	123	47123	Monroe County, Tennessee	yes	1.5	68.38705981362918	1200.7097266283383
20504	56	Janitorial services	47	561720	125	47125	Montgomery County, Tennessee	no	14.166666666666666	93.83333333333333	1598.8333333333333
20505	56	Janitorial services	47	561720	131	47131	Obion County, Tennessee	no	3.0	20.0	181.0
20506	56	Janitorial services	47	561720	131	47131	Obion County, Tennessee	yes	3.0	34.0	1109.4722222222222
20507	56	Janitorial services	47	561720	133	47133	Overton County, Tennessee	yes	1.8333333333333333	71.30077139755353	1281.1626751442302
20508	56	Janitorial services	47	561720	135	47135	Perry County, Tennessee	yes	1.0	60.14135478519395	1055.0702416573815
20509	56	Janitorial services	47	561720	141	47141	Putnam County, Tennessee	no	10.833333333333334	271.6666666666667	2809.0
20510	56	Janitorial services	47	561720	143	47143	Rhea County, Tennessee	yes	1.0	15.201890875986187	310.9152459749539
20511	56	Janitorial services	47	561720	145	47145	Roane County, Tennessee	no	9.25	97.0	1969.0
20512	56	Janitorial services	47	561720	145	47145	Roane County, Tennessee	yes	9.0	760.9082896001182	12579.23992904132
20513	56	Janitorial services	47	561720	147	47147	Robertson County, Tennessee	no	9.166666666666666	26.833333333333332	717.5
20514	56	Janitorial services	47	561720	149	47149	Rutherford County, Tennessee	no	41.166666666666664	485.0	9106.166666666666
20515	56	Janitorial services	47	561720	151	47151	Scott County, Tennessee	yes	1.0	38.31638242103221	673.1746057996477
20516	56	Janitorial services	47	561720	155	47155	Sevier County, Tennessee	no	28.166666666666668	596.1666666666666	11150.5
20517	56	Janitorial services	47	561720	157	47157	Shelby County, Tennessee	no	151.83333333333334	4247.166666666667	69129.0
20518	56	Janitorial services	47	561720	159	47159	Smith County, Tennessee	yes	1.0	38.31638242103221	673.1746057996477
20519	56	Janitorial services	47	561720	161	47161	Stewart County, Tennessee	yes	1.0	33.96946115711068	580.0405527576403
20520	56	Janitorial services	47	561720	163	47163	Sullivan County, Tennessee	no	24.5	335.3333333333333	5351.666666666667
20521	56	Janitorial services	47	561720	165	47165	Sumner County, Tennessee	no	25.4	161.0	2542.4
20522	56	Janitorial services	47	561720	165	47165	Sumner County, Tennessee	yes	29.0	328.6666666666667	10724.89814814815
20523	56	Janitorial services	47	561720	167	47167	Tipton County, Tennessee	no	9.166666666666666	32.833333333333336	719.8333333333334
20524	56	Janitorial services	47	561720	169	47169	Trousdale County, Tennessee	yes	1.0	16.491410056870468	291.27896994191383
20525	56	Janitorial services	47	561720	171	47171	Unicoi County, Tennessee	yes	1.0	38.31638242103221	673.1746057996477
20526	56	Janitorial services	47	561720	173	47173	Union County, Tennessee	yes	2.3333333333333335	92.30283982502283	1632.8301155605166
20527	56	Janitorial services	47	561720	175	47175	Van Buren County, Tennessee	yes	1.0	82.68711656441718	1349.0613496932515
20528	56	Janitorial services	47	561720	177	47177	Warren County, Tennessee	no	6.0	64.5	1639.3333333333333
20529	56	Janitorial services	47	561720	179	47179	Washington County, Tennessee	no	15.666666666666666	314.1666666666667	5489.0
20530	56	Janitorial services	47	561720	183	47183	Weakley County, Tennessee	no	4.0	4.5	74.5
20531	56	Janitorial services	47	561720	183	47183	Weakley County, Tennessee	yes	2.0	67.93892231422136	1160.0811055152806
20532	56	Janitorial services	47	561720	185	47185	White County, Tennessee	yes	2.3333333333333335	92.30283982502283	1632.8301155605166
20533	56	Janitorial services	47	561720	187	47187	Williamson County, Tennessee	no	49.0	973.0	16749.333333333332
20534	56	Janitorial services	47	561720	189	47189	Wilson County, Tennessee	no	25.5	192.83333333333334	3849.6666666666665
20535	56	Landscaping services	47	561730	1	47001	Anderson County, Tennessee	no	15.666666666666666	34.833333333333336	1434.6666666666667
20536	56	Landscaping services	47	561730	3	47003	Bedford County, Tennessee	no	5.5	4.833333333333333	200.66666666666666
20537	56	Landscaping services	47	561730	5	47005	Benton County, Tennessee	no	3.0	7.0	116.0
20538	56	Landscaping services	47	561730	5	47005	Benton County, Tennessee	yes	1.2	11.656918288274719	223.5052671681936
20539	56	Landscaping services	47	561730	7	47007	Bledsoe County, Tennessee	yes	1.0	6.487557158595294	204.7081025610069
20540	56	Landscaping services	47	561730	9	47009	Blount County, Tennessee	no	39.666666666666664	179.5	5146.833333333333
20541	56	Landscaping services	47	561730	11	47011	Bradley County, Tennessee	no	11.833333333333334	63.166666666666664	2021.0
20542	56	Landscaping services	47	561730	13	47013	Campbell County, Tennessee	no	7.0	46.0	1344.0
20543	56	Landscaping services	47	561730	13	47013	Campbell County, Tennessee	yes	7.0	45.412900110167065	1432.9567179270484
20544	56	Landscaping services	47	561730	15	47015	Cannon County, Tennessee	yes	1.0	6.487557158595294	204.7081025610069
20545	56	Landscaping services	47	561730	17	47017	Carroll County, Tennessee	no	6.0	11.0	560.6666666666666
20546	56	Landscaping services	47	561730	19	47019	Carter County, Tennessee	no	12.333333333333334	22.833333333333332	881.6666666666666
20547	56	Landscaping services	47	561730	21	47021	Cheatham County, Tennessee	no	17.0	27.333333333333332	1116.6666666666667
20548	56	Landscaping services	47	561730	23	47023	Chester County, Tennessee	no	3.75	5.0	166.75
20549	56	Landscaping services	47	561730	23	47023	Chester County, Tennessee	yes	2.0	18.83888888888889	338.89444444444445
20550	56	Landscaping services	47	561730	25	47025	Claiborne County, Tennessee	yes	1.8333333333333333	23.183826749070196	334.9388790975763
20551	56	Landscaping services	47	561730	29	47029	Cocke County, Tennessee	no	6.333333333333333	29.5	785.5
20552	56	Landscaping services	47	561730	31	47031	Coffee County, Tennessee	no	17.333333333333332	108.16666666666667	3924.5
20553	56	Landscaping services	47	561730	33	47033	Crockett County, Tennessee	no	5.0	9.4	340.0
20554	56	Landscaping services	47	561730	33	47033	Crockett County, Tennessee	yes	6.0	146.2325581395349	1105.8139534883721
20555	56	Landscaping services	47	561730	35	47035	Cumberland County, Tennessee	no	9.333333333333334	30.166666666666668	1032.5
20556	56	Landscaping services	47	561730	37	47037	Davidson County, Tennessee	no	161.0	2060.6666666666665	69263.66666666667
20557	56	Landscaping services	47	561730	39	47039	Decatur County, Tennessee	yes	1.6666666666666667	16.872565592176972	310.9219113085944
20558	56	Landscaping services	47	561730	41	47041	DeKalb County, Tennessee	no	3.5	5.0	111.66666666666667
20559	56	Landscaping services	47	561730	43	47043	Dickson County, Tennessee	no	15.666666666666666	33.5	1060.3333333333333
20560	56	Landscaping services	47	561730	45	47045	Dyer County, Tennessee	no	9.333333333333334	24.333333333333332	909.8333333333334
20561	56	Landscaping services	47	561730	47	47047	Fayette County, Tennessee	no	16.166666666666668	207.0	6729.666666666667
20562	56	Landscaping services	47	561730	51	47051	Franklin County, Tennessee	no	9.0	21.0	401.5
20563	56	Landscaping services	47	561730	53	47053	Gibson County, Tennessee	no	13.666666666666666	28.0	973.1666666666666
20564	56	Landscaping services	47	561730	55	47055	Giles County, Tennessee	no	9.5	11.0	511.3333333333333
20565	56	Landscaping services	47	561730	57	47057	Grainger County, Tennessee	yes	1.6666666666666667	22.16901193425538	307.8536939123912
20566	56	Landscaping services	47	561730	59	47059	Greene County, Tennessee	no	7.0	17.166666666666668	620.0
20567	56	Landscaping services	47	561730	63	47063	Hamblen County, Tennessee	no	19.0	52.0	1354.0
20568	56	Landscaping services	47	561730	65	47065	Hamilton County, Tennessee	no	82.66666666666667	413.0	13153.833333333334
20569	56	Landscaping services	47	561730	67	47067	Hancock County, Tennessee	yes	1.0	11.570231724497058	186.20346971418473
20570	56	Landscaping services	47	561730	69	47069	Hardeman County, Tennessee	yes	1.0	11.570231724497058	186.20346971418473
20571	56	Landscaping services	47	561730	71	47071	Hardin County, Tennessee	yes	1.6666666666666667	20.97794439612902	304.17090524136717
20572	56	Landscaping services	47	561730	73	47073	Hawkins County, Tennessee	no	6.6	48.8	1491.0
20573	56	Landscaping services	47	561730	73	47073	Hawkins County, Tennessee	yes	4.0	51.0	705.5333333333333
20574	56	Landscaping services	47	561730	75	47075	Haywood County, Tennessee	no	5.0	45.666666666666664	975.6666666666666
20575	56	Landscaping services	47	561730	75	47075	Haywood County, Tennessee	yes	3.3333333333333335	21.093632835709112	626.0976866034953
20576	56	Landscaping services	47	561730	77	47077	Henderson County, Tennessee	no	7.0	47.0	1875.6666666666667
20577	56	Landscaping services	47	561730	77	47077	Henderson County, Tennessee	yes	3.3333333333333335	54.60738714090288	604.0879464964281
20578	56	Landscaping services	47	561730	79	47079	Henry County, Tennessee	no	7.833333333333333	28.0	801.5
20579	56	Landscaping services	47	561730	81	47081	Hickman County, Tennessee	no	3.0	18.0	532.5
20580	56	Landscaping services	47	561730	81	47081	Hickman County, Tennessee	yes	2.0	37.122093023255815	360.68565891472866
20581	56	Landscaping services	47	561730	85	47085	Humphreys County, Tennessee	yes	2.1666666666666665	25.265463448994115	401.80416165059165
20582	56	Landscaping services	47	561730	87	47087	Jackson County, Tennessee	yes	2.0	23.140463448994115	372.40693942836947
20583	56	Landscaping services	47	561730	89	47089	Jefferson County, Tennessee	no	9.333333333333334	70.0	2433.1666666666665
20584	56	Landscaping services	47	561730	93	47093	Knox County, Tennessee	no	130.83333333333334	1443.8333333333333	42252.0
20585	56	Landscaping services	47	561730	95	47095	Lake County, Tennessee	yes	1.3333333333333333	13.732750777362156	254.43950390118707
20586	56	Landscaping services	47	561730	97	47097	Lauderdale County, Tennessee	yes	1.0	6.3546677353598255	190.64243874437497
20587	56	Landscaping services	47	561730	99	47099	Lawrence County, Tennessee	no	6.0	14.0	471.6666666666667
20588	56	Landscaping services	47	561730	101	47101	Lewis County, Tennessee	yes	1.5	11.197279380817516	289.431713672118
20589	56	Landscaping services	47	561730	103	47103	Lincoln County, Tennessee	no	8.166666666666666	62.5	1454.1666666666667
20590	56	Landscaping services	47	561730	105	47105	Loudon County, Tennessee	no	18.5	102.16666666666667	2672.6666666666665
20591	56	Landscaping services	47	561730	107	47107	McMinn County, Tennessee	no	11.0	105.33333333333333	3437.0
20592	56	Landscaping services	47	561730	109	47109	McNairy County, Tennessee	yes	1.8333333333333333	20.93458109605294	341.6389655721603
20593	56	Landscaping services	47	561730	111	47111	Macon County, Tennessee	no	4.0	0.0	201.0
20594	56	Landscaping services	47	561730	111	47111	Macon County, Tennessee	yes	2.2	20.666777753020025	410.0889657089362
20595	56	Landscaping services	47	561730	113	47113	Madison County, Tennessee	no	17.833333333333332	71.16666666666667	2343.3333333333335
20596	56	Landscaping services	47	561730	117	47117	Marshall County, Tennessee	yes	1.8333333333333333	19.078447945118146	341.68988516480357
20597	56	Landscaping services	47	561730	119	47119	Maury County, Tennessee	no	25.666666666666668	146.5	4383.333333333333
20598	56	Landscaping services	47	561730	121	47121	Meigs County, Tennessee	no	3.0	1.5	85.0
20599	56	Landscaping services	47	561730	121	47121	Meigs County, Tennessee	yes	1.0	7.953500801519869	187.07766239161455
20600	56	Landscaping services	47	561730	123	47123	Monroe County, Tennessee	no	9.5	33.333333333333336	1280.6666666666667
20601	56	Landscaping services	47	561730	125	47125	Montgomery County, Tennessee	no	34.5	91.33333333333333	2839.1666666666665
20602	56	Landscaping services	47	561730	127	47127	Moore County, Tennessee	yes	1.0	11.570231724497058	186.20346971418473
20603	56	Landscaping services	47	561730	129	47129	Morgan County, Tennessee	yes	2.0	23.140463448994115	372.40693942836947
20604	56	Landscaping services	47	561730	131	47131	Obion County, Tennessee	no	9.166666666666666	22.333333333333332	349.0
20605	56	Landscaping services	47	561730	133	47133	Overton County, Tennessee	no	3.0	3.2	176.4
20606	56	Landscaping services	47	561730	133	47133	Overton County, Tennessee	yes	2.0	25.5	352.76666666666665
20607	56	Landscaping services	47	561730	135	47135	Perry County, Tennessee	yes	1.0	18.803693570451436	184.4550843593251
20608	56	Landscaping services	47	561730	139	47139	Polk County, Tennessee	yes	1.6666666666666667	20.97794439612902	304.17090524136717
20609	56	Landscaping services	47	561730	141	47141	Putnam County, Tennessee	no	22.0	62.0	1563.5
20610	56	Landscaping services	47	561730	143	47143	Rhea County, Tennessee	no	5.8	18.8	476.0
20611	56	Landscaping services	47	561730	143	47143	Rhea County, Tennessee	yes	6.0	76.5	1058.3
20612	56	Landscaping services	47	561730	145	47145	Roane County, Tennessee	no	6.5	18.5	549.1666666666666
20613	56	Landscaping services	47	561730	147	47147	Robertson County, Tennessee	no	11.333333333333334	25.166666666666668	954.1666666666666
20614	56	Landscaping services	47	561730	149	47149	Rutherford County, Tennessee	no	61.333333333333336	379.1666666666667	12642.5
20615	56	Landscaping services	47	561730	153	47153	Sequatchie County, Tennessee	no	3.0	4.5	145.75
20616	56	Landscaping services	47	561730	153	47153	Sequatchie County, Tennessee	yes	2.0	32.038987688098494	369.0629274965801
20617	56	Landscaping services	47	561730	155	47155	Sevier County, Tennessee	no	26.5	100.0	2364.6666666666665
20618	56	Landscaping services	47	561730	157	47157	Shelby County, Tennessee	no	188.66666666666666	1942.5	67050.16666666667
20619	56	Landscaping services	47	561730	159	47159	Smith County, Tennessee	no	3.0	13.0	471.0
20620	56	Landscaping services	47	561730	159	47159	Smith County, Tennessee	yes	2.75	40.8124848001216	490.22568209454334
20621	56	Landscaping services	47	561730	161	47161	Stewart County, Tennessee	yes	1.0	11.570231724497058	186.20346971418473
20622	56	Landscaping services	47	561730	163	47163	Sullivan County, Tennessee	no	34.5	165.33333333333334	4301.166666666667
20623	56	Landscaping services	47	561730	165	47165	Sumner County, Tennessee	no	47.833333333333336	279.8333333333333	8782.5
20624	56	Landscaping services	47	561730	167	47167	Tipton County, Tennessee	no	12.333333333333334	72.0	2706.5
20625	56	Landscaping services	47	561730	169	47169	Trousdale County, Tennessee	no	3.0	1.0	36.0
20626	56	Landscaping services	47	561730	169	47169	Trousdale County, Tennessee	yes	1.4	13.769833624952025	253.17194143479946
20627	56	Landscaping services	47	561730	171	47171	Unicoi County, Tennessee	no	3.2	9.2	304.8
20628	56	Landscaping services	47	561730	171	47171	Unicoi County, Tennessee	yes	2.0	26.470588235294116	369.2156862745098
20629	56	Landscaping services	47	561730	173	47173	Union County, Tennessee	no	5.25	7.0	184.75
20630	56	Landscaping services	47	561730	173	47173	Union County, Tennessee	yes	2.0	32.038987688098494	369.0629274965801
20631	56	Landscaping services	47	561730	175	47175	Van Buren County, Tennessee	yes	1.0	24.372093023255815	184.30232558139534
20632	56	Landscaping services	47	561730	177	47177	Warren County, Tennessee	no	4.0	25.666666666666668	650.6666666666666
20633	56	Landscaping services	47	561730	177	47177	Warren County, Tennessee	yes	4.0	44.985947712418294	702.6271241830065
20634	56	Landscaping services	47	561730	179	47179	Washington County, Tennessee	no	25.666666666666668	82.5	2224.3333333333335
20635	56	Landscaping services	47	561730	181	47181	Wayne County, Tennessee	yes	1.0	11.570231724497058	186.20346971418473
20636	56	Landscaping services	47	561730	183	47183	Weakley County, Tennessee	no	5.666666666666667	6.833333333333333	284.0
20637	56	Landscaping services	47	561730	185	47185	White County, Tennessee	no	5.666666666666667	55.166666666666664	1608.6666666666667
20638	56	Landscaping services	47	561730	187	47187	Williamson County, Tennessee	no	124.83333333333333	672.8333333333334	22491.833333333332
20639	56	Landscaping services	47	561730	189	47189	Wilson County, Tennessee	no	41.833333333333336	143.83333333333334	4215.166666666667
20640	56	Locksmiths	47	561622	1	47001	Anderson County, Tennessee	yes	1.0	2.7143683724215335	124.91515064437476
20641	56	Locksmiths	47	561622	9	47009	Blount County, Tennessee	yes	1.1666666666666667	3.2677017057548667	145.50848397770812
20642	56	Locksmiths	47	561622	11	47011	Bradley County, Tennessee	yes	1.0	2.7143683724215335	124.91515064437476
20643	56	Locksmiths	47	561622	19	47019	Carter County, Tennessee	yes	1.0	2.7143683724215335	124.91515064437476
20644	56	Locksmiths	47	561622	21	47021	Cheatham County, Tennessee	yes	1.8333333333333333	5.9964450781764	234.68446795541618
20645	56	Locksmiths	47	561622	29	47029	Cocke County, Tennessee	yes	1.0	1.8577478448275864	108.48257445141066
20646	56	Locksmiths	47	561622	31	47031	Coffee County, Tennessee	yes	1.0	2.7143683724215335	124.91515064437476
20647	56	Locksmiths	47	561622	37	47037	Davidson County, Tennessee	no	6.833333333333333	20.333333333333332	836.5
20648	56	Locksmiths	47	561622	43	47043	Dickson County, Tennessee	yes	1.0	0.5554956896551726	104.23060344827587
20649	56	Locksmiths	47	561622	63	47063	Hamblen County, Tennessee	yes	2.0	5.428736744843067	249.83030128874952
20650	56	Locksmiths	47	561622	65	47065	Hamilton County, Tennessee	yes	3.1666666666666665	8.696438450597933	395.3387852664577
20651	56	Locksmiths	47	561622	93	47093	Knox County, Tennessee	no	6.666666666666667	25.166666666666668	1001.6666666666666
20652	56	Locksmiths	47	561622	105	47105	Loudon County, Tennessee	yes	1.0	2.7143683724215335	124.91515064437476
20653	56	Locksmiths	47	561622	109	47109	McNairy County, Tennessee	yes	1.0	3.7938047138047137	135.25742424242424
20654	56	Locksmiths	47	561622	113	47113	Madison County, Tennessee	yes	1.0	2.7143683724215335	124.91515064437476
20655	56	Locksmiths	47	561622	119	47119	Maury County, Tennessee	yes	1.0	2.7143683724215335	124.91515064437476
20656	56	Locksmiths	47	561622	125	47125	Montgomery County, Tennessee	no	3.0	3.25	182.25
20657	56	Locksmiths	47	561622	125	47125	Montgomery County, Tennessee	yes	3.0	-0.609375	289.1761363636364
20658	56	Locksmiths	47	561622	147	47147	Robertson County, Tennessee	yes	1.5	-1.1476293103448274	149.66810344827587
20659	56	Locksmiths	47	561622	149	47149	Rutherford County, Tennessee	yes	2.0	5.428736744843067	249.83030128874952
20660	56	Locksmiths	47	561622	155	47155	Sevier County, Tennessee	yes	1.6666666666666667	1.2349137931034484	167.71812957157786
20661	56	Locksmiths	47	561622	157	47157	Shelby County, Tennessee	no	10.333333333333334	75.83333333333333	2624.8333333333335
20662	56	Locksmiths	47	561622	163	47163	Sullivan County, Tennessee	yes	1.0	2.7143683724215335	124.91515064437476
20663	56	Locksmiths	47	561622	165	47165	Sumner County, Tennessee	yes	1.0	2.7143683724215335	124.91515064437476
20664	56	Locksmiths	47	561622	179	47179	Washington County, Tennessee	no	3.0	9.666666666666666	329.3333333333333
20665	56	Locksmiths	47	561622	179	47179	Washington County, Tennessee	yes	2.0	2.7406609195402303	206.91353187042841
20666	56	Locksmiths	47	561622	183	47183	Weakley County, Tennessee	yes	1.0	3.7586206896551726	109.74764890282131
20667	56	Locksmiths	47	561622	187	47187	Williamson County, Tennessee	no	3.6666666666666665	11.666666666666666	525.6666666666666
20668	56	Locksmiths	47	561622	187	47187	Williamson County, Tennessee	yes	2.0	2.7406609195402303	206.91353187042841
20669	56	Locksmiths	47	561622	189	47189	Wilson County, Tennessee	yes	1.6666666666666667	5.24357151495801	215.08676680599092
20670	56	Materials recovery facilities	47	562920	9	47009	Blount County, Tennessee	yes	1.0	10.63	282.335
20671	56	Materials recovery facilities	47	562920	33	47033	Crockett County, Tennessee	yes	1.0	10.248888888888889	269.1285282651072
20672	56	Materials recovery facilities	47	562920	37	47037	Davidson County, Tennessee	yes	2.0	19.553333333333335	513.4202144249513
20673	56	Materials recovery facilities	47	562920	41	47041	DeKalb County, Tennessee	yes	1.0	10.248888888888889	269.1285282651072
20674	56	Materials recovery facilities	47	562920	43	47043	Dickson County, Tennessee	yes	1.0	9.365333333333332	247.03423391812868
20675	56	Materials recovery facilities	47	562920	55	47055	Giles County, Tennessee	yes	2.0	20.497777777777777	538.2570565302144
20676	56	Materials recovery facilities	47	562920	63	47063	Hamblen County, Tennessee	yes	1.3333333333333333	13.971111111111108	366.8488986354776
20677	56	Materials recovery facilities	47	562920	71	47071	Hardin County, Tennessee	yes	1.0	10.63	282.335
20678	56	Materials recovery facilities	47	562920	93	47093	Knox County, Tennessee	yes	1.75	17.330000000000002	456.57973684210526
20679	56	Materials recovery facilities	47	562920	101	47101	Lewis County, Tennessee	yes	1.0	8.52222222222222	223.50038986354775
20680	56	Materials recovery facilities	47	562920	113	47113	Madison County, Tennessee	yes	1.0	10.248888888888889	269.1285282651072
20681	56	Materials recovery facilities	47	562920	119	47119	Maury County, Tennessee	yes	1.6666666666666667	16.775555555555552	440.53668615984407
20682	56	Materials recovery facilities	47	562920	131	47131	Obion County, Tennessee	yes	1.0	10.058333333333334	262.5252923976608
20683	56	Materials recovery facilities	47	562920	145	47145	Roane County, Tennessee	yes	1.0	11.166666666666666	293.1611111111111
20684	56	Materials recovery facilities	47	562920	147	47147	Robertson County, Tennessee	yes	1.0	11.833333333333332	305.08947368421053
20685	56	Materials recovery facilities	47	562920	149	47149	Rutherford County, Tennessee	yes	1.2	11.145333333333333	293.67423391812866
20686	56	Materials recovery facilities	47	562920	157	47157	Shelby County, Tennessee	no	5.0	170.66666666666666	4528.833333333333
20687	56	Materials recovery facilities	47	562920	163	47163	Sullivan County, Tennessee	yes	1.0	10.053333333333335	265.95666666666665
20688	56	Materials recovery facilities	47	562920	169	47169	Trousdale County, Tennessee	yes	1.0	11.166666666666666	293.1611111111111
20689	56	Materials recovery facilities	47	562920	177	47177	Warren County, Tennessee	yes	1.8333333333333333	18.053333333333335	474.99038986354776
20690	56	Materials recovery facilities	47	562920	179	47179	Washington County, Tennessee	yes	1.0	10.63	282.335
20691	56	Materials recovery facilities	47	562920	187	47187	Williamson County, Tennessee	yes	1.0	14.666666666666666	379.6
20692	56	Office administrative services	47	561110	1	47001	Anderson County, Tennessee	no	5.0	97.0	2099.0
20693	56	Office administrative services	47	561110	1	47001	Anderson County, Tennessee	yes	1.0	15.81445868945869	912.826685660019
20694	56	Office administrative services	47	561110	3	47003	Bedford County, Tennessee	yes	1.0	16.793269230769234	848.8461538461539
20695	56	Office administrative services	47	561110	7	47007	Bledsoe County, Tennessee	yes	1.0	16.365384615384617	729.2307692307693
20696	56	Office administrative services	47	561110	9	47009	Blount County, Tennessee	no	4.25	30.5	1223.5
20697	56	Office administrative services	47	561110	9	47009	Blount County, Tennessee	yes	4.0	74.66452991452991	4562.700854700855
20698	56	Office administrative services	47	561110	11	47011	Bradley County, Tennessee	no	9.25	100.25	12717.0
20699	56	Office administrative services	47	561110	11	47011	Bradley County, Tennessee	yes	10.0	182.38247863247864	10210.598290598291
20700	56	Office administrative services	47	561110	13	47013	Campbell County, Tennessee	yes	2.0	24.791055206149544	1449.7187281621243
20701	56	Office administrative services	47	561110	15	47015	Cannon County, Tennessee	yes	1.0	14.766635981651703	819.5715923954917
20702	56	Office administrative services	47	561110	17	47017	Carroll County, Tennessee	yes	1.0	12.395527603074772	724.8593640810622
20703	56	Office administrative services	47	561110	19	47019	Carter County, Tennessee	no	4.0	22.0	1511.0
20704	56	Office administrative services	47	561110	19	47019	Carter County, Tennessee	yes	1.2	18.469108477127342	1100.2175348062142
20705	56	Office administrative services	47	561110	21	47021	Cheatham County, Tennessee	yes	1.8333333333333333	26.805707860739307	1517.6047232525218
20706	56	Office administrative services	47	561110	31	47031	Coffee County, Tennessee	no	3.3333333333333335	42.666666666666664	1475.3333333333333
20707	56	Office administrative services	47	561110	31	47031	Coffee County, Tennessee	yes	3.3333333333333335	47.35327635327635	2386.9420702754037
20708	56	Office administrative services	47	561110	33	47033	Crockett County, Tennessee	yes	1.0	12.395527603074772	724.8593640810622
20709	56	Office administrative services	47	561110	37	47037	Davidson County, Tennessee	no	102.16666666666667	1460.0	99600.5
20710	56	Office administrative services	47	561110	39	47039	Decatur County, Tennessee	yes	1.3333333333333333	20.846051936067656	1159.9248687487682
20711	56	Office administrative services	47	561110	41	47041	DeKalb County, Tennessee	yes	2.5	37.44050130803276	2095.556527620993
20712	56	Office administrative services	47	561110	43	47043	Dickson County, Tennessee	yes	1.5	20.583663701195146	1137.3796520274507
20713	56	Office administrative services	47	561110	45	47045	Dyer County, Tennessee	no	3.3333333333333335	0.0	769.0
20714	56	Office administrative services	47	561110	45	47045	Dyer County, Tennessee	yes	2.0	23.268110878173772	1271.232238527836
20715	56	Office administrative services	47	561110	47	47047	Fayette County, Tennessee	yes	1.0	14.766635981651703	819.5715923954917
20716	56	Office administrative services	47	561110	49	47049	Fentress County, Tennessee	yes	1.0	13.238247863247864	593.1801994301994
20717	56	Office administrative services	47	561110	51	47051	Franklin County, Tennessee	yes	1.1666666666666667	17.494200084215805	941.1100539339535
20718	56	Office administrative services	47	561110	53	47053	Gibson County, Tennessee	yes	1.4	21.913339246358113	1293.9098424985218
20719	56	Office administrative services	47	561110	59	47059	Greene County, Tennessee	no	5.0	0.0	4317.5
20720	56	Office administrative services	47	561110	59	47059	Greene County, Tennessee	yes	4.25	56.428608624952965	3117.425280868677
20721	56	Office administrative services	47	561110	63	47063	Hamblen County, Tennessee	yes	1.0	12.395527603074772	724.8593640810622
20722	56	Office administrative services	47	561110	65	47065	Hamilton County, Tennessee	no	34.833333333333336	1149.1666666666667	48668.333333333336
20723	56	Office administrative services	47	561110	71	47071	Hardin County, Tennessee	yes	1.5	25.285256410256412	1437.2653133903134
20724	56	Office administrative services	47	561110	75	47075	Haywood County, Tennessee	yes	1.0	14.766635981651703	819.5715923954917
20725	56	Office administrative services	47	561110	77	47077	Henderson County, Tennessee	no	4.5	5.0	1043.3333333333333
20726	56	Office administrative services	47	561110	79	47079	Henry County, Tennessee	yes	1.6666666666666667	25.401429428945153	1397.5233967639626
20727	56	Office administrative services	47	561110	89	47089	Jefferson County, Tennessee	yes	1.8333333333333333	26.805707860739307	1517.6047232525218
20728	56	Office administrative services	47	561110	91	47091	Johnson County, Tennessee	yes	1.0	13.666132478632479	712.7955840455841
20729	56	Office administrative services	47	561110	93	47093	Knox County, Tennessee	no	54.333333333333336	958.6666666666666	59196.5
20730	56	Office administrative services	47	561110	99	47099	Lawrence County, Tennessee	yes	1.5	28.29380341880342	1677.5042735042734
20731	56	Office administrative services	47	561110	103	47103	Lincoln County, Tennessee	yes	1.0	12.395527603074772	724.8593640810622
20732	56	Office administrative services	47	561110	105	47105	Loudon County, Tennessee	no	3.0	0.0	1043.0
20733	56	Office administrative services	47	561110	105	47105	Loudon County, Tennessee	yes	1.8	26.871550287588025	1583.8535881309467
20734	56	Office administrative services	47	561110	107	47107	McMinn County, Tennessee	yes	2.0	29.533271963303406	1639.1431847909835
20735	56	Office administrative services	47	561110	109	47109	McNairy County, Tennessee	yes	1.5	23.71624424375997	1321.3351251590245
20736	56	Office administrative services	47	561110	113	47113	Madison County, Tennessee	no	6.666666666666667	31.333333333333332	4974.666666666667
20737	56	Office administrative services	47	561110	115	47115	Marion County, Tennessee	yes	1.6666666666666667	25.401429428945153	1397.5233967639626
20738	56	Office administrative services	47	561110	117	47117	Marshall County, Tennessee	yes	1.0	13.030830040853626	718.8274740633232
20739	56	Office administrative services	47	561110	119	47119	Maury County, Tennessee	no	7.0	82.0	4028.0
20740	56	Office administrative services	47	561110	119	47119	Maury County, Tennessee	yes	4.4	65.41208676019997	3739.7034994355754
20741	56	Office administrative services	47	561110	123	47123	Monroe County, Tennessee	yes	1.1666666666666667	17.494200084215805	941.1100539339535
20742	56	Office administrative services	47	561110	125	47125	Montgomery County, Tennessee	no	6.666666666666667	151.83333333333334	8505.0
20743	56	Office administrative services	47	561110	131	47131	Obion County, Tennessee	no	3.0	10.0	596.0
20744	56	Office administrative services	47	561110	131	47131	Obion County, Tennessee	yes	3.0	43.34065876471537	2512.9192710853085
20745	56	Office administrative services	47	561110	133	47133	Overton County, Tennessee	yes	1.0	14.766635981651703	819.5715923954917
20746	56	Office administrative services	47	561110	141	47141	Putnam County, Tennessee	no	8.0	164.83333333333334	5118.833333333333
20747	56	Office administrative services	47	561110	143	47143	Rhea County, Tennessee	yes	1.0	15.697740955759826	892.0599849486641
20748	56	Office administrative services	47	561110	145	47145	Roane County, Tennessee	yes	1.5	20.583663701195146	1137.3796520274507
20749	56	Office administrative services	47	561110	147	47147	Robertson County, Tennessee	no	3.8	8.8	570.4
20750	56	Office administrative services	47	561110	147	47147	Robertson County, Tennessee	yes	4.0	40.44444444444444	1828.5185185185185
20751	56	Office administrative services	47	561110	149	47149	Rutherford County, Tennessee	no	17.0	169.25	18394.75
20752	56	Office administrative services	47	561110	149	47149	Rutherford County, Tennessee	yes	17.0	315.8792735042735	19219.264957264957
20753	56	Office administrative services	47	561110	155	47155	Sevier County, Tennessee	no	9.75	34.5	5030.0
20754	56	Office administrative services	47	561110	155	47155	Sevier County, Tennessee	yes	5.0	91.19123931623932	5105.2991452991455
20755	56	Office administrative services	47	561110	157	47157	Shelby County, Tennessee	no	70.0	1523.8333333333333	84685.83333333333
20756	56	Office administrative services	47	561110	163	47163	Sullivan County, Tennessee	no	7.25	102.25	21371.25
20757	56	Office administrative services	47	561110	163	47163	Sullivan County, Tennessee	yes	7.5	140.7184829059829	8641.17094017094
20758	56	Office administrative services	47	561110	165	47165	Sumner County, Tennessee	no	7.8	124.8	5345.2
20759	56	Office administrative services	47	561110	165	47165	Sumner County, Tennessee	yes	8.0	137.76923076923077	7747.6923076923085
20760	56	Office administrative services	47	561110	167	47167	Tipton County, Tennessee	yes	1.1666666666666667	17.636828289344013	980.9818488057482
20761	56	Office administrative services	47	561110	169	47169	Trousdale County, Tennessee	yes	1.0	17.221153846153847	968.4615384615386
20762	56	Office administrative services	47	561110	177	47177	Warren County, Tennessee	yes	1.8333333333333333	26.805707860739307	1517.6047232525218
20763	56	Office administrative services	47	561110	179	47179	Washington County, Tennessee	no	6.666666666666667	167.0	7931.833333333333
20764	56	Office administrative services	47	561110	183	47183	Weakley County, Tennessee	yes	1.4	19.405097296135033	1127.5835026608613
20765	56	Office administrative services	47	561110	187	47187	Williamson County, Tennessee	no	53.333333333333336	1048.3333333333333	98341.0
20766	56	Office administrative services	47	561110	189	47189	Wilson County, Tennessee	no	9.4	23.4	1056.4
20767	56	Office administrative services	47	561110	189	47189	Wilson County, Tennessee	yes	9.0	154.9903846153846	8716.153846153846
20768	56	Other business service centers (including copy shops)	47	561439	37	47037	Davidson County, Tennessee	no	20.0	290.8333333333333	16103.166666666666
20769	56	Other business service centers (including copy shops)	47	561439	43	47043	Dickson County, Tennessee	yes	1.0	10.436155240930523	283.5882087637705
20770	56	Other business service centers (including copy shops)	47	561439	53	47053	Gibson County, Tennessee	yes	1.0	10.436155240930523	283.5882087637705
20771	56	Other business service centers (including copy shops)	47	561439	59	47059	Greene County, Tennessee	yes	1.3333333333333333	12.39250787705844	372.3191220452456
20772	56	Other business service centers (including copy shops)	47	561439	65	47065	Hamilton County, Tennessee	no	7.0	19.5	787.5
20773	56	Other business service centers (including copy shops)	47	561439	87	47087	Jackson County, Tennessee	yes	1.0	10.436155240930523	283.5882087637705
20774	56	Other business service centers (including copy shops)	47	561439	91	47091	Johnson County, Tennessee	yes	1.0	10.436155240930523	283.5882087637705
20775	56	Other business service centers (including copy shops)	47	561439	93	47093	Knox County, Tennessee	no	9.166666666666666	57.5	1846.8333333333333
20776	56	Other business service centers (including copy shops)	47	561439	113	47113	Madison County, Tennessee	yes	1.0	10.436155240930523	283.5882087637705
20777	56	Other business service centers (including copy shops)	47	561439	125	47125	Montgomery County, Tennessee	yes	1.0	10.436155240930523	283.5882087637705
20778	56	Other business service centers (including copy shops)	47	561439	145	47145	Roane County, Tennessee	yes	1.0	10.436155240930523	283.5882087637705
20779	56	Other business service centers (including copy shops)	47	561439	149	47149	Rutherford County, Tennessee	yes	1.5	13.836952321502885	396.4950479711715
20780	56	Other business service centers (including copy shops)	47	561439	155	47155	Sevier County, Tennessee	yes	1.0	10.436155240930523	283.5882087637705
20781	56	Other business service centers (including copy shops)	47	561439	157	47157	Shelby County, Tennessee	no	24.0	158.2	7421.0
20782	56	Other business service centers (including copy shops)	47	561439	157	47157	Shelby County, Tennessee	yes	23.0	766.0277777777777	19182.638888888887
20783	56	Other business service centers (including copy shops)	47	561439	163	47163	Sullivan County, Tennessee	yes	1.0	5.1434745030250655	211.74387784500144
20784	56	Other business service centers (including copy shops)	47	561439	165	47165	Sumner County, Tennessee	no	3.0	2.0	32.0
20785	56	Other business service centers (including copy shops)	47	561439	165	47165	Sumner County, Tennessee	yes	2.0	18.416590354090353	397.86851343101335
20786	56	Other business service centers (including copy shops)	47	561439	179	47179	Washington County, Tennessee	no	3.0	22.166666666666668	580.0
20787	56	Other business service centers (including copy shops)	47	561439	187	47187	Williamson County, Tennessee	no	4.8	42.4	2171.4
20788	56	Other business service centers (including copy shops)	47	561439	187	47187	Williamson County, Tennessee	yes	4.0	34.666666666666664	580.2222222222222
20789	56	Other business service centers (including copy shops)	47	561439	189	47189	Wilson County, Tennessee	yes	1.3333333333333333	26.830687830687832	633.4417989417989
20790	56	Other nonhazardous waste treatment and disposal	47	562219	37	47037	Davidson County, Tennessee	yes	1.0	10.483333333333333	627.6
20791	56	Other nonhazardous waste treatment and disposal	47	562219	93	47093	Knox County, Tennessee	yes	1.5	15.616666666666667	935.7333333333335
20792	56	Other nonhazardous waste treatment and disposal	47	562219	119	47119	Maury County, Tennessee	yes	1.0	10.483333333333333	627.6
20793	56	Other nonhazardous waste treatment and disposal	47	562219	155	47155	Sevier County, Tennessee	yes	1.0	10.0	608.2
20794	56	Other nonhazardous waste treatment and disposal	47	562219	157	47157	Shelby County, Tennessee	yes	1.0	10.18	613.9200000000001
20795	56	Other nonhazardous waste treatment and disposal	47	562219	165	47165	Sumner County, Tennessee	yes	1.0	10.3	642.8
20796	56	Other services to buildings and dwellings	47	561790	1	47001	Anderson County, Tennessee	yes	1.5	13.0	262.5153846153846
20797	56	Other services to buildings and dwellings	47	561790	3	47003	Bedford County, Tennessee	yes	1.5	11.854710978817614	268.97615721393373
20798	56	Other services to buildings and dwellings	47	561790	9	47009	Blount County, Tennessee	yes	2.8333333333333335	21.855959972465925	515.858858696607
20799	56	Other services to buildings and dwellings	47	561790	11	47011	Bradley County, Tennessee	no	6.166666666666667	32.166666666666664	1464.6666666666667
20800	56	Other services to buildings and dwellings	47	561790	13	47013	Campbell County, Tennessee	yes	1.0	7.709374104813696	182.25360690358988
20801	56	Other services to buildings and dwellings	47	561790	15	47015	Cannon County, Tennessee	yes	1.0	7.452050388635755	185.26949879388903
20802	56	Other services to buildings and dwellings	47	561790	19	47019	Carter County, Tennessee	yes	1.0	7.968068164267826	182.01903139401722
20803	56	Other services to buildings and dwellings	47	561790	21	47021	Cheatham County, Tennessee	no	4.666666666666667	14.666666666666666	409.0
20804	56	Other services to buildings and dwellings	47	561790	21	47021	Cheatham County, Tennessee	yes	2.0	20.06060606060606	370.4193473193473
20805	56	Other services to buildings and dwellings	47	561790	23	47023	Chester County, Tennessee	yes	1.0	9.377466977466979	179.86456876456876
20806	56	Other services to buildings and dwellings	47	561790	29	47029	Cocke County, Tennessee	yes	1.0	8.678449070309536	179.2879614571475
20807	56	Other services to buildings and dwellings	47	561790	31	47031	Coffee County, Tennessee	yes	1.1666666666666667	9.064967389074026	211.61205464983118
20808	56	Other services to buildings and dwellings	47	561790	37	47037	Davidson County, Tennessee	no	21.5	124.0	5005.166666666667
20809	56	Other services to buildings and dwellings	47	561790	39	47039	Decatur County, Tennessee	yes	1.0	7.476923076923077	163.33846153846156
20810	56	Other services to buildings and dwellings	47	561790	47	47047	Fayette County, Tennessee	no	3.6666666666666665	9.0	605.5
20811	56	Other services to buildings and dwellings	47	561790	51	47051	Franklin County, Tennessee	no	3.0	3.0	143.0
20812	56	Other services to buildings and dwellings	47	561790	51	47051	Franklin County, Tennessee	yes	1.25	10.547679839540306	220.1225768417629
20813	56	Other services to buildings and dwellings	47	561790	53	47053	Gibson County, Tennessee	yes	1.0	7.968068164267826	182.01903139401722
20814	56	Other services to buildings and dwellings	47	561790	55	47055	Giles County, Tennessee	yes	1.0	7.282893918333509	179.3410194910025
20815	56	Other services to buildings and dwellings	47	561790	57	47057	Grainger County, Tennessee	yes	1.3333333333333333	10.150503614995959	244.51275514993608
20816	56	Other services to buildings and dwellings	47	561790	59	47059	Greene County, Tennessee	yes	1.0	7.968068164267826	182.01903139401722
20817	56	Other services to buildings and dwellings	47	561790	61	47061	Grundy County, Tennessee	yes	1.0	7.968068164267826	182.01903139401722
20818	56	Other services to buildings and dwellings	47	561790	63	47063	Hamblen County, Tennessee	no	3.0	2.0	47.0
20819	56	Other services to buildings and dwellings	47	561790	63	47063	Hamblen County, Tennessee	yes	2.0	16.377644061364993	350.55826557163766
20820	56	Other services to buildings and dwellings	47	561790	65	47065	Hamilton County, Tennessee	no	10.666666666666666	235.66666666666666	5444.333333333333
20821	56	Other services to buildings and dwellings	47	561790	65	47065	Hamilton County, Tennessee	yes	10.666666666666666	100.06495726495727	1918.2282051282052
20822	56	Other services to buildings and dwellings	47	561790	73	47073	Hawkins County, Tennessee	yes	1.1666666666666667	9.214222010421672	209.24210831709414
20823	56	Other services to buildings and dwellings	47	561790	75	47075	Haywood County, Tennessee	yes	1.0	7.7674868617863515	186.98239324487196
20824	56	Other services to buildings and dwellings	47	561790	79	47079	Henry County, Tennessee	no	3.0	5.0	246.0
20825	56	Other services to buildings and dwellings	47	561790	79	47079	Henry County, Tennessee	yes	2.0	16.490805454707896	365.82241953168784
20826	56	Other services to buildings and dwellings	47	561790	81	47081	Hickman County, Tennessee	yes	1.0	7.968068164267826	182.01903139401722
20827	56	Other services to buildings and dwellings	47	561790	89	47089	Jefferson County, Tennessee	yes	1.0	7.476923076923077	163.33846153846156
20828	56	Other services to buildings and dwellings	47	561790	93	47093	Knox County, Tennessee	no	20.0	63.833333333333336	2728.8333333333335
20829	56	Other services to buildings and dwellings	47	561790	99	47099	Lawrence County, Tennessee	yes	1.0	6.5473063521844015	187.48117126775662
20830	56	Other services to buildings and dwellings	47	561790	105	47105	Loudon County, Tennessee	yes	1.6666666666666667	14.95695415695416	294.5927738927739
20831	56	Other services to buildings and dwellings	47	561790	107	47107	McMinn County, Tennessee	yes	1.8333333333333333	13.429838290530292	336.5995021616689
20832	56	Other services to buildings and dwellings	47	561790	109	47109	McNairy County, Tennessee	yes	1.0	7.7674868617863515	186.98239324487196
20833	56	Other services to buildings and dwellings	47	561790	111	47111	Macon County, Tennessee	yes	1.5	12.656801653001311	271.9513157763016
20834	56	Other services to buildings and dwellings	47	561790	113	47113	Madison County, Tennessee	yes	3.0	24.201640390239373	548.9750429000004
20835	56	Other services to buildings and dwellings	47	561790	115	47115	Marion County, Tennessee	yes	1.0	6.5473063521844015	187.48117126775662
20836	56	Other services to buildings and dwellings	47	561790	119	47119	Maury County, Tennessee	no	3.0	31.333333333333332	671.0
20837	56	Other services to buildings and dwellings	47	561790	119	47119	Maury County, Tennessee	yes	2.3333333333333335	22.552913752913753	424.8655011655012
20838	56	Other services to buildings and dwellings	47	561790	125	47125	Montgomery County, Tennessee	yes	1.6666666666666667	12.33293906572409	307.006478905855
20839	56	Other services to buildings and dwellings	47	561790	131	47131	Obion County, Tennessee	yes	1.0	7.968068164267826	182.01903139401722
20840	56	Other services to buildings and dwellings	47	561790	141	47141	Putnam County, Tennessee	yes	2.0	13.094612704368803	374.96234253551324
20841	56	Other services to buildings and dwellings	47	561790	143	47143	Rhea County, Tennessee	yes	1.0	8.066297181736774	185.75514536512839
20842	56	Other services to buildings and dwellings	47	561790	147	47147	Robertson County, Tennessee	no	3.0	0.0	23.0
20843	56	Other services to buildings and dwellings	47	561790	147	47147	Robertson County, Tennessee	yes	1.8	15.078613547541508	328.5965634818953
20844	56	Other services to buildings and dwellings	47	561790	149	47149	Rutherford County, Tennessee	no	6.5	66.75	2161.75
20845	56	Other services to buildings and dwellings	47	561790	149	47149	Rutherford County, Tennessee	yes	4.0	38.3569415081043	754.8599365750529
20846	56	Other services to buildings and dwellings	47	561790	155	47155	Sevier County, Tennessee	no	3.0	6.0	208.4
20847	56	Other services to buildings and dwellings	47	561790	155	47155	Sevier County, Tennessee	yes	2.0	18.523076923076925	361.69230769230774
20848	56	Other services to buildings and dwellings	47	561790	157	47157	Shelby County, Tennessee	no	28.0	142.0	5160.666666666667
20849	56	Other services to buildings and dwellings	47	561790	163	47163	Sullivan County, Tennessee	no	3.0	21.0	718.0
20850	56	Other services to buildings and dwellings	47	561790	163	47163	Sullivan County, Tennessee	yes	3.0	26.259229142950073	534.308964872337
20851	56	Other services to buildings and dwellings	47	561790	165	47165	Sumner County, Tennessee	no	3.6	8.0	314.8
20852	56	Other services to buildings and dwellings	47	561790	165	47165	Sumner County, Tennessee	yes	2.0	18.523076923076925	361.69230769230774
20853	56	Other services to buildings and dwellings	47	561790	167	47167	Tipton County, Tennessee	yes	1.8333333333333333	14.689982482381803	336.81498586495746
20854	56	Other services to buildings and dwellings	47	561790	179	47179	Washington County, Tennessee	yes	1.1666666666666667	9.214222010421672	209.24210831709414
20855	56	Other services to buildings and dwellings	47	561790	183	47183	Weakley County, Tennessee	yes	1.0	6.55866935106867	184.17349402346568
20856	56	Other services to buildings and dwellings	47	561790	187	47187	Williamson County, Tennessee	no	10.666666666666666	33.833333333333336	1544.8333333333333
20857	56	Other services to buildings and dwellings	47	561790	189	47189	Wilson County, Tennessee	no	7.333333333333333	35.333333333333336	1020.3333333333334
20858	56	Other services to buildings and dwellings	47	561790	189	47189	Wilson County, Tennessee	yes	5.333333333333333	49.379642579642585	953.7689976689977
20859	56	Other waste collection	47	562119	37	47037	Davidson County, Tennessee	no	3.0	13.0	491.5
20860	56	Other waste collection	47	562119	37	47037	Davidson County, Tennessee	yes	2.5	13.333333333333332	757.9583333333333
20861	56	Other waste collection	47	562119	43	47043	Dickson County, Tennessee	yes	1.0	-2.2857142857142856	-70.14285714285714
20862	56	Other waste collection	47	562119	55	47055	Giles County, Tennessee	yes	1.0	4.123743386243386	190.6455687830688
20863	56	Other waste collection	47	562119	59	47059	Greene County, Tennessee	yes	1.0	4.3125	266.9375
20864	56	Other waste collection	47	562119	65	47065	Hamilton County, Tennessee	yes	1.0	4.123743386243386	190.6455687830688
20865	56	Other waste collection	47	562119	85	47085	Humphreys County, Tennessee	yes	1.0	4.123743386243386	190.6455687830688
20866	56	Other waste collection	47	562119	125	47125	Montgomery County, Tennessee	yes	1.0	4.125	237.25
20867	56	Other waste collection	47	562119	157	47157	Shelby County, Tennessee	yes	1.0	4.123743386243386	190.6455687830688
20868	56	Other waste collection	47	562119	165	47165	Sumner County, Tennessee	yes	1.0	4.048492063492064	169.44968253968256
20869	56	Other waste collection	47	562119	187	47187	Williamson County, Tennessee	yes	1.3333333333333333	6.209457671957672	252.74318783068784
20870	56	Packaging and labeling services	47	561910	11	47011	Bradley County, Tennessee	yes	1.0	40.961280144241606	1145.4846292540005
20871	56	Packaging and labeling services	47	561910	17	47017	Carroll County, Tennessee	yes	1.0	42.54671768393878	1202.3104416374701
20872	56	Packaging and labeling services	47	561910	19	47019	Carter County, Tennessee	yes	1.0	47.303030303030305	1372.7878787878788
20873	56	Packaging and labeling services	47	561910	37	47037	Davidson County, Tennessee	no	4.0	81.0	2483.0
20874	56	Packaging and labeling services	47	561910	37	47037	Davidson County, Tennessee	yes	3.25	132.8552446370398	3919.9854109041735
20875	56	Packaging and labeling services	47	561910	45	47045	Dyer County, Tennessee	yes	1.5	54.85711322146413	1872.6547114143461
20876	56	Packaging and labeling services	47	561910	47	47047	Fayette County, Tennessee	yes	3.0	120.08802630770175	3657.7550955805523
20877	56	Packaging and labeling services	47	561910	53	47053	Gibson County, Tennessee	yes	1.0	45.3683908045977	1165.5798850574713
20878	56	Packaging and labeling services	47	561910	65	47065	Hamilton County, Tennessee	yes	2.1666666666666665	89.74259225111153	2677.9689142950806
20879	56	Packaging and labeling services	47	561910	93	47093	Knox County, Tennessee	yes	2.0	80.05868420513451	2438.503397053701
20880	56	Packaging and labeling services	47	561910	105	47105	Loudon County, Tennessee	yes	1.0	34.99459093982421	1253.134212305612
20881	56	Packaging and labeling services	47	561910	117	47117	Marshall County, Tennessee	yes	1.0	40.029342102567256	1219.2516985268505
20882	56	Packaging and labeling services	47	561910	121	47121	Meigs County, Tennessee	yes	1.0	40.029342102567256	1219.2516985268505
20883	56	Packaging and labeling services	47	561910	131	47131	Obion County, Tennessee	yes	2.0	80.05868420513451	2438.503397053701
20884	56	Packaging and labeling services	47	561910	137	47137	Pickett County, Tennessee	yes	1.0	40.029342102567256	1219.2516985268505
20885	56	Packaging and labeling services	47	561910	141	47141	Putnam County, Tennessee	yes	2.5	99.60738623558096	3085.0127809535516
20886	56	Packaging and labeling services	47	561910	143	47143	Rhea County, Tennessee	yes	1.0	40.029342102567256	1219.2516985268505
20887	56	Packaging and labeling services	47	561910	149	47149	Rutherford County, Tennessee	no	3.0	67.0	1793.0
20888	56	Packaging and labeling services	47	561910	149	47149	Rutherford County, Tennessee	yes	2.3333333333333335	92.800338066261	2589.0914807302233
20889	56	Packaging and labeling services	47	561910	155	47155	Sevier County, Tennessee	yes	1.0	40.029342102567256	1219.2516985268505
20890	56	Packaging and labeling services	47	561910	157	47157	Shelby County, Tennessee	no	14.5	575.0	19539.5
20891	56	Packaging and labeling services	47	561910	165	47165	Sumner County, Tennessee	yes	2.0	78.19480812178581	2586.0375355994015
20892	56	Packaging and labeling services	47	561910	183	47183	Weakley County, Tennessee	yes	1.3333333333333333	51.694205749175325	1636.9631026287213
20893	56	Packaging and labeling services	47	561910	187	47187	Williamson County, Tennessee	yes	1.8333333333333333	72.17484582129613	2209.7054172557214
20894	56	Packaging and labeling services	47	561910	189	47189	Wilson County, Tennessee	yes	3.5	136.88748130391133	4244.316910484152
20895	56	Private mail centers	47	561431	1	47001	Anderson County, Tennessee	no	3.0	0.0	87.0
20896	56	Private mail centers	47	561431	1	47001	Anderson County, Tennessee	yes	2.0	8.222220962151347	115.42079000628095
20897	56	Private mail centers	47	561431	11	47011	Bradley County, Tennessee	yes	1.6666666666666667	9.65010419278352	87.41937678833136
20898	56	Private mail centers	47	561431	19	47019	Carter County, Tennessee	yes	1.0	5.456789598427259	56.258662502617064
20899	56	Private mail centers	47	561431	35	47035	Cumberland County, Tennessee	yes	1.0	4.96875	46.0
20900	56	Private mail centers	47	561431	37	47037	Davidson County, Tennessee	no	15.833333333333334	57.666666666666664	1938.1666666666667
20901	56	Private mail centers	47	561431	45	47045	Dyer County, Tennessee	yes	1.0	8.44973544973545	48.232142857142854
20902	56	Private mail centers	47	561431	47	47047	Fayette County, Tennessee	yes	1.1666666666666667	6.00540070953837	63.675329169283735
20903	56	Private mail centers	47	561431	51	47051	Franklin County, Tennessee	yes	1.0	5.456789598427259	56.258662502617064
20904	56	Private mail centers	47	561431	53	47053	Gibson County, Tennessee	yes	1.0	4.130208333333333	45.25
20905	56	Private mail centers	47	561431	59	47059	Greene County, Tennessee	yes	1.0	5.456789598427259	56.258662502617064
20906	56	Private mail centers	47	561431	63	47063	Hamblen County, Tennessee	yes	1.0	5.456789598427259	56.258662502617064
20907	56	Private mail centers	47	561431	65	47065	Hamilton County, Tennessee	no	3.6666666666666665	14.666666666666666	367.0
20908	56	Private mail centers	47	561431	65	47065	Hamilton County, Tennessee	yes	4.0	29.1576278659612	189.95238095238096
20909	56	Private mail centers	47	561431	71	47071	Hardin County, Tennessee	yes	1.0	3.960316672773164	60.271922325354176
20910	56	Private mail centers	47	561431	89	47089	Jefferson County, Tennessee	yes	1.0	12.185185185185185	49.0
20911	56	Private mail centers	47	561431	93	47093	Knox County, Tennessee	no	9.166666666666666	27.833333333333332	677.1666666666666
20912	56	Private mail centers	47	561431	101	47101	Lewis County, Tennessee	yes	1.0	5.456789598427259	56.258662502617064
20913	56	Private mail centers	47	561431	105	47105	Loudon County, Tennessee	yes	1.0	5.456789598427259	56.258662502617064
20914	56	Private mail centers	47	561431	107	47107	McMinn County, Tennessee	yes	1.0	5.456789598427259	56.258662502617064
20915	56	Private mail centers	47	561431	111	47111	Macon County, Tennessee	yes	1.0	7.2894069664903	47.48809523809524
20916	56	Private mail centers	47	561431	113	47113	Madison County, Tennessee	yes	1.6666666666666667	8.097000713609368	96.43994405285319
20917	56	Private mail centers	47	561431	125	47125	Montgomery County, Tennessee	yes	2.3333333333333335	14.009671568988557	128.8447059576151
20918	56	Private mail centers	47	561431	131	47131	Obion County, Tennessee	yes	1.0	3.790425012212994	75.29384465070835
20919	56	Private mail centers	47	561431	141	47141	Putnam County, Tennessee	yes	1.8333333333333333	8.882714999323655	104.35065833856747
20920	56	Private mail centers	47	561431	145	47145	Roane County, Tennessee	yes	1.0	5.456789598427259	56.258662502617064
20921	56	Private mail centers	47	561431	147	47147	Robertson County, Tennessee	yes	1.0	5.456789598427259	56.258662502617064
20922	56	Private mail centers	47	561431	149	47149	Rutherford County, Tennessee	no	4.166666666666667	21.333333333333332	474.6666666666667
20923	56	Private mail centers	47	561431	155	47155	Sevier County, Tennessee	yes	1.0	7.2894069664903	47.48809523809524
20924	56	Private mail centers	47	561431	157	47157	Shelby County, Tennessee	no	14.833333333333334	55.833333333333336	1655.3333333333333
20925	56	Private mail centers	47	561431	163	47163	Sullivan County, Tennessee	no	4.0	9.166666666666666	158.33333333333334
20926	56	Private mail centers	47	561431	165	47165	Sumner County, Tennessee	no	5.333333333333333	12.5	343.8333333333333
20927	56	Private mail centers	47	561431	179	47179	Washington County, Tennessee	yes	1.1666666666666667	7.487653795958123	64.42532916928373
20928	56	Private mail centers	47	561431	187	47187	Williamson County, Tennessee	no	7.833333333333333	23.5	795.6666666666666
20929	56	Private mail centers	47	561431	189	47189	Wilson County, Tennessee	yes	1.0	3.960316672773164	60.271922325354176
20930	56	Professional employer organizations	47	561330	1	47001	Anderson County, Tennessee	yes	1.4	1847.5563059163057	65058.12502164503
20931	56	Professional employer organizations	47	561330	3	47003	Bedford County, Tennessee	yes	1.0	1016.5764041514041	37537.65347985348
20932	56	Professional employer organizations	47	561330	9	47009	Blount County, Tennessee	yes	1.0	878.590761090761	32043.24908424908
20933	56	Professional employer organizations	47	561330	11	47011	Bradley County, Tennessee	yes	1.0	1135.0933603433602	41483.81444111444
20934	56	Professional employer organizations	47	561330	21	47021	Cheatham County, Tennessee	yes	1.0	1135.0933603433602	41483.81444111444
20935	56	Professional employer organizations	47	561330	25	47025	Claiborne County, Tennessee	yes	1.0	593.580586080586	26009.456959706957
20936	56	Professional employer organizations	47	561330	35	47035	Cumberland County, Tennessee	yes	1.0	1439.572222222222	49065.85
20937	56	Professional employer organizations	47	561330	37	47037	Davidson County, Tennessee	no	9.333333333333334	660.6666666666666	30128.166666666668
20938	56	Professional employer organizations	47	561330	45	47045	Dyer County, Tennessee	yes	1.0	1405.8497474747473	49220.99318181818
20939	56	Professional employer organizations	47	561330	51	47051	Franklin County, Tennessee	yes	1.0	1391.5959595959596	50924.379797979804
20940	56	Professional employer organizations	47	561330	65	47065	Hamilton County, Tennessee	yes	1.5	1737.4904502904503	62884.92317127316
20941	56	Professional employer organizations	47	561330	93	47093	Knox County, Tennessee	no	6.5	259.6666666666667	10905.666666666666
20942	56	Professional employer organizations	47	561330	99	47099	Lawrence County, Tennessee	yes	1.0	878.590761090761	32043.24908424908
20943	56	Professional employer organizations	47	561330	109	47109	McNairy County, Tennessee	yes	1.0	1135.0933603433602	41483.81444111444
20944	56	Professional employer organizations	47	561330	113	47113	Madison County, Tennessee	yes	1.0	1135.0933603433602	41483.81444111444
20945	56	Professional employer organizations	47	561330	131	47131	Obion County, Tennessee	yes	1.0	451.92307692307696	21743.96153846154
20946	56	Professional employer organizations	47	561330	141	47141	Putnam County, Tennessee	yes	1.0	1091.9246031746031	37192.892857142855
20947	56	Professional employer organizations	47	561330	149	47149	Rutherford County, Tennessee	yes	1.0	1135.0933603433602	41483.81444111444
20948	56	Professional employer organizations	47	561330	155	47155	Sevier County, Tennessee	yes	1.0	1391.5959595959596	50924.379797979804
20949	56	Professional employer organizations	47	561330	157	47157	Shelby County, Tennessee	no	9.6	645.8	15469.6
20950	56	Professional employer organizations	47	561330	157	47157	Shelby County, Tennessee	yes	8.0	3615.3846153846157	173951.6923076923
20951	56	Professional employer organizations	47	561330	165	47165	Sumner County, Tennessee	yes	1.6666666666666667	1274.3111518111518	49382.88705738706
20952	56	Professional employer organizations	47	561330	177	47177	Warren County, Tennessee	yes	1.0	1091.9246031746031	37192.892857142855
20953	56	Professional employer organizations	47	561330	179	47179	Washington County, Tennessee	yes	1.0	1405.8497474747473	49220.99318181818
20954	56	Professional employer organizations	47	561330	187	47187	Williamson County, Tennessee	no	7.75	689.75	35346.5
20955	56	Professional employer organizations	47	561330	187	47187	Williamson County, Tennessee	yes	5.0	2967.9029304029305	130047.28479853479
20956	56	Remediation services	47	562910	1	47001	Anderson County, Tennessee	no	5.6	1365.2	111657.4
20957	56	Remediation services	47	562910	1	47001	Anderson County, Tennessee	yes	5.0	204.84375	17544.21875
20958	56	Remediation services	47	562910	3	47003	Bedford County, Tennessee	yes	1.6666666666666667	42.67693310269504	3102.2184159763306
20959	56	Remediation services	47	562910	9	47009	Blount County, Tennessee	no	4.0	47.0	2558.0
20960	56	Remediation services	47	562910	9	47009	Blount County, Tennessee	yes	3.6	95.79359860325333	6748.8781482773165
20961	56	Remediation services	47	562910	11	47011	Bradley County, Tennessee	yes	1.0	25.7521003540305	2012.3625932734205
20962	56	Remediation services	47	562910	37	47037	Davidson County, Tennessee	no	15.4	182.8	7982.8
20963	56	Remediation services	47	562910	37	47037	Davidson County, Tennessee	yes	10.0	276.969696969697	11647.575757575758
20964	56	Remediation services	47	562910	41	47041	DeKalb County, Tennessee	yes	1.0	25.071245500615703	1879.8205094013451
20965	56	Remediation services	47	562910	43	47043	Dickson County, Tennessee	yes	1.0	25.508866200008033	1760.6433537940502
20966	56	Remediation services	47	562910	45	47045	Dyer County, Tennessee	yes	1.0	25.508866200008033	1760.6433537940502
20967	56	Remediation services	47	562910	47	47047	Fayette County, Tennessee	yes	1.0	25.02239789196311	1257.2048748353095
20968	56	Remediation services	47	562910	55	47055	Giles County, Tennessee	yes	1.0	25.508866200008033	1760.6433537940502
20969	56	Remediation services	47	562910	59	47059	Greene County, Tennessee	yes	1.0	20.619825708061	1520.723311546841
20970	56	Remediation services	47	562910	65	47065	Hamilton County, Tennessee	no	14.0	186.16666666666666	10040.5
20971	56	Remediation services	47	562910	85	47085	Humphreys County, Tennessee	yes	1.0	25.508866200008033	1760.6433537940502
20972	56	Remediation services	47	562910	93	47093	Knox County, Tennessee	no	14.0	254.0	15578.666666666666
20973	56	Remediation services	47	562910	105	47105	Loudon County, Tennessee	yes	2.0	47.596215969369744	3193.5271864370475
20974	56	Remediation services	47	562910	107	47107	McMinn County, Tennessee	no	3.0	12.0	882.0
20975	56	Remediation services	47	562910	107	47107	McMinn County, Tennessee	yes	2.0	44.86831055654585	2852.682099425629
20976	56	Remediation services	47	562910	111	47111	Macon County, Tennessee	yes	1.0	20.619825708061	1520.723311546841
20977	56	Remediation services	47	562910	115	47115	Marion County, Tennessee	yes	1.0	20.679883805374	1513.5355410312275
20978	56	Remediation services	47	562910	119	47119	Maury County, Tennessee	yes	1.2	29.540810718007002	2149.750944183954
20979	56	Remediation services	47	562910	139	47139	Polk County, Tennessee	yes	1.1666666666666667	32.336991200008036	2345.4506454607167
20980	56	Remediation services	47	562910	145	47145	Roane County, Tennessee	yes	1.3333333333333333	34.741189432331275	2148.8958790465754
20981	56	Remediation services	47	562910	147	47147	Robertson County, Tennessee	yes	1.2	29.231245500615707	2179.652509401345
20982	56	Remediation services	47	562910	149	47149	Rutherford County, Tennessee	yes	1.25	35.994287854030496	2889.5735307734203
20983	56	Remediation services	47	562910	155	47155	Sevier County, Tennessee	yes	1.0	20.619825708061	1520.723311546841
20984	56	Remediation services	47	562910	157	47157	Shelby County, Tennessee	no	12.5	140.83333333333334	8228.166666666666
20985	56	Remediation services	47	562910	163	47163	Sullivan County, Tennessee	no	3.0	43.5	1603.0
20986	56	Remediation services	47	562910	163	47163	Sullivan County, Tennessee	yes	2.5	55.95213645405461	3538.289842155571
20987	56	Remediation services	47	562910	165	47165	Sumner County, Tennessee	no	3.0	0.0	2588.5
20988	56	Remediation services	47	562910	165	47165	Sumner County, Tennessee	yes	3.0	77.2563010620915	6037.087779820262
20989	56	Remediation services	47	562910	167	47167	Tipton County, Tennessee	yes	1.0	25.508866200008033	1760.6433537940502
20990	56	Remediation services	47	562910	179	47179	Washington County, Tennessee	yes	1.0	25.508866200008033	1760.6433537940502
20991	56	Remediation services	47	562910	187	47187	Williamson County, Tennessee	no	4.0	25.0	1004.0
20992	56	Remediation services	47	562910	187	47187	Williamson County, Tennessee	yes	2.0	55.90677289196311	3761.2067498353094
20993	56	Repossession services	47	561491	9	47009	Blount County, Tennessee	yes	1.0	5.138898820477768	322.150971397024
20994	56	Repossession services	47	561491	19	47019	Carter County, Tennessee	yes	1.0	3.361688311688312	228.42483766233767
20995	56	Repossession services	47	561491	37	47037	Davidson County, Tennessee	no	5.833333333333333	125.16666666666667	4552.833333333333
20996	56	Repossession services	47	561491	45	47045	Dyer County, Tennessee	yes	1.0	5.138898820477768	322.150971397024
20997	56	Repossession services	47	561491	53	47053	Gibson County, Tennessee	yes	1.0	5.138898820477768	322.150971397024
20998	56	Repossession services	47	561491	65	47065	Hamilton County, Tennessee	yes	2.0	10.277797640955535	644.301942794048
20999	56	Repossession services	47	561491	73	47073	Hawkins County, Tennessee	yes	1.0	5.138898820477768	322.150971397024
21000	56	Repossession services	47	561491	93	47093	Knox County, Tennessee	no	4.0	0.0	62.0
21001	56	Repossession services	47	561491	93	47093	Knox County, Tennessee	yes	2.0	9.006084441873915	658.8168768074031
21002	56	Repossession services	47	561491	97	47097	Lauderdale County, Tennessee	yes	1.0	1.7322510822510828	220.81645021645022
21003	56	Repossession services	47	561491	105	47105	Loudon County, Tennessee	yes	1.0	8.318181818181818	285.8636363636364
21004	56	Repossession services	47	561491	113	47113	Madison County, Tennessee	yes	1.0	5.138898820477768	322.150971397024
21005	56	Repossession services	47	561491	119	47119	Maury County, Tennessee	yes	1.0	1.6655844155844157	209.1331168831169
21006	56	Repossession services	47	561491	125	47125	Montgomery County, Tennessee	yes	1.1666666666666667	6.525262456841404	369.79491079096334
21007	56	Repossession services	47	561491	157	47157	Shelby County, Tennessee	no	8.0	134.0	3868.0
21008	56	Repossession services	47	561491	157	47157	Shelby County, Tennessee	yes	7.6	64.50771439087228	2840.6821825542875
21009	56	Repossession services	47	561491	179	47179	Washington County, Tennessee	yes	1.0	5.138898820477768	322.150971397024
21010	56	Security guards and patrol services	47	561612	1	47001	Anderson County, Tennessee	no	8.0	1152.1666666666667	68308.83333333333
21011	56	Security guards and patrol services	47	561612	3	47003	Bedford County, Tennessee	yes	1.0	23.84212643678161	738.1698563218391
21012	56	Security guards and patrol services	47	561612	9	47009	Blount County, Tennessee	yes	1.6	56.39406353574268	1737.4737018793699
21013	56	Security guards and patrol services	47	561612	13	47013	Campbell County, Tennessee	yes	1.0	23.84212643678161	738.1698563218391
21014	56	Security guards and patrol services	47	561612	21	47021	Cheatham County, Tennessee	yes	1.6666666666666667	70.37658737438593	2113.919348811295
21015	56	Security guards and patrol services	47	561612	29	47029	Cocke County, Tennessee	yes	1.0	31.39483969161692	964.1450122773236
21016	56	Security guards and patrol services	47	561612	31	47031	Coffee County, Tennessee	yes	1.0	22.125	666.6875
21017	56	Security guards and patrol services	47	561612	33	47033	Crockett County, Tennessee	yes	1.0	23.241379310344826	667.8620689655172
21018	56	Security guards and patrol services	47	561612	35	47035	Cumberland County, Tennessee	yes	2.0	62.78967938323384	1928.2900245546473
21019	56	Security guards and patrol services	47	561612	37	47037	Davidson County, Tennessee	no	81.0	5383.666666666667	103546.33333333333
21020	56	Security guards and patrol services	47	561612	43	47043	Dickson County, Tennessee	yes	1.0	23.520483716475095	753.3681329821201
21021	56	Security guards and patrol services	47	561612	55	47055	Giles County, Tennessee	yes	1.0	34.74191470983917	1059.2620011746062
21022	56	Security guards and patrol services	47	561612	59	47059	Greene County, Tennessee	yes	1.0	47.143551641900565	1385.6987708677307
21023	56	Security guards and patrol services	47	561612	63	47063	Hamblen County, Tennessee	yes	1.0	34.74191470983917	1059.2620011746062
21024	56	Security guards and patrol services	47	561612	65	47065	Hamilton County, Tennessee	no	11.833333333333334	1131.5	27886.166666666668
21025	56	Security guards and patrol services	47	561612	73	47073	Hawkins County, Tennessee	yes	1.0	23.241379310344826	667.8620689655172
21026	56	Security guards and patrol services	47	561612	87	47087	Jackson County, Tennessee	yes	1.0	31.39483969161692	964.1450122773236
21027	56	Security guards and patrol services	47	561612	93	47093	Knox County, Tennessee	no	16.833333333333332	1245.6666666666667	32780.166666666664
21028	56	Security guards and patrol services	47	561612	105	47105	Loudon County, Tennessee	yes	1.0	23.84212643678161	738.1698563218391
21029	56	Security guards and patrol services	47	561612	107	47107	McMinn County, Tennessee	yes	1.0	31.39483969161692	964.1450122773236
21030	56	Security guards and patrol services	47	561612	113	47113	Madison County, Tennessee	no	3.8333333333333335	350.1666666666667	6947.666666666667
21031	56	Security guards and patrol services	47	561612	117	47117	Marshall County, Tennessee	yes	1.0	23.520483716475095	753.3681329821201
21032	56	Security guards and patrol services	47	561612	119	47119	Maury County, Tennessee	yes	1.3333333333333333	39.628402910007715	1222.1153571049097
21033	56	Security guards and patrol services	47	561612	125	47125	Montgomery County, Tennessee	yes	1.5	50.79685690558377	1537.1591858999006
21034	56	Security guards and patrol services	47	561612	129	47129	Morgan County, Tennessee	yes	1.0	38.94755294645223	1190.120168232808
21035	56	Security guards and patrol services	47	561612	143	47143	Rhea County, Tennessee	yes	1.0	31.39483969161692	964.1450122773236
21036	56	Security guards and patrol services	47	561612	149	47149	Rutherford County, Tennessee	no	5.5	38.0	628.1666666666666
21037	56	Security guards and patrol services	47	561612	155	47155	Sevier County, Tennessee	no	4.2	18.2	534.2
21038	56	Security guards and patrol services	47	561612	155	47155	Sevier County, Tennessee	yes	3.0	67.66666666666666	2396.8888888888887
21039	56	Security guards and patrol services	47	561612	157	47157	Shelby County, Tennessee	no	61.166666666666664	6352.0	123327.66666666667
21040	56	Security guards and patrol services	47	561612	163	47163	Sullivan County, Tennessee	yes	1.0	23.84212643678161	738.1698563218391
21041	56	Security guards and patrol services	47	561612	165	47165	Sumner County, Tennessee	no	4.0	12.0	247.0
21042	56	Security guards and patrol services	47	561612	165	47165	Sumner County, Tennessee	yes	2.0	66.05106353574267	2046.8032018793697
21043	56	Security guards and patrol services	47	561612	167	47167	Tipton County, Tennessee	yes	1.3333333333333333	47.10935690558377	1426.0446025665672
21044	56	Security guards and patrol services	47	561612	171	47171	Unicoi County, Tennessee	yes	1.0	31.39483969161692	964.1450122773236
21045	56	Security guards and patrol services	47	561612	173	47173	Union County, Tennessee	yes	1.0	31.39483969161692	964.1450122773236
21046	56	Security guards and patrol services	47	561612	177	47177	Warren County, Tennessee	yes	1.0	24.70068965517241	773.9110344827586
21047	56	Security guards and patrol services	47	561612	179	47179	Washington County, Tennessee	no	5.0	199.33333333333334	3927.1666666666665
21048	56	Security guards and patrol services	47	561612	187	47187	Williamson County, Tennessee	no	5.0	17.0	619.0
21049	56	Security guards and patrol services	47	561612	187	47187	Williamson County, Tennessee	yes	3.0	70.5614511494253	2260.10439894636
21050	56	Security guards and patrol services	47	561612	189	47189	Wilson County, Tennessee	no	6.5	77.25	1629.5
21051	56	Security guards and patrol services	47	561612	189	47189	Wilson County, Tennessee	yes	5.0	113.41594827586206	3336.3739224137935
21052	56	Security systems services (except locksmiths)	47	561621	1	47001	Anderson County, Tennessee	yes	1.0	11.914270308027804	401.08058764178514
21053	56	Security systems services (except locksmiths)	47	561621	9	47009	Blount County, Tennessee	no	3.0	18.0	563.0
21054	56	Security systems services (except locksmiths)	47	561621	9	47009	Blount County, Tennessee	yes	1.0	12.191420454545455	349.3807765151515
21055	56	Security systems services (except locksmiths)	47	561621	11	47011	Bradley County, Tennessee	yes	1.3333333333333333	14.166189499946995	474.76179976299727
21056	56	Security systems services (except locksmiths)	47	561621	17	47017	Carroll County, Tennessee	yes	1.0	14.468560606060606	409.38770202020197
21057	56	Security systems services (except locksmiths)	47	561621	19	47019	Carter County, Tennessee	yes	1.1666666666666667	16.556631419138913	534.4798931973406
21058	56	Security systems services (except locksmiths)	47	561621	29	47029	Cocke County, Tennessee	yes	1.0	11.914270308027804	401.08058764178514
21059	56	Security systems services (except locksmiths)	47	561621	31	47031	Coffee County, Tennessee	no	3.0	20.0	620.0
21060	56	Security systems services (except locksmiths)	47	561621	31	47031	Coffee County, Tennessee	yes	2.2	18.932582072600063	673.4430770069511
21061	56	Security systems services (except locksmiths)	47	561621	37	47037	Davidson County, Tennessee	no	27.333333333333332	602.5	34071.0
21062	56	Security systems services (except locksmiths)	47	561621	41	47041	DeKalb County, Tennessee	yes	1.0	12.817124369633365	450.2887051701422
21063	56	Security systems services (except locksmiths)	47	561621	45	47045	Dyer County, Tennessee	yes	1.0	11.914270308027804	401.08058764178514
21064	56	Security systems services (except locksmiths)	47	561621	47	47047	Fayette County, Tennessee	no	3.0	5.0	55.0
21065	56	Security systems services (except locksmiths)	47	561621	47	47047	Fayette County, Tennessee	yes	2.0	24.38284090909091	698.761553030303
21066	56	Security systems services (except locksmiths)	47	561621	59	47059	Greene County, Tennessee	yes	1.1666666666666667	16.556631419138913	534.4798931973406
21067	56	Security systems services (except locksmiths)	47	561621	63	47063	Hamblen County, Tennessee	no	3.0	19.75	769.0
21068	56	Security systems services (except locksmiths)	47	561621	63	47063	Hamblen County, Tennessee	yes	3.0	52.88125	1433.15375
21069	56	Security systems services (except locksmiths)	47	561621	65	47065	Hamilton County, Tennessee	no	12.0	107.5	4834.666666666667
21070	56	Security systems services (except locksmiths)	47	561621	75	47075	Haywood County, Tennessee	yes	1.0	11.914270308027804	401.08058764178514
21071	56	Security systems services (except locksmiths)	47	561621	79	47079	Henry County, Tennessee	yes	1.0	11.914270308027804	401.08058764178514
21072	56	Security systems services (except locksmiths)	47	561621	93	47093	Knox County, Tennessee	no	17.6	819.0	27239.8
21073	56	Security systems services (except locksmiths)	47	561621	93	47093	Knox County, Tennessee	yes	18.0	501.375	14407.125
21074	56	Security systems services (except locksmiths)	47	561621	111	47111	Macon County, Tennessee	yes	1.0	11.914270308027804	401.08058764178514
21075	56	Security systems services (except locksmiths)	47	561621	113	47113	Madison County, Tennessee	no	5.666666666666667	20.333333333333332	1898.5
21076	56	Security systems services (except locksmiths)	47	561621	115	47115	Marion County, Tennessee	yes	1.0	11.914270308027804	401.08058764178514
21077	56	Security systems services (except locksmiths)	47	561621	119	47119	Maury County, Tennessee	yes	1.0	9.359980009995002	392.7734732633683
21078	56	Security systems services (except locksmiths)	47	561621	125	47125	Montgomery County, Tennessee	no	3.8333333333333335	27.5	1446.5
21079	56	Security systems services (except locksmiths)	47	561621	131	47131	Obion County, Tennessee	yes	1.0	11.359970014992502	504.48020989505244
21080	56	Security systems services (except locksmiths)	47	561621	141	47141	Putnam County, Tennessee	no	3.0	0.0	599.5
21081	56	Security systems services (except locksmiths)	47	561621	141	47141	Putnam County, Tennessee	yes	2.0	18.11572759075008	725.5238462586888
21082	56	Security systems services (except locksmiths)	47	561621	145	47145	Roane County, Tennessee	yes	1.0	8.151515151515152	272.72727272727275
21083	56	Security systems services (except locksmiths)	47	561621	147	47147	Robertson County, Tennessee	yes	1.0	6.755757575757576	221.04363636363638
21084	56	Security systems services (except locksmiths)	47	561621	149	47149	Rutherford County, Tennessee	no	6.0	49.5	1961.5
21085	56	Security systems services (except locksmiths)	47	561621	155	47155	Sevier County, Tennessee	yes	1.3333333333333333	15.700926979691971	569.2406576068026
21086	56	Security systems services (except locksmiths)	47	561621	157	47157	Shelby County, Tennessee	no	29.5	586.1666666666666	31598.5
21087	56	Security systems services (except locksmiths)	47	561621	163	47163	Sullivan County, Tennessee	no	3.5	20.833333333333332	706.0
21088	56	Security systems services (except locksmiths)	47	561621	165	47165	Sumner County, Tennessee	yes	1.0	11.914270308027804	401.08058764178514
21089	56	Security systems services (except locksmiths)	47	561621	167	47167	Tipton County, Tennessee	yes	1.0	14.468560606060606	409.38770202020197
21090	56	Security systems services (except locksmiths)	47	561621	177	47177	Warren County, Tennessee	yes	1.0	11.914270308027804	401.08058764178514
21091	56	Security systems services (except locksmiths)	47	561621	179	47179	Washington County, Tennessee	no	5.25	83.0	4759.5
21092	56	Security systems services (except locksmiths)	47	561621	179	47179	Washington County, Tennessee	yes	5.5	94.08996212121212	2819.171401515152
21093	56	Security systems services (except locksmiths)	47	561621	187	47187	Williamson County, Tennessee	no	5.666666666666667	36.666666666666664	1218.3333333333333
21094	56	Security systems services (except locksmiths)	47	561621	189	47189	Wilson County, Tennessee	yes	1.3333333333333333	15.700926979691971	569.2406576068026
21095	56	Septic tank and related services	47	562991	9	47009	Blount County, Tennessee	yes	1.0	4.327503809540116	131.64209745146044
21096	56	Septic tank and related services	47	562991	13	47013	Campbell County, Tennessee	yes	1.0	4.327503809540116	131.64209745146044
21097	56	Septic tank and related services	47	562991	17	47017	Carroll County, Tennessee	yes	1.0	4.327503809540116	131.64209745146044
21098	56	Septic tank and related services	47	562991	25	47025	Claiborne County, Tennessee	yes	1.8333333333333333	8.035215952413564	241.94044490292092
21099	56	Septic tank and related services	47	562991	29	47029	Cocke County, Tennessee	yes	1.0	4.327503809540116	131.64209745146044
21100	56	Septic tank and related services	47	562991	31	47031	Coffee County, Tennessee	yes	1.0	4.327503809540116	131.64209745146044
21101	56	Septic tank and related services	47	562991	35	47035	Cumberland County, Tennessee	yes	1.0	4.327503809540116	131.64209745146044
21102	56	Septic tank and related services	47	562991	37	47037	Davidson County, Tennessee	no	3.5	27.166666666666668	1295.1666666666667
21103	56	Septic tank and related services	47	562991	39	47039	Decatur County, Tennessee	yes	1.0	5.068965517241379	105.41379310344827
21104	56	Septic tank and related services	47	562991	43	47043	Dickson County, Tennessee	yes	1.1666666666666667	5.072295476206782	152.85563911812713
21105	56	Septic tank and related services	47	562991	53	47053	Gibson County, Tennessee	yes	2.0	8.655007619080232	263.2841949029209
21106	56	Septic tank and related services	47	562991	59	47059	Greene County, Tennessee	yes	1.0	4.327503809540116	131.64209745146044
21107	56	Septic tank and related services	47	562991	63	47063	Hamblen County, Tennessee	no	3.0	6.666666666666667	284.3333333333333
21108	56	Septic tank and related services	47	562991	63	47063	Hamblen County, Tennessee	yes	2.0	8.077975008275404	306.28893578285334
21109	56	Septic tank and related services	47	562991	65	47065	Hamilton County, Tennessee	no	3.0	12.666666666666666	649.1666666666666
21110	56	Septic tank and related services	47	562991	71	47071	Hardin County, Tennessee	yes	1.0	4.199106256206554	165.68545183714002
21111	56	Septic tank and related services	47	562991	73	47073	Hawkins County, Tennessee	yes	1.0	4.327503809540116	131.64209745146044
21112	56	Septic tank and related services	47	562991	79	47079	Henry County, Tennessee	yes	1.0	4.327503809540116	131.64209745146044
21113	56	Septic tank and related services	47	562991	93	47093	Knox County, Tennessee	no	3.4	24.0	1010.4
21114	56	Septic tank and related services	47	562991	93	47093	Knox County, Tennessee	yes	3.0	13.40625	381.84375
21115	56	Septic tank and related services	47	562991	99	47099	Lawrence County, Tennessee	no	3.0	1.5	36.5
21116	56	Septic tank and related services	47	562991	99	47099	Lawrence County, Tennessee	yes	1.5	6.54393384241345	216.4699345957607
21117	56	Septic tank and related services	47	562991	103	47103	Lincoln County, Tennessee	yes	2.0	8.690126371149082	275.9553871819676
21118	56	Septic tank and related services	47	562991	105	47105	Loudon County, Tennessee	yes	1.0	4.179211467999862	136.8877583210629
21119	56	Septic tank and related services	47	562991	113	47113	Madison County, Tennessee	yes	1.0	4.327503809540116	131.64209745146044
21120	56	Septic tank and related services	47	562991	119	47119	Maury County, Tennessee	yes	2.0	10.137931034482758	210.82758620689654
21121	56	Septic tank and related services	47	562991	123	47123	Monroe County, Tennessee	yes	1.0	4.038987504137702	153.14446789142667
21122	56	Septic tank and related services	47	562991	125	47125	Montgomery County, Tennessee	yes	1.5	6.346997561608966	208.21433139717382
21123	56	Septic tank and related services	47	562991	143	47143	Rhea County, Tennessee	yes	1.0	4.327503809540116	131.64209745146044
21124	56	Septic tank and related services	47	562991	149	47149	Rutherford County, Tennessee	no	3.0	0.0	378.5
21125	56	Septic tank and related services	47	562991	149	47149	Rutherford County, Tennessee	yes	1.0	4.146428128103277	146.67866341857
21126	56	Septic tank and related services	47	562991	155	47155	Sevier County, Tennessee	yes	1.1666666666666667	4.947295476206782	152.98584745146047
21127	56	Septic tank and related services	47	562991	157	47157	Shelby County, Tennessee	no	5.333333333333333	55.666666666666664	2593.0
21128	56	Septic tank and related services	47	562991	159	47159	Smith County, Tennessee	yes	1.0	4.199106256206554	165.68545183714002
21129	56	Septic tank and related services	47	562991	163	47163	Sullivan County, Tennessee	yes	1.3333333333333333	5.890722200344713	165.4984192905409
21130	56	Septic tank and related services	47	562991	165	47165	Sumner County, Tennessee	yes	2.0	8.358422935999725	273.7755166421258
21131	56	Septic tank and related services	47	562991	179	47179	Washington County, Tennessee	yes	1.0	4.327503809540116	131.64209745146044
21132	56	Septic tank and related services	47	562991	187	47187	Williamson County, Tennessee	yes	1.6666666666666667	7.091789228275633	229.42787306384048
21133	56	Septic tank and related services	47	562991	189	47189	Wilson County, Tennessee	yes	1.0	4.327503809540116	131.64209745146044
21134	56	Solid waste collection	47	562111	1	47001	Anderson County, Tennessee	yes	2.6666666666666665	37.265151325046865	1476.533622930242
21135	56	Solid waste collection	47	562111	3	47003	Bedford County, Tennessee	yes	1.0	13.917197588829437	562.0971160518224
21136	56	Solid waste collection	47	562111	5	47005	Benton County, Tennessee	yes	2.8333333333333335	39.15282733438955	1585.8916567974422
21137	56	Solid waste collection	47	562111	7	47007	Bledsoe County, Tennessee	yes	1.0	13.369803921568629	482.5247058823529
21138	56	Solid waste collection	47	562111	9	47009	Blount County, Tennessee	no	8.333333333333334	27.166666666666668	1387.3333333333333
21139	56	Solid waste collection	47	562111	11	47011	Bradley County, Tennessee	yes	1.3333333333333333	19.114728453026967	762.8964987678718
21140	56	Solid waste collection	47	562111	19	47019	Carter County, Tennessee	yes	1.0	12.212882882882885	551.1332282282283
21141	56	Solid waste collection	47	562111	21	47021	Cheatham County, Tennessee	yes	1.1666666666666667	16.5159630209282	662.4968074098471
21142	56	Solid waste collection	47	562111	25	47025	Claiborne County, Tennessee	yes	1.0	13.917197588829437	562.0971160518224
21143	56	Solid waste collection	47	562111	27	47027	Clay County, Tennessee	yes	1.0	13.917197588829437	562.0971160518224
21144	56	Solid waste collection	47	562111	31	47031	Coffee County, Tennessee	yes	1.0	13.917197588829437	562.0971160518224
21145	56	Solid waste collection	47	562111	33	47033	Crockett County, Tennessee	yes	1.0	13.917197588829437	562.0971160518224
21146	56	Solid waste collection	47	562111	35	47035	Cumberland County, Tennessee	no	3.0	48.0	1427.0
21147	56	Solid waste collection	47	562111	35	47035	Cumberland County, Tennessee	yes	2.6666666666666665	41.1913342699489	1529.1176521491254
21148	56	Solid waste collection	47	562111	37	47037	Davidson County, Tennessee	no	31.166666666666668	708.6666666666666	37301.0
21149	56	Solid waste collection	47	562111	39	47039	Decatur County, Tennessee	yes	1.0	13.917197588829437	562.0971160518224
21150	56	Solid waste collection	47	562111	43	47043	Dickson County, Tennessee	yes	2.1666666666666665	29.45439517765887	1190.0031209925337
21151	56	Solid waste collection	47	562111	45	47045	Dyer County, Tennessee	yes	1.0	13.917197588829437	562.0971160518224
21152	56	Solid waste collection	47	562111	47	47047	Fayette County, Tennessee	yes	1.3333333333333333	18.403639030270877	771.8548412770477
21153	56	Solid waste collection	47	562111	51	47051	Franklin County, Tennessee	yes	1.0	13.917197588829437	562.0971160518224
21154	56	Solid waste collection	47	562111	53	47053	Gibson County, Tennessee	yes	1.0	13.459324324324324	629.2731756756757
21155	56	Solid waste collection	47	562111	55	47055	Giles County, Tennessee	yes	2.0	27.834395177658873	1124.1942321036447
21156	56	Solid waste collection	47	562111	57	47057	Grainger County, Tennessee	yes	1.0	13.917197588829437	562.0971160518224
21157	56	Solid waste collection	47	562111	59	47059	Greene County, Tennessee	yes	2.0	27.834395177658873	1124.1942321036447
21158	56	Solid waste collection	47	562111	63	47063	Hamblen County, Tennessee	yes	2.8333333333333335	39.15282733438955	1585.8916567974422
21159	56	Solid waste collection	47	562111	65	47065	Hamilton County, Tennessee	no	12.166666666666666	162.66666666666666	11867.333333333334
21160	56	Solid waste collection	47	562111	69	47069	Hardeman County, Tennessee	yes	1.0	13.917197588829437	562.0971160518224
21161	56	Solid waste collection	47	562111	73	47073	Hawkins County, Tennessee	yes	2.3333333333333335	32.290996484848414	1285.0358007310958
21162	56	Solid waste collection	47	562111	77	47077	Henderson County, Tennessee	yes	1.0	13.917197588829437	562.0971160518224
21163	56	Solid waste collection	47	562111	79	47079	Henry County, Tennessee	yes	1.0	13.917197588829437	562.0971160518224
21164	56	Solid waste collection	47	562111	91	47091	Johnson County, Tennessee	yes	1.0	13.917197588829437	562.0971160518224
21165	56	Solid waste collection	47	562111	93	47093	Knox County, Tennessee	no	7.0	347.3333333333333	16735.333333333332
21166	56	Solid waste collection	47	562111	93	47093	Knox County, Tennessee	yes	6.333333333333333	98.47985258485534	3620.562284934742
21167	56	Solid waste collection	47	562111	95	47095	Lake County, Tennessee	yes	1.0	15.621512294775991	573.0610038754165
21168	56	Solid waste collection	47	562111	99	47099	Lawrence County, Tennessee	no	4.0	1.6666666666666667	90.33333333333333
21169	56	Solid waste collection	47	562111	99	47099	Lawrence County, Tennessee	yes	2.0	24.42576576576577	1102.2664564564566
21170	56	Solid waste collection	47	562111	101	47101	Lewis County, Tennessee	yes	1.5	20.144226285108637	870.5355286168522
21171	56	Solid waste collection	47	562111	103	47103	Lincoln County, Tennessee	yes	2.0	27.834395177658873	1124.1942321036447
21172	56	Solid waste collection	47	562111	105	47105	Loudon County, Tennessee	yes	1.0	13.917197588829437	562.0971160518224
21173	56	Solid waste collection	47	562111	107	47107	McMinn County, Tennessee	no	3.6666666666666665	64.66666666666667	3069.3333333333335
21174	56	Solid waste collection	47	562111	107	47107	McMinn County, Tennessee	yes	3.0	46.864536884327975	1719.1830116262497
21175	56	Solid waste collection	47	562111	109	47109	McNairy County, Tennessee	yes	1.0	14.92246452059536	574.4934665974386
21176	56	Solid waste collection	47	562111	111	47111	Macon County, Tennessee	no	3.5	7.0	186.5
21177	56	Solid waste collection	47	562111	111	47111	Macon County, Tennessee	yes	2.5	35.84302110521737	1491.0133755718336
21178	56	Solid waste collection	47	562111	113	47113	Madison County, Tennessee	yes	4.833333333333333	66.98722251204842	2710.0858889010874
21179	56	Solid waste collection	47	562111	115	47115	Marion County, Tennessee	yes	1.0	13.917197588829437	562.0971160518224
21180	56	Solid waste collection	47	562111	117	47117	Marshall County, Tennessee	yes	1.6666666666666667	23.347953736217434	914.4365068784196
21181	56	Solid waste collection	47	562111	119	47119	Maury County, Tennessee	no	4.666666666666667	41.0	1442.0
21182	56	Solid waste collection	47	562111	119	47119	Maury County, Tennessee	yes	5.0	78.10756147387995	2865.3050193770828
21183	56	Solid waste collection	47	562111	125	47125	Montgomery County, Tennessee	no	7.0	102.75	6565.25
21184	56	Solid waste collection	47	562111	125	47125	Montgomery County, Tennessee	yes	5.5	81.73849082727588	3145.761725510557
21185	56	Solid waste collection	47	562111	131	47131	Obion County, Tennessee	yes	3.0	41.75159276648831	1686.2913481554672
21186	56	Solid waste collection	47	562111	135	47135	Perry County, Tennessee	yes	1.0	15.621512294775991	573.0610038754165
21187	56	Solid waste collection	47	562111	145	47145	Roane County, Tennessee	yes	1.1666666666666667	15.537197588829436	627.9060049407112
21188	56	Solid waste collection	47	562111	147	47147	Robertson County, Tennessee	yes	2.3333333333333335	31.82978458575856	1281.101251833655
21189	56	Solid waste collection	47	562111	149	47149	Rutherford County, Tennessee	no	8.0	143.83333333333334	7306.333333333333
21190	56	Solid waste collection	47	562111	151	47151	Scott County, Tennessee	yes	2.5	33.94083661910032	1399.7608462177589
21191	56	Solid waste collection	47	562111	155	47155	Sevier County, Tennessee	yes	1.6666666666666667	23.347953736217434	914.4365068784196
21192	56	Solid waste collection	47	562111	157	47157	Shelby County, Tennessee	no	12.166666666666666	543.8333333333334	31638.333333333332
21193	56	Solid waste collection	47	562111	163	47163	Sullivan County, Tennessee	no	6.5	48.0	3188.75
21194	56	Solid waste collection	47	562111	163	47163	Sullivan County, Tennessee	yes	5.5	89.32679738562092	3232.6846405228757
21195	56	Solid waste collection	47	562111	165	47165	Sumner County, Tennessee	yes	1.6666666666666667	23.377793870469333	963.3526634761938
21196	56	Solid waste collection	47	562111	167	47167	Tipton County, Tennessee	yes	1.0	13.917197588829437	562.0971160518224
21197	56	Solid waste collection	47	562111	173	47173	Union County, Tennessee	yes	2.0	27.834395177658873	1124.1942321036447
21198	56	Solid waste collection	47	562111	175	47175	Van Buren County, Tennessee	yes	1.0	13.917197588829437	562.0971160518224
21199	56	Solid waste collection	47	562111	177	47177	Warren County, Tennessee	yes	1.75	22.574226285108637	969.2488619501855
21200	56	Solid waste collection	47	562111	179	47179	Washington County, Tennessee	yes	1.0	14.190894422459841	601.8833211365571
21201	56	Solid waste collection	47	562111	181	47181	Wayne County, Tennessee	yes	1.0	13.917197588829437	562.0971160518224
21202	56	Solid waste collection	47	562111	185	47185	White County, Tennessee	yes	1.0	13.917197588829437	562.0971160518224
21203	56	Solid waste collection	47	562111	187	47187	Williamson County, Tennessee	no	13.0	143.33333333333334	8812.666666666666
21204	56	Solid waste collection	47	562111	187	47187	Williamson County, Tennessee	yes	10.666666666666666	167.11477612851994	6092.137636674607
21205	56	Solid waste collection	47	562111	189	47189	Wilson County, Tennessee	yes	2.0	27.834395177658873	1124.1942321036447
21206	56	Solid waste landfill	47	562212	1	47001	Anderson County, Tennessee	yes	2.0	17.962559061733263	1242.3970377641947
21207	56	Solid waste landfill	47	562212	5	47005	Benton County, Tennessee	yes	2.6666666666666665	24.02159010572292	1527.5875029269382
21208	56	Solid waste landfill	47	562212	9	47009	Blount County, Tennessee	yes	1.0	9.513513513513514	422.62162162162167
21209	56	Solid waste landfill	47	562212	11	47011	Bradley County, Tennessee	yes	1.0	9.021105347395233	553.5359243990695
21210	56	Solid waste landfill	47	562212	21	47021	Cheatham County, Tennessee	yes	1.0	9.021105347395233	553.5359243990695
21211	56	Solid waste landfill	47	562212	37	47037	Davidson County, Tennessee	yes	2.5	22.46042534907323	1438.0006413677984
21212	56	Solid waste landfill	47	562212	39	47039	Decatur County, Tennessee	yes	1.0	9.021105347395233	553.5359243990695
21213	56	Solid waste landfill	47	562212	43	47043	Dickson County, Tennessee	yes	1.0	9.021105347395233	553.5359243990695
21214	56	Solid waste landfill	47	562212	45	47045	Dyer County, Tennessee	yes	1.0	9.021105347395233	553.5359243990695
21215	56	Solid waste landfill	47	562212	63	47063	Hamblen County, Tennessee	yes	1.0	8.759046052631579	411.921875
21216	56	Solid waste landfill	47	562212	65	47065	Hamilton County, Tennessee	no	5.0	52.0	2720.0
21217	56	Solid waste landfill	47	562212	65	47065	Hamilton County, Tennessee	yes	2.4	21.339984270448415	1309.6375699091182
21218	56	Solid waste landfill	47	562212	73	47073	Hawkins County, Tennessee	yes	1.0	9.021105347395233	553.5359243990695
21219	56	Solid waste landfill	47	562212	87	47087	Jackson County, Tennessee	yes	1.0	9.08854656598449	427.7856977441151
21220	56	Solid waste landfill	47	562212	93	47093	Knox County, Tennessee	no	3.75	19.25	891.25
21221	56	Solid waste landfill	47	562212	93	47093	Knox County, Tennessee	yes	3.5	32.132290184921764	1408.4932432432433
21222	56	Solid waste landfill	47	562212	97	47097	Lauderdale County, Tennessee	yes	1.0	9.021105347395233	553.5359243990695
21223	56	Solid waste landfill	47	562212	103	47103	Lincoln County, Tennessee	yes	1.0	9.021105347395233	553.5359243990695
21224	56	Solid waste landfill	47	562212	105	47105	Loudon County, Tennessee	yes	1.0	9.021105347395233	553.5359243990695
21225	56	Solid waste landfill	47	562212	115	47115	Marion County, Tennessee	yes	1.0	9.021105347395233	553.5359243990695
21226	56	Solid waste landfill	47	562212	117	47117	Marshall County, Tennessee	yes	1.0	8.922623714171575	579.718784954559
21227	56	Solid waste landfill	47	562212	119	47119	Maury County, Tennessee	yes	1.0	9.125177809388337	399.06081081081084
21228	56	Solid waste landfill	47	562212	125	47125	Montgomery County, Tennessee	yes	1.0	9.513513513513514	422.62162162162167
21229	56	Solid waste landfill	47	562212	143	47143	Rhea County, Tennessee	yes	1.0	9.021105347395233	553.5359243990695
21230	56	Solid waste landfill	47	562212	147	47147	Robertson County, Tennessee	yes	3.0	27.0633160421857	1660.6077731972084
21231	56	Solid waste landfill	47	562212	149	47149	Rutherford County, Tennessee	yes	1.0	9.021105347395233	553.5359243990695
21232	56	Solid waste landfill	47	562212	155	47155	Sevier County, Tennessee	yes	1.0	9.021105347395233	553.5359243990695
21233	56	Solid waste landfill	47	562212	157	47157	Shelby County, Tennessee	yes	3.0	27.0633160421857	1660.6077731972084
21234	56	Solid waste landfill	47	562212	163	47163	Sullivan County, Tennessee	yes	1.5	13.881934566145093	610.3716216216217
21235	56	Solid waste landfill	47	562212	165	47165	Sumner County, Tennessee	no	3.25	3.0	389.75
21236	56	Solid waste landfill	47	562212	165	47165	Sumner County, Tennessee	yes	2.0	17.772445820433436	1610.0727554179566
21237	56	Solid waste landfill	47	562212	179	47179	Washington County, Tennessee	yes	1.0	9.021105347395233	553.5359243990695
21238	56	Solid waste landfill	47	562212	187	47187	Williamson County, Tennessee	yes	1.0	9.513513513513514	422.62162162162167
21239	56	Solid waste landfill	47	562212	189	47189	Wilson County, Tennessee	yes	1.0	9.513513513513514	422.62162162162167
21240	56	Telemarketing bureaus and other contact centers	47	561422	1	47001	Anderson County, Tennessee	yes	1.0	176.4583718213838	4105.4821733285835
21241	56	Telemarketing bureaus and other contact centers	47	561422	11	47011	Bradley County, Tennessee	yes	1.0	176.4583718213838	4105.4821733285835
21242	56	Telemarketing bureaus and other contact centers	47	561422	37	47037	Davidson County, Tennessee	no	27.833333333333332	1522.1666666666667	55352.166666666664
21243	56	Telemarketing bureaus and other contact centers	47	561422	45	47045	Dyer County, Tennessee	yes	1.0	195.74405928006334	4688.96977702074
21244	56	Telemarketing bureaus and other contact centers	47	561422	47	47047	Fayette County, Tennessee	yes	1.0	119.078431372549	2694.656862745098
21245	56	Telemarketing bureaus and other contact centers	47	561422	53	47053	Gibson County, Tennessee	yes	1.0	195.74405928006334	4688.96977702074
21246	56	Telemarketing bureaus and other contact centers	47	561422	63	47063	Hamblen County, Tennessee	yes	1.6	322.4237249822603	7586.781880591285
21247	56	Telemarketing bureaus and other contact centers	47	561422	65	47065	Hamilton County, Tennessee	no	7.0	1028.5	24404.5
21248	56	Telemarketing bureaus and other contact centers	47	561422	65	47065	Hamilton County, Tennessee	yes	4.5	863.5041405893332	20757.78502814329
21249	56	Telemarketing bureaus and other contact centers	47	561422	67	47067	Hancock County, Tennessee	yes	1.0	152.42105263157893	3215.1315789473683
21250	56	Telemarketing bureaus and other contact centers	47	561422	93	47093	Knox County, Tennessee	no	10.0	476.6666666666667	9275.333333333334
21251	56	Telemarketing bureaus and other contact centers	47	561422	93	47093	Knox County, Tennessee	yes	8.0	1051.2304781561747	23129.603887168898
21252	56	Telemarketing bureaus and other contact centers	47	561422	101	47101	Lewis County, Tennessee	yes	1.0	222.72410518387528	5342.8159118446465
21253	56	Telemarketing bureaus and other contact centers	47	561422	103	47103	Lincoln County, Tennessee	yes	1.0	176.4583718213838	4105.4821733285835
21254	56	Telemarketing bureaus and other contact centers	47	561422	119	47119	Maury County, Tennessee	yes	1.0	170.2885077241221	3870.5401464558395
21255	56	Telemarketing bureaus and other contact centers	47	561422	123	47123	Monroe County, Tennessee	yes	1.0	152.42105263157893	3215.1315789473683
21256	56	Telemarketing bureaus and other contact centers	47	561422	125	47125	Montgomery County, Tennessee	yes	2.6666666666666665	489.6823050066351	11418.227565737388
21257	56	Telemarketing bureaus and other contact centers	47	561422	135	47135	Perry County, Tennessee	yes	1.0	176.4583718213838	4105.4821733285835
21258	56	Telemarketing bureaus and other contact centers	47	561422	141	47141	Putnam County, Tennessee	yes	1.0	137.88699690402476	2938.5069659442725
21259	56	Telemarketing bureaus and other contact centers	47	561422	147	47147	Robertson County, Tennessee	yes	1.0	176.4583718213838	4105.4821733285835
21260	56	Telemarketing bureaus and other contact centers	47	561422	149	47149	Rutherford County, Tennessee	yes	1.0	152.42105263157893	3215.1315789473683
21261	56	Telemarketing bureaus and other contact centers	47	561422	153	47153	Sequatchie County, Tennessee	yes	1.0	176.4583718213838	4105.4821733285835
21262	56	Telemarketing bureaus and other contact centers	47	561422	157	47157	Shelby County, Tennessee	no	9.0	1086.6	33110.0
21263	56	Telemarketing bureaus and other contact centers	47	561422	157	47157	Shelby County, Tennessee	yes	10.0	1148.0392156862745	27274.313725490196
21264	56	Telemarketing bureaus and other contact centers	47	561422	163	47163	Sullivan County, Tennessee	yes	2.6666666666666665	461.69738796289454	10545.457580820344
21265	56	Telemarketing bureaus and other contact centers	47	561422	165	47165	Sumner County, Tennessee	yes	1.5	216.2776454711439	4956.8001409065655
21266	56	Telemarketing bureaus and other contact centers	47	561422	179	47179	Washington County, Tennessee	yes	3.8333333333333335	686.6995003574307	15967.3567978895
21267	56	Telemarketing bureaus and other contact centers	47	561422	187	47187	Williamson County, Tennessee	no	5.333333333333333	259.3333333333333	17180.333333333332
21268	56	Telemarketing bureaus and other contact centers	47	561422	187	47187	Williamson County, Tennessee	yes	6.333333333333333	806.8847609219125	17955.467664258686
21269	56	Telemarketing bureaus and other contact centers	47	561422	189	47189	Wilson County, Tennessee	yes	1.0	195.74405928006334	4688.96977702074
21270	56	Telephone answering services	47	561421	3	47003	Bedford County, Tennessee	yes	1.0	44.27777777777778	1352.2222222222222
21271	56	Telephone answering services	47	561421	11	47011	Bradley County, Tennessee	yes	2.5	116.54166666666666	3532.020833333333
21272	56	Telephone answering services	47	561421	31	47031	Coffee County, Tennessee	yes	1.0	49.99305334042176	1586.9456926723376
21273	56	Telephone answering services	47	561421	37	47037	Davidson County, Tennessee	yes	1.0	49.99305334042176	1586.9456926723376
21274	56	Telephone answering services	47	561421	59	47059	Greene County, Tennessee	yes	1.0	49.99305334042176	1586.9456926723376
21275	56	Telephone answering services	47	561421	63	47063	Hamblen County, Tennessee	yes	1.0	49.99305334042176	1586.9456926723376
21276	56	Telephone answering services	47	561421	65	47065	Hamilton County, Tennessee	yes	1.8333333333333333	92.6064770512139	2948.5210149743048
21277	56	Telephone answering services	47	561421	93	47093	Knox County, Tennessee	no	5.0	318.0	19310.0
21278	56	Telephone answering services	47	561421	93	47093	Knox County, Tennessee	yes	4.0	187.04444444444442	6381.143055555556
21279	56	Telephone answering services	47	561421	119	47119	Maury County, Tennessee	yes	1.1666666666666667	57.372682970051386	1812.3160630427076
21280	56	Telephone answering services	47	561421	145	47145	Roane County, Tennessee	yes	1.0	40.375	1446.5
21281	56	Telephone answering services	47	561421	157	47157	Shelby County, Tennessee	no	4.166666666666667	84.83333333333333	2089.3333333333335
21282	56	Telephone answering services	47	561421	163	47163	Sullivan County, Tennessee	yes	1.0	49.99305334042176	1586.9456926723376
21283	56	Telephone answering services	47	561421	165	47165	Sumner County, Tennessee	yes	1.0	49.99305334042176	1586.9456926723376
21284	56	Telephone answering services	47	561421	179	47179	Washington County, Tennessee	yes	1.0	51.38888556618819	1666.4411084529504
21285	56	Telephone answering services	47	561421	187	47187	Williamson County, Tennessee	yes	1.0	49.99305334042176	1586.9456926723376
21286	56	Temporary help services	47	561320	1	47001	Anderson County, Tennessee	no	12.25	305.25	12887.25
21287	56	Temporary help services	47	561320	1	47001	Anderson County, Tennessee	yes	14.0	3434.7779591836734	58458.23020408163
21288	56	Temporary help services	47	561320	3	47003	Bedford County, Tennessee	no	4.0	428.0	12378.0
21289	56	Temporary help services	47	561320	3	47003	Bedford County, Tennessee	yes	3.0	913.6634411113844	16033.307157610034
21290	56	Temporary help services	47	561320	7	47007	Bledsoe County, Tennessee	yes	1.0	350.0972074468085	6651.858377659574
21291	56	Temporary help services	47	561320	9	47009	Blount County, Tennessee	no	9.2	1660.2	39727.2
21292	56	Temporary help services	47	561320	9	47009	Blount County, Tennessee	yes	10.0	1933.1632653061224	33459.183673469386
21293	56	Temporary help services	47	561320	11	47011	Bradley County, Tennessee	no	10.666666666666666	971.8333333333334	20332.666666666668
21294	56	Temporary help services	47	561320	13	47013	Campbell County, Tennessee	yes	1.0	408.080677980412	7738.334156534955
21295	56	Temporary help services	47	561320	17	47017	Carroll County, Tennessee	no	4.0	356.1666666666667	6200.5
21296	56	Temporary help services	47	561320	29	47029	Cocke County, Tennessee	yes	1.0	408.080677980412	7738.334156534955
21297	56	Temporary help services	47	561320	31	47031	Coffee County, Tennessee	no	7.8	1192.2	29180.4
21298	56	Temporary help services	47	561320	31	47031	Coffee County, Tennessee	yes	7.0	1353.2142857142856	23421.42857142857
21299	56	Temporary help services	47	561320	35	47035	Cumberland County, Tennessee	yes	1.3333333333333333	436.4344585448466	7997.529397908613
21300	56	Temporary help services	47	561320	37	47037	Davidson County, Tennessee	no	142.33333333333334	10831.0	327603.3333333333
21301	56	Temporary help services	47	561320	41	47041	DeKalb County, Tennessee	yes	2.0	639.4707787918209	11560.486544044174
21302	56	Temporary help services	47	561320	43	47043	Dickson County, Tennessee	no	3.0	906.0	17207.0
21303	56	Temporary help services	47	561320	43	47043	Dickson County, Tennessee	yes	3.3333333333333335	788.9569691008934	13065.737162527663
21304	56	Temporary help services	47	561320	45	47045	Dyer County, Tennessee	no	7.833333333333333	923.3333333333334	14881.5
21305	56	Temporary help services	47	561320	47	47047	Fayette County, Tennessee	yes	1.6666666666666667	641.4788162782844	12172.906408308003
21306	56	Temporary help services	47	561320	51	47051	Franklin County, Tennessee	yes	1.0	360.18400246121263	6634.425316196397
21307	56	Temporary help services	47	561320	53	47053	Gibson County, Tennessee	no	3.0	447.3333333333333	7110.0
21308	56	Temporary help services	47	561320	53	47053	Gibson County, Tennessee	yes	3.0	694.1703024342268	11466.457162527664
21309	56	Temporary help services	47	561320	55	47055	Giles County, Tennessee	yes	2.5	755.1658291975255	13471.562737798786
21310	56	Temporary help services	47	561320	59	47059	Greene County, Tennessee	no	5.5	437.5	9437.5
21311	56	Temporary help services	47	561320	63	47063	Hamblen County, Tennessee	no	17.0	1423.3333333333333	36512.5
21312	56	Temporary help services	47	561320	65	47065	Hamilton County, Tennessee	no	55.333333333333336	6116.166666666667	138737.16666666666
21313	56	Temporary help services	47	561320	73	47073	Hawkins County, Tennessee	no	9.333333333333334	325.3333333333333	9532.0
21314	56	Temporary help services	47	561320	73	47073	Hawkins County, Tennessee	yes	6.333333333333333	1452.7793803786574	24048.2204475043
21315	56	Temporary help services	47	561320	75	47075	Haywood County, Tennessee	yes	1.1666666666666667	355.81771871317954	6334.026404552208
21316	56	Temporary help services	47	561320	77	47077	Henderson County, Tennessee	no	4.2	269.4	3968.6
21317	56	Temporary help services	47	561320	77	47077	Henderson County, Tennessee	yes	4.0	865.9759036144578	13290.795180722893
21318	56	Temporary help services	47	561320	79	47079	Henry County, Tennessee	no	3.0	505.0	5096.0
21319	56	Temporary help services	47	561320	79	47079	Henry County, Tennessee	yes	2.0	720.3680049224253	13268.850632392794
21320	56	Temporary help services	47	561320	85	47085	Humphreys County, Tennessee	yes	1.0	250.42698795180723	4060.2693975903617
21321	56	Temporary help services	47	561320	89	47089	Jefferson County, Tennessee	no	4.0	510.0	6762.333333333333
21322	56	Temporary help services	47	561320	89	47089	Jefferson County, Tennessee	yes	3.3333333333333335	788.9569691008934	13065.737162527663
21323	56	Temporary help services	47	561320	93	47093	Knox County, Tennessee	no	73.66666666666667	6365.666666666667	230354.33333333334
21324	56	Temporary help services	47	561320	97	47097	Lauderdale County, Tennessee	yes	1.0	238.83816326530612	4071.879183673469
21325	56	Temporary help services	47	561320	99	47099	Lawrence County, Tennessee	yes	1.6666666666666667	559.8580577033855	10203.193482819685
21326	56	Temporary help services	47	561320	103	47103	Lincoln County, Tennessee	no	4.0	336.0	4471.0
21327	56	Temporary help services	47	561320	103	47103	Lincoln County, Tennessee	yes	3.0	836.6188303967062	14862.104350708087
21328	56	Temporary help services	47	561320	105	47105	Loudon County, Tennessee	yes	1.3333333333333333	436.4344585448466	7997.529397908613
21329	56	Temporary help services	47	561320	107	47107	McMinn County, Tennessee	yes	3.0	959.2061681877314	17340.729816066265
21330	56	Temporary help services	47	561320	109	47109	McNairy County, Tennessee	yes	1.0	319.73538939591043	5780.243272022087
21331	56	Temporary help services	47	561320	113	47113	Madison County, Tennessee	no	20.166666666666668	2103.8333333333335	46786.166666666664
21332	56	Temporary help services	47	561320	115	47115	Marion County, Tennessee	yes	1.6666666666666667	559.8580577033855	10203.193482819685
21333	56	Temporary help services	47	561320	117	47117	Marshall County, Tennessee	no	3.4	591.4	14799.4
21334	56	Temporary help services	47	561320	117	47117	Marshall County, Tennessee	yes	3.0	579.9489795918367	10037.755102040815
21335	56	Temporary help services	47	561320	119	47119	Maury County, Tennessee	no	5.833333333333333	273.0	6605.666666666667
21336	56	Temporary help services	47	561320	121	47121	Meigs County, Tennessee	yes	1.0	350.0972074468085	6651.858377659574
21337	56	Temporary help services	47	561320	123	47123	Monroe County, Tennessee	yes	2.0	639.4707787918209	11560.486544044174
21338	56	Temporary help services	47	561320	125	47125	Montgomery County, Tennessee	no	12.0	585.0	15015.833333333334
21339	56	Temporary help services	47	561320	127	47127	Moore County, Tennessee	yes	1.0	319.73538939591043	5780.243272022087
21340	56	Temporary help services	47	561320	131	47131	Obion County, Tennessee	no	3.0	237.0	5659.0
21341	56	Temporary help services	47	561320	131	47131	Obion County, Tennessee	yes	2.0	609.1089607409228	10688.871438406688
21342	56	Temporary help services	47	561320	133	47133	Overton County, Tennessee	yes	1.0	319.73538939591043	5780.243272022087
21343	56	Temporary help services	47	561320	141	47141	Putnam County, Tennessee	no	7.166666666666667	617.8333333333334	12549.5
21344	56	Temporary help services	47	561320	143	47143	Rhea County, Tennessee	yes	2.6666666666666665	637.4574100483567	10343.411182689944
21345	56	Temporary help services	47	561320	147	47147	Robertson County, Tennessee	yes	4.0	1282.804499145809	23117.10315939398
21346	56	Temporary help services	47	561320	149	47149	Rutherford County, Tennessee	no	42.0	5286.166666666667	118950.0
21347	56	Temporary help services	47	561320	151	47151	Scott County, Tennessee	yes	1.0	238.83816326530612	4071.879183673469
21348	56	Temporary help services	47	561320	155	47155	Sevier County, Tennessee	no	3.5	88.0	1729.5
21349	56	Temporary help services	47	561320	155	47155	Sevier County, Tennessee	yes	3.0	832.5035379958829	14979.250438385108
21350	56	Temporary help services	47	561320	157	47157	Shelby County, Tennessee	no	162.16666666666666	19636.0	418511.3333333333
21351	56	Temporary help services	47	561320	161	47161	Stewart County, Tennessee	yes	1.0	284.36	4797.84
21352	56	Temporary help services	47	561320	163	47163	Sullivan County, Tennessee	no	12.2	571.6	12538.0
21353	56	Temporary help services	47	561320	163	47163	Sullivan County, Tennessee	yes	10.0	1933.1632653061224	33459.183673469386
21354	56	Temporary help services	47	561320	165	47165	Sumner County, Tennessee	no	9.0	930.4	18090.0
21355	56	Temporary help services	47	561320	165	47165	Sumner County, Tennessee	yes	8.0	1731.9518072289156	26581.590361445786
21356	56	Temporary help services	47	561320	167	47167	Tipton County, Tennessee	yes	2.3333333333333335	799.9807260108606	14626.143693617283
21357	56	Temporary help services	47	561320	173	47173	Union County, Tennessee	yes	1.0	370.27079747561675	6616.992254733219
21358	56	Temporary help services	47	561320	177	47177	Warren County, Tennessee	no	4.666666666666667	793.6666666666666	16633.333333333332
21359	56	Temporary help services	47	561320	177	47177	Warren County, Tennessee	yes	2.3333333333333335	534.944860257356	8751.871040078682
21360	56	Temporary help services	47	561320	179	47179	Washington County, Tennessee	no	23.333333333333332	1381.8333333333333	28225.0
21361	56	Temporary help services	47	561320	183	47183	Weakley County, Tennessee	yes	3.3333333333333335	1119.716115406771	20406.38696563937
21362	56	Temporary help services	47	561320	185	47185	White County, Tennessee	yes	1.0	350.0972074468085	6651.858377659574
21363	56	Temporary help services	47	561320	187	47187	Williamson County, Tennessee	no	61.0	3813.8333333333335	183519.66666666666
21364	56	Temporary help services	47	561320	189	47189	Wilson County, Tennessee	no	12.833333333333334	1491.0	33910.166666666664
21365	56	Tour operators	47	561520	5	47005	Benton County, Tennessee	yes	1.0	3.6851190476190476	110.63809523809523
21366	56	Tour operators	47	561520	9	47009	Blount County, Tennessee	yes	1.0	3.9218749999999996	89.87083333333334
21367	56	Tour operators	47	561520	29	47029	Cocke County, Tennessee	yes	1.0	5.333333333333333	97.06666666666666
21368	56	Tour operators	47	561520	37	47037	Davidson County, Tennessee	no	9.666666666666666	54.0	2302.3333333333335
21369	56	Tour operators	47	561520	65	47065	Hamilton County, Tennessee	no	3.0	0.0	174.0
21370	56	Tour operators	47	561520	65	47065	Hamilton County, Tennessee	yes	1.8	6.393452380952381	181.87142857142854
21371	56	Tour operators	47	561520	93	47093	Knox County, Tennessee	yes	1.0	5.333333333333333	97.06666666666666
21372	56	Tour operators	47	561520	105	47105	Loudon County, Tennessee	yes	1.0	4.035714285714286	145.38690476190476
21373	56	Tour operators	47	561520	119	47119	Maury County, Tennessee	yes	1.0	4.035714285714286	145.38690476190476
21374	56	Tour operators	47	561520	139	47139	Polk County, Tennessee	yes	1.0	3.9598214285714284	108.37619047619046
21375	56	Tour operators	47	561520	149	47149	Rutherford County, Tennessee	yes	1.0	5.333333333333333	97.06666666666666
21376	56	Tour operators	47	561520	155	47155	Sevier County, Tennessee	no	3.5	12.0	636.75
21377	56	Tour operators	47	561520	155	47155	Sevier County, Tennessee	yes	3.0	12.78125	286.225
21378	56	Tour operators	47	561520	157	47157	Shelby County, Tennessee	no	4.5	32.833333333333336	768.1666666666666
21379	56	Tour operators	47	561520	175	47175	Van Buren County, Tennessee	yes	1.0	3.9598214285714284	108.37619047619046
21380	56	Tour operators	47	561520	177	47177	Warren County, Tennessee	yes	1.0	3.9598214285714284	108.37619047619046
21381	56	Tour operators	47	561520	179	47179	Washington County, Tennessee	yes	1.0	3.9598214285714284	108.37619047619046
21382	56	Tour operators	47	561520	187	47187	Williamson County, Tennessee	yes	3.0	11.879464285714285	325.12857142857143
21383	56	Tour operators	47	561520	189	47189	Wilson County, Tennessee	yes	1.0	3.9598214285714284	108.37619047619046
21384	56	Travel agencies	47	561510	1	47001	Anderson County, Tennessee	yes	1.3333333333333333	3.2825419555602484	230.6319202477739
21385	56	Travel agencies	47	561510	3	47003	Bedford County, Tennessee	yes	1.6666666666666667	2.2526301047642514	295.11953155245834
21386	56	Travel agencies	47	561510	5	47005	Benton County, Tennessee	yes	1.0	4.312453806356245	166.14430894308944
21387	56	Travel agencies	47	561510	9	47009	Blount County, Tennessee	no	4.0	9.333333333333334	290.3333333333333
21388	56	Travel agencies	47	561510	9	47009	Blount County, Tennessee	yes	3.3333333333333335	-7.205780217975338	495.52671312427407
21389	56	Travel agencies	47	561510	11	47011	Bradley County, Tennessee	no	3.0	3.0	61.0
21390	56	Travel agencies	47	561510	11	47011	Bradley County, Tennessee	yes	2.75	-4.021059902157462	390.6740708478513
21391	56	Travel agencies	47	561510	21	47021	Cheatham County, Tennessee	yes	2.8333333333333335	2.092110858879152	459.37795199380554
21392	56	Travel agencies	47	561510	35	47035	Cumberland County, Tennessee	yes	1.0	4.77281746031746	198.92857142857142
21393	56	Travel agencies	47	561510	37	47037	Davidson County, Tennessee	no	40.0	298.8333333333333	14256.166666666666
21394	56	Travel agencies	47	561510	43	47043	Dickson County, Tennessee	yes	2.4	3.901551226551226	376.6095238095238
21395	56	Travel agencies	47	561510	45	47045	Dyer County, Tennessee	yes	1.0	1.8450573534415	175.25048393341072
21396	56	Travel agencies	47	561510	47	47047	Fayette County, Tennessee	yes	2.0	3.6621851499900284	341.04258614014714
21397	56	Travel agencies	47	561510	53	47053	Gibson County, Tennessee	yes	1.0	4.373511904761905	220.33333333333331
21398	56	Travel agencies	47	561510	59	47059	Greene County, Tennessee	yes	1.3333333333333333	0.7947928031769499	221.67508710801394
21399	56	Travel agencies	47	561510	61	47061	Grundy County, Tennessee	yes	1.0	5.609756097560976	236.1219512195122
21400	56	Travel agencies	47	561510	63	47063	Hamblen County, Tennessee	yes	1.5	4.23146608360023	274.71476964769647
21401	56	Travel agencies	47	561510	65	47065	Hamilton County, Tennessee	no	8.166666666666666	28.333333333333332	1399.1666666666667
21402	56	Travel agencies	47	561510	73	47073	Hawkins County, Tennessee	yes	1.0	5.571428571428571	156.11904761904762
21403	56	Travel agencies	47	561510	77	47077	Henderson County, Tennessee	yes	1.0	1.0921176046176049	163.07619047619045
21404	56	Travel agencies	47	561510	91	47091	Johnson County, Tennessee	yes	1.75	4.190972222222222	329.0
21405	56	Travel agencies	47	561510	93	47093	Knox County, Tennessee	no	14.6	181.8	9053.6
21406	56	Travel agencies	47	561510	93	47093	Knox County, Tennessee	yes	7.0	39.268292682926834	1652.8536585365855
21407	56	Travel agencies	47	561510	103	47103	Lincoln County, Tennessee	yes	1.0	0.6209410085172284	199.80429732868757
21408	56	Travel agencies	47	561510	105	47105	Loudon County, Tennessee	yes	1.0	4.373511904761905	220.33333333333331
21409	56	Travel agencies	47	561510	107	47107	McMinn County, Tennessee	yes	1.0	0.5808300777812976	152.70905923344947
21410	56	Travel agencies	47	561510	113	47113	Madison County, Tennessee	no	3.0	3.4	95.4
21411	56	Travel agencies	47	561510	113	47113	Madison County, Tennessee	yes	4.0	12.06060606060606	384.6666666666667
21412	56	Travel agencies	47	561510	117	47117	Marshall County, Tennessee	yes	2.3333333333333335	-7.000721500721501	270.6349206349206
21413	56	Travel agencies	47	561510	119	47119	Maury County, Tennessee	yes	1.4	-0.6717897617287856	222.79581881533105
21414	56	Travel agencies	47	561510	123	47123	Monroe County, Tennessee	yes	1.0	0.6113591269841272	179.80357142857142
21415	56	Travel agencies	47	561510	125	47125	Montgomery County, Tennessee	yes	2.6666666666666665	3.239207185091331	437.05207123499804
21416	56	Travel agencies	47	561510	131	47131	Obion County, Tennessee	yes	1.5	1.3037059767242698	251.03668215253583
21417	56	Travel agencies	47	561510	141	47141	Putnam County, Tennessee	yes	1.0	1.8450573534415	175.25048393341072
21418	56	Travel agencies	47	561510	147	47147	Robertson County, Tennessee	yes	1.0	-3.1507936507936503	139.27380952380952
21419	56	Travel agencies	47	561510	149	47149	Rutherford County, Tennessee	no	7.5	14.25	542.5
21420	56	Travel agencies	47	561510	149	47149	Rutherford County, Tennessee	yes	9.0	-39.8603896103896	983.6785714285713
21421	56	Travel agencies	47	561510	153	47153	Sequatchie County, Tennessee	yes	1.0	3.015151515151515	96.16666666666667
21422	56	Travel agencies	47	561510	155	47155	Sevier County, Tennessee	no	3.6666666666666665	12.666666666666666	452.3333333333333
21423	56	Travel agencies	47	561510	155	47155	Sevier County, Tennessee	yes	3.0	11.762175324675326	536.8333333333334
21424	56	Travel agencies	47	561510	157	47157	Shelby County, Tennessee	no	35.166666666666664	227.16666666666666	10824.5
21425	56	Travel agencies	47	561510	163	47163	Sullivan County, Tennessee	no	8.666666666666666	11.666666666666666	580.1666666666666
21426	56	Travel agencies	47	561510	165	47165	Sumner County, Tennessee	yes	2.6666666666666665	1.1635394303077236	433.35811072396433
21427	56	Travel agencies	47	561510	167	47167	Tipton County, Tennessee	yes	1.0	3.015151515151515	96.16666666666667
21428	56	Travel agencies	47	561510	171	47171	Unicoi County, Tennessee	yes	1.0	1.8450573534415	175.25048393341072
21429	56	Travel agencies	47	561510	177	47177	Warren County, Tennessee	yes	1.0	0.5808300777812976	152.70905923344947
21430	56	Travel agencies	47	561510	179	47179	Washington County, Tennessee	no	3.0	0.0	108.0
21431	56	Travel agencies	47	561510	179	47179	Washington County, Tennessee	yes	2.0	0.21235481997677025	349.7106852497096
21432	56	Travel agencies	47	561510	187	47187	Williamson County, Tennessee	no	13.0	49.5	2588.6666666666665
21433	56	Travel agencies	47	561510	189	47189	Wilson County, Tennessee	no	3.0	2.0	112.0
21434	56	Travel agencies	47	561510	189	47189	Wilson County, Tennessee	yes	5.25	-2.0004751346214764	709.1867015098723
21435	61	All other miscellaneous schools and instruction	47	611699	3	47003	Bedford County, Tennessee	yes	1.0	3.898446263881047	159.99245718050068
21436	61	All other miscellaneous schools and instruction	47	611699	5	47005	Benton County, Tennessee	yes	1.0	3.8987052199008723	168.7937143170839
21437	61	All other miscellaneous schools and instruction	47	611699	9	47009	Blount County, Tennessee	yes	1.0	3.8987052199008723	168.7937143170839
21438	61	All other miscellaneous schools and instruction	47	611699	15	47015	Cannon County, Tennessee	yes	1.0	3.8987052199008723	168.7937143170839
21439	61	All other miscellaneous schools and instruction	47	611699	17	47017	Carroll County, Tennessee	yes	1.0	3.8987052199008723	168.7937143170839
21440	61	All other miscellaneous schools and instruction	47	611699	25	47025	Claiborne County, Tennessee	yes	1.0	5.130434782608695	177.91304347826087
21441	61	All other miscellaneous schools and instruction	47	611699	35	47035	Cumberland County, Tennessee	yes	1.0	3.5407004830917876	158.1237922705314
21442	61	All other miscellaneous schools and instruction	47	611699	37	47037	Davidson County, Tennessee	no	16.5	77.33333333333333	3780.8333333333335
21443	61	All other miscellaneous schools and instruction	47	611699	39	47039	Decatur County, Tennessee	yes	1.0	4.4350649350649345	162.79545454545456
21444	61	All other miscellaneous schools and instruction	47	611699	59	47059	Greene County, Tennessee	yes	1.0	3.8987052199008723	168.7937143170839
21445	61	All other miscellaneous schools and instruction	47	611699	65	47065	Hamilton County, Tennessee	no	5.2	11.4	287.4
21446	61	All other miscellaneous schools and instruction	47	611699	65	47065	Hamilton County, Tennessee	yes	2.0	7.800000000000001	425.6
21447	61	All other miscellaneous schools and instruction	47	611699	77	47077	Henderson County, Tennessee	yes	1.0	3.8987052199008723	168.7937143170839
21448	61	All other miscellaneous schools and instruction	47	611699	93	47093	Knox County, Tennessee	no	7.0	31.2	424.0
21449	61	All other miscellaneous schools and instruction	47	611699	93	47093	Knox County, Tennessee	yes	3.0	-5.875	353.875
21450	61	All other miscellaneous schools and instruction	47	611699	99	47099	Lawrence County, Tennessee	yes	1.0	4.475141163184642	179.07598814229252
21451	61	All other miscellaneous schools and instruction	47	611699	109	47109	McNairy County, Tennessee	yes	1.0	4.666854884246189	167.83465085639
21452	61	All other miscellaneous schools and instruction	47	611699	119	47119	Maury County, Tennessee	yes	1.0	4.4350649350649345	162.79545454545456
21453	61	All other miscellaneous schools and instruction	47	611699	123	47123	Monroe County, Tennessee	yes	1.0	3.8987052199008723	168.7937143170839
21454	61	All other miscellaneous schools and instruction	47	611699	125	47125	Montgomery County, Tennessee	yes	1.3333333333333333	6.024033816425121	217.62379227053142
21455	61	All other miscellaneous schools and instruction	47	611699	143	47143	Rhea County, Tennessee	yes	1.0	3.5407004830917876	158.1237922705314
21456	61	All other miscellaneous schools and instruction	47	611699	145	47145	Roane County, Tennessee	yes	1.8333333333333333	8.123799328690632	317.9277064119455
21457	61	All other miscellaneous schools and instruction	47	611699	147	47147	Robertson County, Tennessee	yes	1.0	3.8987052199008723	168.7937143170839
21458	61	All other miscellaneous schools and instruction	47	611699	149	47149	Rutherford County, Tennessee	no	4.5	2.3333333333333335	101.83333333333333
21459	61	All other miscellaneous schools and instruction	47	611699	155	47155	Sevier County, Tennessee	yes	1.3333333333333333	2.8879227053140095	197.44323671497582
21460	61	All other miscellaneous schools and instruction	47	611699	157	47157	Shelby County, Tennessee	no	5.5	56.333333333333336	770.3333333333334
21461	61	All other miscellaneous schools and instruction	47	611699	163	47163	Sullivan County, Tennessee	yes	1.0	3.8987052199008723	168.7937143170839
21462	61	All other miscellaneous schools and instruction	47	611699	165	47165	Sumner County, Tennessee	yes	1.25	5.450141163184641	232.2759881422925
21463	61	All other miscellaneous schools and instruction	47	611699	179	47179	Washington County, Tennessee	yes	1.0	4.256709956709957	179.46363636363637
21464	61	All other miscellaneous schools and instruction	47	611699	187	47187	Williamson County, Tennessee	no	3.6	26.2	1232.4
21465	61	All other miscellaneous schools and instruction	47	611699	187	47187	Williamson County, Tennessee	yes	2.0	-3.9166666666666665	235.91666666666666
21466	61	All other miscellaneous schools and instruction	47	611699	189	47189	Wilson County, Tennessee	yes	3.0	11.696115659702615	506.38114295125166
21467	61	Apprenticeship training	47	611513	1	47001	Anderson County, Tennessee	yes	2.0	12.455555555555556	271.2943639291465
21468	61	Apprenticeship training	47	611513	37	47037	Davidson County, Tennessee	no	7.333333333333333	57.166666666666664	1229.1666666666667
21469	61	Apprenticeship training	47	611513	65	47065	Hamilton County, Tennessee	yes	2.0	12.455555555555556	271.2943639291465
21470	61	Apprenticeship training	47	611513	69	47069	Hardeman County, Tennessee	yes	1.0	6.300000000000001	95.30000000000001
21471	61	Apprenticeship training	47	611513	93	47093	Knox County, Tennessee	yes	2.1666666666666665	13.688888888888888	294.64436392914655
21472	61	Apprenticeship training	47	611513	113	47113	Madison County, Tennessee	yes	1.0	6.300000000000001	95.30000000000001
21473	61	Apprenticeship training	47	611513	119	47119	Maury County, Tennessee	yes	1.0	6.213333333333333	143.7166183574879
21474	61	Apprenticeship training	47	611513	157	47157	Shelby County, Tennessee	no	7.333333333333333	47.0	875.6666666666666
21475	61	Apprenticeship training	47	611513	163	47163	Sullivan County, Tennessee	yes	1.0	6.227777777777778	135.64718196457326
21476	61	Apprenticeship training	47	611513	187	47187	Williamson County, Tennessee	yes	1.0	5.916666666666666	144.6207729468599
21477	61	Apprenticeship training	47	611513	189	47189	Wilson County, Tennessee	yes	1.0	6.8500000000000005	117.7
21478	61	Automobile driving schools	47	611692	1	47001	Anderson County, Tennessee	yes	1.0	3.4885149572649574	101.84348290598291
21479	61	Automobile driving schools	47	611692	11	47011	Bradley County, Tennessee	yes	1.0	4.5	130.5
21480	61	Automobile driving schools	47	611692	31	47031	Coffee County, Tennessee	yes	1.0	3.4528846153846153	100.37884615384615
21481	61	Automobile driving schools	47	611692	37	47037	Davidson County, Tennessee	yes	1.8333333333333333	6.977029914529915	203.68696581196582
21482	61	Automobile driving schools	47	611692	47	47047	Fayette County, Tennessee	yes	1.0	4.186217948717949	122.2121794871795
21483	61	Automobile driving schools	47	611692	63	47063	Hamblen County, Tennessee	yes	1.0	3.4885149572649574	101.84348290598291
21484	61	Automobile driving schools	47	611692	77	47077	Henderson County, Tennessee	yes	1.0	0.0	0.0
21485	61	Automobile driving schools	47	611692	93	47093	Knox County, Tennessee	yes	1.3333333333333333	4.988514957264957	145.3434829059829
21486	61	Automobile driving schools	47	611692	125	47125	Montgomery County, Tennessee	yes	1.5	5.477029914529915	160.18696581196582
21487	61	Automobile driving schools	47	611692	145	47145	Roane County, Tennessee	yes	1.0	4.5	130.5
21488	61	Automobile driving schools	47	611692	147	47147	Robertson County, Tennessee	yes	1.0	4.6923076923076925	133.5897435897436
21489	61	Automobile driving schools	47	611692	149	47149	Rutherford County, Tennessee	yes	1.0	1.59375	50.5625
21490	61	Automobile driving schools	47	611692	157	47157	Shelby County, Tennessee	yes	1.3333333333333333	4.019764957264957	118.69764957264958
21491	61	Automobile driving schools	47	611692	165	47165	Sumner County, Tennessee	yes	1.0	4.5	130.5
21492	61	Automobile driving schools	47	611692	187	47187	Williamson County, Tennessee	yes	2.8333333333333335	8.650641025641026	255.58974358974356
21493	61	Business and secretarial schools	47	611410	37	47037	Davidson County, Tennessee	yes	1.0	0.0	0.0
21494	61	Business and secretarial schools	47	611410	113	47113	Madison County, Tennessee	yes	1.0	0.0	0.0
21495	61	Business and secretarial schools	47	611410	149	47149	Rutherford County, Tennessee	yes	1.0	0.0	0.0
21496	61	Business and secretarial schools	47	611410	157	47157	Shelby County, Tennessee	yes	1.0	0.0	0.0
21497	61	Colleges, universities, and professional schools	47	611310	9	47009	Blount County, Tennessee	yes	1.0	521.2609993120055	13899.320244238044
21498	61	Colleges, universities, and professional schools	47	611310	11	47011	Bradley County, Tennessee	yes	1.0	521.2609993120055	13899.320244238044
21499	61	Colleges, universities, and professional schools	47	611310	17	47017	Carroll County, Tennessee	yes	1.0	521.2609993120055	13899.320244238044
21500	61	Colleges, universities, and professional schools	47	611310	19	47019	Carter County, Tennessee	yes	1.6666666666666667	876.8438940488476	22747.70094599243
21501	61	Colleges, universities, and professional schools	47	611310	23	47023	Chester County, Tennessee	yes	1.0	521.2609993120055	13899.320244238044
21502	61	Colleges, universities, and professional schools	47	611310	25	47025	Claiborne County, Tennessee	yes	1.0	521.2609993120055	13899.320244238044
21503	61	Colleges, universities, and professional schools	47	611310	37	47037	Davidson County, Tennessee	no	22.0	13378.5	674736.3333333334
21504	61	Colleges, universities, and professional schools	47	611310	51	47051	Franklin County, Tennessee	yes	1.0	521.2609993120055	13899.320244238044
21505	61	Colleges, universities, and professional schools	47	611310	59	47059	Greene County, Tennessee	yes	1.0	521.2609993120055	13899.320244238044
21506	61	Colleges, universities, and professional schools	47	611310	65	47065	Hamilton County, Tennessee	no	6.666666666666667	2294.6666666666665	38246.333333333336
21507	61	Colleges, universities, and professional schools	47	611310	89	47089	Jefferson County, Tennessee	yes	1.0	521.2609993120055	13899.320244238044
21508	61	Colleges, universities, and professional schools	47	611310	93	47093	Knox County, Tennessee	no	10.666666666666666	1091.6666666666667	28314.5
21509	61	Colleges, universities, and professional schools	47	611310	107	47107	McMinn County, Tennessee	yes	1.0	521.2609993120055	13899.320244238044
21510	61	Colleges, universities, and professional schools	47	611310	113	47113	Madison County, Tennessee	yes	2.5	1303.350507395941	34280.08259373925
21511	61	Colleges, universities, and professional schools	47	611310	123	47123	Monroe County, Tennessee	yes	1.0	497.03431372549016	15152.818627450979
21512	61	Colleges, universities, and professional schools	47	611310	125	47125	Montgomery County, Tennessee	yes	1.0	533.3743421052632	13272.571052631578
21513	61	Colleges, universities, and professional schools	47	611310	143	47143	Rhea County, Tennessee	yes	2.0	1042.521998624011	27798.64048847609
21514	61	Colleges, universities, and professional schools	47	611310	149	47149	Rutherford County, Tennessee	yes	1.75	931.6434210526315	23198.87894736842
21515	61	Colleges, universities, and professional schools	47	611310	155	47155	Sevier County, Tennessee	yes	1.0	497.03431372549016	15152.818627450979
21516	61	Colleges, universities, and professional schools	47	611310	157	47157	Shelby County, Tennessee	no	20.5	3301.3333333333335	100097.33333333333
21517	61	Colleges, universities, and professional schools	47	611310	163	47163	Sullivan County, Tennessee	yes	1.0	521.2609993120055	13899.320244238044
21518	61	Colleges, universities, and professional schools	47	611310	187	47187	Williamson County, Tennessee	no	4.666666666666667	86.33333333333333	2654.5
21519	61	Computer training	47	611420	1	47001	Anderson County, Tennessee	yes	1.0	4.7425264550264545	231.78260582010583
21520	61	Computer training	47	611420	9	47009	Blount County, Tennessee	yes	1.0	4.7425264550264545	231.78260582010583
21521	61	Computer training	47	611420	37	47037	Davidson County, Tennessee	no	8.5	54.333333333333336	3439.1666666666665
21522	61	Computer training	47	611420	65	47065	Hamilton County, Tennessee	no	3.0	7.0	349.0
21523	61	Computer training	47	611420	65	47065	Hamilton County, Tennessee	yes	2.2	8.44111111111111	510.32777777777784
21524	61	Computer training	47	611420	93	47093	Knox County, Tennessee	yes	1.0	4.7425264550264545	231.78260582010583
21525	61	Computer training	47	611420	113	47113	Madison County, Tennessee	yes	1.0	3.988888888888889	207.32222222222222
21526	61	Computer training	47	611420	135	47135	Perry County, Tennessee	yes	1.0	7.021164021164021	191.86243386243385
21527	61	Computer training	47	611420	149	47149	Rutherford County, Tennessee	yes	1.0	4.7425264550264545	231.78260582010583
21528	61	Computer training	47	611420	153	47153	Sequatchie County, Tennessee	yes	1.0	-4.133333333333333	244.53333333333333
21529	61	Computer training	47	611420	157	47157	Shelby County, Tennessee	no	3.0	4.25	254.5
21530	61	Computer training	47	611420	157	47157	Shelby County, Tennessee	yes	2.0	-0.46666666666666634	412.8666666666667
21531	61	Computer training	47	611420	179	47179	Washington County, Tennessee	yes	1.0	-4.133333333333333	244.53333333333333
21532	61	Computer training	47	611420	187	47187	Williamson County, Tennessee	yes	2.0	6.666507936507936	503.8293650793651
21533	61	Cosmetology and barber schools	47	611511	3	47003	Bedford County, Tennessee	yes	1.0	7.371257550152478	194.77214096960472
21534	61	Cosmetology and barber schools	47	611511	9	47009	Blount County, Tennessee	yes	1.0	7.892857142857142	196.10714285714283
21535	61	Cosmetology and barber schools	47	611511	11	47011	Bradley County, Tennessee	yes	1.0	7.371257550152478	194.77214096960472
21536	61	Cosmetology and barber schools	47	611511	31	47031	Coffee County, Tennessee	yes	1.1666666666666667	8.686733740628666	227.45666477912857
21537	61	Cosmetology and barber schools	47	611511	37	47037	Davidson County, Tennessee	no	8.666666666666666	67.66666666666667	2944.0
21538	61	Cosmetology and barber schools	47	611511	45	47045	Dyer County, Tennessee	yes	1.0	7.371257550152478	194.77214096960472
21539	61	Cosmetology and barber schools	47	611511	63	47063	Hamblen County, Tennessee	yes	1.0	7.371257550152478	194.77214096960472
21540	61	Cosmetology and barber schools	47	611511	65	47065	Hamilton County, Tennessee	yes	2.0	14.742515100304956	389.54428193920944
21541	61	Cosmetology and barber schools	47	611511	77	47077	Henderson County, Tennessee	yes	1.0	7.371257550152478	194.77214096960472
21542	61	Cosmetology and barber schools	47	611511	93	47093	Knox County, Tennessee	no	5.333333333333333	70.5	2602.3333333333335
21543	61	Cosmetology and barber schools	47	611511	99	47099	Lawrence County, Tennessee	yes	1.0	7.753217846967847	189.09480565730564
21544	61	Cosmetology and barber schools	47	611511	103	47103	Lincoln County, Tennessee	yes	1.0	7.371257550152478	194.77214096960472
21545	61	Cosmetology and barber schools	47	611511	109	47109	McNairy County, Tennessee	yes	1.6666666666666667	12.540069448131042	320.8353447411418
21546	61	Cosmetology and barber schools	47	611511	113	47113	Madison County, Tennessee	yes	2.0	14.742515100304956	389.54428193920944
21547	61	Cosmetology and barber schools	47	611511	119	47119	Maury County, Tennessee	yes	1.0	7.753217846967847	189.09480565730564
21548	61	Cosmetology and barber schools	47	611511	125	47125	Montgomery County, Tennessee	yes	2.0	14.742515100304956	389.54428193920944
21549	61	Cosmetology and barber schools	47	611511	141	47141	Putnam County, Tennessee	yes	2.0	14.742515100304956	389.54428193920944
21550	61	Cosmetology and barber schools	47	611511	147	47147	Robertson County, Tennessee	yes	1.0	6.115384615384616	160.34615384615387
21551	61	Cosmetology and barber schools	47	611511	149	47149	Rutherford County, Tennessee	no	3.0	38.0	1216.0
21552	61	Cosmetology and barber schools	47	611511	149	47149	Rutherford County, Tennessee	yes	2.0	14.035247009431792	404.97667931907057
21553	61	Cosmetology and barber schools	47	611511	157	47157	Shelby County, Tennessee	no	9.833333333333334	112.0	3630.3333333333335
21554	61	Cosmetology and barber schools	47	611511	163	47163	Sullivan County, Tennessee	yes	1.0	6.962962962962963	201.59259259259258
21555	61	Cosmetology and barber schools	47	611511	165	47165	Sumner County, Tennessee	yes	1.0	7.371257550152478	194.77214096960472
21556	61	Cosmetology and barber schools	47	611511	177	47177	Warren County, Tennessee	yes	1.0	7.753217846967847	189.09480565730564
21557	61	Cosmetology and barber schools	47	611511	179	47179	Washington County, Tennessee	yes	1.0	7.371257550152478	194.77214096960472
21558	61	Cosmetology and barber schools	47	611511	187	47187	Williamson County, Tennessee	yes	1.0	7.371257550152478	194.77214096960472
21559	61	Cosmetology and barber schools	47	611511	189	47189	Wilson County, Tennessee	yes	1.5	10.59293397155716	290.20543714203137
21560	61	Educational support services	47	611710	9	47009	Blount County, Tennessee	yes	1.0	9.220588235294118	365.23055555555555
21561	61	Educational support services	47	611710	11	47011	Bradley County, Tennessee	yes	1.0	9.007974481658692	337.53508771929825
21562	61	Educational support services	47	611710	17	47017	Carroll County, Tennessee	yes	1.0	9.114281358476404	351.38282163742684
21563	61	Educational support services	47	611710	25	47025	Claiborne County, Tennessee	yes	1.0	9.220588235294118	365.23055555555555
21564	61	Educational support services	47	611710	37	47037	Davidson County, Tennessee	no	19.0	434.5	14466.666666666666
21565	61	Educational support services	47	611710	45	47045	Dyer County, Tennessee	yes	1.3333333333333333	12.599575476123462	487.5050438596491
21566	61	Educational support services	47	611710	51	47051	Franklin County, Tennessee	yes	1.0	9.114281358476404	351.38282163742684
21567	61	Educational support services	47	611710	65	47065	Hamilton County, Tennessee	no	5.0	17.833333333333332	456.8333333333333
21568	61	Educational support services	47	611710	79	47079	Henry County, Tennessee	yes	1.0	9.114281358476404	351.38282163742684
21569	61	Educational support services	47	611710	89	47089	Jefferson County, Tennessee	yes	1.0	9.114281358476404	351.38282163742684
21570	61	Educational support services	47	611710	91	47091	Johnson County, Tennessee	yes	1.0	9.114281358476404	351.38282163742684
21571	61	Educational support services	47	611710	93	47093	Knox County, Tennessee	no	5.5	55.5	2523.0
21572	61	Educational support services	47	611710	93	47093	Knox County, Tennessee	yes	5.5	55.344919786096256	2090.725
21573	61	Educational support services	47	611710	101	47101	Lewis County, Tennessee	yes	1.0	8.955319448353503	344.31393141945773
21574	61	Educational support services	47	611710	105	47105	Loudon County, Tennessee	yes	1.0	9.114281358476404	351.38282163742684
21575	61	Educational support services	47	611710	113	47113	Madison County, Tennessee	yes	1.0	9.233622994652407	350.36609848484846
21576	61	Educational support services	47	611710	125	47125	Montgomery County, Tennessee	yes	1.5	13.724575476123462	533.9980994152047
21577	61	Educational support services	47	611710	141	47141	Putnam County, Tennessee	yes	1.0	9.114281358476404	351.38282163742684
21578	61	Educational support services	47	611710	147	47147	Robertson County, Tennessee	yes	1.0	9.082592175626232	360.5048405103668
21579	61	Educational support services	47	611710	149	47149	Rutherford County, Tennessee	no	3.5	1.5	60.5
21580	61	Educational support services	47	611710	149	47149	Rutherford County, Tennessee	yes	1.5	10.671052631578947	439.01096491228066
21581	61	Educational support services	47	611710	155	47155	Sevier County, Tennessee	yes	1.4	13.264945116802703	523.8515071770335
21582	61	Educational support services	47	611710	157	47157	Shelby County, Tennessee	no	13.333333333333334	137.0	6493.833333333333
21583	61	Educational support services	47	611710	165	47165	Sumner County, Tennessee	yes	1.5	13.724575476123462	533.9980994152047
21584	61	Educational support services	47	611710	167	47167	Tipton County, Tennessee	yes	1.0	7.842105263157895	320.10526315789474
21585	61	Educational support services	47	611710	173	47173	Union County, Tennessee	yes	1.0	9.220588235294118	365.23055555555555
21586	61	Educational support services	47	611710	179	47179	Washington County, Tennessee	yes	1.0	9.114281358476404	351.38282163742684
21587	61	Educational support services	47	611710	183	47183	Weakley County, Tennessee	yes	1.3333333333333333	12.311251055446101	466.79948830409353
21588	61	Educational support services	47	611710	187	47187	Williamson County, Tennessee	no	9.666666666666666	32.166666666666664	2160.0
21589	61	Educational support services	47	611710	189	47189	Wilson County, Tennessee	yes	1.0	9.114281358476404	351.38282163742684
21590	61	Elementary and secondary schools	47	611110	1	47001	Anderson County, Tennessee	yes	1.0	25.049007714321263	531.3342898469577
21591	61	Elementary and secondary schools	47	611110	3	47003	Bedford County, Tennessee	yes	1.0	31.426936361838525	827.8640344279867
21592	61	Elementary and secondary schools	47	611110	9	47009	Blount County, Tennessee	no	3.6	110.6	3908.0
21593	61	Elementary and secondary schools	47	611110	9	47009	Blount County, Tennessee	yes	2.0	49.58333333333333	1088.2916666666665
21594	61	Elementary and secondary schools	47	611110	11	47011	Bradley County, Tennessee	no	3.0	123.5	2739.0
21595	61	Elementary and secondary schools	47	611110	13	47013	Campbell County, Tennessee	yes	1.0	31.426936361838525	827.8640344279867
21596	61	Elementary and secondary schools	47	611110	19	47019	Carter County, Tennessee	yes	1.0	31.426936361838525	827.8640344279867
21597	61	Elementary and secondary schools	47	611110	21	47021	Cheatham County, Tennessee	yes	2.0	62.85387272367705	1655.7280688559733
21598	61	Elementary and secondary schools	47	611110	25	47025	Claiborne County, Tennessee	yes	1.2	37.339955213153594	980.9620606118297
21599	61	Elementary and secondary schools	47	611110	33	47033	Crockett County, Tennessee	yes	1.0	32.09837014583414	864.9252134066073
21600	61	Elementary and secondary schools	47	611110	35	47035	Cumberland County, Tennessee	no	3.0	23.0	324.0
21601	61	Elementary and secondary schools	47	611110	35	47035	Cumberland County, Tennessee	yes	2.2	70.0939455140265	1865.5697352587472
21602	61	Elementary and secondary schools	47	611110	37	47037	Davidson County, Tennessee	no	62.333333333333336	4897.0	190660.33333333334
21603	61	Elementary and secondary schools	47	611110	43	47043	Dickson County, Tennessee	yes	1.3333333333333333	39.38051823318356	998.8503282876358
21604	61	Elementary and secondary schools	47	611110	45	47045	Dyer County, Tennessee	yes	1.0	31.426936361838525	827.8640344279867
21605	61	Elementary and secondary schools	47	611110	47	47047	Fayette County, Tennessee	yes	2.0	62.85387272367705	1655.7280688559733
21606	61	Elementary and secondary schools	47	611110	49	47049	Fentress County, Tennessee	yes	1.0	23.860745614035086	512.9588815789473
21607	61	Elementary and secondary schools	47	611110	51	47051	Franklin County, Tennessee	yes	1.0	31.426936361838525	827.8640344279867
21608	61	Elementary and secondary schools	47	611110	59	47059	Greene County, Tennessee	yes	1.8333333333333333	58.7219282792326	1565.0370966337512
21609	61	Elementary and secondary schools	47	611110	63	47063	Hamblen County, Tennessee	yes	2.0	62.85387272367705	1655.7280688559733
21610	61	Elementary and secondary schools	47	611110	65	47065	Hamilton County, Tennessee	no	30.833333333333332	1977.0	69769.5
21611	61	Elementary and secondary schools	47	611110	71	47071	Hardin County, Tennessee	yes	1.0	31.426936361838525	827.8640344279867
21612	61	Elementary and secondary schools	47	611110	77	47077	Henderson County, Tennessee	yes	1.0	31.426936361838525	827.8640344279867
21613	61	Elementary and secondary schools	47	611110	79	47079	Henry County, Tennessee	yes	1.5	43.95144021899916	1093.5311793514654
21614	61	Elementary and secondary schools	47	611110	83	47083	Houston County, Tennessee	yes	1.0	25.049007714321263	531.3342898469577
21615	61	Elementary and secondary schools	47	611110	85	47085	Humphreys County, Tennessee	yes	1.0	31.426936361838525	827.8640344279867
21616	61	Elementary and secondary schools	47	611110	89	47089	Jefferson County, Tennessee	yes	1.1666666666666667	35.24857378873911	908.1593560654136
21617	61	Elementary and secondary schools	47	611110	93	47093	Knox County, Tennessee	no	26.666666666666668	1036.6666666666667	32963.666666666664
21618	61	Elementary and secondary schools	47	611110	99	47099	Lawrence County, Tennessee	yes	2.0	62.85387272367705	1655.7280688559733
21619	61	Elementary and secondary schools	47	611110	101	47101	Lewis County, Tennessee	yes	1.0	31.426936361838525	827.8640344279867
21620	61	Elementary and secondary schools	47	611110	105	47105	Loudon County, Tennessee	yes	1.0	31.426936361838525	827.8640344279867
21621	61	Elementary and secondary schools	47	611110	107	47107	McMinn County, Tennessee	yes	2.3333333333333335	70.80745459502207	1826.7143627156227
21622	61	Elementary and secondary schools	47	611110	111	47111	Macon County, Tennessee	yes	1.0	31.426936361838525	827.8640344279867
21623	61	Elementary and secondary schools	47	611110	113	47113	Madison County, Tennessee	no	9.0	544.5	14904.833333333334
21624	61	Elementary and secondary schools	47	611110	119	47119	Maury County, Tennessee	no	5.0	387.5	9366.0
21625	61	Elementary and secondary schools	47	611110	121	47121	Meigs County, Tennessee	yes	1.0	31.426936361838525	827.8640344279867
21626	61	Elementary and secondary schools	47	611110	125	47125	Montgomery County, Tennessee	no	6.6	130.4	4158.8
21627	61	Elementary and secondary schools	47	611110	125	47125	Montgomery County, Tennessee	yes	5.0	114.64912280701753	2408.859649122807
21628	61	Elementary and secondary schools	47	611110	129	47129	Morgan County, Tennessee	yes	1.0	42.672413793103445	1365.3115987460815
21629	61	Elementary and secondary schools	47	611110	133	47133	Overton County, Tennessee	yes	1.0	31.426936361838525	827.8640344279867
21630	61	Elementary and secondary schools	47	611110	139	47139	Polk County, Tennessee	yes	1.0	31.426936361838525	827.8640344279867
21631	61	Elementary and secondary schools	47	611110	141	47141	Putnam County, Tennessee	yes	1.6666666666666667	54.90029085233203	1484.7417749963242
21632	61	Elementary and secondary schools	47	611110	143	47143	Rhea County, Tennessee	yes	1.0	31.426936361838525	827.8640344279867
21633	61	Elementary and secondary schools	47	611110	147	47147	Robertson County, Tennessee	no	4.333333333333333	157.0	3396.1666666666665
21634	61	Elementary and secondary schools	47	611110	149	47149	Rutherford County, Tennessee	no	7.333333333333333	343.8333333333333	8463.0
21635	61	Elementary and secondary schools	47	611110	155	47155	Sevier County, Tennessee	yes	1.1666666666666667	35.55888080628297	918.5550066502088
21636	61	Elementary and secondary schools	47	611110	157	47157	Shelby County, Tennessee	no	74.83333333333333	4738.666666666667	190329.5
21637	61	Elementary and secondary schools	47	611110	163	47163	Sullivan County, Tennessee	no	4.666666666666667	134.16666666666666	1745.5
21638	61	Elementary and secondary schools	47	611110	165	47165	Sumner County, Tennessee	no	7.333333333333333	260.1666666666667	7345.833333333333
21639	61	Elementary and secondary schools	47	611110	167	47167	Tipton County, Tennessee	yes	1.0	31.426936361838525	827.8640344279867
21640	61	Elementary and secondary schools	47	611110	177	47177	Warren County, Tennessee	yes	2.0	62.85387272367705	1655.7280688559733
21641	61	Elementary and secondary schools	47	611110	179	47179	Washington County, Tennessee	yes	3.0	94.28080908551557	2483.59210328396
21642	61	Elementary and secondary schools	47	611110	185	47185	White County, Tennessee	yes	1.0	31.426936361838525	827.8640344279867
21643	61	Elementary and secondary schools	47	611110	187	47187	Williamson County, Tennessee	no	12.166666666666666	748.8333333333334	28956.5
21644	61	Elementary and secondary schools	47	611110	189	47189	Wilson County, Tennessee	no	4.666666666666667	150.5	3889.0
21645	61	Exam preparation and tutoring	47	611691	7	47007	Bledsoe County, Tennessee	yes	1.0	10.847430426377796	134.46989094357517
21646	61	Exam preparation and tutoring	47	611691	9	47009	Blount County, Tennessee	yes	2.5	43.12435076777181	327.80483641536273
21647	61	Exam preparation and tutoring	47	611691	11	47011	Bradley County, Tennessee	yes	1.1666666666666667	21.698715213188894	151.3349454717876
21648	61	Exam preparation and tutoring	47	611691	21	47021	Cheatham County, Tennessee	yes	1.0	18.040381879855563	123.40161213845425
21649	61	Exam preparation and tutoring	47	611691	25	47025	Claiborne County, Tennessee	yes	1.0	10.847430426377796	134.46989094357517
21650	61	Exam preparation and tutoring	47	611691	35	47035	Cumberland County, Tennessee	yes	1.1666666666666667	23.00704854652223	139.0682788051209
21651	61	Exam preparation and tutoring	47	611691	37	47037	Davidson County, Tennessee	no	20.5	255.5	4897.5
21652	61	Exam preparation and tutoring	47	611691	65	47065	Hamilton County, Tennessee	no	6.5	30.666666666666668	592.1666666666666
21653	61	Exam preparation and tutoring	47	611691	79	47079	Henry County, Tennessee	yes	1.0	10.155761024182077	159.20483641536273
21654	61	Exam preparation and tutoring	47	611691	93	47093	Knox County, Tennessee	no	8.166666666666666	78.66666666666667	926.8333333333334
21655	61	Exam preparation and tutoring	47	611691	103	47103	Lincoln County, Tennessee	yes	1.0	18.040381879855563	123.40161213845425
21656	61	Exam preparation and tutoring	47	611691	107	47107	McMinn County, Tennessee	yes	1.0	23.950000000000003	75.4
21657	61	Exam preparation and tutoring	47	611691	111	47111	Macon County, Tennessee	yes	1.0	23.950000000000003	75.4
21658	61	Exam preparation and tutoring	47	611691	113	47113	Madison County, Tennessee	yes	1.1666666666666667	21.698715213188894	151.3349454717876
21659	61	Exam preparation and tutoring	47	611691	115	47115	Marion County, Tennessee	yes	1.0	21.950000000000003	167.60000000000002
21660	61	Exam preparation and tutoring	47	611691	119	47119	Maury County, Tennessee	yes	1.3333333333333333	21.425635554582925	176.46989094357517
21661	61	Exam preparation and tutoring	47	611691	125	47125	Montgomery County, Tennessee	no	3.5	31.833333333333332	309.5
21662	61	Exam preparation and tutoring	47	611691	145	47145	Roane County, Tennessee	yes	1.1666666666666667	21.698715213188894	151.3349454717876
21663	61	Exam preparation and tutoring	47	611691	149	47149	Rutherford County, Tennessee	no	7.166666666666667	38.666666666666664	497.5
21664	61	Exam preparation and tutoring	47	611691	157	47157	Shelby County, Tennessee	no	26.833333333333332	316.1666666666667	6439.666666666667
21665	61	Exam preparation and tutoring	47	611691	159	47159	Smith County, Tennessee	yes	1.0	21.950000000000003	167.60000000000002
21666	61	Exam preparation and tutoring	47	611691	163	47163	Sullivan County, Tennessee	no	3.0	7.0	158.5
21667	61	Exam preparation and tutoring	47	611691	163	47163	Sullivan County, Tennessee	yes	2.0	28.246145639566695	239.40483641536275
21668	61	Exam preparation and tutoring	47	611691	165	47165	Sumner County, Tennessee	no	3.3333333333333335	42.0	427.6666666666667
21669	61	Exam preparation and tutoring	47	611691	165	47165	Sumner County, Tennessee	yes	3.0	75.7	337.0
21670	61	Exam preparation and tutoring	47	611691	179	47179	Washington County, Tennessee	no	3.0	7.0	75.0
21671	61	Exam preparation and tutoring	47	611691	179	47179	Washington County, Tennessee	yes	2.0	38.40460881934566	262.1638691322902
21672	61	Exam preparation and tutoring	47	611691	187	47187	Williamson County, Tennessee	no	13.666666666666666	155.16666666666666	2101.3333333333335
21673	61	Exam preparation and tutoring	47	611691	189	47189	Wilson County, Tennessee	no	3.5	5.5	72.0
21674	61	Exam preparation and tutoring	47	611691	189	47189	Wilson County, Tennessee	yes	1.3333333333333333	22.737174016121386	156.4032242769085
21675	61	Fine arts schools	47	611610	1	47001	Anderson County, Tennessee	no	4.0	19.0	227.25
21676	61	Fine arts schools	47	611610	1	47001	Anderson County, Tennessee	yes	3.5	32.003125	171.38333333333333
21677	61	Fine arts schools	47	611610	3	47003	Bedford County, Tennessee	yes	1.0	8.934375	49.03333333333333
21678	61	Fine arts schools	47	611610	9	47009	Blount County, Tennessee	no	5.166666666666667	17.0	357.8333333333333
21679	61	Fine arts schools	47	611610	11	47011	Bradley County, Tennessee	yes	1.25	10.730284090909093	66.57166666666666
21680	61	Fine arts schools	47	611610	13	47013	Campbell County, Tennessee	yes	1.0	10.72	52.72
21681	61	Fine arts schools	47	611610	19	47019	Carter County, Tennessee	yes	1.0	7.865585966486453	57.29690321505914
21682	61	Fine arts schools	47	611610	21	47021	Cheatham County, Tennessee	yes	1.0	7.865585966486453	57.29690321505914
21683	61	Fine arts schools	47	611610	33	47033	Crockett County, Tennessee	yes	1.0	7.865585966486453	57.29690321505914
21684	61	Fine arts schools	47	611610	35	47035	Cumberland County, Tennessee	yes	1.0	9.529583333333333	50.26222222222222
21685	61	Fine arts schools	47	611610	37	47037	Davidson County, Tennessee	no	27.5	148.5	3197.5
21686	61	Fine arts schools	47	611610	43	47043	Dickson County, Tennessee	yes	1.0	7.865585966486453	57.29690321505914
21687	61	Fine arts schools	47	611610	51	47051	Franklin County, Tennessee	yes	1.0	5.870564717641179	63.49737631184408
21688	61	Fine arts schools	47	611610	55	47055	Giles County, Tennessee	yes	1.0	7.865585966486453	57.29690321505914
21689	61	Fine arts schools	47	611610	59	47059	Greene County, Tennessee	no	3.0	5.0	31.0
21690	61	Fine arts schools	47	611610	59	47059	Greene County, Tennessee	yes	2.0	16.43056471764118	114.14070964517741
21691	61	Fine arts schools	47	611610	63	47063	Hamblen County, Tennessee	no	4.0	22.666666666666668	45.0
21692	61	Fine arts schools	47	611610	63	47063	Hamblen County, Tennessee	yes	2.6666666666666665	26.099166666666665	134.28666666666666
21693	61	Fine arts schools	47	611610	65	47065	Hamilton County, Tennessee	no	9.166666666666666	52.5	568.0
21694	61	Fine arts schools	47	611610	73	47073	Hawkins County, Tennessee	yes	1.0	7.865585966486453	57.29690321505914
21695	61	Fine arts schools	47	611610	77	47077	Henderson County, Tennessee	yes	1.0	5.870564717641179	63.49737631184408
21696	61	Fine arts schools	47	611610	89	47089	Jefferson County, Tennessee	yes	1.0	5.870564717641179	63.49737631184408
21697	61	Fine arts schools	47	611610	93	47093	Knox County, Tennessee	no	18.666666666666668	136.5	1326.0
21698	61	Fine arts schools	47	611610	103	47103	Lincoln County, Tennessee	yes	1.0	7.865585966486453	57.29690321505914
21699	61	Fine arts schools	47	611610	105	47105	Loudon County, Tennessee	yes	2.0	15.731171932972906	114.59380643011828
21700	61	Fine arts schools	47	611610	107	47107	McMinn County, Tennessee	yes	1.0	7.46875	49.5
21701	61	Fine arts schools	47	611610	113	47113	Madison County, Tennessee	yes	1.0	8.244128787878788	54.68888888888889
21702	61	Fine arts schools	47	611610	119	47119	Maury County, Tennessee	yes	2.0	15.731171932972906	114.59380643011828
21703	61	Fine arts schools	47	611610	125	47125	Montgomery County, Tennessee	no	6.0	35.333333333333336	343.3333333333333
21704	61	Fine arts schools	47	611610	141	47141	Putnam County, Tennessee	no	3.0	0.0	116.0
21705	61	Fine arts schools	47	611610	141	47141	Putnam County, Tennessee	yes	3.25	21.422324349189044	194.24606446776613
21706	61	Fine arts schools	47	611610	145	47145	Roane County, Tennessee	yes	1.0	5.870564717641179	63.49737631184408
21707	61	Fine arts schools	47	611610	147	47147	Robertson County, Tennessee	yes	1.1666666666666667	9.65225263315312	66.0835698817258
21708	61	Fine arts schools	47	611610	149	47149	Rutherford County, Tennessee	no	9.333333333333334	53.666666666666664	1035.8333333333333
21709	61	Fine arts schools	47	611610	155	47155	Sevier County, Tennessee	no	4.0	48.0	1053.0
21710	61	Fine arts schools	47	611610	155	47155	Sevier County, Tennessee	yes	3.0	26.589289772727273	162.59
21711	61	Fine arts schools	47	611610	157	47157	Shelby County, Tennessee	no	22.5	100.33333333333333	1998.1666666666667
21712	61	Fine arts schools	47	611610	163	47163	Sullivan County, Tennessee	no	5.333333333333333	16.166666666666668	191.33333333333334
21713	61	Fine arts schools	47	611610	165	47165	Sumner County, Tennessee	no	6.833333333333333	66.5	1793.8333333333333
21714	61	Fine arts schools	47	611610	171	47171	Unicoi County, Tennessee	yes	1.0	7.294703159783744	58.21228385807096
21715	61	Fine arts schools	47	611610	177	47177	Warren County, Tennessee	yes	1.0	7.865585966486453	57.29690321505914
21716	61	Fine arts schools	47	611610	179	47179	Washington County, Tennessee	no	10.166666666666666	59.166666666666664	496.8333333333333
21717	61	Fine arts schools	47	611610	187	47187	Williamson County, Tennessee	no	15.166666666666666	87.33333333333333	1233.3333333333333
21718	61	Fine arts schools	47	611610	189	47189	Wilson County, Tennessee	no	4.666666666666667	19.333333333333332	318.0
21719	61	Flight training	47	611512	9	47009	Blount County, Tennessee	yes	1.0	1.9083333333333332	134.47083333333333
21720	61	Flight training	47	611512	11	47011	Bradley County, Tennessee	yes	1.0	3.583333333333333	90.25
21721	61	Flight training	47	611512	37	47037	Davidson County, Tennessee	no	3.0	0.0	872.0
21722	61	Flight training	47	611512	37	47037	Davidson County, Tennessee	yes	3.0	7.775454545454545	465.9254545454545
21723	61	Flight training	47	611512	65	47065	Hamilton County, Tennessee	yes	2.0	5.514141414141414	288.9308080808081
21724	61	Flight training	47	611512	93	47093	Knox County, Tennessee	yes	1.0	2.757070707070707	144.46540404040405
21725	61	Flight training	47	611512	125	47125	Montgomery County, Tennessee	yes	1.1666666666666667	3.223737373737374	168.48762626262626
21726	61	Flight training	47	611512	139	47139	Polk County, Tennessee	yes	1.0	2.757070707070707	144.46540404040405
21727	61	Flight training	47	611512	147	47147	Robertson County, Tennessee	yes	1.0	1.4055555555555557	133.57222222222222
21728	61	Flight training	47	611512	149	47149	Rutherford County, Tennessee	no	3.0	26.0	301.0
21729	61	Flight training	47	611512	149	47149	Rutherford County, Tennessee	yes	1.6	6.206969696969697	233.3069696969697
21730	61	Flight training	47	611512	157	47157	Shelby County, Tennessee	yes	1.6666666666666667	3.533333333333333	211.69999999999996
21731	61	Flight training	47	611512	163	47163	Sullivan County, Tennessee	yes	1.0	2.757070707070707	144.46540404040405
21732	61	Junior colleges	47	611210	9	47009	Blount County, Tennessee	yes	1.0	82.04667832167831	2181.8051864801864
21733	61	Junior colleges	47	611210	37	47037	Davidson County, Tennessee	no	5.666666666666667	525.6666666666666	15401.5
21734	61	Junior colleges	47	611210	55	47055	Giles County, Tennessee	yes	1.0	91.24071484071483	2510.9307303807304
21735	61	Junior colleges	47	611210	65	47065	Hamilton County, Tennessee	yes	1.8333333333333333	161.96627816627816	4382.467521367522
21736	61	Junior colleges	47	611210	85	47085	Humphreys County, Tennessee	yes	1.0	80.06223776223776	2127.962470862471
21737	61	Junior colleges	47	611210	93	47093	Knox County, Tennessee	no	3.0	90.5	2061.5
21738	61	Junior colleges	47	611210	93	47093	Knox County, Tennessee	yes	2.5	280.80303030303025	8256.545454545454
21739	61	Junior colleges	47	611210	113	47113	Madison County, Tennessee	yes	1.0	84.870675990676	2245.844149184149
21740	61	Junior colleges	47	611210	123	47123	Monroe County, Tennessee	yes	1.0	96.29516317016316	2704.3665501165497
21741	61	Junior colleges	47	611210	141	47141	Putnam County, Tennessee	yes	1.0	82.04667832167831	2181.8051864801864
21742	61	Junior colleges	47	611210	149	47149	Rutherford County, Tennessee	yes	1.0	84.870675990676	2245.844149184149
21743	61	Junior colleges	47	611210	157	47157	Shelby County, Tennessee	yes	1.1666666666666667	111.75586635586636	3150.3246697746695
21744	61	Junior colleges	47	611210	163	47163	Sullivan County, Tennessee	yes	1.0	91.24071484071483	2510.9307303807304
21745	61	Junior colleges	47	611210	179	47179	Washington County, Tennessee	yes	1.0	96.29516317016316	2704.3665501165497
21746	61	Junior colleges	47	611210	189	47189	Wilson County, Tennessee	yes	1.0	91.24071484071483	2510.9307303807304
21747	61	Language schools	47	611630	9	47009	Blount County, Tennessee	yes	1.0	12.009294871794873	253.4529761904762
21748	61	Language schools	47	611630	25	47025	Claiborne County, Tennessee	yes	1.0	12.685256410256413	255.1916666666667
21749	61	Language schools	47	611630	37	47037	Davidson County, Tennessee	no	5.333333333333333	126.66666666666667	1863.5
21750	61	Language schools	47	611630	93	47093	Knox County, Tennessee	yes	1.0	12.009294871794873	253.4529761904762
21751	61	Language schools	47	611630	141	47141	Putnam County, Tennessee	yes	1.0	12.009294871794873	253.4529761904762
21752	61	Language schools	47	611630	149	47149	Rutherford County, Tennessee	yes	1.0	12.009294871794873	253.4529761904762
21753	61	Language schools	47	611630	157	47157	Shelby County, Tennessee	yes	1.6666666666666667	19.968589743589742	415.33214285714286
21754	61	Language schools	47	611630	165	47165	Sumner County, Tennessee	yes	1.0	10.925	240.2107142857143
21755	61	Language schools	47	611630	179	47179	Washington County, Tennessee	yes	1.0	12.009294871794873	253.4529761904762
21756	61	Other technical and trade schools	47	611519	1	47001	Anderson County, Tennessee	yes	1.0	35.70833333333333	1711.6666666666665
21757	61	Other technical and trade schools	47	611519	9	47009	Blount County, Tennessee	yes	2.1666666666666665	30.019572589467103	1082.0058977965307
21758	61	Other technical and trade schools	47	611519	11	47011	Bradley County, Tennessee	yes	2.0	28.499572589467103	1048.639231129864
21759	61	Other technical and trade schools	47	611519	21	47021	Cheatham County, Tennessee	yes	1.5	19.614603453664632	694.5318237224565
21760	61	Other technical and trade schools	47	611519	31	47031	Coffee County, Tennessee	yes	1.0	14.249786294733552	524.319615564932
21761	61	Other technical and trade schools	47	611519	35	47035	Cumberland County, Tennessee	yes	1.0	8.532407407407407	237.7222222222222
21762	61	Other technical and trade schools	47	611519	37	47037	Davidson County, Tennessee	no	18.833333333333332	334.5	11719.666666666666
21763	61	Other technical and trade schools	47	611519	63	47063	Hamblen County, Tennessee	yes	1.0	14.249786294733552	524.319615564932
21764	61	Other technical and trade schools	47	611519	65	47065	Hamilton County, Tennessee	no	7.333333333333333	138.33333333333334	3543.3333333333335
21765	61	Other technical and trade schools	47	611519	85	47085	Humphreys County, Tennessee	yes	1.0	17.76993827160494	708.2148148148148
21766	61	Other technical and trade schools	47	611519	89	47089	Jefferson County, Tennessee	yes	2.0	28.499572589467103	1048.639231129864
21767	61	Other technical and trade schools	47	611519	93	47093	Knox County, Tennessee	no	4.666666666666667	22.333333333333332	629.3333333333334
21768	61	Other technical and trade schools	47	611519	93	47093	Knox County, Tennessee	yes	3.3333333333333335	56.13697530864198	2195.5703703703707
21769	61	Other technical and trade schools	47	611519	99	47099	Lawrence County, Tennessee	yes	1.0	9.120000000000001	200.20000000000002
21770	61	Other technical and trade schools	47	611519	113	47113	Madison County, Tennessee	no	3.6666666666666665	6.666666666666667	247.83333333333334
21771	61	Other technical and trade schools	47	611519	125	47125	Montgomery County, Tennessee	yes	3.3333333333333335	46.683620487576185	1699.3932770745425
21772	61	Other technical and trade schools	47	611519	141	47141	Putnam County, Tennessee	yes	1.5	26.974166666666665	1056.0333333333333
21773	61	Other technical and trade schools	47	611519	149	47149	Rutherford County, Tennessee	no	4.0	0.0	641.0
21774	61	Other technical and trade schools	47	611519	149	47149	Rutherford County, Tennessee	yes	3.0	30.502788326300983	925.538270042194
21775	61	Other technical and trade schools	47	611519	155	47155	Sevier County, Tennessee	yes	1.0	14.249786294733552	524.319615564932
21776	61	Other technical and trade schools	47	611519	157	47157	Shelby County, Tennessee	no	13.5	487.5	15572.666666666666
21777	61	Other technical and trade schools	47	611519	163	47163	Sullivan County, Tennessee	yes	1.0	14.249786294733552	524.319615564932
21778	61	Other technical and trade schools	47	611519	165	47165	Sumner County, Tennessee	yes	1.0	22.14583333333333	987.1666666666665
21779	61	Other technical and trade schools	47	611519	179	47179	Washington County, Tennessee	yes	3.0	39.21223159868729	1380.7488326300984
21780	61	Other technical and trade schools	47	611519	187	47187	Williamson County, Tennessee	no	4.666666666666667	15.5	677.1666666666666
21781	61	Other technical and trade schools	47	611519	189	47189	Wilson County, Tennessee	yes	1.3333333333333333	18.18404789810908	650.7540459446788
21782	61	Professional and management development training	47	611430	1	47001	Anderson County, Tennessee	yes	1.1666666666666667	6.274380673090351	455.66875343294697
21783	61	Professional and management development training	47	611430	5	47005	Benton County, Tennessee	yes	1.0	4.188359167714006	320.11498999208675
21784	61	Professional and management development training	47	611430	9	47009	Blount County, Tennessee	no	3.0	1.4	177.6
21785	61	Professional and management development training	47	611430	9	47009	Blount County, Tennessee	yes	5.0	62.58064516129032	4066.6129032258063
21786	61	Professional and management development training	47	611430	15	47015	Cannon County, Tennessee	yes	1.0	2.3126490713587486	143.77601173020525
21787	61	Professional and management development training	47	611430	27	47027	Clay County, Tennessee	yes	1.0	4.188359167714006	320.11498999208675
21788	61	Professional and management development training	47	611430	31	47031	Coffee County, Tennessee	yes	1.0	7.396103896103896	598.2142857142857
21789	61	Professional and management development training	47	611430	37	47037	Davidson County, Tennessee	no	18.333333333333332	417.0	36629.666666666664
21790	61	Professional and management development training	47	611430	37	47037	Davidson County, Tennessee	yes	19.666666666666668	47.95358748778104	2936.3287194525897
21791	61	Professional and management development training	47	611430	45	47045	Dyer County, Tennessee	yes	1.0	4.188359167714006	320.11498999208675
21792	61	Professional and management development training	47	611430	63	47063	Hamblen County, Tennessee	yes	1.0	6.064069264069264	496.45396825396824
21793	61	Professional and management development training	47	611430	65	47065	Hamilton County, Tennessee	no	8.5	42.0	3294.0
21794	61	Professional and management development training	47	611430	93	47093	Knox County, Tennessee	no	8.833333333333334	42.166666666666664	2619.0
21795	61	Professional and management development training	47	611430	113	47113	Madison County, Tennessee	yes	1.0	2.3126490713587486	143.77601173020525
21796	61	Professional and management development training	47	611430	117	47117	Marshall County, Tennessee	yes	1.0	12.516129032258064	813.3225806451612
21797	61	Professional and management development training	47	611430	119	47119	Maury County, Tennessee	yes	1.3333333333333333	6.653727133081972	519.5197518968487
21798	61	Professional and management development training	47	611430	125	47125	Montgomery County, Tennessee	yes	1.0	12.516129032258064	813.3225806451612
21799	61	Professional and management development training	47	611430	141	47141	Putnam County, Tennessee	yes	1.0	2.5844868035190616	181.0653421309873
21800	61	Professional and management development training	47	611430	149	47149	Rutherford County, Tennessee	no	3.8333333333333335	4.0	264.3333333333333
21801	61	Professional and management development training	47	611430	155	47155	Sevier County, Tennessee	yes	1.5	5.344683703393382	392.0029958571893
21802	61	Professional and management development training	47	611430	157	47157	Shelby County, Tennessee	no	14.333333333333334	200.33333333333334	12849.666666666666
21803	61	Professional and management development training	47	611430	157	47157	Shelby County, Tennessee	yes	14.333333333333334	37.063069403714564	2282.0668426197462
21804	61	Professional and management development training	47	611430	163	47163	Sullivan County, Tennessee	no	3.0	6.0	329.0
21805	61	Professional and management development training	47	611430	163	47163	Sullivan County, Tennessee	yes	2.0	5.168973607038123	362.1306842619746
21806	61	Professional and management development training	47	611430	165	47165	Sumner County, Tennessee	yes	1.0	2.3126490713587486	143.77601173020525
21807	61	Professional and management development training	47	611430	179	47179	Washington County, Tennessee	yes	2.5	9.533042871107387	712.1179858492761
21808	61	Professional and management development training	47	611430	187	47187	Williamson County, Tennessee	no	6.666666666666667	66.0	2914.8333333333335
21809	61	Professional and management development training	47	611430	189	47189	Wilson County, Tennessee	yes	3.0	12.56507750314202	960.3449699762604
21810	61	Sports and recreation instruction	47	611620	1	47001	Anderson County, Tennessee	no	3.5	18.166666666666668	288.1666666666667
21811	61	Sports and recreation instruction	47	611620	9	47009	Blount County, Tennessee	no	5.4	29.4	399.2
21812	61	Sports and recreation instruction	47	611620	9	47009	Blount County, Tennessee	yes	3.0	-34.7027027027027	-490.7027027027027
21813	61	Sports and recreation instruction	47	611620	11	47011	Bradley County, Tennessee	no	4.0	17.0	94.0
21814	61	Sports and recreation instruction	47	611620	11	47011	Bradley County, Tennessee	yes	1.75	-0.5114454633204621	25.028420608108092
21815	61	Sports and recreation instruction	47	611620	13	47013	Campbell County, Tennessee	yes	1.0	-12.986908783783784	-188.9634712837838
21816	61	Sports and recreation instruction	47	611620	17	47017	Carroll County, Tennessee	yes	1.0	2.2407770313285016	80.45185241223845
21817	61	Sports and recreation instruction	47	611620	21	47021	Cheatham County, Tennessee	no	3.0	0.0	204.0
21818	61	Sports and recreation instruction	47	611620	21	47021	Cheatham County, Tennessee	yes	2.2	8.826851361674892	246.11468227585874
21819	61	Sports and recreation instruction	47	611620	23	47023	Chester County, Tennessee	yes	1.0	-3.422645071542131	33.03905835983043
21820	61	Sports and recreation instruction	47	611620	29	47029	Cocke County, Tennessee	yes	1.0	2.2407770313285016	80.45185241223845
21821	61	Sports and recreation instruction	47	611620	31	47031	Coffee County, Tennessee	no	3.0	2.6666666666666665	59.666666666666664
21822	61	Sports and recreation instruction	47	611620	31	47031	Coffee County, Tennessee	yes	1.3333333333333333	9.41935064935065	140.32929292929293
21823	61	Sports and recreation instruction	47	611620	35	47035	Cumberland County, Tennessee	no	4.0	18.0	185.0
21824	61	Sports and recreation instruction	47	611620	35	47035	Cumberland County, Tennessee	yes	1.75	-6.787710922821217	-51.00547217504938
21825	61	Sports and recreation instruction	47	611620	37	47037	Davidson County, Tennessee	no	19.333333333333332	115.5	1790.1666666666667
21826	61	Sports and recreation instruction	47	611620	41	47041	DeKalb County, Tennessee	yes	1.0	-1.4306201672929617	34.127778618357674
21827	61	Sports and recreation instruction	47	611620	43	47043	Dickson County, Tennessee	yes	1.0	2.2407770313285016	80.45185241223845
21828	61	Sports and recreation instruction	47	611620	45	47045	Dyer County, Tennessee	yes	1.0	2.2407770313285016	80.45185241223845
21829	61	Sports and recreation instruction	47	611620	47	47047	Fayette County, Tennessee	yes	1.0	15.705882352941176	477.04411764705884
21830	61	Sports and recreation instruction	47	611620	51	47051	Franklin County, Tennessee	yes	2.0	4.481554062657003	160.9037048244769
21831	61	Sports and recreation instruction	47	611620	59	47059	Greene County, Tennessee	yes	1.1666666666666667	2.9983527889042594	86.68417564456168
21832	61	Sports and recreation instruction	47	611620	63	47063	Hamblen County, Tennessee	yes	1.0	9.583571428571428	173.1
21833	61	Sports and recreation instruction	47	611620	65	47065	Hamilton County, Tennessee	no	10.5	94.66666666666667	1205.3333333333333
21834	61	Sports and recreation instruction	47	611620	71	47071	Hardin County, Tennessee	yes	1.0	2.2407770313285016	80.45185241223845
21835	61	Sports and recreation instruction	47	611620	73	47073	Hawkins County, Tennessee	no	3.0	4.75	93.5
21836	61	Sports and recreation instruction	47	611620	73	47073	Hawkins County, Tennessee	yes	2.0	4.138314785373607	313.4765500794913
21837	61	Sports and recreation instruction	47	611620	77	47077	Henderson County, Tennessee	yes	1.5	-1.3306168056903351	23.696351883300412
21838	61	Sports and recreation instruction	47	611620	79	47079	Henry County, Tennessee	no	3.0	5.0	118.5
21839	61	Sports and recreation instruction	47	611620	89	47089	Jefferson County, Tennessee	yes	1.0	2.2407770313285016	80.45185241223845
21840	61	Sports and recreation instruction	47	611620	93	47093	Knox County, Tennessee	no	21.166666666666668	110.83333333333333	1862.0
21841	61	Sports and recreation instruction	47	611620	101	47101	Lewis County, Tennessee	yes	1.0	4.545454545454546	37.3939393939394
21842	61	Sports and recreation instruction	47	611620	105	47105	Loudon County, Tennessee	no	4.0	3.0	51.0
21843	61	Sports and recreation instruction	47	611620	105	47105	Loudon County, Tennessee	yes	1.25	2.4958504209423324	153.38880803012236
21844	61	Sports and recreation instruction	47	611620	107	47107	McMinn County, Tennessee	yes	1.0	5.826364410629116	164.91913751987283
21845	61	Sports and recreation instruction	47	611620	113	47113	Madison County, Tennessee	no	3.75	29.5	385.5
21846	61	Sports and recreation instruction	47	611620	113	47113	Madison County, Tennessee	yes	2.5	-1.6454689984101751	231.6927662957075
21847	61	Sports and recreation instruction	47	611620	119	47119	Maury County, Tennessee	no	4.0	0.0	234.0
21848	61	Sports and recreation instruction	47	611620	119	47119	Maury County, Tennessee	yes	2.8	1.5245179010179002	46.27207309582311
21849	61	Sports and recreation instruction	47	611620	123	47123	Monroe County, Tennessee	yes	1.0	-1.4306201672929617	34.127778618357674
21850	61	Sports and recreation instruction	47	611620	125	47125	Montgomery County, Tennessee	no	6.666666666666667	54.0	576.0
21851	61	Sports and recreation instruction	47	611620	139	47139	Polk County, Tennessee	yes	1.0	2.326586850649351	42.30864109848485
21852	61	Sports and recreation instruction	47	611620	141	47141	Putnam County, Tennessee	no	4.0	26.333333333333332	308.6666666666667
21853	61	Sports and recreation instruction	47	611620	141	47141	Putnam County, Tennessee	yes	2.3333333333333335	-10.701145998940115	11.555594197138324
21854	61	Sports and recreation instruction	47	611620	147	47147	Robertson County, Tennessee	no	3.0	2.0	111.0
21855	61	Sports and recreation instruction	47	611620	147	47147	Robertson County, Tennessee	yes	2.0	-2.8612403345859234	68.25555723671535
21856	61	Sports and recreation instruction	47	611620	149	47149	Rutherford County, Tennessee	no	14.0	152.66666666666666	2349.6666666666665
21857	61	Sports and recreation instruction	47	611620	155	47155	Sevier County, Tennessee	yes	1.3333333333333333	2.4573824234853645	124.2326428534149
21858	61	Sports and recreation instruction	47	611620	157	47157	Shelby County, Tennessee	no	32.666666666666664	1730.0	46828.666666666664
21859	61	Sports and recreation instruction	47	611620	157	47157	Shelby County, Tennessee	yes	27.333333333333332	-76.19251788553261	1298.4677149576044
21860	61	Sports and recreation instruction	47	611620	163	47163	Sullivan County, Tennessee	no	4.0	13.75	242.0
21861	61	Sports and recreation instruction	47	611620	163	47163	Sullivan County, Tennessee	yes	3.5	-5.2536764705882355	286.8474264705883
21862	61	Sports and recreation instruction	47	611620	165	47165	Sumner County, Tennessee	no	9.666666666666666	100.66666666666667	1470.0
21863	61	Sports and recreation instruction	47	611620	167	47167	Tipton County, Tennessee	yes	1.0	2.2407770313285016	80.45185241223845
21864	61	Sports and recreation instruction	47	611620	177	47177	Warren County, Tennessee	yes	1.0	2.2407770313285016	80.45185241223845
21865	61	Sports and recreation instruction	47	611620	179	47179	Washington County, Tennessee	no	7.333333333333333	46.666666666666664	362.3333333333333
21866	61	Sports and recreation instruction	47	611620	181	47181	Wayne County, Tennessee	yes	1.0	2.2407770313285016	80.45185241223845
21867	61	Sports and recreation instruction	47	611620	183	47183	Weakley County, Tennessee	yes	1.0	2.2407770313285016	80.45185241223845
21868	61	Sports and recreation instruction	47	611620	187	47187	Williamson County, Tennessee	no	23.833333333333332	187.0	3211.0
21869	61	Sports and recreation instruction	47	611620	189	47189	Wilson County, Tennessee	no	3.0	26.0	426.0
21870	61	Sports and recreation instruction	47	611620	189	47189	Wilson County, Tennessee	yes	2.0	3.5596830570065863	178.1268700317965
21871	62	All other miscellaneous ambulatory health care services	47	621999	1	47001	Anderson County, Tennessee	yes	1.0	19.473862188729765	755.1984989773914
21872	62	All other miscellaneous ambulatory health care services	47	621999	9	47009	Blount County, Tennessee	yes	2.5	51.858250557628566	1920.3159579630285
21873	62	All other miscellaneous ambulatory health care services	47	621999	11	47011	Bradley County, Tennessee	yes	1.0	17.332865168539325	929.3862359550561
21874	62	All other miscellaneous ambulatory health care services	47	621999	13	47013	Campbell County, Tennessee	yes	1.0	31.20127551020408	972.1811224489795
21875	62	All other miscellaneous ambulatory health care services	47	621999	17	47017	Carroll County, Tennessee	yes	1.0	17.332865168539325	929.3862359550561
21876	62	All other miscellaneous ambulatory health care services	47	621999	35	47035	Cumberland County, Tennessee	yes	1.3333333333333333	29.87428735879779	1079.2588731270512
21877	62	All other miscellaneous ambulatory health care services	47	621999	37	47037	Davidson County, Tennessee	no	13.833333333333334	454.8333333333333	28826.666666666668
21878	62	All other miscellaneous ambulatory health care services	47	621999	61	47061	Grundy County, Tennessee	yes	1.0	17.332865168539325	929.3862359550561
21879	62	All other miscellaneous ambulatory health care services	47	621999	63	47063	Hamblen County, Tennessee	yes	1.0	31.20127551020408	972.1811224489795
21880	62	All other miscellaneous ambulatory health care services	47	621999	65	47065	Hamilton County, Tennessee	no	8.4	13.4	1709.6
21881	62	All other miscellaneous ambulatory health care services	47	621999	65	47065	Hamilton County, Tennessee	yes	11.0	317.6530612244898	9906.734693877552
21882	62	All other miscellaneous ambulatory health care services	47	621999	79	47079	Henry County, Tennessee	yes	1.0	13.126672017121455	690.5590779382914
21883	62	All other miscellaneous ambulatory health care services	47	621999	93	47093	Knox County, Tennessee	no	10.666666666666666	185.0	9601.166666666666
21884	62	All other miscellaneous ambulatory health care services	47	621999	105	47105	Loudon County, Tennessee	yes	1.0	19.473862188729765	755.1984989773914
21885	62	All other miscellaneous ambulatory health care services	47	621999	113	47113	Madison County, Tennessee	yes	2.1666666666666665	39.733438663173814	1545.8811249389098
21886	62	All other miscellaneous ambulatory health care services	47	621999	119	47119	Maury County, Tennessee	yes	1.0	17.332865168539325	929.3862359550561
21887	62	All other miscellaneous ambulatory health care services	47	621999	125	47125	Montgomery County, Tennessee	yes	1.5	32.384388368898804	1165.117458985637
21888	62	All other miscellaneous ambulatory health care services	47	621999	141	47141	Putnam County, Tennessee	yes	1.0	19.473862188729765	755.1984989773914
21889	62	All other miscellaneous ambulatory health care services	47	621999	145	47145	Roane County, Tennessee	yes	1.0	16.217480931766648	542.8895073180787
21890	62	All other miscellaneous ambulatory health care services	47	621999	149	47149	Rutherford County, Tennessee	no	3.5	16.25	879.0
21891	62	All other miscellaneous ambulatory health care services	47	621999	149	47149	Rutherford County, Tennessee	yes	2.5	79.16505102040816	2466.237244897959
21892	62	All other miscellaneous ambulatory health care services	47	621999	155	47155	Sevier County, Tennessee	yes	1.0	13.126672017121455	690.5590779382914
21893	62	All other miscellaneous ambulatory health care services	47	621999	157	47157	Shelby County, Tennessee	no	15.0	295.6666666666667	9816.0
21894	62	All other miscellaneous ambulatory health care services	47	621999	157	47157	Shelby County, Tennessee	yes	16.0	419.2916357452072	13293.606215213358
21895	62	All other miscellaneous ambulatory health care services	47	621999	163	47163	Sullivan County, Tennessee	yes	1.5	26.03719819729049	1100.4780379465371
21896	62	All other miscellaneous ambulatory health care services	47	621999	165	47165	Sumner County, Tennessee	yes	1.75	19.73244990028698	881.947446981857
21897	62	All other miscellaneous ambulatory health care services	47	621999	179	47179	Washington County, Tennessee	yes	1.3333333333333333	22.76967748454506	876.5412118201043
21898	62	All other miscellaneous ambulatory health care services	47	621999	185	47185	White County, Tennessee	yes	1.0	33.525	1043.75
21899	62	All other miscellaneous ambulatory health care services	47	621999	187	47187	Williamson County, Tennessee	no	15.333333333333334	1205.3333333333333	82150.66666666667
21900	62	All other miscellaneous ambulatory health care services	47	621999	189	47189	Wilson County, Tennessee	yes	1.6666666666666667	40.27471252886583	1403.3192472767112
21901	62	All other outpatient care centers	47	621498	1	47001	Anderson County, Tennessee	no	3.0	20.0	896.0
21902	62	All other outpatient care centers	47	621498	1	47001	Anderson County, Tennessee	yes	1.75	39.71684358600841	1998.9431606810235
21903	62	All other outpatient care centers	47	621498	3	47003	Bedford County, Tennessee	no	3.0	5.333333333333333	236.66666666666666
21904	62	All other outpatient care centers	47	621498	3	47003	Bedford County, Tennessee	yes	2.3333333333333335	73.08464562812388	3487.3039609343955
21905	62	All other outpatient care centers	47	621498	5	47005	Benton County, Tennessee	yes	1.3333333333333333	36.18559166371907	1776.4853267964984
21906	62	All other outpatient care centers	47	621498	7	47007	Bledsoe County, Tennessee	yes	1.0	26.0718376640955	1284.7479609015238
21907	62	All other outpatient care centers	47	621498	9	47009	Blount County, Tennessee	no	3.0	0.0	867.0
21908	62	All other outpatient care centers	47	621498	9	47009	Blount County, Tennessee	yes	2.0	49.520558541977366	2475.2533072218584
21909	62	All other outpatient care centers	47	621498	11	47011	Bradley County, Tennessee	no	6.0	29.833333333333332	1214.8333333333333
21910	62	All other outpatient care centers	47	621498	13	47013	Campbell County, Tennessee	no	3.0	50.0	2156.0
21911	62	All other outpatient care centers	47	621498	13	47013	Campbell County, Tennessee	yes	2.0	56.08409870551752	2771.410690579242
21912	62	All other outpatient care centers	47	621498	17	47017	Carroll County, Tennessee	yes	1.5	39.938633026249484	1973.3916528305617
21913	62	All other outpatient care centers	47	621498	19	47019	Carter County, Tennessee	yes	1.0	26.0718376640955	1284.7479609015238
21914	62	All other outpatient care centers	47	621498	21	47021	Cheatham County, Tennessee	yes	1.0	27.73359072430796	1377.2873838580756
21915	62	All other outpatient care centers	47	621498	23	47023	Chester County, Tennessee	yes	1.0	28.35412298632723	1408.911424296409
21916	62	All other outpatient care centers	47	621498	25	47025	Claiborne County, Tennessee	yes	1.0	26.0718376640955	1284.7479609015238
21917	62	All other outpatient care centers	47	621498	29	47029	Cocke County, Tennessee	yes	4.0	104.287350656382	5138.991843606095
21918	62	All other outpatient care centers	47	621498	31	47031	Coffee County, Tennessee	no	3.0	22.0	741.0
21919	62	All other outpatient care centers	47	621498	31	47031	Coffee County, Tennessee	yes	1.75	41.779289753105736	2059.954265639803
21920	62	All other outpatient care centers	47	621498	35	47035	Cumberland County, Tennessee	no	4.2	25.4	1075.6
21921	62	All other outpatient care centers	47	621498	35	47035	Cumberland County, Tennessee	yes	5.0	163.14814814814815	7601.772486772486
21922	62	All other outpatient care centers	47	621498	37	47037	Davidson County, Tennessee	no	57.0	1995.6	112737.4
21923	62	All other outpatient care centers	47	621498	37	47037	Davidson County, Tennessee	yes	59.0	1925.148148148148	89700.91534391535
21924	62	All other outpatient care centers	47	621498	39	47039	Decatur County, Tennessee	yes	1.0	24.425204425204424	1150.157768157768
21925	62	All other outpatient care centers	47	621498	41	47041	DeKalb County, Tennessee	yes	1.0	30.341261998870692	1475.2120976849237
21926	62	All other outpatient care centers	47	621498	43	47043	Dickson County, Tennessee	yes	1.0	26.0718376640955	1284.7479609015238
21927	62	All other outpatient care centers	47	621498	45	47045	Dyer County, Tennessee	yes	1.1666666666666667	30.135145157635552	1497.4663071547538
21928	62	All other outpatient care centers	47	621498	47	47047	Fayette County, Tennessee	yes	1.0	26.0718376640955	1284.7479609015238
21929	62	All other outpatient care centers	47	621498	49	47049	Fentress County, Tennessee	yes	1.0	26.0718376640955	1284.7479609015238
21930	62	All other outpatient care centers	47	621498	51	47051	Franklin County, Tennessee	yes	2.0	52.143675328191	2569.4959218030476
21931	62	All other outpatient care centers	47	621498	53	47053	Gibson County, Tennessee	no	3.0	44.0	1451.0
21932	62	All other outpatient care centers	47	621498	53	47053	Gibson County, Tennessee	yes	1.4	37.43981176562896	1826.7940282897282
21933	62	All other outpatient care centers	47	621498	55	47055	Giles County, Tennessee	yes	1.0	30.341261998870692	1475.2120976849237
21934	62	All other outpatient care centers	47	621498	59	47059	Greene County, Tennessee	yes	1.5	38.889054867182274	1906.478833290005
21935	62	All other outpatient care centers	47	621498	61	47061	Grundy County, Tennessee	yes	1.0	26.0718376640955	1284.7479609015238
21936	62	All other outpatient care centers	47	621498	63	47063	Hamblen County, Tennessee	yes	4.8	129.0368088171425	6271.787793700887
21937	62	All other outpatient care centers	47	621498	65	47065	Hamilton County, Tennessee	no	9.75	657.75	30317.0
21938	62	All other outpatient care centers	47	621498	65	47065	Hamilton County, Tennessee	yes	7.5	175.402450065071	9192.837096135347
21939	62	All other outpatient care centers	47	621498	67	47067	Hancock County, Tennessee	yes	1.0	26.0718376640955	1284.7479609015238
21940	62	All other outpatient care centers	47	621498	69	47069	Hardeman County, Tennessee	yes	1.0	26.0718376640955	1284.7479609015238
21941	62	All other outpatient care centers	47	621498	71	47071	Hardin County, Tennessee	yes	5.166666666666667	135.4720739730848	6703.370970301406
21942	62	All other outpatient care centers	47	621498	73	47073	Hawkins County, Tennessee	yes	3.3333333333333335	87.71709209076484	4320.354645183551
21943	62	All other outpatient care centers	47	621498	75	47075	Haywood County, Tennessee	yes	1.0	30.341261998870692	1475.2120976849237
21944	62	All other outpatient care centers	47	621498	77	47077	Henderson County, Tennessee	no	3.0	26.0	783.0
21945	62	All other outpatient care centers	47	621498	77	47077	Henderson County, Tennessee	yes	2.0	47.87425099341582	2379.031785019648
21946	62	All other outpatient care centers	47	621498	79	47079	Henry County, Tennessee	no	3.6666666666666665	82.66666666666667	3983.3333333333335
21947	62	All other outpatient care centers	47	621498	79	47079	Henry County, Tennessee	yes	2.0	55.768410066831386	2733.4164939972106
21948	62	All other outpatient care centers	47	621498	81	47081	Hickman County, Tennessee	yes	1.3333333333333333	36.18559166371907	1776.4853267964984
21949	62	All other outpatient care centers	47	621498	85	47085	Humphreys County, Tennessee	yes	1.0	30.341261998870692	1475.2120976849237
21950	62	All other outpatient care centers	47	621498	89	47089	Jefferson County, Tennessee	no	4.5	24.0	1895.8333333333333
21951	62	All other outpatient care centers	47	621498	91	47091	Johnson County, Tennessee	yes	1.8333333333333333	48.08036783465095	2356.7775755498183
21952	62	All other outpatient care centers	47	621498	93	47093	Knox County, Tennessee	no	14.666666666666666	168.0	10520.833333333334
21953	62	All other outpatient care centers	47	621498	95	47095	Lake County, Tennessee	yes	2.8333333333333335	74.15220549874647	3641.5255364513414
21954	62	All other outpatient care centers	47	621498	97	47097	Lauderdale County, Tennessee	yes	2.1666666666666665	55.89671669072141	2766.402247837111
21955	62	All other outpatient care centers	47	621498	99	47099	Lawrence County, Tennessee	yes	1.0	30.341261998870692	1475.2120976849237
21956	62	All other outpatient care centers	47	621498	101	47101	Lewis County, Tennessee	yes	1.3333333333333333	36.18559166371907	1776.4853267964984
21957	62	All other outpatient care centers	47	621498	103	47103	Lincoln County, Tennessee	yes	1.0	30.341261998870692	1475.2120976849237
21958	62	All other outpatient care centers	47	621498	105	47105	Loudon County, Tennessee	yes	1.0	26.41023620466654	1286.4355375779528
21959	62	All other outpatient care centers	47	621498	107	47107	McMinn County, Tennessee	yes	1.0	30.341261998870692	1475.2120976849237
21960	62	All other outpatient care centers	47	621498	109	47109	McNairy County, Tennessee	yes	1.6666666666666667	45.86194240542067	2226.936476566911
21961	62	All other outpatient care centers	47	621498	113	47113	Madison County, Tennessee	no	5.166666666666667	123.0	2720.8333333333335
21962	62	All other outpatient care centers	47	621498	117	47117	Marshall County, Tennessee	yes	1.0	30.341261998870692	1475.2120976849237
21963	62	All other outpatient care centers	47	621498	119	47119	Maury County, Tennessee	no	4.5	25.5	1409.25
21964	62	All other outpatient care centers	47	621498	119	47119	Maury County, Tennessee	yes	5.0	137.86969451203026	6754.481133897192
21965	62	All other outpatient care centers	47	621498	121	47121	Meigs County, Tennessee	yes	1.0	26.0718376640955	1284.7479609015238
21966	62	All other outpatient care centers	47	621498	123	47123	Monroe County, Tennessee	yes	1.3333333333333333	35.26315063156418	1735.0467031613368
21967	62	All other outpatient care centers	47	621498	125	47125	Montgomery County, Tennessee	no	6.0	88.33333333333333	3363.8333333333335
21968	62	All other outpatient care centers	47	621498	129	47129	Morgan County, Tennessee	yes	2.1666666666666665	56.20698282173105	2782.2142680562774
21969	62	All other outpatient care centers	47	621498	131	47131	Obion County, Tennessee	no	3.0	27.333333333333332	909.6666666666666
21970	62	All other outpatient care centers	47	621498	131	47131	Obion County, Tennessee	yes	2.6666666666666665	71.40110777897232	3552.6658385717965
21971	62	All other outpatient care centers	47	621498	135	47135	Perry County, Tennessee	yes	1.0	26.0718376640955	1284.7479609015238
21972	62	All other outpatient care centers	47	621498	139	47139	Polk County, Tennessee	yes	1.0	26.0718376640955	1284.7479609015238
21973	62	All other outpatient care centers	47	621498	141	47141	Putnam County, Tennessee	no	4.0	30.0	1716.0
21974	62	All other outpatient care centers	47	621498	141	47141	Putnam County, Tennessee	yes	3.2	86.87359261156026	4220.300784993758
21975	62	All other outpatient care centers	47	621498	143	47143	Rhea County, Tennessee	yes	1.0	26.0718376640955	1284.7479609015238
21976	62	All other outpatient care centers	47	621498	145	47145	Roane County, Tennessee	yes	1.6	45.07266693014075	2180.591276122822
21977	62	All other outpatient care centers	47	621498	147	47147	Robertson County, Tennessee	yes	1.0	27.573938902406056	1350.8962267794384
21978	62	All other outpatient care centers	47	621498	149	47149	Rutherford County, Tennessee	no	7.666666666666667	101.0	5384.666666666667
21979	62	All other outpatient care centers	47	621498	151	47151	Scott County, Tennessee	yes	5.0	130.35918832047753	6423.739804507619
21980	62	All other outpatient care centers	47	621498	155	47155	Sevier County, Tennessee	no	3.0	22.666666666666668	766.0
21981	62	All other outpatient care centers	47	621498	155	47155	Sevier County, Tennessee	yes	1.3333333333333333	37.38578413189401	1832.8190094775846
21982	62	All other outpatient care centers	47	621498	157	47157	Shelby County, Tennessee	no	34.333333333333336	911.3333333333334	46826.666666666664
21983	62	All other outpatient care centers	47	621498	157	47157	Shelby County, Tennessee	yes	37.0	956.3603592841979	48285.98326865152
21984	62	All other outpatient care centers	47	621498	159	47159	Smith County, Tennessee	yes	1.0	30.341261998870692	1475.2120976849237
21985	62	All other outpatient care centers	47	621498	163	47163	Sullivan County, Tennessee	no	7.5	93.83333333333333	3688.3333333333335
21986	62	All other outpatient care centers	47	621498	165	47165	Sumner County, Tennessee	no	4.833333333333333	45.833333333333336	2254.1666666666665
21987	62	All other outpatient care centers	47	621498	167	47167	Tipton County, Tennessee	yes	1.5	38.61967756764674	1966.4800657043415
21988	62	All other outpatient care centers	47	621498	169	47169	Trousdale County, Tennessee	yes	1.0	26.0718376640955	1284.7479609015238
21989	62	All other outpatient care centers	47	621498	171	47171	Unicoi County, Tennessee	yes	1.6666666666666667	42.02992132856745	2077.758555908073
21990	62	All other outpatient care centers	47	621498	177	47177	Warren County, Tennessee	no	3.6	19.4	815.4
21991	62	All other outpatient care centers	47	621498	177	47177	Warren County, Tennessee	yes	2.0	48.75968992248062	2552.6201550387595
21992	62	All other outpatient care centers	47	621498	179	47179	Washington County, Tennessee	no	5.333333333333333	39.0	1275.1666666666667
21993	62	All other outpatient care centers	47	621498	181	47181	Wayne County, Tennessee	no	4.0	20.0	1269.0
21994	62	All other outpatient care centers	47	621498	181	47181	Wayne County, Tennessee	yes	2.75	67.75618168492892	3373.557417789212
21995	62	All other outpatient care centers	47	621498	183	47183	Weakley County, Tennessee	yes	1.4	38.54674100421482	1876.5203766519219
21996	62	All other outpatient care centers	47	621498	185	47185	White County, Tennessee	yes	1.0	30.341261998870692	1475.2120976849237
21997	62	All other outpatient care centers	47	621498	187	47187	Williamson County, Tennessee	no	12.833333333333334	437.0	38545.333333333336
21998	62	All other outpatient care centers	47	621498	189	47189	Wilson County, Tennessee	no	3.6666666666666665	6.333333333333333	776.3333333333334
21999	62	All other outpatient care centers	47	621498	189	47189	Wilson County, Tennessee	yes	2.0	51.26886881234707	2486.9234895539244
22000	62	Ambulance services	47	621910	1	47001	Anderson County, Tennessee	yes	1.0	32.0687134502924	1015.3447855750486
22001	62	Ambulance services	47	621910	11	47011	Bradley County, Tennessee	yes	1.0	34.793210976478974	1288.1985032074126
22002	62	Ambulance services	47	621910	13	47013	Campbell County, Tennessee	no	3.0	43.0	1092.0
22003	62	Ambulance services	47	621910	13	47013	Campbell County, Tennessee	yes	1.5	49.005847953216374	1532.1120857699805
22004	62	Ambulance services	47	621910	17	47017	Carroll County, Tennessee	yes	1.0	32.97687929235459	1106.2960247858366
22005	62	Ambulance services	47	621910	19	47019	Carter County, Tennessee	yes	2.0	65.95375858470918	2212.592049571673
22006	62	Ambulance services	47	621910	29	47029	Cocke County, Tennessee	yes	1.1666666666666667	38.397931923933534	1289.3662002244334
22007	62	Ambulance services	47	621910	31	47031	Coffee County, Tennessee	no	3.0	0.0	1736.0
22008	62	Ambulance services	47	621910	31	47031	Coffee County, Tennessee	yes	2.0	68.66747998232692	2321.7331035972766
22009	62	Ambulance services	47	621910	37	47037	Davidson County, Tennessee	no	7.666666666666667	636.5	19168.333333333332
22010	62	Ambulance services	47	621910	39	47039	Decatur County, Tennessee	yes	1.0	34.793210976478974	1288.1985032074126
22011	62	Ambulance services	47	621910	43	47043	Dickson County, Tennessee	yes	1.0	32.97687929235459	1106.2960247858366
22012	62	Ambulance services	47	621910	45	47045	Dyer County, Tennessee	yes	2.0	65.95375858470918	2212.592049571673
22013	62	Ambulance services	47	621910	51	47051	Franklin County, Tennessee	no	3.0	67.0	2150.0
22014	62	Ambulance services	47	621910	51	47051	Franklin County, Tennessee	yes	1.75	57.1374269005848	1806.717348927875
22015	62	Ambulance services	47	621910	59	47059	Greene County, Tennessee	yes	1.1666666666666667	36.847249662724955	1268.9596050327502
22016	62	Ambulance services	47	621910	61	47061	Grundy County, Tennessee	yes	1.0	32.97687929235459	1106.2960247858366
22017	62	Ambulance services	47	621910	63	47063	Hamblen County, Tennessee	no	3.0	0.0	3310.0
22018	62	Ambulance services	47	621910	63	47063	Hamblen County, Tennessee	yes	2.0	67.94451030165102	2296.7549039304527
22019	62	Ambulance services	47	621910	65	47065	Hamilton County, Tennessee	yes	1.8333333333333333	58.53270595313023	2030.7440963552992
22020	62	Ambulance services	47	621910	71	47071	Hardin County, Tennessee	yes	1.0	32.97687929235459	1106.2960247858366
22021	62	Ambulance services	47	621910	73	47073	Hawkins County, Tennessee	yes	2.0	65.95375858470918	2212.592049571673
22022	62	Ambulance services	47	621910	77	47077	Henderson County, Tennessee	yes	1.0	32.97687929235459	1106.2960247858366
22023	62	Ambulance services	47	621910	79	47079	Henry County, Tennessee	yes	1.3333333333333333	44.57461628451424	1535.6955258549742
22024	62	Ambulance services	47	621910	85	47085	Humphreys County, Tennessee	yes	1.3333333333333333	44.57461628451424	1535.6955258549742
22025	62	Ambulance services	47	621910	91	47091	Johnson County, Tennessee	yes	1.0	32.97687929235459	1106.2960247858366
22026	62	Ambulance services	47	621910	93	47093	Knox County, Tennessee	no	6.5	630.5	18010.0
22027	62	Ambulance services	47	621910	93	47093	Knox County, Tennessee	yes	6.0	219.95858029785794	7148.858667516974
22028	62	Ambulance services	47	621910	99	47099	Lawrence County, Tennessee	yes	1.8333333333333333	61.28709191804251	2063.2772347568584
22029	62	Ambulance services	47	621910	105	47105	Loudon County, Tennessee	yes	1.0	32.97687929235459	1106.2960247858366
22030	62	Ambulance services	47	621910	107	47107	McMinn County, Tennessee	yes	2.3333333333333335	77.55149557686885	2641.9915506408106
22031	62	Ambulance services	47	621910	109	47109	McNairy County, Tennessee	yes	1.0	32.97687929235459	1106.2960247858366
22032	62	Ambulance services	47	621910	111	47111	Macon County, Tennessee	yes	1.0	32.97687929235459	1106.2960247858366
22033	62	Ambulance services	47	621910	113	47113	Madison County, Tennessee	yes	1.0	32.97687929235459	1106.2960247858366
22034	62	Ambulance services	47	621910	117	47117	Marshall County, Tennessee	yes	1.0	32.97687929235459	1106.2960247858366
22035	62	Ambulance services	47	621910	119	47119	Maury County, Tennessee	yes	2.0	65.95375858470918	2212.592049571673
22036	62	Ambulance services	47	621910	123	47123	Monroe County, Tennessee	yes	1.0	32.97687929235459	1106.2960247858366
22037	62	Ambulance services	47	621910	125	47125	Montgomery County, Tennessee	yes	1.0	32.97687929235459	1106.2960247858366
22038	62	Ambulance services	47	621910	131	47131	Obion County, Tennessee	yes	1.0	34.793210976478974	1288.1985032074126
22039	62	Ambulance services	47	621910	143	47143	Rhea County, Tennessee	yes	1.0	32.97687929235459	1106.2960247858366
22040	62	Ambulance services	47	621910	145	47145	Roane County, Tennessee	yes	2.0	69.58642195295795	2576.3970064148252
22041	62	Ambulance services	47	621910	149	47149	Rutherford County, Tennessee	no	4.5	64.66666666666667	1831.1666666666667
22042	62	Ambulance services	47	621910	155	47155	Sevier County, Tennessee	yes	1.0	32.97687929235459	1106.2960247858366
22043	62	Ambulance services	47	621910	157	47157	Shelby County, Tennessee	no	10.0	960.1666666666666	28539.166666666668
22044	62	Ambulance services	47	621910	163	47163	Sullivan County, Tennessee	yes	2.0	65.95375858470918	2212.592049571673
22045	62	Ambulance services	47	621910	165	47165	Sumner County, Tennessee	yes	1.0	32.97687929235459	1106.2960247858366
22046	62	Ambulance services	47	621910	171	47171	Unicoi County, Tennessee	yes	1.0	23.22222222222222	975.9814814814814
22047	62	Ambulance services	47	621910	179	47179	Washington County, Tennessee	yes	1.0	34.793210976478974	1288.1985032074126
22048	62	Ambulance services	47	621910	181	47181	Wayne County, Tennessee	yes	1.0	32.97687929235459	1106.2960247858366
22049	62	Ambulance services	47	621910	183	47183	Weakley County, Tennessee	yes	2.0	65.95375858470918	2212.592049571673
22050	62	Ambulance services	47	621910	185	47185	White County, Tennessee	yes	1.0	32.97687929235459	1106.2960247858366
22051	62	Ambulance services	47	621910	187	47187	Williamson County, Tennessee	yes	1.25	40.20029239766082	1289.9500487329435
22052	62	Ambulance services	47	621910	189	47189	Wilson County, Tennessee	yes	2.0	65.95375858470918	2212.592049571673
22053	62	Assisted living facilities for the elderly	47	623312	1	47001	Anderson County, Tennessee	no	3.5	182.5	4374.75
22054	62	Assisted living facilities for the elderly	47	623312	1	47001	Anderson County, Tennessee	yes	2.0	51.881236673773984	832.5004264392323
22055	62	Assisted living facilities for the elderly	47	623312	3	47003	Bedford County, Tennessee	yes	1.6666666666666667	44.43762612180523	942.9835087797774
22056	62	Assisted living facilities for the elderly	47	623312	5	47005	Benton County, Tennessee	yes	1.0	26.32984480693436	571.2326274057617
22057	62	Assisted living facilities for the elderly	47	623312	9	47009	Blount County, Tennessee	no	5.25	89.25	2137.25
22058	62	Assisted living facilities for the elderly	47	623312	9	47009	Blount County, Tennessee	yes	3.0	73.86328358208955	1846.6149253731344
22059	62	Assisted living facilities for the elderly	47	623312	11	47011	Bradley County, Tennessee	no	4.0	152.33333333333334	3298.5
22060	62	Assisted living facilities for the elderly	47	623312	13	47013	Campbell County, Tennessee	yes	1.0	26.32984480693436	571.2326274057617
22061	62	Assisted living facilities for the elderly	47	623312	17	47017	Carroll County, Tennessee	no	3.0	36.666666666666664	787.3333333333334
22062	62	Assisted living facilities for the elderly	47	623312	17	47017	Carroll County, Tennessee	yes	3.0	75.22790334044066	1630.2337597725657
22063	62	Assisted living facilities for the elderly	47	623312	19	47019	Carter County, Tennessee	yes	1.0	26.32984480693436	571.2326274057617
22064	62	Assisted living facilities for the elderly	47	623312	23	47023	Chester County, Tennessee	yes	1.0	26.32984480693436	571.2326274057617
22065	62	Assisted living facilities for the elderly	47	623312	29	47029	Cocke County, Tennessee	yes	1.0	26.32984480693436	571.2326274057617
22066	62	Assisted living facilities for the elderly	47	623312	31	47031	Coffee County, Tennessee	no	3.5	60.5	1711.1666666666667
22067	62	Assisted living facilities for the elderly	47	623312	35	47035	Cumberland County, Tennessee	no	3.0	36.0	900.0
22068	62	Assisted living facilities for the elderly	47	623312	35	47035	Cumberland County, Tennessee	yes	2.0	50.027413208681864	1090.0880337324368
22069	62	Assisted living facilities for the elderly	47	623312	37	47037	Davidson County, Tennessee	no	23.0	1142.1666666666667	26023.333333333332
22070	62	Assisted living facilities for the elderly	47	623312	39	47039	Decatur County, Tennessee	yes	1.0	27.583721833721835	599.0540015540015
22071	62	Assisted living facilities for the elderly	47	623312	41	47041	DeKalb County, Tennessee	yes	2.0	52.65968961386872	1142.4652548115234
22072	62	Assisted living facilities for the elderly	47	623312	43	47043	Dickson County, Tennessee	yes	2.0	52.65968961386872	1142.4652548115234
22073	62	Assisted living facilities for the elderly	47	623312	45	47045	Dyer County, Tennessee	no	3.0	44.666666666666664	929.0
22074	62	Assisted living facilities for the elderly	47	623312	47	47047	Fayette County, Tennessee	yes	2.0	52.65968961386872	1142.4652548115234
22075	62	Assisted living facilities for the elderly	47	623312	51	47051	Franklin County, Tennessee	no	3.0	41.6	693.8
22076	62	Assisted living facilities for the elderly	47	623312	51	47051	Franklin County, Tennessee	yes	2.0	51.97142857142857	798.3142857142857
22077	62	Assisted living facilities for the elderly	47	623312	53	47053	Gibson County, Tennessee	no	6.166666666666667	59.166666666666664	989.6666666666666
22078	62	Assisted living facilities for the elderly	47	623312	55	47055	Giles County, Tennessee	yes	2.0	52.65968961386872	1142.4652548115234
22079	62	Assisted living facilities for the elderly	47	623312	59	47059	Greene County, Tennessee	yes	1.0	26.32984480693436	571.2326274057617
22080	62	Assisted living facilities for the elderly	47	623312	61	47061	Grundy County, Tennessee	yes	1.0	26.32984480693436	571.2326274057617
22081	62	Assisted living facilities for the elderly	47	623312	63	47063	Hamblen County, Tennessee	yes	2.0	52.65968961386872	1142.4652548115234
22082	62	Assisted living facilities for the elderly	47	623312	65	47065	Hamilton County, Tennessee	no	18.833333333333332	513.0	11327.666666666666
22083	62	Assisted living facilities for the elderly	47	623312	69	47069	Hardeman County, Tennessee	yes	1.0	26.32984480693436	571.2326274057617
22084	62	Assisted living facilities for the elderly	47	623312	71	47071	Hardin County, Tennessee	yes	1.3333333333333333	34.97671758589669	709.9826984789671
22085	62	Assisted living facilities for the elderly	47	623312	73	47073	Hawkins County, Tennessee	yes	1.0	26.52445804195804	648.7238344988345
22086	62	Assisted living facilities for the elderly	47	623312	77	47077	Henderson County, Tennessee	no	3.0	23.833333333333332	464.1666666666667
22087	62	Assisted living facilities for the elderly	47	623312	79	47079	Henry County, Tennessee	yes	2.0	52.65968961386872	1142.4652548115234
22088	62	Assisted living facilities for the elderly	47	623312	89	47089	Jefferson County, Tennessee	no	3.0	50.0	988.0
22089	62	Assisted living facilities for the elderly	47	623312	89	47089	Jefferson County, Tennessee	yes	1.8	47.63627572427573	1117.7895637695638
22090	62	Assisted living facilities for the elderly	47	623312	91	47091	Johnson County, Tennessee	yes	1.0	25.075967780146883	543.4112532575219
22091	62	Assisted living facilities for the elderly	47	623312	93	47093	Knox County, Tennessee	no	17.5	663.8333333333334	14748.333333333334
22092	62	Assisted living facilities for the elderly	47	623312	97	47097	Lauderdale County, Tennessee	yes	1.0	26.32984480693436	571.2326274057617
22093	62	Assisted living facilities for the elderly	47	623312	99	47099	Lawrence County, Tennessee	no	3.0	77.5	1418.3333333333333
22094	62	Assisted living facilities for the elderly	47	623312	101	47101	Lewis County, Tennessee	yes	1.0	26.32984480693436	571.2326274057617
22095	62	Assisted living facilities for the elderly	47	623312	103	47103	Lincoln County, Tennessee	yes	2.0	52.65968961386872	1142.4652548115234
22096	62	Assisted living facilities for the elderly	47	623312	105	47105	Loudon County, Tennessee	no	5.166666666666667	113.5	2190.3333333333335
22097	62	Assisted living facilities for the elderly	47	623312	107	47107	McMinn County, Tennessee	yes	1.0	26.32984480693436	571.2326274057617
22098	62	Assisted living facilities for the elderly	47	623312	109	47109	McNairy County, Tennessee	yes	1.0	26.32984480693436	571.2326274057617
22099	62	Assisted living facilities for the elderly	47	623312	111	47111	Macon County, Tennessee	yes	1.0	26.32984480693436	571.2326274057617
22100	62	Assisted living facilities for the elderly	47	623312	113	47113	Madison County, Tennessee	no	8.5	264.8333333333333	5167.833333333333
22101	62	Assisted living facilities for the elderly	47	623312	115	47115	Marion County, Tennessee	yes	1.0	26.32984480693436	571.2326274057617
22102	62	Assisted living facilities for the elderly	47	623312	117	47117	Marshall County, Tennessee	yes	1.1666666666666667	30.660797187886743	637.7588178819523
22103	62	Assisted living facilities for the elderly	47	623312	119	47119	Maury County, Tennessee	no	3.1666666666666665	107.33333333333333	2215.6666666666665
22104	62	Assisted living facilities for the elderly	47	623312	121	47121	Meigs County, Tennessee	yes	1.0	26.32984480693436	571.2326274057617
22105	62	Assisted living facilities for the elderly	47	623312	123	47123	Monroe County, Tennessee	yes	1.1666666666666667	30.220955918045473	704.1881829613172
22106	62	Assisted living facilities for the elderly	47	623312	125	47125	Montgomery County, Tennessee	no	5.833333333333333	173.66666666666666	3323.3333333333335
22107	62	Assisted living facilities for the elderly	47	623312	131	47131	Obion County, Tennessee	yes	1.1666666666666667	30.660797187886743	637.7588178819523
22108	62	Assisted living facilities for the elderly	47	623312	141	47141	Putnam County, Tennessee	no	3.0	37.666666666666664	638.6666666666666
22109	62	Assisted living facilities for the elderly	47	623312	141	47141	Putnam County, Tennessee	yes	2.6666666666666665	66.59606254442076	1485.785998578536
22110	62	Assisted living facilities for the elderly	47	623312	143	47143	Rhea County, Tennessee	no	5.333333333333333	78.0	1836.1666666666667
22111	62	Assisted living facilities for the elderly	47	623312	145	47145	Roane County, Tennessee	no	3.0	122.0	2146.0
22112	62	Assisted living facilities for the elderly	47	623312	145	47145	Roane County, Tennessee	yes	2.0	50.027413208681864	1090.0880337324368
22113	62	Assisted living facilities for the elderly	47	623312	147	47147	Robertson County, Tennessee	yes	2.0	52.65968961386872	1142.4652548115234
22114	62	Assisted living facilities for the elderly	47	623312	149	47149	Rutherford County, Tennessee	no	7.666666666666667	265.3333333333333	4978.0
22115	62	Assisted living facilities for the elderly	47	623312	149	47149	Rutherford County, Tennessee	yes	7.333333333333333	184.16361525704806	3948.3265339966833
22116	62	Assisted living facilities for the elderly	47	623312	155	47155	Sevier County, Tennessee	no	3.0	86.0	1892.0
22117	62	Assisted living facilities for the elderly	47	623312	155	47155	Sevier County, Tennessee	yes	1.25	31.2204373735717	682.5295937892953
22118	62	Assisted living facilities for the elderly	47	623312	157	47157	Shelby County, Tennessee	no	23.5	668.8333333333334	14313.333333333334
22119	62	Assisted living facilities for the elderly	47	623312	163	47163	Sullivan County, Tennessee	no	6.0	216.5	4072.5
22120	62	Assisted living facilities for the elderly	47	623312	165	47165	Sumner County, Tennessee	no	15.5	395.1666666666667	8217.333333333334
22121	62	Assisted living facilities for the elderly	47	623312	167	47167	Tipton County, Tennessee	yes	1.0	26.32984480693436	571.2326274057617
22122	62	Assisted living facilities for the elderly	47	623312	169	47169	Trousdale County, Tennessee	yes	2.0	52.65968961386872	1142.4652548115234
22123	62	Assisted living facilities for the elderly	47	623312	177	47177	Warren County, Tennessee	no	5.166666666666667	211.83333333333334	4190.666666666667
22124	62	Assisted living facilities for the elderly	47	623312	179	47179	Washington County, Tennessee	no	3.6	103.0	2307.2
22125	62	Assisted living facilities for the elderly	47	623312	179	47179	Washington County, Tennessee	yes	2.0	51.97142857142857	798.3142857142857
22126	62	Assisted living facilities for the elderly	47	623312	183	47183	Weakley County, Tennessee	yes	2.0	52.65968961386872	1142.4652548115234
22127	62	Assisted living facilities for the elderly	47	623312	187	47187	Williamson County, Tennessee	no	7.4	163.0	5799.2
22128	62	Assisted living facilities for the elderly	47	623312	187	47187	Williamson County, Tennessee	yes	8.0	186.77333333333334	6381.866666666667
22129	62	Assisted living facilities for the elderly	47	623312	189	47189	Wilson County, Tennessee	no	4.5	158.16666666666666	2908.5
22130	62	Blood and organ banks	47	621991	11	47011	Bradley County, Tennessee	yes	1.0	38.193556234995505	1471.7374863556834
22131	62	Blood and organ banks	47	621991	31	47031	Coffee County, Tennessee	yes	1.0	38.193556234995505	1471.7374863556834
22132	62	Blood and organ banks	47	621991	37	47037	Davidson County, Tennessee	no	12.333333333333334	667.0	33551.333333333336
22133	62	Blood and organ banks	47	621991	37	47037	Davidson County, Tennessee	yes	12.333333333333334	559.5303533418477	22236.19077054066
22134	62	Blood and organ banks	47	621991	65	47065	Hamilton County, Tennessee	yes	7.0	271.7098261285767	10500.44950732099
22135	62	Blood and organ banks	47	621991	93	47093	Knox County, Tennessee	no	5.0	381.6666666666667	18893.5
22136	62	Blood and organ banks	47	621991	107	47107	McMinn County, Tennessee	yes	1.0	31.35793562708102	1221.482241953385
22137	62	Blood and organ banks	47	621991	113	47113	Madison County, Tennessee	yes	2.0	76.38711246999101	2943.4749727113667
22138	62	Blood and organ banks	47	621991	119	47119	Maury County, Tennessee	yes	1.0	31.35793562708102	1221.482241953385
22139	62	Blood and organ banks	47	621991	125	47125	Montgomery County, Tennessee	yes	1.0	38.193556234995505	1471.7374863556834
22140	62	Blood and organ banks	47	621991	141	47141	Putnam County, Tennessee	yes	1.0	38.193556234995505	1471.7374863556834
22141	62	Blood and organ banks	47	621991	149	47149	Rutherford County, Tennessee	yes	1.0	33.82551953767844	1320.3054887927844
22142	62	Blood and organ banks	47	621991	157	47157	Shelby County, Tennessee	no	17.333333333333332	427.8333333333333	17608.166666666668
22143	62	Blood and organ banks	47	621991	163	47163	Sullivan County, Tennessee	yes	1.0	33.82551953767844	1320.3054887927844
22144	62	Blood and organ banks	47	621991	167	47167	Tipton County, Tennessee	yes	1.0	47.6	1771.24
22145	62	Blood and organ banks	47	621991	179	47179	Washington County, Tennessee	no	3.8333333333333335	46.666666666666664	1984.5
22146	62	Blood and organ banks	47	621991	189	47189	Wilson County, Tennessee	yes	1.0	31.35793562708102	1221.482241953385
22147	62	Child and youth services	47	624110	1	47001	Anderson County, Tennessee	no	4.0	42.0	1417.0
22148	62	Child and youth services	47	624110	1	47001	Anderson County, Tennessee	yes	2.0	19.301265502276625	488.82111518891816
22149	62	Child and youth services	47	624110	3	47003	Bedford County, Tennessee	no	3.0	36.666666666666664	988.3333333333334
22150	62	Child and youth services	47	624110	3	47003	Bedford County, Tennessee	yes	2.0	18.592907092907094	408.5427667570525
22151	62	Child and youth services	47	624110	9	47009	Blount County, Tennessee	no	5.166666666666667	66.83333333333333	2360.1666666666665
22152	62	Child and youth services	47	624110	11	47011	Bradley County, Tennessee	yes	1.6	15.435631136642257	410.9694739729912
22153	62	Child and youth services	47	624110	13	47013	Campbell County, Tennessee	yes	2.0	19.00746484164078	479.7163139394831
22154	62	Child and youth services	47	624110	19	47019	Carter County, Tennessee	yes	1.0	9.71101129518723	275.44493056095683
22155	62	Child and youth services	47	624110	21	47021	Cheatham County, Tennessee	yes	1.6666666666666667	16.59296276131463	480.2146474467
22156	62	Child and youth services	47	624110	31	47031	Coffee County, Tennessee	yes	1.3333333333333333	12.944708153884088	342.24301541261315
22157	62	Child and youth services	47	624110	35	47035	Cumberland County, Tennessee	yes	1.0	9.50373242082039	239.85815696974154
22158	62	Child and youth services	47	624110	37	47037	Davidson County, Tennessee	no	34.166666666666664	562.3333333333334	19744.5
22159	62	Child and youth services	47	624110	41	47041	DeKalb County, Tennessee	yes	1.1666666666666667	11.19420861129658	270.70509574525175
22160	62	Child and youth services	47	624110	43	47043	Dickson County, Tennessee	yes	1.3333333333333333	12.944708153884088	342.24301541261315
22161	62	Child and youth services	47	624110	47	47047	Fayette County, Tennessee	yes	1.0	9.50373242082039	239.85815696974154
22162	62	Child and youth services	47	624110	49	47049	Fentress County, Tennessee	yes	1.0	9.296453546453547	204.27138337852625
22163	62	Child and youth services	47	624110	55	47055	Giles County, Tennessee	yes	2.0	19.00746484164078	479.7163139394831
22164	62	Child and youth services	47	624110	59	47059	Greene County, Tennessee	yes	2.3333333333333335	22.15947949365543	546.7459450226855
22165	62	Child and youth services	47	624110	63	47063	Hamblen County, Tennessee	yes	1.8333333333333333	17.545926380102316	443.53362163179077
22166	62	Child and youth services	47	624110	65	47065	Hamilton County, Tennessee	no	16.833333333333332	129.0	4600.833333333333
22167	62	Child and youth services	47	624110	75	47075	Haywood County, Tennessee	yes	1.0	8.76923076923077	217.09615384615387
22168	62	Child and youth services	47	624110	79	47079	Henry County, Tennessee	yes	1.0	9.50373242082039	239.85815696974154
22169	62	Child and youth services	47	624110	83	47083	Houston County, Tennessee	yes	1.0	9.50373242082039	239.85815696974154
22170	62	Child and youth services	47	624110	85	47085	Humphreys County, Tennessee	yes	1.0	9.71101129518723	275.44493056095683
22171	62	Child and youth services	47	624110	93	47093	Knox County, Tennessee	no	10.0	124.66666666666667	3462.5
22172	62	Child and youth services	47	624110	99	47099	Lawrence County, Tennessee	yes	2.0	19.248737457913393	476.30227757901815
22173	62	Child and youth services	47	624110	103	47103	Lincoln County, Tennessee	yes	1.0	9.50373242082039	239.85815696974154
22174	62	Child and youth services	47	624110	105	47105	Loudon County, Tennessee	yes	1.0	8.487179487179487	212.02564102564102
22175	62	Child and youth services	47	624110	107	47107	McMinn County, Tennessee	yes	1.1666666666666667	10.965270882358851	276.0408492774339
22176	62	Child and youth services	47	624110	111	47111	Macon County, Tennessee	yes	1.0	9.094135031635032	206.20994779030494
22177	62	Child and youth services	47	624110	113	47113	Madison County, Tennessee	yes	3.3333333333333335	31.952172995524865	821.9593293520962
22178	62	Child and youth services	47	624110	119	47119	Maury County, Tennessee	yes	1.8333333333333333	17.028027570115537	413.5141478043038
22179	62	Child and youth services	47	624110	125	47125	Montgomery County, Tennessee	no	3.8333333333333335	9.333333333333334	514.0
22180	62	Child and youth services	47	624110	135	47135	Perry County, Tennessee	yes	2.0	17.53846153846154	434.19230769230774
22181	62	Child and youth services	47	624110	141	47141	Putnam County, Tennessee	no	3.0	26.0	663.0
22182	62	Child and youth services	47	624110	141	47141	Putnam County, Tennessee	yes	2.0	19.414086015097137	490.84932031712333
22183	62	Child and youth services	47	624110	145	47145	Roane County, Tennessee	no	3.0	74.33333333333333	2079.6666666666665
22184	62	Child and youth services	47	624110	145	47145	Roane County, Tennessee	yes	2.6666666666666665	24.966283716283716	540.4487655201941
22185	62	Child and youth services	47	624110	149	47149	Rutherford County, Tennessee	no	8.666666666666666	84.33333333333333	2083.1666666666665
22186	62	Child and youth services	47	624110	155	47155	Sevier County, Tennessee	yes	2.0	19.00746484164078	479.7163139394831
22187	62	Child and youth services	47	624110	157	47157	Shelby County, Tennessee	no	26.166666666666668	457.8333333333333	14426.666666666666
22188	62	Child and youth services	47	624110	161	47161	Stewart County, Tennessee	yes	1.0	9.71101129518723	275.44493056095683
22189	62	Child and youth services	47	624110	163	47163	Sullivan County, Tennessee	yes	2.5	23.65569161486755	581.8520056287463
22190	62	Child and youth services	47	624110	165	47165	Sumner County, Tennessee	no	4.75	15.5	433.25
22191	62	Child and youth services	47	624110	165	47165	Sumner County, Tennessee	yes	1.5	14.631493506493506	290.399814471243
22192	62	Child and youth services	47	624110	167	47167	Tipton County, Tennessee	yes	1.0	9.50373242082039	239.85815696974154
22193	62	Child and youth services	47	624110	177	47177	Warren County, Tennessee	yes	1.0	9.527576653208605	259.24278882980855
22194	62	Child and youth services	47	624110	179	47179	Washington County, Tennessee	no	6.666666666666667	130.5	2238.6666666666665
22195	62	Child and youth services	47	624110	183	47183	Weakley County, Tennessee	yes	1.0	8.76923076923077	217.09615384615387
22196	62	Child and youth services	47	624110	187	47187	Williamson County, Tennessee	no	7.0	47.2	2197.6
22197	62	Child and youth services	47	624110	187	47187	Williamson County, Tennessee	yes	4.0	35.07692307692308	868.3846153846155
22198	62	Child and youth services	47	624110	189	47189	Wilson County, Tennessee	no	4.0	24.0	660.3333333333334
22199	62	Child and youth services	47	624110	189	47189	Wilson County, Tennessee	yes	2.0	18.592907092907094	408.5427667570525
22200	62	Child day care services	47	624410	1	47001	Anderson County, Tennessee	no	13.833333333333334	127.66666666666667	1837.3333333333333
22201	62	Child day care services	47	624410	3	47003	Bedford County, Tennessee	no	13.0	98.66666666666667	1216.6666666666667
22202	62	Child day care services	47	624410	5	47005	Benton County, Tennessee	no	5.333333333333333	31.333333333333332	461.3333333333333
22203	62	Child day care services	47	624410	7	47007	Bledsoe County, Tennessee	yes	1.0	12.751394628801686	141.47279844486403
22204	62	Child day care services	47	624410	9	47009	Blount County, Tennessee	no	17.333333333333332	246.5	3795.3333333333335
22205	62	Child day care services	47	624410	11	47011	Bradley County, Tennessee	no	31.166666666666668	232.16666666666666	3706.0
22206	62	Child day care services	47	624410	13	47013	Campbell County, Tennessee	no	3.0	20.0	243.0
22207	62	Child day care services	47	624410	13	47013	Campbell County, Tennessee	yes	2.0	24.656680442457382	270.26804960100696
22208	62	Child day care services	47	624410	15	47015	Cannon County, Tennessee	no	3.0	10.0	442.0
22209	62	Child day care services	47	624410	15	47015	Cannon County, Tennessee	yes	2.0	28.381397174254314	256.94832548403974
22210	62	Child day care services	47	624410	17	47017	Carroll County, Tennessee	no	10.5	85.16666666666667	1880.8333333333333
22211	62	Child day care services	47	624410	19	47019	Carter County, Tennessee	no	6.833333333333333	44.0	691.5
22212	62	Child day care services	47	624410	21	47021	Cheatham County, Tennessee	no	11.333333333333334	108.5	1739.0
22213	62	Child day care services	47	624410	23	47023	Chester County, Tennessee	yes	1.3333333333333333	16.04232353285194	197.29615506171479
22214	62	Child day care services	47	624410	25	47025	Claiborne County, Tennessee	yes	2.0	25.50278925760337	282.94559688972805
22215	62	Child day care services	47	624410	27	47027	Clay County, Tennessee	yes	1.5	20.109819537226596	210.08482530689085
22216	62	Child day care services	47	624410	29	47029	Cocke County, Tennessee	no	3.0	5.5	177.33333333333334
22217	62	Child day care services	47	624410	31	47031	Coffee County, Tennessee	no	14.166666666666666	77.0	1023.8333333333334
22218	62	Child day care services	47	624410	33	47033	Crockett County, Tennessee	no	3.8333333333333335	25.0	401.6666666666667
22219	62	Child day care services	47	624410	35	47035	Cumberland County, Tennessee	no	10.0	93.66666666666667	1400.0
22220	62	Child day care services	47	624410	37	47037	Davidson County, Tennessee	no	143.5	2361.1666666666665	42902.166666666664
22221	62	Child day care services	47	624410	39	47039	Decatur County, Tennessee	yes	1.5	17.260272250800654	217.39230890786862
22222	62	Child day care services	47	624410	41	47041	DeKalb County, Tennessee	no	4.666666666666667	22.333333333333332	406.8333333333333
22223	62	Child day care services	47	624410	43	47043	Dickson County, Tennessee	no	11.666666666666666	94.66666666666667	1416.6666666666667
22224	62	Child day care services	47	624410	45	47045	Dyer County, Tennessee	no	9.333333333333334	68.66666666666667	866.1666666666666
22225	62	Child day care services	47	624410	47	47047	Fayette County, Tennessee	no	4.5	45.666666666666664	538.3333333333334
22226	62	Child day care services	47	624410	49	47049	Fentress County, Tennessee	no	5.833333333333333	29.5	521.6666666666666
22227	62	Child day care services	47	624410	51	47051	Franklin County, Tennessee	no	4.333333333333333	21.833333333333332	341.6666666666667
22228	62	Child day care services	47	624410	53	47053	Gibson County, Tennessee	no	13.833333333333334	95.33333333333333	1210.8333333333333
22229	62	Child day care services	47	624410	55	47055	Giles County, Tennessee	no	4.0	16.2	203.4
22230	62	Child day care services	47	624410	55	47055	Giles County, Tennessee	yes	4.0	59.46666666666667	692.6666666666666
22231	62	Child day care services	47	624410	57	47057	Grainger County, Tennessee	yes	1.0	21.976190476190474	117.92857142857142
22232	62	Child day care services	47	624410	59	47059	Greene County, Tennessee	no	10.333333333333334	100.16666666666667	1743.6666666666667
22233	62	Child day care services	47	624410	61	47061	Grundy County, Tennessee	yes	1.3333333333333333	16.04232353285194	197.29615506171479
22234	62	Child day care services	47	624410	63	47063	Hamblen County, Tennessee	no	8.2	256.2	4234.6
22235	62	Child day care services	47	624410	63	47063	Hamblen County, Tennessee	yes	9.0	133.79999999999998	1558.5
22236	62	Child day care services	47	624410	65	47065	Hamilton County, Tennessee	no	63.166666666666664	977.5	14703.166666666666
22237	62	Child day care services	47	624410	69	47069	Hardeman County, Tennessee	no	3.0	0.0	28.0
22238	62	Child day care services	47	624410	69	47069	Hardeman County, Tennessee	yes	1.75	17.24329953266357	271.0501980556805
22239	62	Child day care services	47	624410	71	47071	Hardin County, Tennessee	yes	2.0	25.50278925760337	282.94559688972805
22240	62	Child day care services	47	624410	73	47073	Hawkins County, Tennessee	no	7.166666666666667	53.833333333333336	592.8333333333334
22241	62	Child day care services	47	624410	75	47075	Haywood County, Tennessee	yes	1.5	23.60034013605442	161.18877551020407
22242	62	Child day care services	47	624410	77	47077	Henderson County, Tennessee	no	3.6666666666666665	30.833333333333332	574.1666666666666
22243	62	Child day care services	47	624410	79	47079	Henry County, Tennessee	no	6.333333333333333	48.833333333333336	704.3333333333334
22244	62	Child day care services	47	624410	81	47081	Hickman County, Tennessee	no	3.3333333333333335	21.666666666666668	336.1666666666667
22245	62	Child day care services	47	624410	83	47083	Houston County, Tennessee	no	3.0	5.5	124.5
22246	62	Child day care services	47	624410	83	47083	Houston County, Tennessee	yes	2.5	26.50355594291998	387.7777621582446
22247	62	Child day care services	47	624410	85	47085	Humphreys County, Tennessee	yes	1.6666666666666667	19.73805002857843	246.25342001897977
22248	62	Child day care services	47	624410	87	47087	Jackson County, Tennessee	yes	2.0	25.50278925760337	282.94559688972805
22249	62	Child day care services	47	624410	89	47089	Jefferson County, Tennessee	yes	1.0	12.751394628801686	141.47279844486403
22250	62	Child day care services	47	624410	91	47091	Johnson County, Tennessee	yes	2.3333333333333335	28.79371816165362	338.7689535065788
22251	62	Child day care services	47	624410	93	47093	Knox County, Tennessee	no	97.0	1399.1666666666667	21907.333333333332
22252	62	Child day care services	47	624410	95	47095	Lake County, Tennessee	yes	1.0	12.751394628801686	141.47279844486403
22253	62	Child day care services	47	624410	97	47097	Lauderdale County, Tennessee	yes	2.5	33.745306264406096	348.49888487158745
22254	62	Child day care services	47	624410	99	47099	Lawrence County, Tennessee	no	6.5	41.5	498.1666666666667
22255	62	Child day care services	47	624410	101	47101	Lewis County, Tennessee	no	3.1666666666666665	25.833333333333332	316.1666666666667
22256	62	Child day care services	47	624410	103	47103	Lincoln County, Tennessee	no	6.5	28.5	459.3333333333333
22257	62	Child day care services	47	624410	105	47105	Loudon County, Tennessee	no	5.0	55.333333333333336	773.8333333333334
22258	62	Child day care services	47	624410	107	47107	McMinn County, Tennessee	no	7.0	40.0	634.0
22259	62	Child day care services	47	624410	107	47107	McMinn County, Tennessee	yes	6.6	71.94504917666572	942.0950436224872
22260	62	Child day care services	47	624410	109	47109	McNairy County, Tennessee	yes	1.5	19.433254039232526	204.40873948794788
22261	62	Child day care services	47	624410	111	47111	Macon County, Tennessee	no	5.0	50.5	684.5
22262	62	Child day care services	47	624410	113	47113	Madison County, Tennessee	no	20.666666666666668	216.33333333333334	4284.333333333333
22263	62	Child day care services	47	624410	115	47115	Marion County, Tennessee	no	3.25	7.5	96.25
22264	62	Child day care services	47	624410	115	47115	Marion County, Tennessee	yes	2.0	19.745573424301494	334.9401397011046
22265	62	Child day care services	47	624410	117	47117	Marshall County, Tennessee	no	8.166666666666666	63.833333333333336	980.8333333333334
22266	62	Child day care services	47	624410	119	47119	Maury County, Tennessee	no	17.166666666666668	183.5	2711.8333333333335
22267	62	Child day care services	47	624410	121	47121	Meigs County, Tennessee	yes	1.3333333333333333	20.076791454198514	180.78232225438782
22268	62	Child day care services	47	624410	123	47123	Monroe County, Tennessee	no	9.833333333333334	64.5	889.1666666666666
22269	62	Child day care services	47	624410	125	47125	Montgomery County, Tennessee	no	57.333333333333336	776.6666666666666	10842.166666666666
22270	62	Child day care services	47	624410	127	47127	Moore County, Tennessee	yes	1.0	12.751394628801686	141.47279844486403
22271	62	Child day care services	47	624410	129	47129	Morgan County, Tennessee	yes	1.1666666666666667	14.85343544512822	158.5102134108504
22272	62	Child day care services	47	624410	131	47131	Obion County, Tennessee	no	6.5	92.33333333333333	1390.6666666666667
22273	62	Child day care services	47	624410	133	47133	Overton County, Tennessee	no	3.8333333333333335	24.666666666666668	375.1666666666667
22274	62	Child day care services	47	624410	137	47137	Pickett County, Tennessee	yes	1.0	12.751394628801686	141.47279844486403
22275	62	Child day care services	47	624410	139	47139	Polk County, Tennessee	yes	2.5	34.93022689932673	339.29253566523823
22276	62	Child day care services	47	624410	141	47141	Putnam County, Tennessee	no	23.166666666666668	287.0	4535.166666666667
22277	62	Child day care services	47	624410	143	47143	Rhea County, Tennessee	no	5.166666666666667	29.0	358.1666666666667
22278	62	Child day care services	47	624410	145	47145	Roane County, Tennessee	no	4.666666666666667	38.666666666666664	784.3333333333334
22279	62	Child day care services	47	624410	145	47145	Roane County, Tennessee	yes	2.3333333333333335	20.471407923893302	343.8703495443262
22280	62	Child day care services	47	624410	147	47147	Robertson County, Tennessee	no	15.333333333333334	117.5	1774.1666666666667
22281	62	Child day care services	47	624410	149	47149	Rutherford County, Tennessee	no	52.333333333333336	946.5	15451.0
22282	62	Child day care services	47	624410	151	47151	Scott County, Tennessee	yes	1.0	12.751394628801686	141.47279844486403
22283	62	Child day care services	47	624410	153	47153	Sequatchie County, Tennessee	no	3.1666666666666665	20.666666666666668	268.0
22284	62	Child day care services	47	624410	155	47155	Sevier County, Tennessee	no	25.833333333333332	202.16666666666666	3664.3333333333335
22285	62	Child day care services	47	624410	157	47157	Shelby County, Tennessee	no	274.8333333333333	3349.0	59018.833333333336
22286	62	Child day care services	47	624410	159	47159	Smith County, Tennessee	no	4.666666666666667	29.5	507.3333333333333
22287	62	Child day care services	47	624410	161	47161	Stewart County, Tennessee	yes	1.6666666666666667	19.73805002857843	246.25342001897977
22288	62	Child day care services	47	624410	163	47163	Sullivan County, Tennessee	no	23.666666666666668	429.1666666666667	5813.0
22289	62	Child day care services	47	624410	165	47165	Sumner County, Tennessee	no	36.833333333333336	443.8333333333333	6837.0
22290	62	Child day care services	47	624410	167	47167	Tipton County, Tennessee	no	7.5	119.0	1840.8333333333333
22291	62	Child day care services	47	624410	169	47169	Trousdale County, Tennessee	no	4.333333333333333	16.333333333333332	338.3333333333333
22292	62	Child day care services	47	624410	171	47171	Unicoi County, Tennessee	no	3.3333333333333335	5.666666666666667	340.6666666666667
22293	62	Child day care services	47	624410	171	47171	Unicoi County, Tennessee	yes	3.6666666666666665	48.303621708592466	564.5154243633775
22294	62	Child day care services	47	624410	173	47173	Union County, Tennessee	no	3.0	19.0	190.0
22295	62	Child day care services	47	624410	173	47173	Union County, Tennessee	yes	2.4	27.308653231573032	347.44151898876214
22296	62	Child day care services	47	624410	177	47177	Warren County, Tennessee	no	9.166666666666666	41.833333333333336	924.8333333333334
22297	62	Child day care services	47	624410	179	47179	Washington County, Tennessee	no	16.0	190.5	2743.0
22298	62	Child day care services	47	624410	181	47181	Wayne County, Tennessee	yes	2.0	19.745573424301494	334.9401397011046
22299	62	Child day care services	47	624410	183	47183	Weakley County, Tennessee	no	8.5	58.833333333333336	972.0
22300	62	Child day care services	47	624410	185	47185	White County, Tennessee	no	5.5	25.833333333333332	396.6666666666667
22301	62	Child day care services	47	624410	187	47187	Williamson County, Tennessee	no	50.0	811.0	17118.833333333332
22302	62	Child day care services	47	624410	189	47189	Wilson County, Tennessee	no	28.666666666666668	333.3333333333333	4927.666666666667
22303	62	Community food services	47	624210	1	47001	Anderson County, Tennessee	yes	2.0	19.972839662210237	618.523372173271
22304	62	Community food services	47	624210	9	47009	Blount County, Tennessee	yes	1.0	9.986419831105119	309.2616860866355
22305	62	Community food services	47	624210	11	47011	Bradley County, Tennessee	yes	1.0	9.986419831105119	309.2616860866355
22306	62	Community food services	47	624210	19	47019	Carter County, Tennessee	yes	1.0	9.986419831105119	309.2616860866355
22307	62	Community food services	47	624210	37	47037	Davidson County, Tennessee	yes	5.5	54.56234060779688	1696.9126081339175
22308	62	Community food services	47	624210	43	47043	Dickson County, Tennessee	yes	1.0	9.986419831105119	309.2616860866355
22309	62	Community food services	47	624210	47	47047	Fayette County, Tennessee	yes	1.0	9.986419831105119	309.2616860866355
22310	62	Community food services	47	624210	53	47053	Gibson County, Tennessee	yes	1.0	9.986419831105119	309.2616860866355
22311	62	Community food services	47	624210	55	47055	Giles County, Tennessee	yes	1.0	9.986419831105119	309.2616860866355
22312	62	Community food services	47	624210	63	47063	Hamblen County, Tennessee	yes	1.0	9.986419831105119	309.2616860866355
22313	62	Community food services	47	624210	65	47065	Hamilton County, Tennessee	yes	2.3333333333333335	23.170756328876905	722.7396420145409
22314	62	Community food services	47	624210	83	47083	Houston County, Tennessee	yes	1.0	9.986419831105119	309.2616860866355
22315	62	Community food services	47	624210	89	47089	Jefferson County, Tennessee	yes	1.0	9.59375	312.6488095238095
22316	62	Community food services	47	624210	93	47093	Knox County, Tennessee	yes	3.0	29.959259493315358	927.7850582599066
22317	62	Community food services	47	624210	99	47099	Lawrence County, Tennessee	yes	1.0	9.59375	312.6488095238095
22318	62	Community food services	47	624210	101	47101	Lewis County, Tennessee	yes	1.0	9.986419831105119	309.2616860866355
22319	62	Community food services	47	624210	105	47105	Loudon County, Tennessee	yes	1.0	9.986419831105119	309.2616860866355
22320	62	Community food services	47	624210	107	47107	McMinn County, Tennessee	yes	1.0	9.986419831105119	309.2616860866355
22321	62	Community food services	47	624210	111	47111	Macon County, Tennessee	yes	1.0	9.986419831105119	309.2616860866355
22322	62	Community food services	47	624210	113	47113	Madison County, Tennessee	yes	1.0	9.986419831105119	309.2616860866355
22323	62	Community food services	47	624210	119	47119	Maury County, Tennessee	yes	2.0	19.972839662210237	618.523372173271
22324	62	Community food services	47	624210	123	47123	Monroe County, Tennessee	yes	1.0	9.986419831105119	309.2616860866355
22325	62	Community food services	47	624210	125	47125	Montgomery County, Tennessee	yes	1.6666666666666667	16.562159214320488	519.8218217856742
22326	62	Community food services	47	624210	139	47139	Polk County, Tennessee	yes	1.0	10.23204134366925	296.1046511627907
22327	62	Community food services	47	624210	145	47145	Roane County, Tennessee	yes	1.0	9.986419831105119	309.2616860866355
22328	62	Community food services	47	624210	149	47149	Rutherford County, Tennessee	no	3.0	11.833333333333334	350.6666666666667
22329	62	Community food services	47	624210	151	47151	Scott County, Tennessee	yes	1.0	9.986419831105119	309.2616860866355
22330	62	Community food services	47	624210	157	47157	Shelby County, Tennessee	no	5.0	62.333333333333336	2191.0
22331	62	Community food services	47	624210	157	47157	Shelby County, Tennessee	yes	4.333333333333333	44.19140171516309	1305.6268958543983
22332	62	Community food services	47	624210	163	47163	Sullivan County, Tennessee	yes	1.3333333333333333	13.338960744111148	409.6454070168681
22333	62	Community food services	47	624210	165	47165	Sumner County, Tennessee	yes	2.0	19.972839662210237	618.523372173271
22334	62	Community food services	47	624210	169	47169	Trousdale County, Tennessee	yes	1.0	9.986419831105119	309.2616860866355
22335	62	Community food services	47	624210	177	47177	Warren County, Tennessee	yes	1.1666666666666667	11.682072005018162	362.05516434750507
22336	62	Community food services	47	624210	179	47179	Washington County, Tennessee	yes	1.25	12.386864888776541	396.1657849439068
22337	62	Community food services	47	624210	185	47185	White County, Tennessee	yes	1.0	9.59375	312.6488095238095
22338	62	Community food services	47	624210	187	47187	Williamson County, Tennessee	yes	1.0	9.59375	312.6488095238095
22339	62	Community food services	47	624210	189	47189	Wilson County, Tennessee	no	3.0	0.0	167.0
22340	62	Community food services	47	624210	189	47189	Wilson County, Tennessee	yes	2.2	21.99330131445905	693.1802205209688
22341	62	Continuing care retirement communities	47	623311	1	47001	Anderson County, Tennessee	no	3.0	105.0	2302.5
22342	62	Continuing care retirement communities	47	623311	1	47001	Anderson County, Tennessee	yes	1.75	90.19106691919193	2388.908751114082
22343	62	Continuing care retirement communities	47	623311	3	47003	Bedford County, Tennessee	yes	1.0	57.333333333333336	1632.2156862745098
22344	62	Continuing care retirement communities	47	623311	9	47009	Blount County, Tennessee	yes	2.0	107.67525806308701	2862.766233542859
22345	62	Continuing care retirement communities	47	623311	11	47011	Bradley County, Tennessee	yes	1.6666666666666667	88.67909578238526	2363.7040076656663
22346	62	Continuing care retirement communities	47	623311	23	47023	Chester County, Tennessee	yes	1.0	57.333333333333336	1632.2156862745098
22347	62	Continuing care retirement communities	47	623311	31	47031	Coffee County, Tennessee	yes	1.8333333333333333	98.11970250753147	2590.7302858304406
22348	62	Continuing care retirement communities	47	623311	35	47035	Cumberland County, Tennessee	yes	4.0	215.35051612617403	5725.532467085718
22349	62	Continuing care retirement communities	47	623311	37	47037	Davidson County, Tennessee	no	7.333333333333333	705.0	20438.833333333332
22350	62	Continuing care retirement communities	47	623311	43	47043	Dickson County, Tennessee	yes	1.1666666666666667	64.8858746455786	1751.1068009819558
22351	62	Continuing care retirement communities	47	623311	51	47051	Franklin County, Tennessee	yes	1.8333333333333333	98.11970250753147	2590.7302858304406
22352	62	Continuing care retirement communities	47	623311	65	47065	Hamilton County, Tennessee	no	5.166666666666667	379.0	9181.666666666666
22353	62	Continuing care retirement communities	47	623311	73	47073	Hawkins County, Tennessee	yes	1.0	53.83762903154351	1431.3831167714295
22354	62	Continuing care retirement communities	47	623311	75	47075	Haywood County, Tennessee	yes	1.0	53.83762903154351	1431.3831167714295
22355	62	Continuing care retirement communities	47	623311	77	47077	Henderson County, Tennessee	yes	1.0	53.83762903154351	1431.3831167714295
22356	62	Continuing care retirement communities	47	623311	79	47079	Henry County, Tennessee	yes	1.0	61.81140350877193	1775.2788957688338
22357	62	Continuing care retirement communities	47	623311	85	47085	Humphreys County, Tennessee	yes	1.0	53.83762903154351	1431.3831167714295
22358	62	Continuing care retirement communities	47	623311	89	47089	Jefferson County, Tennessee	yes	1.0	50.571822390572386	1320.5698863636364
22359	62	Continuing care retirement communities	47	623311	93	47093	Knox County, Tennessee	no	6.0	485.4	13839.4
22360	62	Continuing care retirement communities	47	623311	93	47093	Knox County, Tennessee	yes	6.0	344.0	9793.29411764706
22361	62	Continuing care retirement communities	47	623311	103	47103	Lincoln County, Tennessee	yes	1.0	53.13848817118553	1391.2166028708134
22362	62	Continuing care retirement communities	47	623311	119	47119	Maury County, Tennessee	yes	1.0	53.83762903154351	1431.3831167714295
22363	62	Continuing care retirement communities	47	623311	123	47123	Monroe County, Tennessee	yes	1.0	50.571822390572386	1320.5698863636364
22364	62	Continuing care retirement communities	47	623311	131	47131	Obion County, Tennessee	yes	2.0	107.67525806308701	2862.766233542859
22365	62	Continuing care retirement communities	47	623311	141	47141	Putnam County, Tennessee	yes	2.0	107.67525806308701	2862.766233542859
22366	62	Continuing care retirement communities	47	623311	145	47145	Roane County, Tennessee	no	3.0	0.0	285.0
22367	62	Continuing care retirement communities	47	623311	145	47145	Roane County, Tennessee	yes	2.2	114.16118686868685	2994.4257754010696
22368	62	Continuing care retirement communities	47	623311	149	47149	Rutherford County, Tennessee	no	3.0	169.83333333333334	3162.8333333333335
22369	62	Continuing care retirement communities	47	623311	155	47155	Sevier County, Tennessee	yes	1.3333333333333333	72.2329152268297	1894.1316016199144
22370	62	Continuing care retirement communities	47	623311	157	47157	Shelby County, Tennessee	no	14.666666666666666	1537.3333333333333	38048.166666666664
22371	62	Continuing care retirement communities	47	623311	163	47163	Sullivan County, Tennessee	no	3.0	135.33333333333334	3334.0
22372	62	Continuing care retirement communities	47	623311	163	47163	Sullivan County, Tennessee	yes	4.0	228.41374269005848	6168.785388716889
22373	62	Continuing care retirement communities	47	623311	165	47165	Sumner County, Tennessee	yes	1.5	82.38934686780082	2202.4812903610405
22374	62	Continuing care retirement communities	47	623311	167	47167	Tipton County, Tennessee	yes	1.0	53.83762903154351	1431.3831167714295
22375	62	Continuing care retirement communities	47	623311	179	47179	Washington County, Tennessee	no	4.4	291.6	8637.4
22376	62	Continuing care retirement communities	47	623311	179	47179	Washington County, Tennessee	yes	4.0	229.33333333333334	6528.862745098039
22377	62	Continuing care retirement communities	47	623311	187	47187	Williamson County, Tennessee	no	5.5	307.75	8288.75
22378	62	Continuing care retirement communities	47	623311	187	47187	Williamson County, Tennessee	yes	6.0	370.86842105263156	10651.673374613003
22379	62	Continuing care retirement communities	47	623311	189	47189	Wilson County, Tennessee	no	3.0	70.66666666666667	1641.6666666666667
22380	62	Diagnostic imaging centers	47	621512	1	47001	Anderson County, Tennessee	yes	1.0	12.926961926961928	904.5184537684538
22381	62	Diagnostic imaging centers	47	621512	9	47009	Blount County, Tennessee	yes	1.0	8.749981932643223	761.0168927436065
22382	62	Diagnostic imaging centers	47	621512	11	47011	Bradley County, Tennessee	yes	1.0	8.749981932643223	761.0168927436065
22383	62	Diagnostic imaging centers	47	621512	21	47021	Cheatham County, Tennessee	yes	1.0	8.749981932643223	761.0168927436065
22384	62	Diagnostic imaging centers	47	621512	31	47031	Coffee County, Tennessee	yes	1.5	12.086809889632471	1117.157842564395
22385	62	Diagnostic imaging centers	47	621512	37	47037	Davidson County, Tennessee	no	20.0	311.5	17193.5
22386	62	Diagnostic imaging centers	47	621512	45	47045	Dyer County, Tennessee	yes	1.0	8.749981932643223	761.0168927436065
22387	62	Diagnostic imaging centers	47	621512	47	47047	Fayette County, Tennessee	yes	2.0	17.499963865286446	1522.033785487213
22388	62	Diagnostic imaging centers	47	621512	49	47049	Fentress County, Tennessee	yes	1.0	8.749981932643223	761.0168927436065
22389	62	Diagnostic imaging centers	47	621512	51	47051	Franklin County, Tennessee	yes	1.0	8.749981932643223	761.0168927436065
22390	62	Diagnostic imaging centers	47	621512	59	47059	Greene County, Tennessee	no	3.0	6.666666666666667	443.1666666666667
22391	62	Diagnostic imaging centers	47	621512	65	47065	Hamilton County, Tennessee	no	13.833333333333334	268.8333333333333	24445.166666666668
22392	62	Diagnostic imaging centers	47	621512	93	47093	Knox County, Tennessee	no	11.666666666666666	507.0	22203.166666666668
22393	62	Diagnostic imaging centers	47	621512	99	47099	Lawrence County, Tennessee	yes	1.0	5.75	687.75
22394	62	Diagnostic imaging centers	47	621512	103	47103	Lincoln County, Tennessee	yes	1.0	8.749981932643223	761.0168927436065
22395	62	Diagnostic imaging centers	47	621512	107	47107	McMinn County, Tennessee	yes	2.0	17.499963865286446	1522.033785487213
22396	62	Diagnostic imaging centers	47	621512	111	47111	Macon County, Tennessee	yes	1.1666666666666667	9.85414859930989	864.3866844102731
22397	62	Diagnostic imaging centers	47	621512	113	47113	Madison County, Tennessee	yes	1.3333333333333333	11.020143222965805	1001.4967314532838
22398	62	Diagnostic imaging centers	47	621512	119	47119	Maury County, Tennessee	yes	1.0	8.749981932643223	761.0168927436065
22399	62	Diagnostic imaging centers	47	621512	125	47125	Montgomery County, Tennessee	no	4.0	24.0	1891.0
22400	62	Diagnostic imaging centers	47	621512	125	47125	Montgomery County, Tennessee	yes	4.25	28.083467741935486	2929.001948924731
22401	62	Diagnostic imaging centers	47	621512	133	47133	Overton County, Tennessee	yes	1.1666666666666667	9.708315265976557	875.6418927436065
22402	62	Diagnostic imaging centers	47	621512	135	47135	Perry County, Tennessee	yes	1.0	8.749981932643223	761.0168927436065
22403	62	Diagnostic imaging centers	47	621512	141	47141	Putnam County, Tennessee	yes	1.0	8.749981932643223	761.0168927436065
22404	62	Diagnostic imaging centers	47	621512	147	47147	Robertson County, Tennessee	yes	2.0	17.499963865286446	1522.033785487213
22405	62	Diagnostic imaging centers	47	621512	149	47149	Rutherford County, Tennessee	no	5.0	38.5	1533.5
22406	62	Diagnostic imaging centers	47	621512	149	47149	Rutherford County, Tennessee	yes	1.25	11.375980963480963	935.8602685508936
22407	62	Diagnostic imaging centers	47	621512	155	47155	Sevier County, Tennessee	yes	1.0	12.926961926961928	904.5184537684538
22408	62	Diagnostic imaging centers	47	621512	157	47157	Shelby County, Tennessee	no	11.0	161.5	8628.833333333334
22409	62	Diagnostic imaging centers	47	621512	163	47163	Sullivan County, Tennessee	no	4.5	190.16666666666666	9479.5
22410	62	Diagnostic imaging centers	47	621512	165	47165	Sumner County, Tennessee	yes	3.5	29.624273754918917	2626.9003086071634
22411	62	Diagnostic imaging centers	47	621512	167	47167	Tipton County, Tennessee	yes	1.0	5.75	687.75
22412	62	Diagnostic imaging centers	47	621512	177	47177	Warren County, Tennessee	yes	1.0	6.673655913978496	712.2818996415771
22413	62	Diagnostic imaging centers	47	621512	179	47179	Washington County, Tennessee	yes	1.0	5.75	687.75
22414	62	Diagnostic imaging centers	47	621512	187	47187	Williamson County, Tennessee	no	5.333333333333333	43.333333333333336	1861.1666666666667
22415	62	Diagnostic imaging centers	47	621512	189	47189	Wilson County, Tennessee	yes	1.0	6.625	620.21875
22416	62	Emergency and other relief services	47	624230	11	47011	Bradley County, Tennessee	yes	1.0	12.307903439153437	397.5560846560847
22417	62	Emergency and other relief services	47	624230	21	47021	Cheatham County, Tennessee	yes	1.0	13.3125	148.125
22418	62	Emergency and other relief services	47	624230	23	47023	Chester County, Tennessee	yes	1.0	16.728571428571428	615.9904761904762
22419	62	Emergency and other relief services	47	624230	31	47031	Coffee County, Tennessee	yes	1.0	12.307903439153437	397.5560846560847
22420	62	Emergency and other relief services	47	624230	37	47037	Davidson County, Tennessee	no	7.0	171.83333333333334	6598.0
22421	62	Emergency and other relief services	47	624230	45	47045	Dyer County, Tennessee	yes	1.0	12.378472222222221	330.75694444444446
22422	62	Emergency and other relief services	47	624230	53	47053	Gibson County, Tennessee	yes	1.0	12.307903439153437	397.5560846560847
22423	62	Emergency and other relief services	47	624230	65	47065	Hamilton County, Tennessee	no	3.5	8.0	732.5
22424	62	Emergency and other relief services	47	624230	65	47065	Hamilton County, Tennessee	yes	2.0	24.545238095238094	861.9113095238095
22425	62	Emergency and other relief services	47	624230	93	47093	Knox County, Tennessee	no	3.8	83.6	5277.4
22426	62	Emergency and other relief services	47	624230	93	47093	Knox County, Tennessee	yes	3.0	34.33333333333333	1540.1666666666665
22427	62	Emergency and other relief services	47	624230	99	47099	Lawrence County, Tennessee	yes	2.0	24.615806878306874	795.1121693121694
22428	62	Emergency and other relief services	47	624230	101	47101	Lewis County, Tennessee	yes	1.0	12.307903439153437	397.5560846560847
22429	62	Emergency and other relief services	47	624230	105	47105	Loudon County, Tennessee	yes	1.0	12.307903439153437	397.5560846560847
22430	62	Emergency and other relief services	47	624230	113	47113	Madison County, Tennessee	yes	1.0	12.307903439153437	397.5560846560847
22431	62	Emergency and other relief services	47	624230	125	47125	Montgomery County, Tennessee	yes	1.0	12.307903439153437	397.5560846560847
22432	62	Emergency and other relief services	47	624230	149	47149	Rutherford County, Tennessee	no	4.0	15.0	471.0
22433	62	Emergency and other relief services	47	624230	149	47149	Rutherford County, Tennessee	yes	1.0	10.097569444444444	288.3388888888889
22434	62	Emergency and other relief services	47	624230	157	47157	Shelby County, Tennessee	no	3.0	0.0	1224.0
22435	62	Emergency and other relief services	47	624230	157	47157	Shelby County, Tennessee	yes	1.0	12.106984126984125	447.4423015873016
22436	62	Emergency and other relief services	47	624230	159	47159	Smith County, Tennessee	yes	1.0	6.5	159.375
22437	62	Emergency and other relief services	47	624230	163	47163	Sullivan County, Tennessee	yes	1.5	19.03472222222222	404.81944444444446
22438	62	Emergency and other relief services	47	624230	177	47177	Warren County, Tennessee	yes	1.0	10.097569444444444	288.3388888888889
22439	62	Emergency and other relief services	47	624230	183	47183	Weakley County, Tennessee	yes	1.0	12.307903439153437	397.5560846560847
22440	62	Emergency and other relief services	47	624230	187	47187	Williamson County, Tennessee	no	5.0	38.5	1742.6666666666667
22441	62	Emergency and other relief services	47	624230	189	47189	Wilson County, Tennessee	yes	1.0	16.728571428571428	615.9904761904762
22442	62	Family planning centers	47	621410	3	47003	Bedford County, Tennessee	yes	1.0	6.940681902638424	183.7421822742475
22443	62	Family planning centers	47	621410	11	47011	Bradley County, Tennessee	yes	1.0	6.940681902638424	183.7421822742475
22444	62	Family planning centers	47	621410	19	47019	Carter County, Tennessee	yes	1.0	6.940681902638424	183.7421822742475
22445	62	Family planning centers	47	621410	31	47031	Coffee County, Tennessee	yes	1.0	6.940681902638424	183.7421822742475
22446	62	Family planning centers	47	621410	33	47033	Crockett County, Tennessee	yes	1.0	5.11371237458194	133.7140468227425
22447	62	Family planning centers	47	621410	37	47037	Davidson County, Tennessee	no	3.0	47.5	2081.0
22448	62	Family planning centers	47	621410	37	47037	Davidson County, Tennessee	yes	3.0	22.379807692307693	705.1947115384615
22449	62	Family planning centers	47	621410	43	47043	Dickson County, Tennessee	yes	1.0	6.940681902638424	183.7421822742475
22450	62	Family planning centers	47	621410	61	47061	Grundy County, Tennessee	yes	1.0	5.909141583054627	111.19269788182832
22451	62	Family planning centers	47	621410	93	47093	Knox County, Tennessee	no	3.0	35.0	819.0
22452	62	Family planning centers	47	621410	93	47093	Knox County, Tennessee	yes	2.2	14.949303232998883	452.5379041248607
22453	62	Family planning centers	47	621410	95	47095	Lake County, Tennessee	yes	1.0	6.940681902638424	183.7421822742475
22454	62	Family planning centers	47	621410	107	47107	McMinn County, Tennessee	yes	1.0	6.940681902638424	183.7421822742475
22455	62	Family planning centers	47	621410	113	47113	Madison County, Tennessee	yes	1.0	6.940681902638424	183.7421822742475
22456	62	Family planning centers	47	621410	115	47115	Marion County, Tennessee	yes	1.0	7.972222222222221	256.2916666666667
22457	62	Family planning centers	47	621410	117	47117	Marshall County, Tennessee	yes	1.0	6.940681902638424	183.7421822742475
22458	62	Family planning centers	47	621410	119	47119	Maury County, Tennessee	yes	1.0	6.940681902638424	183.7421822742475
22459	62	Family planning centers	47	621410	125	47125	Montgomery County, Tennessee	yes	1.5	9.632432181345225	256.8776337792642
22460	62	Family planning centers	47	621410	141	47141	Putnam County, Tennessee	yes	1.0	6.940681902638424	183.7421822742475
22461	62	Family planning centers	47	621410	147	47147	Robertson County, Tennessee	yes	1.0	6.940681902638424	183.7421822742475
22462	62	Family planning centers	47	621410	149	47149	Rutherford County, Tennessee	yes	1.0	6.940681902638424	183.7421822742475
22463	62	Family planning centers	47	621410	153	47153	Sequatchie County, Tennessee	yes	1.0	8.729166666666666	289.39583333333337
22464	62	Family planning centers	47	621410	155	47155	Sevier County, Tennessee	yes	1.0	6.940681902638424	183.7421822742475
22465	62	Family planning centers	47	621410	157	47157	Shelby County, Tennessee	no	6.166666666666667	107.33333333333333	5301.0
22466	62	Family planning centers	47	621410	163	47163	Sullivan County, Tennessee	yes	1.0	6.940681902638424	183.7421822742475
22467	62	Family planning centers	47	621410	165	47165	Sumner County, Tennessee	yes	1.0	5.9021739130434785	81.09673913043478
22468	62	Family planning centers	47	621410	179	47179	Washington County, Tennessee	yes	1.0	6.940681902638424	183.7421822742475
22469	62	Family planning centers	47	621410	187	47187	Williamson County, Tennessee	yes	1.0	7.5	66.15
22470	62	Freestanding ambulatory surgical and emergency centers	47	621493	1	47001	Anderson County, Tennessee	yes	2.0	39.30871190301651	1740.1381883032273
22471	62	Freestanding ambulatory surgical and emergency centers	47	621493	3	47003	Bedford County, Tennessee	yes	1.1666666666666667	22.388923852742824	986.1678595837124
22472	62	Freestanding ambulatory surgical and emergency centers	47	621493	5	47005	Benton County, Tennessee	yes	1.0	20.23993186007892	935.0721166796168
22473	62	Freestanding ambulatory surgical and emergency centers	47	621493	9	47009	Blount County, Tennessee	yes	1.5	29.15084898643266	1316.524223220076
22474	62	Freestanding ambulatory surgical and emergency centers	47	621493	11	47011	Bradley County, Tennessee	no	3.0	52.75	1334.25
22475	62	Freestanding ambulatory surgical and emergency centers	47	621493	11	47011	Bradley County, Tennessee	yes	2.5	46.57751937984496	1878.270542635659
22476	62	Freestanding ambulatory surgical and emergency centers	47	621493	19	47019	Carter County, Tennessee	yes	2.0	39.30871190301651	1740.1381883032273
22477	62	Freestanding ambulatory surgical and emergency centers	47	621493	21	47021	Cheatham County, Tennessee	yes	1.0	19.654355951508254	870.0690941516136
22478	62	Freestanding ambulatory surgical and emergency centers	47	621493	31	47031	Coffee County, Tennessee	yes	2.3333333333333335	45.46977994780548	1986.8258713350963
22479	62	Freestanding ambulatory surgical and emergency centers	47	621493	37	47037	Davidson County, Tennessee	no	23.2	862.8	46794.2
22480	62	Freestanding ambulatory surgical and emergency centers	47	621493	37	47037	Davidson County, Tennessee	yes	19.0	455.63461538461536	20169.596153846152
22481	62	Freestanding ambulatory surgical and emergency centers	47	621493	45	47045	Dyer County, Tennessee	yes	1.8333333333333333	36.1050081993128	1607.4233734884122
22482	62	Freestanding ambulatory surgical and emergency centers	47	621493	47	47047	Fayette County, Tennessee	yes	1.0	19.931257674787087	926.1423569023569
22483	62	Freestanding ambulatory surgical and emergency centers	47	621493	51	47051	Franklin County, Tennessee	yes	1.0	17.74418604651163	683.8372093023256
22484	62	Freestanding ambulatory surgical and emergency centers	47	621493	59	47059	Greene County, Tennessee	yes	1.0	20.285775401069518	991.0690909090908
22485	62	Freestanding ambulatory surgical and emergency centers	47	621493	63	47063	Hamblen County, Tennessee	yes	1.0	18.483204134366925	740.0630490956073
22486	62	Freestanding ambulatory surgical and emergency centers	47	621493	65	47065	Hamilton County, Tennessee	no	10.166666666666666	119.0	6036.0
22487	62	Freestanding ambulatory surgical and emergency centers	47	621493	79	47079	Henry County, Tennessee	yes	1.0	19.654355951508254	870.0690941516136
22488	62	Freestanding ambulatory surgical and emergency centers	47	621493	93	47093	Knox County, Tennessee	no	18.5	387.1666666666667	15486.666666666666
22489	62	Freestanding ambulatory surgical and emergency centers	47	621493	97	47097	Lauderdale County, Tennessee	yes	1.0	18.992986069848815	892.9102581369249
22490	62	Freestanding ambulatory surgical and emergency centers	47	621493	99	47099	Lawrence County, Tennessee	yes	1.0	18.483204134366925	740.0630490956073
22491	62	Freestanding ambulatory surgical and emergency centers	47	621493	107	47107	McMinn County, Tennessee	yes	1.0	18.483204134366925	740.0630490956073
22492	62	Freestanding ambulatory surgical and emergency centers	47	621493	109	47109	McNairy County, Tennessee	yes	1.0	20.315725833167694	847.2279301663024
22493	62	Freestanding ambulatory surgical and emergency centers	47	621493	119	47119	Maury County, Tennessee	yes	2.3333333333333335	45.46977994780548	1986.8258713350963
22494	62	Freestanding ambulatory surgical and emergency centers	47	621493	123	47123	Monroe County, Tennessee	yes	1.3333333333333333	26.385718724537696	1163.0941416349945
22495	62	Freestanding ambulatory surgical and emergency centers	47	621493	125	47125	Montgomery County, Tennessee	no	7.333333333333333	89.66666666666667	4194.333333333333
22496	62	Freestanding ambulatory surgical and emergency centers	47	621493	131	47131	Obion County, Tennessee	yes	1.0	19.654355951508254	870.0690941516136
22497	62	Freestanding ambulatory surgical and emergency centers	47	621493	141	47141	Putnam County, Tennessee	no	5.0	80.5	6265.25
22498	62	Freestanding ambulatory surgical and emergency centers	47	621493	141	47141	Putnam County, Tennessee	yes	3.0	55.44961240310077	2220.189147286822
22499	62	Freestanding ambulatory surgical and emergency centers	47	621493	147	47147	Robertson County, Tennessee	yes	1.3333333333333333	26.608515164388393	1160.9682444199498
22500	62	Freestanding ambulatory surgical and emergency centers	47	621493	149	47149	Rutherford County, Tennessee	no	7.0	136.0	5011.0
22501	62	Freestanding ambulatory surgical and emergency centers	47	621493	149	47149	Rutherford County, Tennessee	yes	5.0	104.31238819320214	4363.487254025045
22502	62	Freestanding ambulatory surgical and emergency centers	47	621493	155	47155	Sevier County, Tennessee	yes	1.0	19.654355951508254	870.0690941516136
22503	62	Freestanding ambulatory surgical and emergency centers	47	621493	157	47157	Shelby County, Tennessee	no	39.0	873.1666666666666	42510.333333333336
22504	62	Freestanding ambulatory surgical and emergency centers	47	621493	163	47163	Sullivan County, Tennessee	no	14.0	299.0	23671.5
22505	62	Freestanding ambulatory surgical and emergency centers	47	621493	165	47165	Sumner County, Tennessee	no	3.0	35.0	1453.0
22506	62	Freestanding ambulatory surgical and emergency centers	47	621493	165	47165	Sumner County, Tennessee	yes	1.75	32.68210014576294	1353.7487684688267
22507	62	Freestanding ambulatory surgical and emergency centers	47	621493	179	47179	Washington County, Tennessee	no	9.166666666666666	153.66666666666666	7959.5
22508	62	Freestanding ambulatory surgical and emergency centers	47	621493	181	47181	Wayne County, Tennessee	yes	1.0	18.992986069848815	892.9102581369249
22509	62	Freestanding ambulatory surgical and emergency centers	47	621493	183	47183	Weakley County, Tennessee	yes	1.0	19.654355951508254	870.0690941516136
22510	62	Freestanding ambulatory surgical and emergency centers	47	621493	187	47187	Williamson County, Tennessee	no	7.0	140.2	12494.6
22511	62	Freestanding ambulatory surgical and emergency centers	47	621493	187	47187	Williamson County, Tennessee	yes	9.0	173.0	7166.6
22512	62	Freestanding ambulatory surgical and emergency centers	47	621493	189	47189	Wilson County, Tennessee	no	5.0	54.0	1857.3333333333333
22513	62	Freestanding ambulatory surgical and emergency centers	47	621493	189	47189	Wilson County, Tennessee	yes	3.6666666666666665	74.85549592526337	3123.4820910355797
22514	62	General medical and surgical hospitals	47	622110	1	47001	Anderson County, Tennessee	yes	1.0	593.4470165398967	27797.33872339925
22515	62	General medical and surgical hospitals	47	622110	3	47003	Bedford County, Tennessee	yes	1.0	593.4470165398967	27797.33872339925
22516	62	General medical and surgical hospitals	47	622110	5	47005	Benton County, Tennessee	yes	1.0	593.4470165398967	27797.33872339925
22517	62	General medical and surgical hospitals	47	622110	9	47009	Blount County, Tennessee	yes	1.0	593.4470165398967	27797.33872339925
22518	62	General medical and surgical hospitals	47	622110	11	47011	Bradley County, Tennessee	yes	1.0	593.4470165398967	27797.33872339925
22519	62	General medical and surgical hospitals	47	622110	13	47013	Campbell County, Tennessee	yes	1.6666666666666667	947.2930194318611	43280.75075947995
22520	62	General medical and surgical hospitals	47	622110	15	47015	Cannon County, Tennessee	yes	1.0	593.4470165398967	27797.33872339925
22521	62	General medical and surgical hospitals	47	622110	17	47017	Carroll County, Tennessee	yes	2.0	1186.8940330797934	55594.6774467985
22522	62	General medical and surgical hospitals	47	622110	19	47019	Carter County, Tennessee	yes	1.0	593.4470165398967	27797.33872339925
22523	62	General medical and surgical hospitals	47	622110	21	47021	Cheatham County, Tennessee	yes	1.0	593.4470165398967	27797.33872339925
22524	62	General medical and surgical hospitals	47	622110	25	47025	Claiborne County, Tennessee	yes	1.0	593.4470165398967	27797.33872339925
22525	62	General medical and surgical hospitals	47	622110	27	47027	Clay County, Tennessee	yes	1.0	593.4470165398967	27797.33872339925
22526	62	General medical and surgical hospitals	47	622110	29	47029	Cocke County, Tennessee	yes	1.0	530.0775818393328	23349.868176431573
22527	62	General medical and surgical hospitals	47	622110	31	47031	Coffee County, Tennessee	yes	1.6666666666666667	944.0682044633085	43339.35895393714
22528	62	General medical and surgical hospitals	47	622110	35	47035	Cumberland County, Tennessee	yes	1.0	600.7938666563867	28493.466042547185
22529	62	General medical and surgical hospitals	47	622110	37	47037	Davidson County, Tennessee	no	15.0	35739.666666666664	2189902.5
22530	62	General medical and surgical hospitals	47	622110	39	47039	Decatur County, Tennessee	yes	1.0	593.4470165398967	27797.33872339925
22531	62	General medical and surgical hospitals	47	622110	41	47041	DeKalb County, Tennessee	yes	1.0	609.4375434433816	28716.303097292584
22532	62	General medical and surgical hospitals	47	622110	43	47043	Dickson County, Tennessee	yes	1.0	593.4470165398967	27797.33872339925
22533	62	General medical and surgical hospitals	47	622110	45	47045	Dyer County, Tennessee	yes	1.0	593.4470165398967	27797.33872339925
22534	62	General medical and surgical hospitals	47	622110	47	47047	Fayette County, Tennessee	yes	1.5	786.4790616012618	35013.50166455313
22535	62	General medical and surgical hospitals	47	622110	49	47049	Fentress County, Tennessee	yes	1.0	593.4470165398967	27797.33872339925
22536	62	General medical and surgical hospitals	47	622110	51	47051	Franklin County, Tennessee	yes	1.5	858.4858074595631	39472.27281161504
22537	62	General medical and surgical hospitals	47	622110	53	47053	Gibson County, Tennessee	yes	3.0	1780.3410496196902	83392.01617019775
22538	62	General medical and surgical hospitals	47	622110	55	47055	Giles County, Tennessee	yes	1.0	593.4470165398967	27797.33872339925
22539	62	General medical and surgical hospitals	47	622110	59	47059	Greene County, Tennessee	yes	2.0	1186.8940330797934	55594.6774467985
22540	62	General medical and surgical hospitals	47	622110	63	47063	Hamblen County, Tennessee	yes	2.0	1186.8940330797934	55594.6774467985
22541	62	General medical and surgical hospitals	47	622110	65	47065	Hamilton County, Tennessee	no	4.666666666666667	8394.166666666666	453232.5
22542	62	General medical and surgical hospitals	47	622110	67	47067	Hancock County, Tennessee	yes	1.0	593.4470165398967	27797.33872339925
22543	62	General medical and surgical hospitals	47	622110	69	47069	Hardeman County, Tennessee	yes	1.0	593.4470165398967	27797.33872339925
22544	62	General medical and surgical hospitals	47	622110	71	47071	Hardin County, Tennessee	yes	1.0	593.4470165398967	27797.33872339925
22545	62	General medical and surgical hospitals	47	622110	73	47073	Hawkins County, Tennessee	yes	1.0	593.4470165398967	27797.33872339925
22546	62	General medical and surgical hospitals	47	622110	75	47075	Haywood County, Tennessee	yes	1.0	593.4470165398967	27797.33872339925
22547	62	General medical and surgical hospitals	47	622110	77	47077	Henderson County, Tennessee	yes	1.0	593.4470165398967	27797.33872339925
22548	62	General medical and surgical hospitals	47	622110	79	47079	Henry County, Tennessee	yes	1.0	593.4470165398967	27797.33872339925
22549	62	General medical and surgical hospitals	47	622110	81	47081	Hickman County, Tennessee	yes	2.6666666666666665	1594.7701276338746	75286.44879431122
22550	62	General medical and surgical hospitals	47	622110	83	47083	Houston County, Tennessee	yes	1.1666666666666667	677.5845569929712	31486.261053496335
22551	62	General medical and surgical hospitals	47	622110	85	47085	Humphreys County, Tennessee	yes	1.0	593.4470165398967	27797.33872339925
22552	62	General medical and surgical hospitals	47	622110	89	47089	Jefferson County, Tennessee	yes	1.0	593.4470165398967	27797.33872339925
22553	62	General medical and surgical hospitals	47	622110	91	47091	Johnson County, Tennessee	yes	1.0	593.4470165398967	27797.33872339925
22554	62	General medical and surgical hospitals	47	622110	93	47093	Knox County, Tennessee	no	6.833333333333333	11403.833333333334	506091.1666666667
22555	62	General medical and surgical hospitals	47	622110	97	47097	Lauderdale County, Tennessee	yes	1.0	593.4470165398967	27797.33872339925
22556	62	General medical and surgical hospitals	47	622110	99	47099	Lawrence County, Tennessee	yes	1.0	593.4470165398967	27797.33872339925
22557	62	General medical and surgical hospitals	47	622110	103	47103	Lincoln County, Tennessee	yes	1.0	593.4470165398967	27797.33872339925
22558	62	General medical and surgical hospitals	47	622110	105	47105	Loudon County, Tennessee	yes	1.0	593.4470165398967	27797.33872339925
22559	62	General medical and surgical hospitals	47	622110	107	47107	McMinn County, Tennessee	yes	1.1666666666666667	686.2324775328046	31850.122411342512
22560	62	General medical and surgical hospitals	47	622110	109	47109	McNairy County, Tennessee	yes	1.0	593.4470165398967	27797.33872339925
22561	62	General medical and surgical hospitals	47	622110	111	47111	Macon County, Tennessee	yes	1.0	593.4470165398967	27797.33872339925
22562	62	General medical and surgical hospitals	47	622110	113	47113	Madison County, Tennessee	yes	2.0	1186.8940330797934	55594.6774467985
22563	62	General medical and surgical hospitals	47	622110	115	47115	Marion County, Tennessee	yes	1.0	593.4470165398967	27797.33872339925
22564	62	General medical and surgical hospitals	47	622110	117	47117	Marshall County, Tennessee	yes	1.0	593.4470165398967	27797.33872339925
22565	62	General medical and surgical hospitals	47	622110	119	47119	Maury County, Tennessee	yes	1.0	593.4470165398967	27797.33872339925
22566	62	General medical and surgical hospitals	47	622110	123	47123	Monroe County, Tennessee	yes	1.0	593.4470165398967	27797.33872339925
22567	62	General medical and surgical hospitals	47	622110	125	47125	Montgomery County, Tennessee	yes	2.0	1186.8940330797934	55594.6774467985
22568	62	General medical and surgical hospitals	47	622110	131	47131	Obion County, Tennessee	yes	1.0	593.4470165398967	27797.33872339925
22569	62	General medical and surgical hospitals	47	622110	133	47133	Overton County, Tennessee	yes	1.0	593.4470165398967	27797.33872339925
22570	62	General medical and surgical hospitals	47	622110	135	47135	Perry County, Tennessee	yes	1.0	593.4470165398967	27797.33872339925
22571	62	General medical and surgical hospitals	47	622110	139	47139	Polk County, Tennessee	yes	1.0	593.4470165398967	27797.33872339925
22572	62	General medical and surgical hospitals	47	622110	141	47141	Putnam County, Tennessee	yes	1.0	593.4470165398967	27797.33872339925
22573	62	General medical and surgical hospitals	47	622110	143	47143	Rhea County, Tennessee	yes	1.0	593.4470165398967	27797.33872339925
22574	62	General medical and surgical hospitals	47	622110	145	47145	Roane County, Tennessee	yes	1.3333333333333333	836.2728451563817	40052.65721626062
22575	62	General medical and surgical hospitals	47	622110	147	47147	Robertson County, Tennessee	yes	1.0	593.4470165398967	27797.33872339925
22576	62	General medical and surgical hospitals	47	622110	149	47149	Rutherford County, Tennessee	no	5.0	2805.0	225740.66666666666
22577	62	General medical and surgical hospitals	47	622110	149	47149	Rutherford County, Tennessee	yes	4.666666666666667	2447.5211461311824	107916.050790579
22578	62	General medical and surgical hospitals	47	622110	151	47151	Scott County, Tennessee	yes	1.1666666666666667	677.5845569929712	31486.261053496335
22579	62	General medical and surgical hospitals	47	622110	155	47155	Sevier County, Tennessee	yes	1.0	593.4470165398967	27797.33872339925
22580	62	General medical and surgical hospitals	47	622110	157	47157	Shelby County, Tennessee	no	13.333333333333334	20466.333333333332	1092343.3333333333
22581	62	General medical and surgical hospitals	47	622110	159	47159	Smith County, Tennessee	yes	1.5	858.4858074595631	39472.27281161504
22582	62	General medical and surgical hospitals	47	622110	163	47163	Sullivan County, Tennessee	yes	3.3333333333333335	1957.2640510656727	91133.72218823811
22583	62	General medical and surgical hospitals	47	622110	165	47165	Sumner County, Tennessee	yes	2.0	1186.8940330797934	55594.6774467985
22584	62	General medical and surgical hospitals	47	622110	167	47167	Tipton County, Tennessee	yes	1.0	593.4470165398967	27797.33872339925
22585	62	General medical and surgical hospitals	47	622110	169	47169	Trousdale County, Tennessee	yes	1.0	593.4470165398967	27797.33872339925
22586	62	General medical and surgical hospitals	47	622110	171	47171	Unicoi County, Tennessee	yes	1.6	1000.4873432237315	47983.81834608873
22587	62	General medical and surgical hospitals	47	622110	177	47177	Warren County, Tennessee	yes	1.0	593.4470165398967	27797.33872339925
22588	62	General medical and surgical hospitals	47	622110	179	47179	Washington County, Tennessee	yes	3.5	2108.7492752399207	99514.42080538122
22589	62	General medical and surgical hospitals	47	622110	183	47183	Weakley County, Tennessee	yes	1.0	593.4470165398967	27797.33872339925
22590	62	General medical and surgical hospitals	47	622110	185	47185	White County, Tennessee	yes	1.0	593.4470165398967	27797.33872339925
22591	62	General medical and surgical hospitals	47	622110	187	47187	Williamson County, Tennessee	yes	1.6666666666666667	1004.5479260625306	47430.50187645479
22592	62	General medical and surgical hospitals	47	622110	189	47189	Wilson County, Tennessee	yes	1.0	593.4470165398967	27797.33872339925
22593	62	HMO medical centers	47	621491	37	47037	Davidson County, Tennessee	yes	4.0	0.0	0.0
22594	62	HMO medical centers	47	621491	91	47091	Johnson County, Tennessee	yes	1.0	0.0	0.0
22595	62	HMO medical centers	47	621491	95	47095	Lake County, Tennessee	yes	1.0	0.0	0.0
22596	62	HMO medical centers	47	621491	141	47141	Putnam County, Tennessee	yes	1.0	0.0	0.0
22597	62	HMO medical centers	47	621491	183	47183	Weakley County, Tennessee	yes	1.0	0.0	0.0
22598	62	HMO medical centers	47	621491	187	47187	Williamson County, Tennessee	yes	1.0	0.0	0.0
22599	62	Home health care services	47	621610	1	47001	Anderson County, Tennessee	no	3.6666666666666665	133.16666666666666	5448.833333333333
22600	62	Home health care services	47	621610	3	47003	Bedford County, Tennessee	no	5.0	50.0	2740.0
22601	62	Home health care services	47	621610	3	47003	Bedford County, Tennessee	yes	1.5	47.95557410134247	1648.3121090425989
22602	62	Home health care services	47	621610	5	47005	Benton County, Tennessee	yes	3.0	100.82646064313737	3418.66237739385
22603	62	Home health care services	47	621610	7	47007	Bledsoe County, Tennessee	yes	2.0	67.60261410906027	2150.111594455313
22604	62	Home health care services	47	621610	9	47009	Blount County, Tennessee	no	3.0	43.0	1621.0
22605	62	Home health care services	47	621610	9	47009	Blount County, Tennessee	yes	1.2	39.57433068786603	1369.0960950656688
22606	62	Home health care services	47	621610	11	47011	Bradley County, Tennessee	no	10.833333333333334	215.5	9542.333333333334
22607	62	Home health care services	47	621610	13	47013	Campbell County, Tennessee	no	5.5	133.5	5355.5
22608	62	Home health care services	47	621610	13	47013	Campbell County, Tennessee	yes	6.5	219.77886800247882	6876.3262755629
22609	62	Home health care services	47	621610	15	47015	Cannon County, Tennessee	yes	2.0	67.21764042875826	2279.1082515959
22610	62	Home health care services	47	621610	17	47017	Carroll County, Tennessee	no	5.333333333333333	115.66666666666667	3601.6666666666665
22611	62	Home health care services	47	621610	19	47019	Carter County, Tennessee	yes	2.0	67.21764042875826	2279.1082515959
22612	62	Home health care services	47	621610	21	47021	Cheatham County, Tennessee	yes	2.0	67.21764042875826	2279.1082515959
22613	62	Home health care services	47	621610	23	47023	Chester County, Tennessee	yes	1.1666666666666667	39.36372217516344	1325.8939950789957
22614	62	Home health care services	47	621610	25	47025	Claiborne County, Tennessee	yes	4.833333333333333	160.66472414037523	5492.6576239929445
22615	62	Home health care services	47	621610	27	47027	Clay County, Tennessee	yes	1.0	36.420045688178185	1113.9613554159528
22616	62	Home health care services	47	621610	29	47029	Cocke County, Tennessee	yes	2.0	67.21764042875826	2279.1082515959
22617	62	Home health care services	47	621610	31	47031	Coffee County, Tennessee	no	7.0	145.33333333333334	8496.666666666666
22618	62	Home health care services	47	621610	33	47033	Crockett County, Tennessee	yes	1.0	33.801307054530135	1075.0557972276565
22619	62	Home health care services	47	621610	35	47035	Cumberland County, Tennessee	no	5.666666666666667	116.0	4083.3333333333335
22620	62	Home health care services	47	621610	37	47037	Davidson County, Tennessee	no	64.33333333333333	3289.3333333333335	91915.83333333333
22621	62	Home health care services	47	621610	39	47039	Decatur County, Tennessee	yes	2.6666666666666665	88.68644541374465	3047.341925588533
22622	62	Home health care services	47	621610	41	47041	DeKalb County, Tennessee	yes	3.1666666666666665	104.40034843794672	3629.235730300119
22623	62	Home health care services	47	621610	43	47043	Dickson County, Tennessee	no	6.5	82.33333333333333	4396.0
22624	62	Home health care services	47	621610	45	47045	Dyer County, Tennessee	no	6.5	311.8333333333333	7981.833333333333
22625	62	Home health care services	47	621610	47	47047	Fayette County, Tennessee	yes	2.1666666666666665	71.97827872663059	2445.315698404411
22626	62	Home health care services	47	621610	49	47049	Fentress County, Tennessee	no	4.0	587.0	13702.333333333334
22627	62	Home health care services	47	621610	49	47049	Fentress County, Tennessee	yes	2.6666666666666665	91.88264456784573	2892.7524980659477
22628	62	Home health care services	47	621610	51	47051	Franklin County, Tennessee	no	4.166666666666667	84.33333333333333	4481.5
22629	62	Home health care services	47	621610	53	47053	Gibson County, Tennessee	no	3.0	39.0	1587.6666666666667
22630	62	Home health care services	47	621610	53	47053	Gibson County, Tennessee	yes	3.6666666666666665	125.68395162237586	3967.8082952936043
22631	62	Home health care services	47	621610	55	47055	Giles County, Tennessee	yes	2.1666666666666665	73.60275369736667	2464.0888341201717
22632	62	Home health care services	47	621610	59	47059	Greene County, Tennessee	no	6.833333333333333	281.1666666666667	9554.333333333334
22633	62	Home health care services	47	621610	61	47061	Grundy County, Tennessee	no	3.0	53.0	1513.5
22634	62	Home health care services	47	621610	61	47061	Grundy County, Tennessee	yes	2.0	69.32172739541161	2426.73918128655
22635	62	Home health care services	47	621610	63	47063	Hamblen County, Tennessee	no	7.666666666666667	245.16666666666666	11431.666666666666
22636	62	Home health care services	47	621610	65	47065	Hamilton County, Tennessee	no	29.666666666666668	1803.5	73389.33333333333
22637	62	Home health care services	47	621610	67	47067	Hancock County, Tennessee	yes	1.3333333333333333	45.74883544377186	1510.8745776032677
22638	62	Home health care services	47	621610	69	47069	Hardeman County, Tennessee	no	4.333333333333333	36.0	1762.0
22639	62	Home health care services	47	621610	71	47071	Hardin County, Tennessee	no	5.0	66.66666666666667	2568.6666666666665
22640	62	Home health care services	47	621610	71	47071	Hardin County, Tennessee	yes	5.0	167.08166687114058	6020.262271841219
22641	62	Home health care services	47	621610	73	47073	Hawkins County, Tennessee	no	3.6666666666666665	94.66666666666667	4125.666666666667
22642	62	Home health care services	47	621610	75	47075	Haywood County, Tennessee	no	4.2	78.4	2929.8
22643	62	Home health care services	47	621610	75	47075	Haywood County, Tennessee	yes	4.0	114.25531914893617	3988.978723404255
22644	62	Home health care services	47	621610	77	47077	Henderson County, Tennessee	no	4.0	39.166666666666664	2028.0
22645	62	Home health care services	47	621610	79	47079	Henry County, Tennessee	no	4.166666666666667	59.5	2159.1666666666665
22646	62	Home health care services	47	621610	85	47085	Humphreys County, Tennessee	yes	1.1666666666666667	39.36372217516344	1325.8939950789957
22647	62	Home health care services	47	621610	89	47089	Jefferson County, Tennessee	no	3.0	51.0	2364.25
22648	62	Home health care services	47	621610	89	47089	Jefferson County, Tennessee	yes	2.0	72.84009137635637	2227.9227108319055
22649	62	Home health care services	47	621610	91	47091	Johnson County, Tennessee	yes	1.0	33.60882021437913	1139.55412579795
22650	62	Home health care services	47	621610	93	47093	Knox County, Tennessee	no	37.5	1891.0	59585.333333333336
22651	62	Home health care services	47	621610	97	47097	Lauderdale County, Tennessee	no	3.0	36.833333333333336	790.5
22652	62	Home health care services	47	621610	99	47099	Lawrence County, Tennessee	no	4.2	50.6	1805.8
22653	62	Home health care services	47	621610	99	47099	Lawrence County, Tennessee	yes	3.0	103.58823529411765	3354.1176470588234
22654	62	Home health care services	47	621610	101	47101	Lewis County, Tennessee	yes	2.6666666666666665	89.27283941056878	3014.205847179425
22655	62	Home health care services	47	621610	103	47103	Lincoln County, Tennessee	no	3.0	50.333333333333336	1448.3333333333333
22656	62	Home health care services	47	621610	103	47103	Lincoln County, Tennessee	yes	3.0	101.4039211635904	3225.167391682969
22657	62	Home health care services	47	621610	105	47105	Loudon County, Tennessee	no	5.666666666666667	131.16666666666666	4084.8333333333335
22658	62	Home health care services	47	621610	107	47107	McMinn County, Tennessee	no	7.166666666666667	109.5	4950.0
22659	62	Home health care services	47	621610	109	47109	McNairy County, Tennessee	no	4.666666666666667	51.833333333333336	2290.5
22660	62	Home health care services	47	621610	111	47111	Macon County, Tennessee	yes	1.5	50.50947374164419	1677.0820244117785
22661	62	Home health care services	47	621610	113	47113	Madison County, Tennessee	no	12.0	542.6666666666666	16212.166666666666
22662	62	Home health care services	47	621610	115	47115	Marion County, Tennessee	no	5.0	144.0	4295.666666666667
22663	62	Home health care services	47	621610	115	47115	Marion County, Tennessee	yes	3.6666666666666665	125.68395162237586	3967.8082952936043
22664	62	Home health care services	47	621610	119	47119	Maury County, Tennessee	no	9.833333333333334	530.6666666666666	12662.166666666666
22665	62	Home health care services	47	621610	123	47123	Monroe County, Tennessee	no	5.5	88.0	2686.0
22666	62	Home health care services	47	621610	123	47123	Monroe County, Tennessee	yes	5.0	182.10022844089093	5569.806777079764
22667	62	Home health care services	47	621610	125	47125	Montgomery County, Tennessee	no	13.666666666666666	408.6666666666667	14051.166666666666
22668	62	Home health care services	47	621610	129	47129	Morgan County, Tennessee	yes	1.5	50.31698690149318	1741.580352982072
22669	62	Home health care services	47	621610	131	47131	Obion County, Tennessee	no	6.0	67.66666666666667	2924.1666666666665
22670	62	Home health care services	47	621610	133	47133	Overton County, Tennessee	no	3.0	55.0	2737.0
22671	62	Home health care services	47	621610	133	47133	Overton County, Tennessee	yes	2.0	67.60261410906027	2150.111594455313
22672	62	Home health care services	47	621610	135	47135	Perry County, Tennessee	yes	1.0	33.60882021437913	1139.55412579795
22673	62	Home health care services	47	621610	137	47137	Pickett County, Tennessee	yes	1.0	33.60882021437913	1139.55412579795
22674	62	Home health care services	47	621610	139	47139	Polk County, Tennessee	yes	1.5	50.50947374164419	1677.0820244117785
22675	62	Home health care services	47	621610	141	47141	Putnam County, Tennessee	no	13.833333333333334	354.5	9644.666666666666
22676	62	Home health care services	47	621610	143	47143	Rhea County, Tennessee	no	4.0	17.5	1278.0
22677	62	Home health care services	47	621610	143	47143	Rhea County, Tennessee	yes	3.0	105.74177308358979	3540.7005367025026
22678	62	Home health care services	47	621610	145	47145	Roane County, Tennessee	no	5.0	108.33333333333333	4682.666666666667
22679	62	Home health care services	47	621610	145	47145	Roane County, Tennessee	yes	4.666666666666667	159.485258676906	5042.864092521261
22680	62	Home health care services	47	621610	147	47147	Robertson County, Tennessee	no	7.0	93.83333333333333	3764.3333333333335
22681	62	Home health care services	47	621610	149	47149	Rutherford County, Tennessee	no	16.0	489.3333333333333	15317.333333333334
22682	62	Home health care services	47	621610	151	47151	Scott County, Tennessee	no	3.0	52.666666666666664	2205.3333333333335
22683	62	Home health care services	47	621610	151	47151	Scott County, Tennessee	yes	2.0	67.60261410906027	2150.111594455313
22684	62	Home health care services	47	621610	153	47153	Sequatchie County, Tennessee	yes	1.3333333333333333	45.74883544377186	1510.8745776032677
22685	62	Home health care services	47	621610	155	47155	Sevier County, Tennessee	no	5.5	88.33333333333333	3652.5
22686	62	Home health care services	47	621610	157	47157	Shelby County, Tennessee	no	67.33333333333333	2997.0	98932.83333333333
22687	62	Home health care services	47	621610	163	47163	Sullivan County, Tennessee	no	8.0	248.0	11991.0
22688	62	Home health care services	47	621610	163	47163	Sullivan County, Tennessee	yes	8.5	308.62507138777846	9470.71045117076
22689	62	Home health care services	47	621610	165	47165	Sumner County, Tennessee	no	9.8	196.6	7081.8
22690	62	Home health care services	47	621610	165	47165	Sumner County, Tennessee	yes	10.0	285.63829787234044	9972.446808510638
22691	62	Home health care services	47	621610	167	47167	Tipton County, Tennessee	no	4.833333333333333	143.66666666666666	3798.0
22692	62	Home health care services	47	621610	169	47169	Trousdale County, Tennessee	yes	1.0	33.41633337422811	1204.0524543682438
22693	62	Home health care services	47	621610	173	47173	Union County, Tennessee	yes	1.0	36.420045688178185	1113.9613554159528
22694	62	Home health care services	47	621610	177	47177	Warren County, Tennessee	no	4.666666666666667	171.66666666666666	3665.5
22695	62	Home health care services	47	621610	179	47179	Washington County, Tennessee	no	9.333333333333334	579.8333333333334	22734.5
22696	62	Home health care services	47	621610	181	47181	Wayne County, Tennessee	no	3.75	28.5	1745.0
22697	62	Home health care services	47	621610	181	47181	Wayne County, Tennessee	yes	3.0	109.26013706453455	3341.8840662478583
22698	62	Home health care services	47	621610	183	47183	Weakley County, Tennessee	yes	3.0	101.41285463996151	3385.5262989847433
22699	62	Home health care services	47	621610	185	47185	White County, Tennessee	yes	2.0	67.21764042875826	2279.1082515959
22700	62	Home health care services	47	621610	187	47187	Williamson County, Tennessee	no	20.5	366.6666666666667	22165.166666666668
22701	62	Home health care services	47	621610	189	47189	Wilson County, Tennessee	no	9.0	214.16666666666666	7913.666666666667
22702	62	Kidney dialysis centers	47	621492	1	47001	Anderson County, Tennessee	yes	1.6666666666666667	25.128560714261482	818.7421686617312
22703	62	Kidney dialysis centers	47	621492	3	47003	Bedford County, Tennessee	yes	1.0	15.787521151424166	488.9150114563716
22704	62	Kidney dialysis centers	47	621492	5	47005	Benton County, Tennessee	yes	1.0	15.787521151424166	488.9150114563716
22705	62	Kidney dialysis centers	47	621492	9	47009	Blount County, Tennessee	no	3.0	27.0	1619.0
22706	62	Kidney dialysis centers	47	621492	9	47009	Blount County, Tennessee	yes	3.5	67.70514748409485	1668.1753036437249
22707	62	Kidney dialysis centers	47	621492	11	47011	Bradley County, Tennessee	yes	2.0	31.57504230284833	977.8300229127432
22708	62	Kidney dialysis centers	47	621492	13	47013	Campbell County, Tennessee	yes	1.0	15.787521151424166	488.9150114563716
22709	62	Kidney dialysis centers	47	621492	19	47019	Carter County, Tennessee	yes	1.0	15.787521151424166	488.9150114563716
22710	62	Kidney dialysis centers	47	621492	25	47025	Claiborne County, Tennessee	yes	1.0	14.011559344255975	494.7407358080392
22711	62	Kidney dialysis centers	47	621492	29	47029	Cocke County, Tennessee	yes	1.0	15.787521151424166	488.9150114563716
22712	62	Kidney dialysis centers	47	621492	31	47031	Coffee County, Tennessee	yes	3.0	47.362563454272504	1466.7450343691146
22713	62	Kidney dialysis centers	47	621492	35	47035	Cumberland County, Tennessee	yes	1.3333333333333333	22.23400274001102	648.0028657073836
22714	62	Kidney dialysis centers	47	621492	37	47037	Davidson County, Tennessee	no	25.833333333333332	465.8333333333333	20972.666666666668
22715	62	Kidney dialysis centers	47	621492	43	47043	Dickson County, Tennessee	yes	2.8333333333333335	43.64158967150096	1394.4660081518862
22716	62	Kidney dialysis centers	47	621492	45	47045	Dyer County, Tennessee	yes	1.0	15.787521151424166	488.9150114563716
22717	62	Kidney dialysis centers	47	621492	47	47047	Fayette County, Tennessee	yes	1.0	11.24013156013156	515.0962619762621
22718	62	Kidney dialysis centers	47	621492	51	47051	Franklin County, Tennessee	yes	1.0	15.787521151424166	488.9150114563716
22719	62	Kidney dialysis centers	47	621492	53	47053	Gibson County, Tennessee	yes	2.5	37.19510808291412	1235.3781539008742
22720	62	Kidney dialysis centers	47	621492	55	47055	Giles County, Tennessee	yes	2.0	31.57504230284833	977.8300229127432
22721	62	Kidney dialysis centers	47	621492	59	47059	Greene County, Tennessee	yes	1.5	21.40758693148995	746.4631424445025
22722	62	Kidney dialysis centers	47	621492	63	47063	Hamblen County, Tennessee	yes	2.6666666666666665	40.91608186568565	1307.6571801181026
22723	62	Kidney dialysis centers	47	621492	65	47065	Hamilton County, Tennessee	no	9.0	173.33333333333334	10148.666666666666
22724	62	Kidney dialysis centers	47	621492	69	47069	Hardeman County, Tennessee	yes	1.0	15.787521151424166	488.9150114563716
22725	62	Kidney dialysis centers	47	621492	71	47071	Hardin County, Tennessee	yes	1.0	15.787521151424166	488.9150114563716
22726	62	Kidney dialysis centers	47	621492	73	47073	Hawkins County, Tennessee	yes	2.0	31.57504230284833	977.8300229127432
22727	62	Kidney dialysis centers	47	621492	75	47075	Haywood County, Tennessee	yes	2.0	31.57504230284833	977.8300229127432
22728	62	Kidney dialysis centers	47	621492	77	47077	Henderson County, Tennessee	yes	2.0	31.57504230284833	977.8300229127432
22729	62	Kidney dialysis centers	47	621492	79	47079	Henry County, Tennessee	yes	1.0	15.787521151424166	488.9150114563716
22730	62	Kidney dialysis centers	47	621492	81	47081	Hickman County, Tennessee	yes	1.0	15.787521151424166	488.9150114563716
22731	62	Kidney dialysis centers	47	621492	85	47085	Humphreys County, Tennessee	yes	1.0	13.256414459572355	506.76167016640704
22732	62	Kidney dialysis centers	47	621492	89	47089	Jefferson County, Tennessee	yes	1.0	15.787521151424166	488.9150114563716
22733	62	Kidney dialysis centers	47	621492	91	47091	Johnson County, Tennessee	yes	2.0	31.57504230284833	977.8300229127432
22734	62	Kidney dialysis centers	47	621492	93	47093	Knox County, Tennessee	no	11.333333333333334	203.5	9215.833333333334
22735	62	Kidney dialysis centers	47	621492	95	47095	Lake County, Tennessee	yes	1.0	17.746678552533076	460.0841044861447
22736	62	Kidney dialysis centers	47	621492	97	47097	Lauderdale County, Tennessee	yes	1.0	15.787521151424166	488.9150114563716
22737	62	Kidney dialysis centers	47	621492	99	47099	Lawrence County, Tennessee	yes	1.6666666666666667	27.618640186446218	795.6377477804681
22738	62	Kidney dialysis centers	47	621492	103	47103	Lincoln County, Tennessee	yes	1.0	15.787521151424166	488.9150114563716
22739	62	Kidney dialysis centers	47	621492	105	47105	Loudon County, Tennessee	yes	2.0	31.57504230284833	977.8300229127432
22740	62	Kidney dialysis centers	47	621492	107	47107	McMinn County, Tennessee	yes	2.5	37.19510808291412	1235.3781539008742
22741	62	Kidney dialysis centers	47	621492	109	47109	McNairy County, Tennessee	yes	1.0	15.787521151424166	488.9150114563716
22742	62	Kidney dialysis centers	47	621492	113	47113	Madison County, Tennessee	no	6.0	86.0	3726.5
22743	62	Kidney dialysis centers	47	621492	113	47113	Madison County, Tennessee	yes	5.0	66.28207229786177	2533.808350832035
22744	62	Kidney dialysis centers	47	621492	115	47115	Marion County, Tennessee	yes	1.0	15.787521151424166	488.9150114563716
22745	62	Kidney dialysis centers	47	621492	117	47117	Marshall County, Tennessee	yes	1.0	15.787521151424166	488.9150114563716
22746	62	Kidney dialysis centers	47	621492	119	47119	Maury County, Tennessee	yes	2.1666666666666665	35.296016085619875	1050.1090491299717
22747	62	Kidney dialysis centers	47	621492	123	47123	Monroe County, Tennessee	yes	1.8333333333333333	26.792224377925148	894.098024517587
22748	62	Kidney dialysis centers	47	621492	125	47125	Montgomery County, Tennessee	yes	4.166666666666667	64.81374826936033	2031.0159016813425
22749	62	Kidney dialysis centers	47	621492	131	47131	Obion County, Tennessee	yes	1.0	15.787521151424166	488.9150114563716
22750	62	Kidney dialysis centers	47	621492	133	47133	Overton County, Tennessee	yes	1.0	15.787521151424166	488.9150114563716
22751	62	Kidney dialysis centers	47	621492	141	47141	Putnam County, Tennessee	yes	1.6666666666666667	26.69383477953555	822.1811846007471
22752	62	Kidney dialysis centers	47	621492	143	47143	Rhea County, Tennessee	yes	1.0	15.787521151424166	488.9150114563716
22753	62	Kidney dialysis centers	47	621492	145	47145	Roane County, Tennessee	yes	2.0	31.57504230284833	977.8300229127432
22754	62	Kidney dialysis centers	47	621492	147	47147	Robertson County, Tennessee	yes	2.0	31.57504230284833	977.8300229127432
22755	62	Kidney dialysis centers	47	621492	149	47149	Rutherford County, Tennessee	no	5.0	76.83333333333333	3249.6666666666665
22756	62	Kidney dialysis centers	47	621492	155	47155	Sevier County, Tennessee	yes	2.0	31.57504230284833	977.8300229127432
22757	62	Kidney dialysis centers	47	621492	157	47157	Shelby County, Tennessee	no	50.333333333333336	369.5	33685.166666666664
22758	62	Kidney dialysis centers	47	621492	163	47163	Sullivan County, Tennessee	yes	3.0	47.362563454272504	1466.7450343691146
22759	62	Kidney dialysis centers	47	621492	165	47165	Sumner County, Tennessee	no	6.0	38.333333333333336	1938.6666666666667
22760	62	Kidney dialysis centers	47	621492	167	47167	Tipton County, Tennessee	yes	4.0	63.15008460569666	1955.6600458254863
22761	62	Kidney dialysis centers	47	621492	177	47177	Warren County, Tennessee	yes	3.0	47.362563454272504	1466.7450343691146
22762	62	Kidney dialysis centers	47	621492	179	47179	Washington County, Tennessee	no	3.0	0.0	1245.0
22763	62	Kidney dialysis centers	47	621492	179	47179	Washington County, Tennessee	yes	2.6	35.70379262084525	1308.9841217597009
22764	62	Kidney dialysis centers	47	621492	183	47183	Weakley County, Tennessee	yes	1.0	15.787521151424166	488.9150114563716
22765	62	Kidney dialysis centers	47	621492	185	47185	White County, Tennessee	yes	1.0	11.24013156013156	515.0962619762621
22766	62	Kidney dialysis centers	47	621492	187	47187	Williamson County, Tennessee	yes	7.166666666666667	99.9623782797881	3541.7472945509376
22767	62	Kidney dialysis centers	47	621492	189	47189	Wilson County, Tennessee	yes	2.0	31.57504230284833	977.8300229127432
22768	62	Medical laboratories	47	621511	1	47001	Anderson County, Tennessee	no	3.0	33.5	2017.5
22769	62	Medical laboratories	47	621511	1	47001	Anderson County, Tennessee	yes	2.0	36.27922136807601	2012.637101178888
22770	62	Medical laboratories	47	621511	9	47009	Blount County, Tennessee	yes	1.3333333333333333	23.923269107871707	1311.295423094047
22771	62	Medical laboratories	47	621511	11	47011	Bradley County, Tennessee	yes	1.0	25.767857142857142	1517.5892857142856
22772	62	Medical laboratories	47	621511	17	47017	Carroll County, Tennessee	yes	1.0	15.07110492274036	774.9696834974065
22773	62	Medical laboratories	47	621511	27	47027	Clay County, Tennessee	yes	1.0	15.07110492274036	774.9696834974065
22774	62	Medical laboratories	47	621511	31	47031	Coffee County, Tennessee	yes	1.0	17.745292977769555	960.6245840516264
22775	62	Medical laboratories	47	621511	33	47033	Crockett County, Tennessee	yes	1.0	15.07110492274036	774.9696834974065
22776	62	Medical laboratories	47	621511	37	47037	Davidson County, Tennessee	no	33.666666666666664	1830.0	110985.83333333333
22777	62	Medical laboratories	47	621511	43	47043	Dickson County, Tennessee	yes	1.0	18.22814217841642	1005.5198012034995
22778	62	Medical laboratories	47	621511	45	47045	Dyer County, Tennessee	yes	1.0	17.745292977769555	960.6245840516264
22779	62	Medical laboratories	47	621511	59	47059	Greene County, Tennessee	yes	1.0	21.38517943409248	1236.0699189095928
22780	62	Medical laboratories	47	621511	63	47063	Hamblen County, Tennessee	yes	1.0	18.22814217841642	1005.5198012034995
22781	62	Medical laboratories	47	621511	65	47065	Hamilton County, Tennessee	no	8.833333333333334	132.0	5835.833333333333
22782	62	Medical laboratories	47	621511	67	47067	Hancock County, Tennessee	yes	1.0	18.22814217841642	1005.5198012034995
22783	62	Medical laboratories	47	621511	73	47073	Hawkins County, Tennessee	yes	2.0	33.29924710115679	1780.4894847009064
22784	62	Medical laboratories	47	621511	77	47077	Henderson County, Tennessee	yes	2.0	36.45628435683284	2011.039602406999
22785	62	Medical laboratories	47	621511	79	47079	Henry County, Tennessee	yes	1.0	25.767857142857142	1517.5892857142856
22786	62	Medical laboratories	47	621511	91	47091	Johnson County, Tennessee	yes	1.0	18.22814217841642	1005.5198012034995
22787	62	Medical laboratories	47	621511	93	47093	Knox County, Tennessee	no	20.5	511.3333333333333	26970.666666666668
22788	62	Medical laboratories	47	621511	105	47105	Loudon County, Tennessee	yes	1.0	18.22814217841642	1005.5198012034995
22789	62	Medical laboratories	47	621511	109	47109	McNairy County, Tennessee	yes	1.0	18.22814217841642	1005.5198012034995
22790	62	Medical laboratories	47	621511	113	47113	Madison County, Tennessee	no	7.0	29.333333333333332	2616.6666666666665
22791	62	Medical laboratories	47	621511	113	47113	Madison County, Tennessee	yes	6.666666666666667	141.10697032436164	8146.626337129055
22792	62	Medical laboratories	47	621511	119	47119	Maury County, Tennessee	yes	1.8333333333333333	32.192395467943946	1771.751407962555
22793	62	Medical laboratories	47	621511	121	47121	Meigs County, Tennessee	yes	1.0	18.22814217841642	1005.5198012034995
22794	62	Medical laboratories	47	621511	125	47125	Montgomery County, Tennessee	no	4.0	13.666666666666666	588.6666666666666
22795	62	Medical laboratories	47	621511	125	47125	Montgomery County, Tennessee	yes	3.0	64.15553830227744	3708.2097567287783
22796	62	Medical laboratories	47	621511	129	47129	Morgan County, Tennessee	yes	1.0	17.085380788365864	917.3268656716418
22797	62	Medical laboratories	47	621511	133	47133	Overton County, Tennessee	yes	1.0	18.7995228734417	1049.6162689694286
22798	62	Medical laboratories	47	621511	137	47137	Pickett County, Tennessee	yes	1.0	18.22814217841642	1005.5198012034995
22799	62	Medical laboratories	47	621511	141	47141	Putnam County, Tennessee	no	3.4	13.8	453.0
22800	62	Medical laboratories	47	621511	141	47141	Putnam County, Tennessee	yes	2.0	25.608695652173914	1509.7826086956522
22801	62	Medical laboratories	47	621511	143	47143	Rhea County, Tennessee	yes	1.0	18.22814217841642	1005.5198012034995
22802	62	Medical laboratories	47	621511	147	47147	Robertson County, Tennessee	yes	1.0	17.085380788365864	917.3268656716418
22803	62	Medical laboratories	47	621511	149	47149	Rutherford County, Tennessee	yes	2.5	37.11107303268756	1932.4046139561215
22804	62	Medical laboratories	47	621511	151	47151	Scott County, Tennessee	yes	1.0	15.07110492274036	774.9696834974065
22805	62	Medical laboratories	47	621511	157	47157	Shelby County, Tennessee	no	29.0	1251.1666666666667	82600.83333333333
22806	62	Medical laboratories	47	621511	163	47163	Sullivan County, Tennessee	yes	12.5	213.08961306781165	11531.541044900767
22807	62	Medical laboratories	47	621511	165	47165	Sumner County, Tennessee	no	3.0	2.0	38.0
22808	62	Medical laboratories	47	621511	165	47165	Sumner County, Tennessee	yes	1.8	28.360636466294647	1535.4379990788755
22809	62	Medical laboratories	47	621511	171	47171	Unicoi County, Tennessee	yes	1.0	17.085380788365864	917.3268656716418
22810	62	Medical laboratories	47	621511	177	47177	Warren County, Tennessee	yes	1.0	18.22814217841642	1005.5198012034995
22811	62	Medical laboratories	47	621511	179	47179	Washington County, Tennessee	no	6.333333333333333	29.333333333333332	6209.333333333333
22812	62	Medical laboratories	47	621511	179	47179	Washington County, Tennessee	yes	7.0	134.0684594427132	7421.725426439232
22813	62	Medical laboratories	47	621511	183	47183	Weakley County, Tennessee	yes	1.1666666666666667	20.36220014943091	1131.3350185948038
22814	62	Medical laboratories	47	621511	187	47187	Williamson County, Tennessee	no	17.0	589.0	36178.5
22815	62	Medical laboratories	47	621511	187	47187	Williamson County, Tennessee	yes	11.0	282.4315476190476	16243.251488095237
22816	62	Medical laboratories	47	621511	189	47189	Wilson County, Tennessee	yes	2.0	30.14220984548072	1549.939366994813
22817	62	Nursing care facilities (skilled nursing facilities)	47	623110	1	47001	Anderson County, Tennessee	no	5.333333333333333	531.6666666666666	17072.0
22818	62	Nursing care facilities (skilled nursing facilities)	47	623110	3	47003	Bedford County, Tennessee	yes	2.3333333333333335	261.5856723039124	6938.544167065836
22819	62	Nursing care facilities (skilled nursing facilities)	47	623110	5	47005	Benton County, Tennessee	yes	1.0	113.4988877392578	2972.07157096678
22820	62	Nursing care facilities (skilled nursing facilities)	47	623110	9	47009	Blount County, Tennessee	yes	2.6666666666666665	299.0636922032806	7912.104205653964
22821	62	Nursing care facilities (skilled nursing facilities)	47	623110	11	47011	Bradley County, Tennessee	no	9.666666666666666	926.1666666666666	27356.666666666668
22822	62	Nursing care facilities (skilled nursing facilities)	47	623110	13	47013	Campbell County, Tennessee	no	3.0	737.0	21959.0
22823	62	Nursing care facilities (skilled nursing facilities)	47	623110	13	47013	Campbell County, Tennessee	yes	2.3333333333333335	284.9230712926365	7003.534365393061
22824	62	Nursing care facilities (skilled nursing facilities)	47	623110	15	47015	Cannon County, Tennessee	yes	1.0	113.4988877392578	2972.07157096678
22825	62	Nursing care facilities (skilled nursing facilities)	47	623110	17	47017	Carroll County, Tennessee	no	4.0	383.1666666666667	8341.833333333334
22826	62	Nursing care facilities (skilled nursing facilities)	47	623110	19	47019	Carter County, Tennessee	no	5.333333333333333	586.5	15984.0
22827	62	Nursing care facilities (skilled nursing facilities)	47	623110	21	47021	Cheatham County, Tennessee	no	3.0	184.0	4823.666666666667
22828	62	Nursing care facilities (skilled nursing facilities)	47	623110	21	47021	Cheatham County, Tennessee	yes	2.0	244.64770897379594	6002.704655248133
22829	62	Nursing care facilities (skilled nursing facilities)	47	623110	23	47023	Chester County, Tennessee	yes	1.1666666666666667	133.22784396821405	3468.637227532437
22830	62	Nursing care facilities (skilled nursing facilities)	47	623110	25	47025	Claiborne County, Tennessee	yes	2.0	226.9977754785156	5944.14314193356
22831	62	Nursing care facilities (skilled nursing facilities)	47	623110	27	47027	Clay County, Tennessee	yes	1.0	113.4988877392578	2972.07157096678
22832	62	Nursing care facilities (skilled nursing facilities)	47	623110	29	47029	Cocke County, Tennessee	yes	1.0	113.4988877392578	2972.07157096678
22833	62	Nursing care facilities (skilled nursing facilities)	47	623110	31	47031	Coffee County, Tennessee	no	4.0	411.3333333333333	11036.0
22834	62	Nursing care facilities (skilled nursing facilities)	47	623110	33	47033	Crockett County, Tennessee	no	3.4	245.6	8470.0
22835	62	Nursing care facilities (skilled nursing facilities)	47	623110	33	47033	Crockett County, Tennessee	yes	4.0	473.49494949494954	11917.575757575758
22836	62	Nursing care facilities (skilled nursing facilities)	47	623110	35	47035	Cumberland County, Tennessee	yes	2.0	226.9977754785156	5944.14314193356
22837	62	Nursing care facilities (skilled nursing facilities)	47	623110	37	47037	Davidson County, Tennessee	no	27.833333333333332	2985.3333333333335	94668.66666666667
22838	62	Nursing care facilities (skilled nursing facilities)	47	623110	39	47039	Decatur County, Tennessee	yes	3.0	340.49666321777335	8916.21471290034
22839	62	Nursing care facilities (skilled nursing facilities)	47	623110	41	47041	DeKalb County, Tennessee	yes	1.0	113.4988877392578	2972.07157096678
22840	62	Nursing care facilities (skilled nursing facilities)	47	623110	43	47043	Dickson County, Tennessee	yes	2.0	226.9977754785156	5944.14314193356
22841	62	Nursing care facilities (skilled nursing facilities)	47	623110	45	47045	Dyer County, Tennessee	no	3.0	260.1666666666667	6775.833333333333
22842	62	Nursing care facilities (skilled nursing facilities)	47	623110	47	47047	Fayette County, Tennessee	yes	1.0	113.4988877392578	2972.07157096678
22843	62	Nursing care facilities (skilled nursing facilities)	47	623110	49	47049	Fentress County, Tennessee	yes	1.0	113.4988877392578	2972.07157096678
22844	62	Nursing care facilities (skilled nursing facilities)	47	623110	51	47051	Franklin County, Tennessee	no	3.2	198.8	4783.2
22845	62	Nursing care facilities (skilled nursing facilities)	47	623110	51	47051	Franklin County, Tennessee	yes	2.0	212.98876404494382	5723.932584269663
22846	62	Nursing care facilities (skilled nursing facilities)	47	623110	53	47053	Gibson County, Tennessee	no	8.5	669.5	16665.166666666668
22847	62	Nursing care facilities (skilled nursing facilities)	47	623110	55	47055	Giles County, Tennessee	no	3.6666666666666665	265.6666666666667	6914.0
22848	62	Nursing care facilities (skilled nursing facilities)	47	623110	57	47057	Grainger County, Tennessee	yes	1.0	113.4988877392578	2972.07157096678
22849	62	Nursing care facilities (skilled nursing facilities)	47	623110	59	47059	Greene County, Tennessee	no	5.5	799.0	20136.666666666668
22850	62	Nursing care facilities (skilled nursing facilities)	47	623110	61	47061	Grundy County, Tennessee	yes	1.0	113.4988877392578	2972.07157096678
22851	62	Nursing care facilities (skilled nursing facilities)	47	623110	63	47063	Hamblen County, Tennessee	yes	2.0	226.9977754785156	5944.14314193356
22852	62	Nursing care facilities (skilled nursing facilities)	47	623110	65	47065	Hamilton County, Tennessee	no	12.333333333333334	2006.5	59539.833333333336
22853	62	Nursing care facilities (skilled nursing facilities)	47	623110	67	47067	Hancock County, Tennessee	yes	1.0	113.4988877392578	2972.07157096678
22854	62	Nursing care facilities (skilled nursing facilities)	47	623110	69	47069	Hardeman County, Tennessee	yes	2.0	226.9977754785156	5944.14314193356
22855	62	Nursing care facilities (skilled nursing facilities)	47	623110	71	47071	Hardin County, Tennessee	yes	2.0	226.9977754785156	5944.14314193356
22856	62	Nursing care facilities (skilled nursing facilities)	47	623110	73	47073	Hawkins County, Tennessee	yes	2.3333333333333335	261.5856723039124	6938.544167065836
22857	62	Nursing care facilities (skilled nursing facilities)	47	623110	75	47075	Haywood County, Tennessee	yes	1.0	113.4988877392578	2972.07157096678
22858	62	Nursing care facilities (skilled nursing facilities)	47	623110	77	47077	Henderson County, Tennessee	yes	2.0	226.9977754785156	5944.14314193356
22859	62	Nursing care facilities (skilled nursing facilities)	47	623110	79	47079	Henry County, Tennessee	yes	2.0	226.9977754785156	5944.14314193356
22860	62	Nursing care facilities (skilled nursing facilities)	47	623110	81	47081	Hickman County, Tennessee	yes	2.6666666666666665	301.0387507598609	7923.083399769027
22861	62	Nursing care facilities (skilled nursing facilities)	47	623110	83	47083	Houston County, Tennessee	yes	1.0	113.4988877392578	2972.07157096678
22862	62	Nursing care facilities (skilled nursing facilities)	47	623110	85	47085	Humphreys County, Tennessee	yes	1.0	113.4988877392578	2972.07157096678
22863	62	Nursing care facilities (skilled nursing facilities)	47	623110	87	47087	Jackson County, Tennessee	yes	1.0	113.4988877392578	2972.07157096678
22864	62	Nursing care facilities (skilled nursing facilities)	47	623110	89	47089	Jefferson County, Tennessee	yes	2.0	226.9977754785156	5944.14314193356
22865	62	Nursing care facilities (skilled nursing facilities)	47	623110	91	47091	Johnson County, Tennessee	yes	1.0	113.4988877392578	2972.07157096678
22866	62	Nursing care facilities (skilled nursing facilities)	47	623110	93	47093	Knox County, Tennessee	no	15.0	1738.8333333333333	49634.666666666664
22867	62	Nursing care facilities (skilled nursing facilities)	47	623110	95	47095	Lake County, Tennessee	yes	1.0	113.4988877392578	2972.07157096678
22868	62	Nursing care facilities (skilled nursing facilities)	47	623110	97	47097	Lauderdale County, Tennessee	yes	2.0	226.9977754785156	5944.14314193356
22869	62	Nursing care facilities (skilled nursing facilities)	47	623110	99	47099	Lawrence County, Tennessee	no	4.0	319.6666666666667	7199.333333333333
22870	62	Nursing care facilities (skilled nursing facilities)	47	623110	101	47101	Lewis County, Tennessee	yes	1.0	113.4988877392578	2972.07157096678
22871	62	Nursing care facilities (skilled nursing facilities)	47	623110	103	47103	Lincoln County, Tennessee	yes	1.0	113.4988877392578	2972.07157096678
22872	62	Nursing care facilities (skilled nursing facilities)	47	623110	105	47105	Loudon County, Tennessee	yes	2.0	226.9977754785156	5944.14314193356
22873	62	Nursing care facilities (skilled nursing facilities)	47	623110	107	47107	McMinn County, Tennessee	no	4.0	392.3333333333333	10304.5
22874	62	Nursing care facilities (skilled nursing facilities)	47	623110	109	47109	McNairy County, Tennessee	yes	2.0	226.9977754785156	5944.14314193356
22875	62	Nursing care facilities (skilled nursing facilities)	47	623110	111	47111	Macon County, Tennessee	no	3.0	266.75	6931.75
22876	62	Nursing care facilities (skilled nursing facilities)	47	623110	111	47111	Macon County, Tennessee	yes	2.0	207.52738095238095	5966.406150793651
22877	62	Nursing care facilities (skilled nursing facilities)	47	623110	113	47113	Madison County, Tennessee	no	6.166666666666667	644.5	17509.666666666668
22878	62	Nursing care facilities (skilled nursing facilities)	47	623110	115	47115	Marion County, Tennessee	yes	1.0	113.4988877392578	2972.07157096678
22879	62	Nursing care facilities (skilled nursing facilities)	47	623110	117	47117	Marshall County, Tennessee	yes	2.0	226.9977754785156	5944.14314193356
22880	62	Nursing care facilities (skilled nursing facilities)	47	623110	119	47119	Maury County, Tennessee	no	4.8	331.4	11275.0
22881	62	Nursing care facilities (skilled nursing facilities)	47	623110	119	47119	Maury County, Tennessee	yes	3.0	355.1212121212121	8938.181818181818
22882	62	Nursing care facilities (skilled nursing facilities)	47	623110	121	47121	Meigs County, Tennessee	yes	1.0	113.4988877392578	2972.07157096678
22883	62	Nursing care facilities (skilled nursing facilities)	47	623110	123	47123	Monroe County, Tennessee	no	3.3333333333333335	308.6666666666667	6891.166666666667
22884	62	Nursing care facilities (skilled nursing facilities)	47	623110	125	47125	Montgomery County, Tennessee	no	6.0	876.5	19902.166666666668
22885	62	Nursing care facilities (skilled nursing facilities)	47	623110	127	47127	Moore County, Tennessee	yes	1.0	113.4988877392578	2972.07157096678
22886	62	Nursing care facilities (skilled nursing facilities)	47	623110	129	47129	Morgan County, Tennessee	yes	1.0	113.4988877392578	2972.07157096678
22887	62	Nursing care facilities (skilled nursing facilities)	47	623110	131	47131	Obion County, Tennessee	no	3.0	162.0	4613.0
22888	62	Nursing care facilities (skilled nursing facilities)	47	623110	131	47131	Obion County, Tennessee	yes	2.0	236.7329727415829	5933.011637503516
22889	62	Nursing care facilities (skilled nursing facilities)	47	623110	133	47133	Overton County, Tennessee	yes	1.0	118.36648637079145	2966.505818751758
22890	62	Nursing care facilities (skilled nursing facilities)	47	623110	135	47135	Perry County, Tennessee	yes	1.0	113.4988877392578	2972.07157096678
22891	62	Nursing care facilities (skilled nursing facilities)	47	623110	137	47137	Pickett County, Tennessee	yes	1.0	113.4988877392578	2972.07157096678
22892	62	Nursing care facilities (skilled nursing facilities)	47	623110	139	47139	Polk County, Tennessee	yes	1.0	113.4988877392578	2972.07157096678
22893	62	Nursing care facilities (skilled nursing facilities)	47	623110	141	47141	Putnam County, Tennessee	no	4.0	527.8333333333334	13770.666666666666
22894	62	Nursing care facilities (skilled nursing facilities)	47	623110	143	47143	Rhea County, Tennessee	no	3.0	295.8333333333333	7629.333333333333
22895	62	Nursing care facilities (skilled nursing facilities)	47	623110	145	47145	Roane County, Tennessee	yes	3.0	340.49666321777335	8916.21471290034
22896	62	Nursing care facilities (skilled nursing facilities)	47	623110	147	47147	Robertson County, Tennessee	no	5.5	400.5	10388.5
22897	62	Nursing care facilities (skilled nursing facilities)	47	623110	149	47149	Rutherford County, Tennessee	no	9.0	939.8333333333334	26113.666666666668
22898	62	Nursing care facilities (skilled nursing facilities)	47	623110	151	47151	Scott County, Tennessee	yes	2.0	226.9977754785156	5944.14314193356
22899	62	Nursing care facilities (skilled nursing facilities)	47	623110	153	47153	Sequatchie County, Tennessee	yes	1.0	113.4988877392578	2972.07157096678
22900	62	Nursing care facilities (skilled nursing facilities)	47	623110	155	47155	Sevier County, Tennessee	no	3.0	228.0	4943.0
22901	62	Nursing care facilities (skilled nursing facilities)	47	623110	155	47155	Sevier County, Tennessee	yes	2.0	229.7995777652299	5988.18525346634
22902	62	Nursing care facilities (skilled nursing facilities)	47	623110	157	47157	Shelby County, Tennessee	no	30.333333333333332	3742.0	112315.0
22903	62	Nursing care facilities (skilled nursing facilities)	47	623110	159	47159	Smith County, Tennessee	yes	1.0	113.4988877392578	2972.07157096678
22904	62	Nursing care facilities (skilled nursing facilities)	47	623110	161	47161	Stewart County, Tennessee	yes	1.0	113.4988877392578	2972.07157096678
22905	62	Nursing care facilities (skilled nursing facilities)	47	623110	163	47163	Sullivan County, Tennessee	no	5.333333333333333	789.5	20241.833333333332
22906	62	Nursing care facilities (skilled nursing facilities)	47	623110	165	47165	Sumner County, Tennessee	no	6.666666666666667	889.8333333333334	23319.0
22907	62	Nursing care facilities (skilled nursing facilities)	47	623110	167	47167	Tipton County, Tennessee	yes	2.0	226.9977754785156	5944.14314193356
22908	62	Nursing care facilities (skilled nursing facilities)	47	623110	169	47169	Trousdale County, Tennessee	yes	1.0	113.4988877392578	2972.07157096678
22909	62	Nursing care facilities (skilled nursing facilities)	47	623110	171	47171	Unicoi County, Tennessee	yes	1.3333333333333333	154.52313382328649	3972.3328797063496
22910	62	Nursing care facilities (skilled nursing facilities)	47	623110	173	47173	Union County, Tennessee	yes	1.0	113.4988877392578	2972.07157096678
22911	62	Nursing care facilities (skilled nursing facilities)	47	623110	175	47175	Van Buren County, Tennessee	yes	1.0	113.4988877392578	2972.07157096678
22912	62	Nursing care facilities (skilled nursing facilities)	47	623110	177	47177	Warren County, Tennessee	yes	2.0	226.9977754785156	5944.14314193356
22913	62	Nursing care facilities (skilled nursing facilities)	47	623110	179	47179	Washington County, Tennessee	no	9.5	833.5	22253.0
22914	62	Nursing care facilities (skilled nursing facilities)	47	623110	181	47181	Wayne County, Tennessee	yes	1.0	104.67392099161763	2942.790814309494
22915	62	Nursing care facilities (skilled nursing facilities)	47	623110	183	47183	Weakley County, Tennessee	no	3.0	222.83333333333334	6130.0
22916	62	Nursing care facilities (skilled nursing facilities)	47	623110	185	47185	White County, Tennessee	yes	2.0	226.9977754785156	5944.14314193356
22917	62	Nursing care facilities (skilled nursing facilities)	47	623110	187	47187	Williamson County, Tennessee	no	9.166666666666666	690.5	22920.333333333332
22918	62	Nursing care facilities (skilled nursing facilities)	47	623110	189	47189	Wilson County, Tennessee	no	4.666666666666667	651.6666666666666	15991.833333333334
22919	62	Offices of all other miscellaneous health practitioners	47	621399	1	47001	Anderson County, Tennessee	no	3.0	6.4	586.0
22920	62	Offices of all other miscellaneous health practitioners	47	621399	1	47001	Anderson County, Tennessee	yes	2.0	13.555555555555555	500.7037037037037
22921	62	Offices of all other miscellaneous health practitioners	47	621399	3	47003	Bedford County, Tennessee	no	3.0	5.666666666666667	287.3333333333333
22922	62	Offices of all other miscellaneous health practitioners	47	621399	3	47003	Bedford County, Tennessee	yes	2.0	20.086195286195288	921.3691444358111
22923	62	Offices of all other miscellaneous health practitioners	47	621399	5	47005	Benton County, Tennessee	no	3.0	23.666666666666668	516.0
22924	62	Offices of all other miscellaneous health practitioners	47	621399	5	47005	Benton County, Tennessee	yes	2.3333333333333335	25.470033670033672	1219.828740395407
22925	62	Offices of all other miscellaneous health practitioners	47	621399	9	47009	Blount County, Tennessee	no	4.0	6.75	506.5
22926	62	Offices of all other miscellaneous health practitioners	47	621399	9	47009	Blount County, Tennessee	yes	3.5	42.46969696969697	2166.2853535353534
22927	62	Offices of all other miscellaneous health practitioners	47	621399	11	47011	Bradley County, Tennessee	no	5.166666666666667	8.333333333333334	630.0
22928	62	Offices of all other miscellaneous health practitioners	47	621399	13	47013	Campbell County, Tennessee	yes	1.3333333333333333	14.708650689085474	789.5882735889982
22929	62	Offices of all other miscellaneous health practitioners	47	621399	17	47017	Carroll County, Tennessee	yes	1.0	9.873221343873517	508.30659268267965
22930	62	Offices of all other miscellaneous health practitioners	47	621399	19	47019	Carter County, Tennessee	yes	1.0	16.151515151515152	895.3787878787879
22931	62	Offices of all other miscellaneous health practitioners	47	621399	21	47021	Cheatham County, Tennessee	yes	1.0	12.295310245310246	672.568623968624
22932	62	Offices of all other miscellaneous health practitioners	47	621399	23	47023	Chester County, Tennessee	yes	2.0	24.59062049062049	1345.137247937248
22933	62	Offices of all other miscellaneous health practitioners	47	621399	25	47025	Claiborne County, Tennessee	yes	1.6666666666666667	17.111562833301964	1037.0899303594956
22934	62	Offices of all other miscellaneous health practitioners	47	621399	31	47031	Coffee County, Tennessee	no	4.0	0.0	1318.0
22935	62	Offices of all other miscellaneous health practitioners	47	621399	31	47031	Coffee County, Tennessee	yes	1.0	11.708966685488425	668.2894299902995
22936	62	Offices of all other miscellaneous health practitioners	47	621399	33	47033	Crockett County, Tennessee	yes	1.0	17.6017316017316	1101.7997835497836
22937	62	Offices of all other miscellaneous health practitioners	47	621399	35	47035	Cumberland County, Tennessee	yes	1.0	10.88710186753665	598.633166967225
22938	62	Offices of all other miscellaneous health practitioners	47	621399	37	47037	Davidson County, Tennessee	no	53.4	501.0	33076.0
22939	62	Offices of all other miscellaneous health practitioners	47	621399	37	47037	Davidson County, Tennessee	yes	48.0	775.2727272727273	42978.181818181816
22940	62	Offices of all other miscellaneous health practitioners	47	621399	43	47043	Dickson County, Tennessee	no	4.0	11.333333333333334	830.6666666666666
22941	62	Offices of all other miscellaneous health practitioners	47	621399	43	47043	Dickson County, Tennessee	yes	2.3333333333333335	30.246753246753247	1719.41822991823
22942	62	Offices of all other miscellaneous health practitioners	47	621399	45	47045	Dyer County, Tennessee	yes	2.0	23.462212183951312	1473.1635234330886
22943	62	Offices of all other miscellaneous health practitioners	47	621399	47	47047	Fayette County, Tennessee	yes	1.0	11.731106091975656	736.5817617165443
22944	62	Offices of all other miscellaneous health practitioners	47	621399	51	47051	Franklin County, Tennessee	no	3.4	9.8	416.8
22945	62	Offices of all other miscellaneous health practitioners	47	621399	51	47051	Franklin County, Tennessee	yes	2.0	13.555555555555555	500.7037037037037
22946	62	Offices of all other miscellaneous health practitioners	47	621399	53	47053	Gibson County, Tennessee	yes	1.8333333333333333	20.64457410544367	1155.5410252924746
22947	62	Offices of all other miscellaneous health practitioners	47	621399	55	47055	Giles County, Tennessee	yes	2.0	21.7742037350733	1197.26633393445
22948	62	Offices of all other miscellaneous health practitioners	47	621399	57	47057	Grainger County, Tennessee	yes	1.5	17.954345734780517	1005.2869409709989
22949	62	Offices of all other miscellaneous health practitioners	47	621399	59	47059	Greene County, Tennessee	no	4.0	2.8333333333333335	743.1666666666666
22950	62	Offices of all other miscellaneous health practitioners	47	621399	63	47063	Hamblen County, Tennessee	yes	1.0	10.88710186753665	598.633166967225
22951	62	Offices of all other miscellaneous health practitioners	47	621399	65	47065	Hamilton County, Tennessee	no	13.333333333333334	54.5	1396.0
22952	62	Offices of all other miscellaneous health practitioners	47	621399	69	47069	Hardeman County, Tennessee	yes	1.0	9.254132630654372	456.7156445165141
22953	62	Offices of all other miscellaneous health practitioners	47	621399	71	47071	Hardin County, Tennessee	yes	1.0	19.051948051948052	1308.2207792207794
22954	62	Offices of all other miscellaneous health practitioners	47	621399	75	47075	Haywood County, Tennessee	yes	1.0	11.675757575757576	565.8509324009324
22955	62	Offices of all other miscellaneous health practitioners	47	621399	77	47077	Henderson County, Tennessee	no	3.0	12.0	116.0
22956	62	Offices of all other miscellaneous health practitioners	47	621399	77	47077	Henderson County, Tennessee	yes	2.5	28.08506493506494	1466.80598013098
22957	62	Offices of all other miscellaneous health practitioners	47	621399	79	47079	Henry County, Tennessee	yes	1.0	10.88710186753665	598.633166967225
22958	62	Offices of all other miscellaneous health practitioners	47	621399	81	47081	Hickman County, Tennessee	yes	1.0	10.88710186753665	598.633166967225
22959	62	Offices of all other miscellaneous health practitioners	47	621399	85	47085	Humphreys County, Tennessee	yes	1.0	10.88710186753665	598.633166967225
22960	62	Offices of all other miscellaneous health practitioners	47	621399	89	47089	Jefferson County, Tennessee	yes	1.0	10.88710186753665	598.633166967225
22961	62	Offices of all other miscellaneous health practitioners	47	621399	91	47091	Johnson County, Tennessee	yes	1.0	6.988888888888889	243.3374643874644
22962	62	Offices of all other miscellaneous health practitioners	47	621399	93	47093	Knox County, Tennessee	no	27.0	182.5	8391.833333333334
22963	62	Offices of all other miscellaneous health practitioners	47	621399	95	47095	Lake County, Tennessee	yes	1.0	8.07068511198946	450.76225296442686
22964	62	Offices of all other miscellaneous health practitioners	47	621399	99	47099	Lawrence County, Tennessee	yes	2.5	26.795752556622123	1427.6086200434027
22965	62	Offices of all other miscellaneous health practitioners	47	621399	103	47103	Lincoln County, Tennessee	yes	1.8333333333333333	20.64457410544367	1155.5410252924746
22966	62	Offices of all other miscellaneous health practitioners	47	621399	105	47105	Loudon County, Tennessee	yes	1.5	15.78975468975469	794.2373561623563
22967	62	Offices of all other miscellaneous health practitioners	47	621399	107	47107	McMinn County, Tennessee	yes	1.0	12.836208356860531	776.2810182571052
22968	62	Offices of all other miscellaneous health practitioners	47	621399	111	47111	Macon County, Tennessee	yes	1.5	16.75265491352448	966.9240478254973
22969	62	Offices of all other miscellaneous health practitioners	47	621399	113	47113	Madison County, Tennessee	no	8.833333333333334	47.0	4081.5
22970	62	Offices of all other miscellaneous health practitioners	47	621399	115	47115	Marion County, Tennessee	yes	1.0	10.043097643097644	460.68457221790555
22971	62	Offices of all other miscellaneous health practitioners	47	621399	117	47117	Marshall County, Tennessee	yes	1.3333333333333333	13.577330238199805	748.8872512887007
22972	62	Offices of all other miscellaneous health practitioners	47	621399	119	47119	Maury County, Tennessee	yes	2.3333333333333335	27.71181797268754	1562.1947992962484
22973	62	Offices of all other miscellaneous health practitioners	47	621399	123	47123	Monroe County, Tennessee	yes	1.0	11.731106091975656	736.5817617165443
22974	62	Offices of all other miscellaneous health practitioners	47	621399	125	47125	Montgomery County, Tennessee	no	6.166666666666667	29.5	1022.3333333333334
22975	62	Offices of all other miscellaneous health practitioners	47	621399	127	47127	Moore County, Tennessee	yes	1.0	12.295310245310246	672.568623968624
22976	62	Offices of all other miscellaneous health practitioners	47	621399	129	47129	Morgan County, Tennessee	yes	1.0	16.151515151515152	895.3787878787879
22977	62	Offices of all other miscellaneous health practitioners	47	621399	131	47131	Obion County, Tennessee	no	5.4	15.2	630.6
22978	62	Offices of all other miscellaneous health practitioners	47	621399	131	47131	Obion County, Tennessee	yes	6.0	43.2	1417.9384615384615
22979	62	Offices of all other miscellaneous health practitioners	47	621399	133	47133	Overton County, Tennessee	yes	1.0	17.6017316017316	1101.7997835497836
22980	62	Offices of all other miscellaneous health practitioners	47	621399	141	47141	Putnam County, Tennessee	no	4.2	13.0	1519.2
22981	62	Offices of all other miscellaneous health practitioners	47	621399	141	47141	Putnam County, Tennessee	yes	4.0	28.8	945.2923076923078
22982	62	Offices of all other miscellaneous health practitioners	47	621399	143	47143	Rhea County, Tennessee	yes	1.0	7.2	236.32307692307694
22983	62	Offices of all other miscellaneous health practitioners	47	621399	145	47145	Roane County, Tennessee	no	3.0	12.0	319.0
22984	62	Offices of all other miscellaneous health practitioners	47	621399	145	47145	Roane County, Tennessee	yes	1.5	21.096176046176048	1223.4685157435158
22985	62	Offices of all other miscellaneous health practitioners	47	621399	149	47149	Rutherford County, Tennessee	no	12.666666666666666	95.66666666666667	3630.0
22986	62	Offices of all other miscellaneous health practitioners	47	621399	151	47151	Scott County, Tennessee	yes	1.3333333333333333	13.577330238199805	748.8872512887007
22987	62	Offices of all other miscellaneous health practitioners	47	621399	155	47155	Sevier County, Tennessee	yes	1.6666666666666667	16.267558608862956	899.1413356101762
22988	62	Offices of all other miscellaneous health practitioners	47	621399	157	47157	Shelby County, Tennessee	no	46.0	198.16666666666666	10852.0
22989	62	Offices of all other miscellaneous health practitioners	47	621399	159	47159	Smith County, Tennessee	yes	1.0	10.598329568981743	611.5170905181776
22990	62	Offices of all other miscellaneous health practitioners	47	621399	161	47161	Stewart County, Tennessee	yes	1.0	17.6017316017316	1101.7997835497836
22991	62	Offices of all other miscellaneous health practitioners	47	621399	163	47163	Sullivan County, Tennessee	no	7.5	18.166666666666668	2700.1666666666665
22992	62	Offices of all other miscellaneous health practitioners	47	621399	165	47165	Sumner County, Tennessee	no	7.666666666666667	19.666666666666668	1220.1666666666667
22993	62	Offices of all other miscellaneous health practitioners	47	621399	167	47167	Tipton County, Tennessee	yes	1.0	10.88710186753665	598.633166967225
22994	62	Offices of all other miscellaneous health practitioners	47	621399	171	47171	Unicoi County, Tennessee	yes	1.5	16.75265491352448	966.9240478254973
22995	62	Offices of all other miscellaneous health practitioners	47	621399	173	47173	Union County, Tennessee	yes	1.0	6.988888888888889	243.3374643874644
22996	62	Offices of all other miscellaneous health practitioners	47	621399	179	47179	Washington County, Tennessee	no	10.333333333333334	37.5	944.0
22997	62	Offices of all other miscellaneous health practitioners	47	621399	181	47181	Wayne County, Tennessee	yes	1.3333333333333333	14.779021059455843	787.2501444342024
22998	62	Offices of all other miscellaneous health practitioners	47	621399	183	47183	Weakley County, Tennessee	yes	3.0	34.707000648305	1972.2109887964962
22999	62	Offices of all other miscellaneous health practitioners	47	621399	187	47187	Williamson County, Tennessee	no	21.75	858.0	53066.25
23000	62	Offices of all other miscellaneous health practitioners	47	621399	187	47187	Williamson County, Tennessee	yes	20.5	361.56060606060606	22690.10606060606
23001	62	Offices of all other miscellaneous health practitioners	47	621399	189	47189	Wilson County, Tennessee	no	7.833333333333333	38.333333333333336	1175.0
23002	62	Offices of chiropractors	47	621310	1	47001	Anderson County, Tennessee	no	7.166666666666667	8.0	337.6666666666667
23003	62	Offices of chiropractors	47	621310	3	47003	Bedford County, Tennessee	yes	1.0	10.818181818181818	60.95454545454545
23004	62	Offices of chiropractors	47	621310	5	47005	Benton County, Tennessee	no	3.0	10.333333333333334	266.6666666666667
23005	62	Offices of chiropractors	47	621310	5	47005	Benton County, Tennessee	yes	2.6666666666666665	12.551792763694495	257.5627603232086
23006	62	Offices of chiropractors	47	621310	9	47009	Blount County, Tennessee	no	13.0	72.66666666666667	2168.8333333333335
23007	62	Offices of chiropractors	47	621310	11	47011	Bradley County, Tennessee	no	13.333333333333334	46.0	1699.5
23008	62	Offices of chiropractors	47	621310	13	47013	Campbell County, Tennessee	yes	1.0	6.599321938560464	80.99167981449963
23009	62	Offices of chiropractors	47	621310	15	47015	Cannon County, Tennessee	yes	2.0	13.198643877120928	161.98335962899927
23010	62	Offices of chiropractors	47	621310	17	47017	Carroll County, Tennessee	no	3.0	4.0	85.5
23011	62	Offices of chiropractors	47	621310	19	47019	Carter County, Tennessee	no	3.5	8.0	159.0
23012	62	Offices of chiropractors	47	621310	19	47019	Carter County, Tennessee	yes	2.0	9.016325886982635	179.38011965740262
23013	62	Offices of chiropractors	47	621310	21	47021	Cheatham County, Tennessee	no	3.0	2.0	54.0
23014	62	Offices of chiropractors	47	621310	21	47021	Cheatham County, Tennessee	yes	2.0	16.574357015533487	137.93875732111027
23015	62	Offices of chiropractors	47	621310	25	47025	Claiborne County, Tennessee	yes	2.5	16.92039924593512	197.80385449361177
23016	62	Offices of chiropractors	47	621310	29	47029	Cocke County, Tennessee	yes	1.3333333333333333	10.19320191479338	102.18998640986506
23017	62	Offices of chiropractors	47	621310	31	47031	Coffee County, Tennessee	no	8.333333333333334	15.333333333333334	496.8333333333333
23018	62	Offices of chiropractors	47	621310	35	47035	Cumberland County, Tennessee	no	5.0	14.166666666666666	583.1666666666666
23019	62	Offices of chiropractors	47	621310	37	47037	Davidson County, Tennessee	no	68.0	208.66666666666666	7659.666666666667
23020	62	Offices of chiropractors	47	621310	39	47039	Decatur County, Tennessee	yes	1.0	10.781639928698752	63.594919786096256
23021	62	Offices of chiropractors	47	621310	41	47041	DeKalb County, Tennessee	yes	1.0	6.599321938560464	80.99167981449963
23022	62	Offices of chiropractors	47	621310	43	47043	Dickson County, Tennessee	no	3.75	7.0	300.0
23023	62	Offices of chiropractors	47	621310	43	47043	Dickson County, Tennessee	yes	2.0	6.447217600295803	210.07256424477723
23024	62	Offices of chiropractors	47	621310	45	47045	Dyer County, Tennessee	yes	3.0	19.797965815681387	242.97503944349887
23025	62	Offices of chiropractors	47	621310	47	47047	Fayette County, Tennessee	yes	1.0	6.599321938560464	80.99167981449963
23026	62	Offices of chiropractors	47	621310	51	47051	Franklin County, Tennessee	no	3.1666666666666665	9.0	208.16666666666666
23027	62	Offices of chiropractors	47	621310	53	47053	Gibson County, Tennessee	no	4.166666666666667	6.0	264.6666666666667
23028	62	Offices of chiropractors	47	621310	55	47055	Giles County, Tennessee	yes	2.5	14.677942048598796	209.9041838285256
23029	62	Offices of chiropractors	47	621310	57	47057	Grainger County, Tennessee	yes	1.0	6.599321938560464	80.99167981449963
23030	62	Offices of chiropractors	47	621310	59	47059	Greene County, Tennessee	no	6.0	9.333333333333334	263.6666666666667
23031	62	Offices of chiropractors	47	621310	63	47063	Hamblen County, Tennessee	no	10.0	18.166666666666668	961.6666666666666
23032	62	Offices of chiropractors	47	621310	65	47065	Hamilton County, Tennessee	no	56.666666666666664	164.66666666666666	5109.5
23033	62	Offices of chiropractors	47	621310	71	47071	Hardin County, Tennessee	no	4.0	8.5	317.0
23034	62	Offices of chiropractors	47	621310	71	47071	Hardin County, Tennessee	yes	2.75	17.472668102182634	242.84854083064175
23035	62	Offices of chiropractors	47	621310	75	47075	Haywood County, Tennessee	yes	1.0	6.599321938560464	80.99167981449963
23036	62	Offices of chiropractors	47	621310	77	47077	Henderson County, Tennessee	yes	2.0	13.198643877120928	161.98335962899927
23037	62	Offices of chiropractors	47	621310	79	47079	Henry County, Tennessee	no	3.6666666666666665	7.166666666666667	218.16666666666666
23038	62	Offices of chiropractors	47	621310	81	47081	Hickman County, Tennessee	yes	1.0	6.599321938560464	80.99167981449963
23039	62	Offices of chiropractors	47	621310	89	47089	Jefferson County, Tennessee	no	5.0	9.166666666666666	132.5
23040	62	Offices of chiropractors	47	621310	93	47093	Knox County, Tennessee	no	46.333333333333336	265.6666666666667	9628.0
23041	62	Offices of chiropractors	47	621310	97	47097	Lauderdale County, Tennessee	yes	1.0	3.2236088001479013	105.03628212238861
23042	62	Offices of chiropractors	47	621310	99	47099	Lawrence County, Tennessee	no	3.0	7.0	133.25
23043	62	Offices of chiropractors	47	621310	99	47099	Lawrence County, Tennessee	yes	2.0	19.901960784313722	137.47058823529412
23044	62	Offices of chiropractors	47	621310	101	47101	Lewis County, Tennessee	yes	2.0	13.198643877120928	161.98335962899927
23045	62	Offices of chiropractors	47	621310	103	47103	Lincoln County, Tennessee	no	4.166666666666667	7.0	175.0
23046	62	Offices of chiropractors	47	621310	105	47105	Loudon County, Tennessee	no	7.666666666666667	26.166666666666668	787.8333333333334
23047	62	Offices of chiropractors	47	621310	107	47107	McMinn County, Tennessee	no	3.6666666666666665	6.333333333333333	247.83333333333334
23048	62	Offices of chiropractors	47	621310	109	47109	McNairy County, Tennessee	yes	1.3333333333333333	10.19320191479338	102.18998640986506
23049	62	Offices of chiropractors	47	621310	111	47111	Macon County, Tennessee	yes	1.1666666666666667	8.402352241590766	91.15077072359054
23050	62	Offices of chiropractors	47	621310	113	47113	Madison County, Tennessee	no	12.0	24.166666666666668	614.5
23051	62	Offices of chiropractors	47	621310	115	47115	Marion County, Tennessee	yes	1.0	6.599321938560464	80.99167981449963
23052	62	Offices of chiropractors	47	621310	117	47117	Marshall County, Tennessee	no	3.0	7.8	245.8
23053	62	Offices of chiropractors	47	621310	117	47117	Marshall County, Tennessee	yes	2.0	21.49019607843137	132.47058823529412
23054	62	Offices of chiropractors	47	621310	119	47119	Maury County, Tennessee	no	10.0	21.333333333333332	725.5
23055	62	Offices of chiropractors	47	621310	123	47123	Monroe County, Tennessee	no	3.0	8.0	232.33333333333334
23056	62	Offices of chiropractors	47	621310	123	47123	Monroe County, Tennessee	yes	2.0	10.402720230262561	187.53857224161618
23057	62	Offices of chiropractors	47	621310	125	47125	Montgomery County, Tennessee	no	14.666666666666666	54.333333333333336	1721.5
23058	62	Offices of chiropractors	47	621310	129	47129	Morgan County, Tennessee	yes	1.0	6.599321938560464	80.99167981449963
23059	62	Offices of chiropractors	47	621310	131	47131	Obion County, Tennessee	no	3.75	5.5	145.5
23060	62	Offices of chiropractors	47	621310	131	47131	Obion County, Tennessee	yes	2.0	6.447217600295803	210.07256424477723
23061	62	Offices of chiropractors	47	621310	141	47141	Putnam County, Tennessee	no	8.0	27.0	948.0
23062	62	Offices of chiropractors	47	621310	143	47143	Rhea County, Tennessee	yes	1.8333333333333333	11.39561357409062	151.82426871990836
23063	62	Offices of chiropractors	47	621310	145	47145	Roane County, Tennessee	no	3.1666666666666665	4.0	177.5
23064	62	Offices of chiropractors	47	621310	147	47147	Robertson County, Tennessee	no	4.833333333333333	7.5	148.0
23065	62	Offices of chiropractors	47	621310	149	47149	Rutherford County, Tennessee	no	34.5	128.33333333333334	6122.166666666667
23066	62	Offices of chiropractors	47	621310	151	47151	Scott County, Tennessee	yes	1.5	10.333257937202344	115.93204990192855
23067	62	Offices of chiropractors	47	621310	153	47153	Sequatchie County, Tennessee	yes	1.0	6.599321938560464	80.99167981449963
23068	62	Offices of chiropractors	47	621310	155	47155	Sevier County, Tennessee	no	10.0	15.0	1037.3333333333333
23069	62	Offices of chiropractors	47	621310	157	47157	Shelby County, Tennessee	no	54.333333333333336	223.66666666666666	6895.166666666667
23070	62	Offices of chiropractors	47	621310	159	47159	Smith County, Tennessee	yes	1.2	9.264844589577878	95.94659841045276
23071	62	Offices of chiropractors	47	621310	161	47161	Stewart County, Tennessee	yes	1.0	6.599321938560464	80.99167981449963
23072	62	Offices of chiropractors	47	621310	163	47163	Sullivan County, Tennessee	no	17.333333333333332	47.666666666666664	931.6666666666666
23073	62	Offices of chiropractors	47	621310	165	47165	Sumner County, Tennessee	no	18.166666666666668	52.666666666666664	2088.8333333333335
23074	62	Offices of chiropractors	47	621310	167	47167	Tipton County, Tennessee	yes	2.0	13.198643877120928	161.98335962899927
23075	62	Offices of chiropractors	47	621310	171	47171	Unicoi County, Tennessee	yes	1.0	5.755549962636191	84.99910668649046
23076	62	Offices of chiropractors	47	621310	173	47173	Union County, Tennessee	yes	2.0	13.198643877120928	161.98335962899927
23077	62	Offices of chiropractors	47	621310	177	47177	Warren County, Tennessee	no	4.166666666666667	14.0	339.3333333333333
23078	62	Offices of chiropractors	47	621310	179	47179	Washington County, Tennessee	no	22.5	42.166666666666664	3474.8333333333335
23079	62	Offices of chiropractors	47	621310	183	47183	Weakley County, Tennessee	no	3.0	3.5	204.0
23080	62	Offices of chiropractors	47	621310	183	47183	Weakley County, Tennessee	yes	2.0	14.005248728846654	168.63120190848488
23081	62	Offices of chiropractors	47	621310	185	47185	White County, Tennessee	yes	1.0	6.599321938560464	80.99167981449963
23082	62	Offices of chiropractors	47	621310	187	47187	Williamson County, Tennessee	no	37.333333333333336	110.16666666666667	5267.0
23083	62	Offices of chiropractors	47	621310	189	47189	Wilson County, Tennessee	no	12.833333333333334	31.333333333333332	1332.8333333333333
23084	62	Offices of dentists	47	621210	1	47001	Anderson County, Tennessee	no	39.5	267.1666666666667	13230.5
23085	62	Offices of dentists	47	621210	3	47003	Bedford County, Tennessee	no	8.666666666666666	61.166666666666664	2993.6666666666665
23086	62	Offices of dentists	47	621210	5	47005	Benton County, Tennessee	yes	2.0	22.068045940513112	456.8313466742739
23087	62	Offices of dentists	47	621210	7	47007	Bledsoe County, Tennessee	yes	1.0	20.61764705882353	205.91176470588235
23088	62	Offices of dentists	47	621210	9	47009	Blount County, Tennessee	no	48.5	382.3333333333333	24983.833333333332
23089	62	Offices of dentists	47	621210	11	47011	Bradley County, Tennessee	no	29.5	241.0	12766.0
23090	62	Offices of dentists	47	621210	13	47013	Campbell County, Tennessee	no	8.5	41.0	1604.1666666666667
23091	62	Offices of dentists	47	621210	15	47015	Cannon County, Tennessee	no	3.0	16.0	488.0
23092	62	Offices of dentists	47	621210	15	47015	Cannon County, Tennessee	yes	2.0	26.360780344526475	390.9079741208224
23093	62	Offices of dentists	47	621210	17	47017	Carroll County, Tennessee	no	4.333333333333333	19.833333333333332	793.0
23094	62	Offices of dentists	47	621210	19	47019	Carter County, Tennessee	no	13.166666666666666	62.333333333333336	2250.5
23095	62	Offices of dentists	47	621210	21	47021	Cheatham County, Tennessee	no	4.0	18.0	1018.0
23096	62	Offices of dentists	47	621210	23	47023	Chester County, Tennessee	no	3.0	12.333333333333334	565.5
23097	62	Offices of dentists	47	621210	25	47025	Claiborne County, Tennessee	no	6.833333333333333	31.5	1398.1666666666667
23098	62	Offices of dentists	47	621210	27	47027	Clay County, Tennessee	yes	1.0	11.034022970256556	228.41567333713695
23099	62	Offices of dentists	47	621210	29	47029	Cocke County, Tennessee	no	4.0	31.666666666666668	1019.8333333333334
23100	62	Offices of dentists	47	621210	31	47031	Coffee County, Tennessee	no	28.333333333333332	173.33333333333334	7224.5
23101	62	Offices of dentists	47	621210	33	47033	Crockett County, Tennessee	no	5.0	29.333333333333332	2041.8333333333333
23102	62	Offices of dentists	47	621210	35	47035	Cumberland County, Tennessee	no	17.0	107.66666666666667	4207.666666666667
23103	62	Offices of dentists	47	621210	37	47037	Davidson County, Tennessee	no	282.1666666666667	2032.0	99605.33333333333
23104	62	Offices of dentists	47	621210	39	47039	Decatur County, Tennessee	no	4.0	28.5	910.5
23105	62	Offices of dentists	47	621210	41	47041	DeKalb County, Tennessee	no	4.333333333333333	19.166666666666668	928.8333333333334
23106	62	Offices of dentists	47	621210	43	47043	Dickson County, Tennessee	no	21.0	139.66666666666666	5739.666666666667
23107	62	Offices of dentists	47	621210	45	47045	Dyer County, Tennessee	no	13.166666666666666	111.33333333333333	4082.0
23108	62	Offices of dentists	47	621210	47	47047	Fayette County, Tennessee	no	5.833333333333333	32.5	1875.6666666666667
23109	62	Offices of dentists	47	621210	49	47049	Fentress County, Tennessee	yes	1.3333333333333333	16.759771164271005	295.04131833197704
23110	62	Offices of dentists	47	621210	51	47051	Franklin County, Tennessee	no	12.0	64.66666666666667	2371.3333333333335
23111	62	Offices of dentists	47	621210	53	47053	Gibson County, Tennessee	no	10.333333333333334	53.5	2073.0
23112	62	Offices of dentists	47	621210	55	47055	Giles County, Tennessee	no	8.333333333333334	60.666666666666664	2463.5
23113	62	Offices of dentists	47	621210	57	47057	Grainger County, Tennessee	yes	2.0	22.068045940513112	456.8313466742739
23114	62	Offices of dentists	47	621210	59	47059	Greene County, Tennessee	no	15.5	106.5	3918.3333333333335
23115	62	Offices of dentists	47	621210	61	47061	Grundy County, Tennessee	yes	1.0	11.034022970256556	228.41567333713695
23116	62	Offices of dentists	47	621210	63	47063	Hamblen County, Tennessee	no	26.166666666666668	162.0	6435.5
23117	62	Offices of dentists	47	621210	65	47065	Hamilton County, Tennessee	no	166.0	1208.0	56205.833333333336
23118	62	Offices of dentists	47	621210	69	47069	Hardeman County, Tennessee	no	4.666666666666667	15.0	685.5
23119	62	Offices of dentists	47	621210	71	47071	Hardin County, Tennessee	no	7.5	47.666666666666664	1553.3333333333333
23120	62	Offices of dentists	47	621210	73	47073	Hawkins County, Tennessee	no	8.666666666666666	63.5	3415.1666666666665
23121	62	Offices of dentists	47	621210	75	47075	Haywood County, Tennessee	yes	2.0	22.068045940513112	456.8313466742739
23122	62	Offices of dentists	47	621210	77	47077	Henderson County, Tennessee	no	5.5	19.5	837.8333333333334
23123	62	Offices of dentists	47	621210	79	47079	Henry County, Tennessee	no	14.333333333333334	80.33333333333333	3174.6666666666665
23124	62	Offices of dentists	47	621210	81	47081	Hickman County, Tennessee	yes	2.0	22.068045940513112	456.8313466742739
23125	62	Offices of dentists	47	621210	83	47083	Houston County, Tennessee	yes	1.4	11.243613942016845	305.8848761160194
23126	62	Offices of dentists	47	621210	85	47085	Humphreys County, Tennessee	no	3.0	25.0	646.5
23127	62	Offices of dentists	47	621210	85	47085	Humphreys County, Tennessee	yes	2.25	19.187644841546835	535.2803414371472
23128	62	Offices of dentists	47	621210	87	47087	Jackson County, Tennessee	no	3.0	0.0	284.0
23129	62	Offices of dentists	47	621210	87	47087	Jackson County, Tennessee	yes	2.0	21.26114230810291	468.34120575271845
23130	62	Offices of dentists	47	621210	89	47089	Jefferson County, Tennessee	no	12.666666666666666	61.333333333333336	3674.1666666666665
23131	62	Offices of dentists	47	621210	91	47091	Johnson County, Tennessee	yes	1.1666666666666667	13.209236645470233	261.68917761064125
23132	62	Offices of dentists	47	621210	93	47093	Knox County, Tennessee	no	179.66666666666666	1309.3333333333333	65725.0
23133	62	Offices of dentists	47	621210	97	47097	Lauderdale County, Tennessee	no	3.3333333333333335	7.666666666666667	617.8333333333334
23134	62	Offices of dentists	47	621210	99	47099	Lawrence County, Tennessee	no	7.833333333333333	42.5	1794.5
23135	62	Offices of dentists	47	621210	101	47101	Lewis County, Tennessee	no	3.0	0.0	338.0
23136	62	Offices of dentists	47	621210	101	47101	Lewis County, Tennessee	yes	2.0	18.23459630508632	465.8329101267758
23137	62	Offices of dentists	47	621210	103	47103	Lincoln County, Tennessee	no	8.166666666666666	23.333333333333332	1424.1666666666667
23138	62	Offices of dentists	47	621210	105	47105	Loudon County, Tennessee	no	14.166666666666666	101.5	6161.0
23139	62	Offices of dentists	47	621210	107	47107	McMinn County, Tennessee	no	15.0	98.33333333333333	3977.3333333333335
23140	62	Offices of dentists	47	621210	109	47109	McNairy County, Tennessee	no	7.166666666666667	40.166666666666664	2380.5
23141	62	Offices of dentists	47	621210	111	47111	Macon County, Tennessee	no	4.0	20.0	1336.5
23142	62	Offices of dentists	47	621210	113	47113	Madison County, Tennessee	no	38.166666666666664	312.6666666666667	17133.0
23143	62	Offices of dentists	47	621210	115	47115	Marion County, Tennessee	no	4.833333333333333	23.833333333333332	1638.5
23144	62	Offices of dentists	47	621210	117	47117	Marshall County, Tennessee	no	6.333333333333333	44.333333333333336	1659.0
23145	62	Offices of dentists	47	621210	119	47119	Maury County, Tennessee	no	34.666666666666664	245.5	10527.5
23146	62	Offices of dentists	47	621210	121	47121	Meigs County, Tennessee	yes	1.0	9.11729815254316	232.9164550633879
23147	62	Offices of dentists	47	621210	123	47123	Monroe County, Tennessee	no	11.166666666666666	90.33333333333333	3868.0
23148	62	Offices of dentists	47	621210	125	47125	Montgomery County, Tennessee	no	49.166666666666664	442.1666666666667	20250.833333333332
23149	62	Offices of dentists	47	621210	127	47127	Moore County, Tennessee	yes	1.0	11.034022970256556	228.41567333713695
23150	62	Offices of dentists	47	621210	129	47129	Morgan County, Tennessee	yes	1.8333333333333333	18.63177143070919	422.5127192232935
23151	62	Offices of dentists	47	621210	131	47131	Obion County, Tennessee	no	11.333333333333334	78.66666666666667	2988.1666666666665
23152	62	Offices of dentists	47	621210	133	47133	Overton County, Tennessee	no	3.0	25.25	2012.5
23153	62	Offices of dentists	47	621210	133	47133	Overton County, Tennessee	yes	2.0	13.482577132486387	588.678091781177
23154	62	Offices of dentists	47	621210	135	47135	Perry County, Tennessee	yes	1.0	11.034022970256556	228.41567333713695
23155	62	Offices of dentists	47	621210	139	47139	Polk County, Tennessee	no	4.5	20.333333333333332	958.0
23156	62	Offices of dentists	47	621210	141	47141	Putnam County, Tennessee	no	28.166666666666668	226.5	10437.666666666666
23157	62	Offices of dentists	47	621210	143	47143	Rhea County, Tennessee	no	6.166666666666667	20.666666666666668	1530.3333333333333
23158	62	Offices of dentists	47	621210	145	47145	Roane County, Tennessee	no	13.333333333333334	91.66666666666667	3373.5
23159	62	Offices of dentists	47	621210	147	47147	Robertson County, Tennessee	no	17.0	100.16666666666667	4932.0
23160	62	Offices of dentists	47	621210	149	47149	Rutherford County, Tennessee	no	104.0	686.5	34771.166666666664
23161	62	Offices of dentists	47	621210	151	47151	Scott County, Tennessee	no	4.0	17.5	597.1666666666666
23162	62	Offices of dentists	47	621210	153	47153	Sequatchie County, Tennessee	yes	2.0	22.068045940513112	456.8313466742739
23163	62	Offices of dentists	47	621210	155	47155	Sevier County, Tennessee	no	18.833333333333332	119.5	5387.166666666667
23164	62	Offices of dentists	47	621210	157	47157	Shelby County, Tennessee	no	360.0	2251.8333333333335	103076.33333333333
23165	62	Offices of dentists	47	621210	159	47159	Smith County, Tennessee	no	5.0	21.333333333333332	760.0
23166	62	Offices of dentists	47	621210	159	47159	Smith County, Tennessee	yes	3.0	47.40577121536874	599.3948956100659
23167	62	Offices of dentists	47	621210	161	47161	Stewart County, Tennessee	yes	1.6666666666666667	19.820949751765383	358.71833137741106
23168	62	Offices of dentists	47	621210	163	47163	Sullivan County, Tennessee	no	69.83333333333333	612.3333333333334	30656.166666666668
23169	62	Offices of dentists	47	621210	165	47165	Sumner County, Tennessee	no	58.333333333333336	467.6666666666667	21573.666666666668
23170	62	Offices of dentists	47	621210	167	47167	Tipton County, Tennessee	no	12.166666666666666	56.666666666666664	2746.0
23171	62	Offices of dentists	47	621210	169	47169	Trousdale County, Tennessee	yes	2.0	22.068045940513112	456.8313466742739
23172	62	Offices of dentists	47	621210	171	47171	Unicoi County, Tennessee	yes	2.0	22.068045940513112	456.8313466742739
23173	62	Offices of dentists	47	621210	173	47173	Union County, Tennessee	yes	1.0	11.034022970256556	228.41567333713695
23174	62	Offices of dentists	47	621210	177	47177	Warren County, Tennessee	no	9.166666666666666	40.666666666666664	2830.8333333333335
23175	62	Offices of dentists	47	621210	179	47179	Washington County, Tennessee	no	50.333333333333336	315.6666666666667	14975.833333333334
23176	62	Offices of dentists	47	621210	181	47181	Wayne County, Tennessee	yes	1.0	11.034022970256556	228.41567333713695
23177	62	Offices of dentists	47	621210	183	47183	Weakley County, Tennessee	no	8.5	28.0	1805.8333333333333
23178	62	Offices of dentists	47	621210	185	47185	White County, Tennessee	no	6.166666666666667	26.5	890.5
23179	62	Offices of dentists	47	621210	187	47187	Williamson County, Tennessee	no	114.0	823.3333333333334	42325.333333333336
23180	62	Offices of dentists	47	621210	189	47189	Wilson County, Tennessee	no	45.666666666666664	292.5	13812.333333333334
23181	62	Offices of mental health practitioners (except physicians)	47	621330	1	47001	Anderson County, Tennessee	no	3.0	3.25	118.75
23182	62	Offices of mental health practitioners (except physicians)	47	621330	1	47001	Anderson County, Tennessee	yes	2.5	13.919354838709676	229.00948766603415
23183	62	Offices of mental health practitioners (except physicians)	47	621330	3	47003	Bedford County, Tennessee	yes	2.0	12.363359021879804	260.3984032578218
23184	62	Offices of mental health practitioners (except physicians)	47	621330	5	47005	Benton County, Tennessee	yes	1.0	5.697430457331447	186.50624705327675
23185	62	Offices of mental health practitioners (except physicians)	47	621330	9	47009	Blount County, Tennessee	no	3.6666666666666665	2.6666666666666665	194.33333333333334
23186	62	Offices of mental health practitioners (except physicians)	47	621330	9	47009	Blount County, Tennessee	yes	2.0	9.685462831997485	333.25277384881343
23187	62	Offices of mental health practitioners (except physicians)	47	621330	11	47011	Bradley County, Tennessee	no	3.0	6.5	319.3333333333333
23188	62	Offices of mental health practitioners (except physicians)	47	621330	19	47019	Carter County, Tennessee	yes	1.0	6.36418593307652	136.02331224728795
23189	62	Offices of mental health practitioners (except physicians)	47	621330	25	47025	Claiborne County, Tennessee	yes	1.0	6.181679510939902	130.1992016289109
23190	62	Offices of mental health practitioners (except physicians)	47	621330	31	47031	Coffee County, Tennessee	yes	1.0	4.53527436845067	144.76548911803621
23191	62	Offices of mental health practitioners (except physicians)	47	621330	35	47035	Cumberland County, Tennessee	no	4.0	12.0	565.0
23192	62	Offices of mental health practitioners (except physicians)	47	621330	35	47035	Cumberland County, Tennessee	yes	2.0	12.84760807548826	204.09135783345596
23193	62	Offices of mental health practitioners (except physicians)	47	621330	37	47037	Davidson County, Tennessee	no	27.333333333333332	131.83333333333334	6430.166666666667
23194	62	Offices of mental health practitioners (except physicians)	47	621330	41	47041	DeKalb County, Tennessee	yes	1.8333333333333333	10.946692355213138	242.02585423821392
23195	62	Offices of mental health practitioners (except physicians)	47	621330	43	47043	Dickson County, Tennessee	yes	1.5	8.68297353435146	205.56508326315725
23196	62	Offices of mental health practitioners (except physicians)	47	621330	45	47045	Dyer County, Tennessee	yes	1.0	5.697430457331447	186.50624705327675
23197	62	Offices of mental health practitioners (except physicians)	47	621330	47	47047	Fayette County, Tennessee	yes	1.0	3.612903225806452	79.18279569892474
23198	62	Offices of mental health practitioners (except physicians)	47	621330	51	47051	Franklin County, Tennessee	yes	1.0	5.697430457331447	186.50624705327675
23199	62	Offices of mental health practitioners (except physicians)	47	621330	55	47055	Giles County, Tennessee	yes	1.0	5.697430457331447	186.50624705327675
23200	62	Offices of mental health practitioners (except physicians)	47	621330	59	47059	Greene County, Tennessee	yes	1.5	8.603045218939274	213.51239509111429
23201	62	Offices of mental health practitioners (except physicians)	47	621330	63	47063	Hamblen County, Tennessee	no	3.25	24.25	719.0
23202	62	Offices of mental health practitioners (except physicians)	47	621330	63	47063	Hamblen County, Tennessee	yes	2.0	14.061882817643186	171.0807548825982
23203	62	Offices of mental health practitioners (except physicians)	47	621330	65	47065	Hamilton County, Tennessee	no	20.166666666666668	47.666666666666664	2138.3333333333335
23204	62	Offices of mental health practitioners (except physicians)	47	621330	71	47071	Hardin County, Tennessee	yes	1.0	5.697430457331447	186.50624705327675
23205	62	Offices of mental health practitioners (except physicians)	47	621330	89	47089	Jefferson County, Tennessee	yes	1.0	6.181679510939902	130.1992016289109
23206	62	Offices of mental health practitioners (except physicians)	47	621330	93	47093	Knox County, Tennessee	no	29.166666666666668	100.83333333333333	3790.1666666666665
23207	62	Offices of mental health practitioners (except physicians)	47	621330	105	47105	Loudon County, Tennessee	yes	1.3333333333333333	8.080822996717052	192.3679506466698
23208	62	Offices of mental health practitioners (except physicians)	47	621330	107	47107	McMinn County, Tennessee	no	3.0	13.0	465.0
23209	62	Offices of mental health practitioners (except physicians)	47	621330	107	47107	McMinn County, Tennessee	yes	2.0	12.84760807548826	204.09135783345596
23210	62	Offices of mental health practitioners (except physicians)	47	621330	113	47113	Madison County, Tennessee	no	3.0	2.0	40.0
23211	62	Offices of mental health practitioners (except physicians)	47	621330	113	47113	Madison County, Tennessee	yes	3.0	18.61717549108433	395.5822078968924
23212	62	Offices of mental health practitioners (except physicians)	47	621330	119	47119	Maury County, Tennessee	yes	2.0	12.363359021879804	260.3984032578218
23213	62	Offices of mental health practitioners (except physicians)	47	621330	125	47125	Montgomery County, Tennessee	no	5.666666666666667	50.333333333333336	1457.0
23214	62	Offices of mental health practitioners (except physicians)	47	621330	131	47131	Obion County, Tennessee	yes	1.0	5.697430457331447	186.50624705327675
23215	62	Offices of mental health practitioners (except physicians)	47	621330	133	47133	Overton County, Tennessee	yes	1.0	5.697430457331447	186.50624705327675
23216	62	Offices of mental health practitioners (except physicians)	47	621330	141	47141	Putnam County, Tennessee	no	3.0	3.0	90.0
23217	62	Offices of mental health practitioners (except physicians)	47	621330	141	47141	Putnam County, Tennessee	yes	2.8	15.993975192120924	417.58896390494874
23218	62	Offices of mental health practitioners (except physicians)	47	621330	145	47145	Roane County, Tennessee	yes	1.1666666666666667	6.703901733162124	151.34364607335533
23219	62	Offices of mental health practitioners (except physicians)	47	621330	147	47147	Robertson County, Tennessee	no	3.0	2.0	53.0
23220	62	Offices of mental health practitioners (except physicians)	47	621330	147	47147	Robertson County, Tennessee	yes	1.0	5.718015413127883	134.19198313116368
23221	62	Offices of mental health practitioners (except physicians)	47	621330	149	47149	Rutherford County, Tennessee	no	6.25	18.25	437.25
23222	62	Offices of mental health practitioners (except physicians)	47	621330	149	47149	Rutherford County, Tennessee	yes	6.5	40.574061882817645	546.4760807548826
23223	62	Offices of mental health practitioners (except physicians)	47	621330	155	47155	Sevier County, Tennessee	yes	1.0	3.612903225806452	79.18279569892474
23224	62	Offices of mental health practitioners (except physicians)	47	621330	157	47157	Shelby County, Tennessee	no	33.2	70.6	3262.4
23225	62	Offices of mental health practitioners (except physicians)	47	621330	157	47157	Shelby County, Tennessee	yes	35.0	126.45161290322581	2771.3978494623657
23226	62	Offices of mental health practitioners (except physicians)	47	621330	163	47163	Sullivan County, Tennessee	no	5.0	6.333333333333333	139.66666666666666
23227	62	Offices of mental health practitioners (except physicians)	47	621330	163	47163	Sullivan County, Tennessee	yes	5.0	37.60313802940531	468.86008166707546
23228	62	Offices of mental health practitioners (except physicians)	47	621330	165	47165	Sumner County, Tennessee	no	4.333333333333333	17.166666666666668	805.6666666666666
23229	62	Offices of mental health practitioners (except physicians)	47	621330	179	47179	Washington County, Tennessee	no	3.3333333333333335	0.0	229.66666666666666
23230	62	Offices of mental health practitioners (except physicians)	47	621330	179	47179	Washington County, Tennessee	yes	3.0	16.237592330661638	539.6388810309603
23231	62	Offices of mental health practitioners (except physicians)	47	621330	183	47183	Weakley County, Tennessee	yes	1.1666666666666667	6.78383004857431	143.39633424539838
23232	62	Offices of mental health practitioners (except physicians)	47	621330	185	47185	White County, Tennessee	yes	1.4	8.974406950899171	215.00498163621887
23233	62	Offices of mental health practitioners (except physicians)	47	621330	187	47187	Williamson County, Tennessee	no	11.333333333333334	50.333333333333336	4284.0
23234	62	Offices of mental health practitioners (except physicians)	47	621330	187	47187	Williamson County, Tennessee	yes	8.666666666666666	64.85231511959623	807.20304896152
23235	62	Offices of mental health practitioners (except physicians)	47	621330	189	47189	Wilson County, Tennessee	yes	1.5	9.941993313880433	177.08520979561843
23236	62	Offices of optometrists	47	621320	1	47001	Anderson County, Tennessee	no	4.5	25.333333333333332	1068.8333333333333
23237	62	Offices of optometrists	47	621320	3	47003	Bedford County, Tennessee	yes	2.0	16.188142385861966	351.2004723238083
23238	62	Offices of optometrists	47	621320	5	47005	Benton County, Tennessee	yes	1.0	8.094071192930983	175.60023616190415
23239	62	Offices of optometrists	47	621320	9	47009	Blount County, Tennessee	no	5.166666666666667	21.166666666666668	878.1666666666666
23240	62	Offices of optometrists	47	621320	11	47011	Bradley County, Tennessee	no	6.0	35.833333333333336	1317.8333333333333
23241	62	Offices of optometrists	47	621320	13	47013	Campbell County, Tennessee	yes	3.0	24.28221357879295	526.8007084857126
23242	62	Offices of optometrists	47	621320	17	47017	Carroll County, Tennessee	no	5.833333333333333	31.0	1187.5
23243	62	Offices of optometrists	47	621320	19	47019	Carter County, Tennessee	no	5.333333333333333	38.666666666666664	976.0
23244	62	Offices of optometrists	47	621320	21	47021	Cheatham County, Tennessee	yes	2.0	16.188142385861966	351.2004723238083
23245	62	Offices of optometrists	47	621320	23	47023	Chester County, Tennessee	no	3.0	6.5	214.33333333333334
23246	62	Offices of optometrists	47	621320	25	47025	Claiborne County, Tennessee	no	3.0	11.0	283.0
23247	62	Offices of optometrists	47	621320	25	47025	Claiborne County, Tennessee	yes	3.0	29.605605694332528	435.38032769272087
23248	62	Offices of optometrists	47	621320	29	47029	Cocke County, Tennessee	yes	1.0	8.094071192930983	175.60023616190415
23249	62	Offices of optometrists	47	621320	31	47031	Coffee County, Tennessee	no	4.333333333333333	11.5	465.1666666666667
23250	62	Offices of optometrists	47	621320	33	47033	Crockett County, Tennessee	yes	1.0	8.094071192930983	175.60023616190415
23251	62	Offices of optometrists	47	621320	35	47035	Cumberland County, Tennessee	yes	2.6666666666666665	21.213142041502234	478.6196734781022
23252	62	Offices of optometrists	47	621320	37	47037	Davidson County, Tennessee	no	35.5	204.16666666666666	7511.666666666667
23253	62	Offices of optometrists	47	621320	39	47039	Decatur County, Tennessee	yes	1.0	8.094071192930983	175.60023616190415
23254	62	Offices of optometrists	47	621320	41	47041	DeKalb County, Tennessee	yes	2.0	16.188142385861966	351.2004723238083
23255	62	Offices of optometrists	47	621320	43	47043	Dickson County, Tennessee	yes	2.0	16.188142385861966	351.2004723238083
23256	62	Offices of optometrists	47	621320	45	47045	Dyer County, Tennessee	yes	2.0	16.188142385861966	351.2004723238083
23257	62	Offices of optometrists	47	621320	47	47047	Fayette County, Tennessee	no	3.0	3.3333333333333335	210.83333333333334
23258	62	Offices of optometrists	47	621320	49	47049	Fentress County, Tennessee	yes	1.0	8.094071192930983	175.60023616190415
23259	62	Offices of optometrists	47	621320	51	47051	Franklin County, Tennessee	no	3.0	14.0	466.5
23260	62	Offices of optometrists	47	621320	51	47051	Franklin County, Tennessee	yes	2.25	16.509410731626687	424.5005446393521
23261	62	Offices of optometrists	47	621320	53	47053	Gibson County, Tennessee	no	5.0	27.333333333333332	667.6666666666666
23262	62	Offices of optometrists	47	621320	53	47053	Gibson County, Tennessee	yes	5.0	49.342676157220886	725.6338794878681
23263	62	Offices of optometrists	47	621320	55	47055	Giles County, Tennessee	no	3.0	4.666666666666667	206.66666666666666
23264	62	Offices of optometrists	47	621320	57	47057	Grainger County, Tennessee	yes	1.0	8.094071192930983	175.60023616190415
23265	62	Offices of optometrists	47	621320	59	47059	Greene County, Tennessee	no	4.0	19.5	1310.6666666666667
23266	62	Offices of optometrists	47	621320	63	47063	Hamblen County, Tennessee	no	4.0	62.0	2794.6666666666665
23267	62	Offices of optometrists	47	621320	65	47065	Hamilton County, Tennessee	no	26.333333333333332	123.66666666666667	4543.333333333333
23268	62	Offices of optometrists	47	621320	69	47069	Hardeman County, Tennessee	yes	1.0	8.094071192930983	175.60023616190415
23269	62	Offices of optometrists	47	621320	71	47071	Hardin County, Tennessee	yes	2.0	16.188142385861966	351.2004723238083
23270	62	Offices of optometrists	47	621320	73	47073	Hawkins County, Tennessee	no	3.0	17.0	335.3333333333333
23271	62	Offices of optometrists	47	621320	73	47073	Hawkins County, Tennessee	yes	3.0	29.605605694332528	435.38032769272087
23272	62	Offices of optometrists	47	621320	75	47075	Haywood County, Tennessee	yes	1.0	8.094071192930983	175.60023616190415
23273	62	Offices of optometrists	47	621320	77	47077	Henderson County, Tennessee	no	3.0	15.333333333333334	671.3333333333334
23274	62	Offices of optometrists	47	621320	79	47079	Henry County, Tennessee	no	4.0	17.0	519.0
23275	62	Offices of optometrists	47	621320	81	47081	Hickman County, Tennessee	yes	1.1666666666666667	9.600920507999476	198.13904894729228
23276	62	Offices of optometrists	47	621320	85	47085	Humphreys County, Tennessee	yes	2.0	16.188142385861966	351.2004723238083
23277	62	Offices of optometrists	47	621320	89	47089	Jefferson County, Tennessee	no	4.333333333333333	11.666666666666666	344.8333333333333
23278	62	Offices of optometrists	47	621320	91	47091	Johnson County, Tennessee	yes	1.0	10.282254901960783	150.07372549019607
23279	62	Offices of optometrists	47	621320	93	47093	Knox County, Tennessee	no	31.5	161.16666666666666	6996.0
23280	62	Offices of optometrists	47	621320	97	47097	Lauderdale County, Tennessee	no	3.0	22.0	172.0
23281	62	Offices of optometrists	47	621320	97	47097	Lauderdale County, Tennessee	yes	2.0	14.949300274799066	362.92291972974647
23282	62	Offices of optometrists	47	621320	99	47099	Lawrence County, Tennessee	no	3.8333333333333335	29.666666666666668	894.1666666666666
23283	62	Offices of optometrists	47	621320	101	47101	Lewis County, Tennessee	yes	1.0	9.868535231444175	145.12677589757365
23284	62	Offices of optometrists	47	621320	103	47103	Lincoln County, Tennessee	yes	2.0	16.188142385861966	351.2004723238083
23285	62	Offices of optometrists	47	621320	105	47105	Loudon County, Tennessee	yes	2.0	16.188142385861966	351.2004723238083
23286	62	Offices of optometrists	47	621320	107	47107	McMinn County, Tennessee	no	4.0	31.166666666666668	1466.0
23287	62	Offices of optometrists	47	621320	109	47109	McNairy County, Tennessee	yes	2.0	16.188142385861966	351.2004723238083
23288	62	Offices of optometrists	47	621320	111	47111	Macon County, Tennessee	yes	2.0	19.73707046288835	290.2535517951473
23289	62	Offices of optometrists	47	621320	113	47113	Madison County, Tennessee	no	8.833333333333334	20.833333333333332	1157.1666666666667
23290	62	Offices of optometrists	47	621320	115	47115	Marion County, Tennessee	yes	1.3333333333333333	10.17544339759086	246.00636542077316
23291	62	Offices of optometrists	47	621320	117	47117	Marshall County, Tennessee	yes	2.0	16.188142385861966	351.2004723238083
23292	62	Offices of optometrists	47	621320	119	47119	Maury County, Tennessee	no	7.5	44.833333333333336	1545.8333333333333
23293	62	Offices of optometrists	47	621320	123	47123	Monroe County, Tennessee	no	3.1666666666666665	11.166666666666666	887.3333333333334
23294	62	Offices of optometrists	47	621320	125	47125	Montgomery County, Tennessee	no	9.166666666666666	54.666666666666664	3372.6666666666665
23295	62	Offices of optometrists	47	621320	131	47131	Obion County, Tennessee	no	3.5	24.166666666666668	827.5
23296	62	Offices of optometrists	47	621320	133	47133	Overton County, Tennessee	yes	2.0	16.188142385861966	351.2004723238083
23297	62	Offices of optometrists	47	621320	141	47141	Putnam County, Tennessee	no	7.0	23.333333333333332	910.3333333333334
23298	62	Offices of optometrists	47	621320	143	47143	Rhea County, Tennessee	no	3.0	16.0	429.0
23299	62	Offices of optometrists	47	621320	143	47143	Rhea County, Tennessee	yes	2.0	19.73707046288835	290.2535517951473
23300	62	Offices of optometrists	47	621320	145	47145	Roane County, Tennessee	yes	1.6666666666666667	16.61262601844391	238.96910735070284
23301	62	Offices of optometrists	47	621320	147	47147	Robertson County, Tennessee	no	4.833333333333333	22.5	1060.3333333333333
23302	62	Offices of optometrists	47	621320	149	47149	Rutherford County, Tennessee	no	16.166666666666668	78.66666666666667	3664.6666666666665
23303	62	Offices of optometrists	47	621320	151	47151	Scott County, Tennessee	no	3.3333333333333335	7.0	344.3333333333333
23304	62	Offices of optometrists	47	621320	153	47153	Sequatchie County, Tennessee	yes	1.0	8.094071192930983	175.60023616190415
23305	62	Offices of optometrists	47	621320	155	47155	Sevier County, Tennessee	no	5.833333333333333	19.666666666666668	1253.5
23306	62	Offices of optometrists	47	621320	157	47157	Shelby County, Tennessee	no	63.833333333333336	362.1666666666667	13706.166666666666
23307	62	Offices of optometrists	47	621320	159	47159	Smith County, Tennessee	yes	1.0	7.474650137399533	181.46145986487323
23308	62	Offices of optometrists	47	621320	161	47161	Stewart County, Tennessee	yes	1.0	8.094071192930983	175.60023616190415
23309	62	Offices of optometrists	47	621320	163	47163	Sullivan County, Tennessee	no	8.5	67.83333333333333	2828.1666666666665
23310	62	Offices of optometrists	47	621320	165	47165	Sumner County, Tennessee	no	9.5	40.0	1597.0
23311	62	Offices of optometrists	47	621320	167	47167	Tipton County, Tennessee	yes	2.0	16.188142385861966	351.2004723238083
23312	62	Offices of optometrists	47	621320	169	47169	Trousdale County, Tennessee	yes	1.0	8.094071192930983	175.60023616190415
23313	62	Offices of optometrists	47	621320	171	47171	Unicoi County, Tennessee	yes	1.0	8.094071192930983	175.60023616190415
23314	62	Offices of optometrists	47	621320	177	47177	Warren County, Tennessee	no	6.5	13.666666666666666	554.1666666666666
23315	62	Offices of optometrists	47	621320	179	47179	Washington County, Tennessee	no	11.833333333333334	58.833333333333336	1942.3333333333333
23316	62	Offices of optometrists	47	621320	183	47183	Weakley County, Tennessee	no	3.0	14.75	418.0
23317	62	Offices of optometrists	47	621320	183	47183	Weakley County, Tennessee	yes	3.0	27.62164383561644	433.62931506849316
23318	62	Offices of optometrists	47	621320	185	47185	White County, Tennessee	no	3.0	14.333333333333334	438.3333333333333
23319	62	Offices of optometrists	47	621320	185	47185	White County, Tennessee	yes	3.0	29.605605694332528	435.38032769272087
23320	62	Offices of optometrists	47	621320	187	47187	Williamson County, Tennessee	no	22.333333333333332	102.0	3616.0
23321	62	Offices of optometrists	47	621320	189	47189	Wilson County, Tennessee	no	8.666666666666666	46.5	1471.6666666666667
23322	62	Offices of physical, occupational and speech therapists, and audiologists	47	621340	1	47001	Anderson County, Tennessee	no	9.666666666666666	50.5	2162.3333333333335
23323	62	Offices of physical, occupational and speech therapists, and audiologists	47	621340	3	47003	Bedford County, Tennessee	no	5.0	39.666666666666664	1346.6666666666667
23324	62	Offices of physical, occupational and speech therapists, and audiologists	47	621340	5	47005	Benton County, Tennessee	no	3.0	9.75	345.0
23325	62	Offices of physical, occupational and speech therapists, and audiologists	47	621340	5	47005	Benton County, Tennessee	yes	2.0	40.717194570135746	1562.0229476405948
23326	62	Offices of physical, occupational and speech therapists, and audiologists	47	621340	9	47009	Blount County, Tennessee	no	9.5	283.3333333333333	10343.333333333334
23327	62	Offices of physical, occupational and speech therapists, and audiologists	47	621340	11	47011	Bradley County, Tennessee	no	7.4	27.8	1812.4
23328	62	Offices of physical, occupational and speech therapists, and audiologists	47	621340	11	47011	Bradley County, Tennessee	yes	3.0	59.38235294117647	2292.794117647059
23329	62	Offices of physical, occupational and speech therapists, and audiologists	47	621340	13	47013	Campbell County, Tennessee	no	4.4	111.4	4389.8
23330	62	Offices of physical, occupational and speech therapists, and audiologists	47	621340	13	47013	Campbell County, Tennessee	yes	2.0	39.588235294117645	1528.5294117647059
23331	62	Offices of physical, occupational and speech therapists, and audiologists	47	621340	15	47015	Cannon County, Tennessee	yes	1.0	12.126808549015996	503.5187584857355
23332	62	Offices of physical, occupational and speech therapists, and audiologists	47	621340	17	47017	Carroll County, Tennessee	yes	1.0	14.870738127699953	596.0163302639229
23333	62	Offices of physical, occupational and speech therapists, and audiologists	47	621340	19	47019	Carter County, Tennessee	no	5.0	67.0	2942.0
23334	62	Offices of physical, occupational and speech therapists, and audiologists	47	621340	19	47019	Carter County, Tennessee	yes	4.4	56.42488125488751	2319.780916295883
23335	62	Offices of physical, occupational and speech therapists, and audiologists	47	621340	21	47021	Cheatham County, Tennessee	yes	3.0	38.15025906045931	1574.0325303170177
23336	62	Offices of physical, occupational and speech therapists, and audiologists	47	621340	23	47023	Chester County, Tennessee	yes	1.5	19.206118911219036	790.9227753150191
23337	62	Offices of physical, occupational and speech therapists, and audiologists	47	621340	25	47025	Claiborne County, Tennessee	yes	1.0	8.670761567038163	389.81289010219274
23338	62	Offices of physical, occupational and speech therapists, and audiologists	47	621340	27	47027	Clay County, Tennessee	yes	1.0	13.886062223828182	562.3666551402367
23339	62	Offices of physical, occupational and speech therapists, and audiologists	47	621340	29	47029	Cocke County, Tennessee	yes	2.0	29.741476255399906	1192.0326605278458
23340	62	Offices of physical, occupational and speech therapists, and audiologists	47	621340	31	47031	Coffee County, Tennessee	no	6.5	28.5	1226.0
23341	62	Offices of physical, occupational and speech therapists, and audiologists	47	621340	31	47031	Coffee County, Tennessee	yes	4.0	35.4967916244512	1674.9606739464896
23342	62	Offices of physical, occupational and speech therapists, and audiologists	47	621340	33	47033	Crockett County, Tennessee	yes	2.0	39.588235294117645	1528.5294117647059
23343	62	Offices of physical, occupational and speech therapists, and audiologists	47	621340	35	47035	Cumberland County, Tennessee	no	6.166666666666667	23.0	1640.8333333333333
23344	62	Offices of physical, occupational and speech therapists, and audiologists	47	621340	37	47037	Davidson County, Tennessee	no	50.833333333333336	413.1666666666667	18018.166666666668
23345	62	Offices of physical, occupational and speech therapists, and audiologists	47	621340	39	47039	Decatur County, Tennessee	yes	1.0	20.358597285067873	781.0114738202974
23346	62	Offices of physical, occupational and speech therapists, and audiologists	47	621340	43	47043	Dickson County, Tennessee	no	5.2	37.2	1551.2
23347	62	Offices of physical, occupational and speech therapists, and audiologists	47	621340	43	47043	Dickson County, Tennessee	yes	5.0	112.47474747474747	4223.181818181818
23348	62	Offices of physical, occupational and speech therapists, and audiologists	47	621340	45	47045	Dyer County, Tennessee	no	4.0	26.4	1544.4
23349	62	Offices of physical, occupational and speech therapists, and audiologists	47	621340	45	47045	Dyer County, Tennessee	yes	3.0	67.48484848484848	2533.909090909091
23350	62	Offices of physical, occupational and speech therapists, and audiologists	47	621340	47	47047	Fayette County, Tennessee	no	3.0	25.0	386.0
23351	62	Offices of physical, occupational and speech therapists, and audiologists	47	621340	47	47047	Fayette County, Tennessee	yes	3.25	55.955236756707336	2145.326200760024
23352	62	Offices of physical, occupational and speech therapists, and audiologists	47	621340	49	47049	Fentress County, Tennessee	yes	1.0	14.870738127699953	596.0163302639229
23353	62	Offices of physical, occupational and speech therapists, and audiologists	47	621340	51	47051	Franklin County, Tennessee	yes	2.0	29.741476255399906	1192.0326605278458
23354	62	Offices of physical, occupational and speech therapists, and audiologists	47	621340	53	47053	Gibson County, Tennessee	no	3.3333333333333335	14.333333333333334	1612.0
23355	62	Offices of physical, occupational and speech therapists, and audiologists	47	621340	53	47053	Gibson County, Tennessee	yes	4.0	50.05668461237923	2135.660057140797
23356	62	Offices of physical, occupational and speech therapists, and audiologists	47	621340	55	47055	Giles County, Tennessee	no	3.0	11.0	363.0
23357	62	Offices of physical, occupational and speech therapists, and audiologists	47	621340	55	47055	Giles County, Tennessee	yes	2.2	28.973318515026897	1177.7275625967845
23358	62	Offices of physical, occupational and speech therapists, and audiologists	47	621340	57	47057	Grainger County, Tennessee	yes	1.0	17.86900823849353	684.6544111525731
23359	62	Offices of physical, occupational and speech therapists, and audiologists	47	621340	59	47059	Greene County, Tennessee	yes	3.3333333333333335	41.573740130216976	1750.3528851766757
23360	62	Offices of physical, occupational and speech therapists, and audiologists	47	621340	63	47063	Hamblen County, Tennessee	no	9.5	65.5	2278.3333333333335
23361	62	Offices of physical, occupational and speech therapists, and audiologists	47	621340	65	47065	Hamilton County, Tennessee	no	54.666666666666664	549.0	22000.0
23362	62	Offices of physical, occupational and speech therapists, and audiologists	47	621340	67	47067	Hancock County, Tennessee	yes	1.0	14.870738127699953	596.0163302639229
23363	62	Offices of physical, occupational and speech therapists, and audiologists	47	621340	69	47069	Hardeman County, Tennessee	yes	1.6	18.548352794472944	780.1800576507502
23364	62	Offices of physical, occupational and speech therapists, and audiologists	47	621340	71	47071	Hardin County, Tennessee	yes	2.0	29.741476255399906	1192.0326605278458
23365	62	Offices of physical, occupational and speech therapists, and audiologists	47	621340	73	47073	Hawkins County, Tennessee	no	3.1666666666666665	30.5	1416.3333333333333
23366	62	Offices of physical, occupational and speech therapists, and audiologists	47	621340	75	47075	Haywood County, Tennessee	yes	1.0	20.358597285067873	781.0114738202974
23367	62	Offices of physical, occupational and speech therapists, and audiologists	47	621340	77	47077	Henderson County, Tennessee	yes	1.4	21.489334768277196	858.6969131175535
23368	62	Offices of physical, occupational and speech therapists, and audiologists	47	621340	79	47079	Henry County, Tennessee	no	4.0	9.25	460.25
23369	62	Offices of physical, occupational and speech therapists, and audiologists	47	621340	79	47079	Henry County, Tennessee	yes	3.0	26.6225937183384	1256.2205054598671
23370	62	Offices of physical, occupational and speech therapists, and audiologists	47	621340	81	47081	Hickman County, Tennessee	yes	1.0	14.870738127699953	596.0163302639229
23371	62	Offices of physical, occupational and speech therapists, and audiologists	47	621340	85	47085	Humphreys County, Tennessee	yes	1.0	8.670761567038163	389.81289010219274
23372	62	Offices of physical, occupational and speech therapists, and audiologists	47	621340	89	47089	Jefferson County, Tennessee	no	5.166666666666667	36.666666666666664	1434.8333333333333
23373	62	Offices of physical, occupational and speech therapists, and audiologists	47	621340	93	47093	Knox County, Tennessee	no	67.5	530.0	24281.833333333332
23374	62	Offices of physical, occupational and speech therapists, and audiologists	47	621340	95	47095	Lake County, Tennessee	yes	1.0	13.886062223828182	562.3666551402367
23375	62	Offices of physical, occupational and speech therapists, and audiologists	47	621340	99	47099	Lawrence County, Tennessee	yes	1.0	13.345895854250045	546.2923235894345
23376	62	Offices of physical, occupational and speech therapists, and audiologists	47	621340	103	47103	Lincoln County, Tennessee	yes	1.0	19.794117647058822	764.2647058823529
23377	62	Offices of physical, occupational and speech therapists, and audiologists	47	621340	105	47105	Loudon County, Tennessee	no	7.0	18.8	1181.8
23378	62	Offices of physical, occupational and speech therapists, and audiologists	47	621340	105	47105	Loudon County, Tennessee	yes	4.0	33.05555555555556	1327.8333333333333
23379	62	Offices of physical, occupational and speech therapists, and audiologists	47	621340	107	47107	McMinn County, Tennessee	no	5.0	33.25	1688.25
23380	62	Offices of physical, occupational and speech therapists, and audiologists	47	621340	107	47107	McMinn County, Tennessee	yes	3.0	61.07579185520362	2343.034421460892
23381	62	Offices of physical, occupational and speech therapists, and audiologists	47	621340	109	47109	McNairy County, Tennessee	no	3.0	14.666666666666666	636.0
23382	62	Offices of physical, occupational and speech therapists, and audiologists	47	621340	109	47109	McNairy County, Tennessee	yes	1.3333333333333333	28.569031186678245	1083.7652249711075
23383	62	Offices of physical, occupational and speech therapists, and audiologists	47	621340	111	47111	Macon County, Tennessee	yes	2.0	29.741476255399906	1192.0326605278458
23384	62	Offices of physical, occupational and speech therapists, and audiologists	47	621340	113	47113	Madison County, Tennessee	no	9.0	48.666666666666664	2695.1666666666665
23385	62	Offices of physical, occupational and speech therapists, and audiologists	47	621340	115	47115	Marion County, Tennessee	yes	2.0	29.741476255399906	1192.0326605278458
23386	62	Offices of physical, occupational and speech therapists, and audiologists	47	621340	119	47119	Maury County, Tennessee	no	7.2	57.8	2184.2
23387	62	Offices of physical, occupational and speech therapists, and audiologists	47	621340	119	47119	Maury County, Tennessee	yes	4.0	89.979797979798	3378.545454545455
23388	62	Offices of physical, occupational and speech therapists, and audiologists	47	621340	123	47123	Monroe County, Tennessee	no	6.0	20.4	1276.2
23389	62	Offices of physical, occupational and speech therapists, and audiologists	47	621340	123	47123	Monroe County, Tennessee	yes	6.0	134.96969696969697	5067.818181818182
23390	62	Offices of physical, occupational and speech therapists, and audiologists	47	621340	125	47125	Montgomery County, Tennessee	no	16.0	124.5	5037.666666666667
23391	62	Offices of physical, occupational and speech therapists, and audiologists	47	621340	129	47129	Morgan County, Tennessee	yes	1.0	14.870738127699953	596.0163302639229
23392	62	Offices of physical, occupational and speech therapists, and audiologists	47	621340	131	47131	Obion County, Tennessee	yes	1.5	23.0342520375374	911.6798770929108
23393	62	Offices of physical, occupational and speech therapists, and audiologists	47	621340	133	47133	Overton County, Tennessee	yes	1.3333333333333333	17.82880409640422	735.5963864261303
23394	62	Offices of physical, occupational and speech therapists, and audiologists	47	621340	137	47137	Pickett County, Tennessee	yes	1.0	14.870738127699953	596.0163302639229
23395	62	Offices of physical, occupational and speech therapists, and audiologists	47	621340	139	47139	Polk County, Tennessee	yes	1.8333333333333333	26.44245664755677	1064.6552095474533
23396	62	Offices of physical, occupational and speech therapists, and audiologists	47	621340	141	47141	Putnam County, Tennessee	no	11.0	48.166666666666664	2102.5
23397	62	Offices of physical, occupational and speech therapists, and audiologists	47	621340	143	47143	Rhea County, Tennessee	no	5.0	12.166666666666666	917.6666666666666
23398	62	Offices of physical, occupational and speech therapists, and audiologists	47	621340	145	47145	Roane County, Tennessee	no	4.666666666666667	29.333333333333332	1299.0
23399	62	Offices of physical, occupational and speech therapists, and audiologists	47	621340	147	47147	Robertson County, Tennessee	no	4.833333333333333	32.166666666666664	1261.1666666666667
23400	62	Offices of physical, occupational and speech therapists, and audiologists	47	621340	149	47149	Rutherford County, Tennessee	no	32.333333333333336	1355.3333333333333	68031.66666666667
23401	62	Offices of physical, occupational and speech therapists, and audiologists	47	621340	149	47149	Rutherford County, Tennessee	yes	28.0	588.932096226214	22430.901490666194
23402	62	Offices of physical, occupational and speech therapists, and audiologists	47	621340	151	47151	Scott County, Tennessee	yes	2.0	29.741476255399906	1192.0326605278458
23403	62	Offices of physical, occupational and speech therapists, and audiologists	47	621340	153	47153	Sequatchie County, Tennessee	yes	2.0	29.741476255399906	1192.0326605278458
23404	62	Offices of physical, occupational and speech therapists, and audiologists	47	621340	155	47155	Sevier County, Tennessee	no	10.666666666666666	58.333333333333336	2573.0
23405	62	Offices of physical, occupational and speech therapists, and audiologists	47	621340	157	47157	Shelby County, Tennessee	no	74.33333333333333	513.0	21852.166666666668
23406	62	Offices of physical, occupational and speech therapists, and audiologists	47	621340	159	47159	Smith County, Tennessee	yes	1.0	14.870738127699953	596.0163302639229
23407	62	Offices of physical, occupational and speech therapists, and audiologists	47	621340	161	47161	Stewart County, Tennessee	yes	1.0	14.870738127699953	596.0163302639229
23408	62	Offices of physical, occupational and speech therapists, and audiologists	47	621340	163	47163	Sullivan County, Tennessee	no	7.833333333333333	62.166666666666664	2534.6666666666665
23409	62	Offices of physical, occupational and speech therapists, and audiologists	47	621340	165	47165	Sumner County, Tennessee	no	12.166666666666666	49.5	2791.1666666666665
23410	62	Offices of physical, occupational and speech therapists, and audiologists	47	621340	167	47167	Tipton County, Tennessee	yes	1.8333333333333333	25.99231800624166	1051.2599332551183
23411	62	Offices of physical, occupational and speech therapists, and audiologists	47	621340	171	47171	Unicoi County, Tennessee	yes	1.6666666666666667	24.615003191426847	995.9335443662294
23412	62	Offices of physical, occupational and speech therapists, and audiologists	47	621340	173	47173	Union County, Tennessee	yes	2.1666666666666665	29.400522616261043	1204.2352657096608
23413	62	Offices of physical, occupational and speech therapists, and audiologists	47	621340	177	47177	Warren County, Tennessee	yes	2.8333333333333335	36.58478436630814	1513.1238854488145
23414	62	Offices of physical, occupational and speech therapists, and audiologists	47	621340	179	47179	Washington County, Tennessee	no	13.666666666666666	96.5	3969.6666666666665
23415	62	Offices of physical, occupational and speech therapists, and audiologists	47	621340	181	47181	Wayne County, Tennessee	yes	1.0	14.870738127699953	596.0163302639229
23416	62	Offices of physical, occupational and speech therapists, and audiologists	47	621340	183	47183	Weakley County, Tennessee	no	3.0	51.0	1717.0
23417	62	Offices of physical, occupational and speech therapists, and audiologists	47	621340	183	47183	Weakley County, Tennessee	yes	2.6	35.36920979868414	1447.7592360520396
23418	62	Offices of physical, occupational and speech therapists, and audiologists	47	621340	185	47185	White County, Tennessee	yes	1.0	19.794117647058822	764.2647058823529
23419	62	Offices of physical, occupational and speech therapists, and audiologists	47	621340	187	47187	Williamson County, Tennessee	no	28.166666666666668	385.5	15940.666666666666
23420	62	Offices of physical, occupational and speech therapists, and audiologists	47	621340	189	47189	Wilson County, Tennessee	no	21.833333333333332	85.0	4111.166666666667
23421	62	Offices of physicians (except mental health specialists)	47	621111	1	47001	Anderson County, Tennessee	no	46.833333333333336	726.8333333333334	59045.5
23422	62	Offices of physicians (except mental health specialists)	47	621111	3	47003	Bedford County, Tennessee	no	28.5	161.0	7404.833333333333
23423	62	Offices of physicians (except mental health specialists)	47	621111	5	47005	Benton County, Tennessee	no	6.666666666666667	45.0	2202.5
23424	62	Offices of physicians (except mental health specialists)	47	621111	7	47007	Bledsoe County, Tennessee	no	4.0	14.0	336.0
23425	62	Offices of physicians (except mental health specialists)	47	621111	7	47007	Bledsoe County, Tennessee	yes	1.5	16.952518021131628	503.2637470787663
23426	62	Offices of physicians (except mental health specialists)	47	621111	9	47009	Blount County, Tennessee	no	58.5	700.8333333333334	73203.0
23427	62	Offices of physicians (except mental health specialists)	47	621111	11	47011	Bradley County, Tennessee	no	60.333333333333336	975.0	76018.0
23428	62	Offices of physicians (except mental health specialists)	47	621111	13	47013	Campbell County, Tennessee	no	19.0	142.5	8549.0
23429	62	Offices of physicians (except mental health specialists)	47	621111	15	47015	Cannon County, Tennessee	no	5.666666666666667	29.666666666666668	1137.6666666666667
23430	62	Offices of physicians (except mental health specialists)	47	621111	17	47017	Carroll County, Tennessee	no	10.333333333333334	338.5	13575.0
23431	62	Offices of physicians (except mental health specialists)	47	621111	19	47019	Carter County, Tennessee	no	23.4	132.6	8131.0
23432	62	Offices of physicians (except mental health specialists)	47	621111	19	47019	Carter County, Tennessee	yes	25.0	548.8461538461539	9815.76923076923
23433	62	Offices of physicians (except mental health specialists)	47	621111	21	47021	Cheatham County, Tennessee	no	9.666666666666666	84.83333333333333	4433.333333333333
23434	62	Offices of physicians (except mental health specialists)	47	621111	23	47023	Chester County, Tennessee	no	4.5	92.0	4295.833333333333
23435	62	Offices of physicians (except mental health specialists)	47	621111	25	47025	Claiborne County, Tennessee	no	15.5	138.0	5592.0
23436	62	Offices of physicians (except mental health specialists)	47	621111	27	47027	Clay County, Tennessee	yes	1.5	18.497451646305596	835.3907463782185
23437	62	Offices of physicians (except mental health specialists)	47	621111	29	47029	Cocke County, Tennessee	no	6.333333333333333	209.83333333333334	10993.5
23438	62	Offices of physicians (except mental health specialists)	47	621111	31	47031	Coffee County, Tennessee	no	72.66666666666667	484.1666666666667	26721.0
23439	62	Offices of physicians (except mental health specialists)	47	621111	33	47033	Crockett County, Tennessee	no	7.0	46.0	2308.1666666666665
23440	62	Offices of physicians (except mental health specialists)	47	621111	35	47035	Cumberland County, Tennessee	no	47.166666666666664	540.6666666666666	25243.833333333332
23441	62	Offices of physicians (except mental health specialists)	47	621111	37	47037	Davidson County, Tennessee	no	603.0	9931.666666666666	941049.3333333334
23442	62	Offices of physicians (except mental health specialists)	47	621111	39	47039	Decatur County, Tennessee	no	6.333333333333333	27.833333333333332	1125.1666666666667
23443	62	Offices of physicians (except mental health specialists)	47	621111	41	47041	DeKalb County, Tennessee	no	8.666666666666666	53.166666666666664	2613.8333333333335
23444	62	Offices of physicians (except mental health specialists)	47	621111	43	47043	Dickson County, Tennessee	no	30.166666666666668	394.0	27439.833333333332
23445	62	Offices of physicians (except mental health specialists)	47	621111	45	47045	Dyer County, Tennessee	no	32.666666666666664	341.5	22101.5
23446	62	Offices of physicians (except mental health specialists)	47	621111	47	47047	Fayette County, Tennessee	no	12.333333333333334	65.66666666666667	4294.0
23447	62	Offices of physicians (except mental health specialists)	47	621111	49	47049	Fentress County, Tennessee	no	11.333333333333334	109.66666666666667	6503.166666666667
23448	62	Offices of physicians (except mental health specialists)	47	621111	51	47051	Franklin County, Tennessee	no	25.666666666666668	248.0	13826.833333333334
23449	62	Offices of physicians (except mental health specialists)	47	621111	53	47053	Gibson County, Tennessee	no	19.166666666666668	150.16666666666666	7349.666666666667
23450	62	Offices of physicians (except mental health specialists)	47	621111	55	47055	Giles County, Tennessee	no	13.666666666666666	103.16666666666667	7600.5
23451	62	Offices of physicians (except mental health specialists)	47	621111	57	47057	Grainger County, Tennessee	no	3.5	12.0	369.0
23452	62	Offices of physicians (except mental health specialists)	47	621111	57	47057	Grainger County, Tennessee	yes	2.0	24.560056209460367	1105.9517921916654
23453	62	Offices of physicians (except mental health specialists)	47	621111	59	47059	Greene County, Tennessee	no	39.0	293.3333333333333	13992.166666666666
23454	62	Offices of physicians (except mental health specialists)	47	621111	61	47061	Grundy County, Tennessee	no	4.5	9.75	562.25
23455	62	Offices of physicians (except mental health specialists)	47	621111	61	47061	Grundy County, Tennessee	yes	4.5	78.88461538461539	1750.64358974359
23456	62	Offices of physicians (except mental health specialists)	47	621111	63	47063	Hamblen County, Tennessee	no	47.833333333333336	499.1666666666667	32448.666666666668
23457	62	Offices of physicians (except mental health specialists)	47	621111	65	47065	Hamilton County, Tennessee	no	310.5	4543.5	387808.0
23458	62	Offices of physicians (except mental health specialists)	47	621111	69	47069	Hardeman County, Tennessee	no	9.0	62.833333333333336	2533.0
23459	62	Offices of physicians (except mental health specialists)	47	621111	71	47071	Hardin County, Tennessee	no	11.666666666666666	102.5	5430.833333333333
23460	62	Offices of physicians (except mental health specialists)	47	621111	73	47073	Hawkins County, Tennessee	no	6.6	41.2	3661.4
23461	62	Offices of physicians (except mental health specialists)	47	621111	73	47073	Hawkins County, Tennessee	yes	6.0	72.0	2307.2
23462	62	Offices of physicians (except mental health specialists)	47	621111	75	47075	Haywood County, Tennessee	no	5.5	65.0	3552.6666666666665
23463	62	Offices of physicians (except mental health specialists)	47	621111	77	47077	Henderson County, Tennessee	no	13.333333333333334	61.333333333333336	3064.6666666666665
23464	62	Offices of physicians (except mental health specialists)	47	621111	77	47077	Henderson County, Tennessee	yes	11.0	184.95272045028142	4565.7805711903275
23465	62	Offices of physicians (except mental health specialists)	47	621111	79	47079	Henry County, Tennessee	no	18.333333333333332	171.16666666666666	8695.0
23466	62	Offices of physicians (except mental health specialists)	47	621111	81	47081	Hickman County, Tennessee	yes	3.8	47.049106623198206	2007.9318533859969
23467	62	Offices of physicians (except mental health specialists)	47	621111	83	47083	Houston County, Tennessee	no	3.0	50.0	2707.0
23468	62	Offices of physicians (except mental health specialists)	47	621111	83	47083	Houston County, Tennessee	yes	2.0	26.243166918787807	1071.9809459484543
23469	62	Offices of physicians (except mental health specialists)	47	621111	85	47085	Humphreys County, Tennessee	no	10.333333333333334	51.5	1197.1666666666667
23470	62	Offices of physicians (except mental health specialists)	47	621111	87	47087	Jackson County, Tennessee	yes	1.8333333333333333	22.210331406682144	956.0567711963614
23471	62	Offices of physicians (except mental health specialists)	47	621111	89	47089	Jefferson County, Tennessee	no	14.5	155.25	8543.5
23472	62	Offices of physicians (except mental health specialists)	47	621111	89	47089	Jefferson County, Tennessee	yes	15.5	224.14634146341461	6670.147967479675
23473	62	Offices of physicians (except mental health specialists)	47	621111	91	47091	Johnson County, Tennessee	no	6.166666666666667	23.0	692.8333333333334
23474	62	Offices of physicians (except mental health specialists)	47	621111	93	47093	Knox County, Tennessee	no	438.0	6671.166666666667	541509.5
23475	62	Offices of physicians (except mental health specialists)	47	621111	95	47095	Lake County, Tennessee	yes	1.5	20.306507002179163	696.8521027240159
23476	62	Offices of physicians (except mental health specialists)	47	621111	97	47097	Lauderdale County, Tennessee	no	6.666666666666667	83.0	5243.0
23477	62	Offices of physicians (except mental health specialists)	47	621111	99	47099	Lawrence County, Tennessee	no	21.333333333333332	186.66666666666666	10070.833333333334
23478	62	Offices of physicians (except mental health specialists)	47	621111	101	47101	Lewis County, Tennessee	no	4.8	18.0	795.4
23479	62	Offices of physicians (except mental health specialists)	47	621111	101	47101	Lewis County, Tennessee	yes	5.0	109.76923076923077	1963.1538461538462
23480	62	Offices of physicians (except mental health specialists)	47	621111	103	47103	Lincoln County, Tennessee	no	10.166666666666666	118.16666666666667	4271.833333333333
23481	62	Offices of physicians (except mental health specialists)	47	621111	105	47105	Loudon County, Tennessee	no	28.666666666666668	210.16666666666666	12755.833333333334
23482	62	Offices of physicians (except mental health specialists)	47	621111	107	47107	McMinn County, Tennessee	no	28.166666666666668	270.6666666666667	13918.833333333334
23483	62	Offices of physicians (except mental health specialists)	47	621111	109	47109	McNairy County, Tennessee	no	11.166666666666666	102.5	4242.833333333333
23484	62	Offices of physicians (except mental health specialists)	47	621111	111	47111	Macon County, Tennessee	no	6.666666666666667	44.0	1583.8333333333333
23485	62	Offices of physicians (except mental health specialists)	47	621111	113	47113	Madison County, Tennessee	no	97.16666666666667	1886.0	164283.66666666666
23486	62	Offices of physicians (except mental health specialists)	47	621111	115	47115	Marion County, Tennessee	no	18.5	94.83333333333333	4741.0
23487	62	Offices of physicians (except mental health specialists)	47	621111	117	47117	Marshall County, Tennessee	no	8.0	47.833333333333336	2450.8333333333335
23488	62	Offices of physicians (except mental health specialists)	47	621111	119	47119	Maury County, Tennessee	no	56.5	761.5	57596.0
23489	62	Offices of physicians (except mental health specialists)	47	621111	121	47121	Meigs County, Tennessee	yes	1.0	12.280028104730183	552.9758960958327
23490	62	Offices of physicians (except mental health specialists)	47	621111	123	47123	Monroe County, Tennessee	no	14.0	135.33333333333334	6100.0
23491	62	Offices of physicians (except mental health specialists)	47	621111	125	47125	Montgomery County, Tennessee	no	76.0	850.3333333333334	49746.833333333336
23492	62	Offices of physicians (except mental health specialists)	47	621111	127	47127	Moore County, Tennessee	yes	1.0	12.224022483784148	519.2873835433328
23493	62	Offices of physicians (except mental health specialists)	47	621111	129	47129	Morgan County, Tennessee	no	4.0	12.666666666666666	413.0
23494	62	Offices of physicians (except mental health specialists)	47	621111	129	47129	Morgan County, Tennessee	yes	3.3333333333333335	57.75959974984365	1376.0898061288306
23495	62	Offices of physicians (except mental health specialists)	47	621111	131	47131	Obion County, Tennessee	no	19.833333333333332	126.33333333333333	6223.833333333333
23496	62	Offices of physicians (except mental health specialists)	47	621111	133	47133	Overton County, Tennessee	no	9.833333333333334	86.66666666666667	4346.666666666667
23497	62	Offices of physicians (except mental health specialists)	47	621111	135	47135	Perry County, Tennessee	no	4.833333333333333	31.166666666666668	853.8333333333334
23498	62	Offices of physicians (except mental health specialists)	47	621111	139	47139	Polk County, Tennessee	no	4.333333333333333	24.833333333333332	1668.0
23499	62	Offices of physicians (except mental health specialists)	47	621111	141	47141	Putnam County, Tennessee	no	73.16666666666667	768.0	40937.666666666664
23500	62	Offices of physicians (except mental health specialists)	47	621111	143	47143	Rhea County, Tennessee	no	12.333333333333334	82.5	3625.1666666666665
23501	62	Offices of physicians (except mental health specialists)	47	621111	145	47145	Roane County, Tennessee	no	20.666666666666668	124.16666666666667	6868.0
23502	62	Offices of physicians (except mental health specialists)	47	621111	147	47147	Robertson County, Tennessee	no	39.333333333333336	265.5	17821.333333333332
23503	62	Offices of physicians (except mental health specialists)	47	621111	149	47149	Rutherford County, Tennessee	no	162.66666666666666	2113.1666666666665	147089.16666666666
23504	62	Offices of physicians (except mental health specialists)	47	621111	151	47151	Scott County, Tennessee	no	7.5	81.83333333333333	3094.3333333333335
23505	62	Offices of physicians (except mental health specialists)	47	621111	153	47153	Sequatchie County, Tennessee	no	6.666666666666667	22.833333333333332	736.6666666666666
23506	62	Offices of physicians (except mental health specialists)	47	621111	155	47155	Sevier County, Tennessee	no	44.333333333333336	356.8333333333333	16628.0
23507	62	Offices of physicians (except mental health specialists)	47	621111	157	47157	Shelby County, Tennessee	no	621.6666666666666	9996.333333333334	880472.8333333334
23508	62	Offices of physicians (except mental health specialists)	47	621111	159	47159	Smith County, Tennessee	no	9.0	68.5	2181.1666666666665
23509	62	Offices of physicians (except mental health specialists)	47	621111	161	47161	Stewart County, Tennessee	no	3.0	38.166666666666664	2889.3333333333335
23510	62	Offices of physicians (except mental health specialists)	47	621111	163	47163	Sullivan County, Tennessee	no	164.66666666666666	2595.0	222056.0
23511	62	Offices of physicians (except mental health specialists)	47	621111	165	47165	Sumner County, Tennessee	no	106.33333333333333	1450.1666666666667	119871.5
23512	62	Offices of physicians (except mental health specialists)	47	621111	167	47167	Tipton County, Tennessee	no	27.833333333333332	206.0	8547.666666666666
23513	62	Offices of physicians (except mental health specialists)	47	621111	169	47169	Trousdale County, Tennessee	no	6.333333333333333	21.166666666666668	522.5
23514	62	Offices of physicians (except mental health specialists)	47	621111	171	47171	Unicoi County, Tennessee	no	9.0	61.5	1959.8333333333333
23515	62	Offices of physicians (except mental health specialists)	47	621111	173	47173	Union County, Tennessee	no	4.166666666666667	25.833333333333332	953.3333333333334
23516	62	Offices of physicians (except mental health specialists)	47	621111	177	47177	Warren County, Tennessee	no	32.333333333333336	237.0	12109.333333333334
23517	62	Offices of physicians (except mental health specialists)	47	621111	179	47179	Washington County, Tennessee	no	111.33333333333333	3415.8333333333335	310575.8333333333
23518	62	Offices of physicians (except mental health specialists)	47	621111	181	47181	Wayne County, Tennessee	no	7.0	140.5	8162.333333333333
23519	62	Offices of physicians (except mental health specialists)	47	621111	183	47183	Weakley County, Tennessee	no	16.333333333333332	167.0	9200.833333333334
23520	62	Offices of physicians (except mental health specialists)	47	621111	185	47185	White County, Tennessee	no	13.333333333333334	82.5	5840.5
23521	62	Offices of physicians (except mental health specialists)	47	621111	187	47187	Williamson County, Tennessee	no	220.16666666666666	2759.0	244518.66666666666
23522	62	Offices of physicians (except mental health specialists)	47	621111	189	47189	Wilson County, Tennessee	no	74.16666666666667	626.6666666666666	42600.166666666664
23523	62	Offices of physicians, mental health specialists	47	621112	1	47001	Anderson County, Tennessee	yes	3.0	12.234867895351508	458.3221970896647
23524	62	Offices of physicians, mental health specialists	47	621112	3	47003	Bedford County, Tennessee	yes	1.0	4.372530872809444	141.14941553829638
23525	62	Offices of physicians, mental health specialists	47	621112	9	47009	Blount County, Tennessee	yes	1.6666666666666667	6.7714279316329735	274.06167044025716
23526	62	Offices of physicians, mental health specialists	47	621112	11	47011	Bradley County, Tennessee	yes	1.8333333333333333	7.48464507895222	265.14778940992613
23527	62	Offices of physicians, mental health specialists	47	621112	17	47017	Carroll County, Tennessee	yes	1.0	3.4898061497326203	176.02336601307192
23528	62	Offices of physicians, mental health specialists	47	621112	25	47025	Claiborne County, Tennessee	yes	1.4	5.528480545823345	224.85296737660582
23529	62	Offices of physicians, mental health specialists	47	621112	31	47031	Coffee County, Tennessee	yes	1.0	4.372530872809444	141.14941553829638
23530	62	Offices of physicians, mental health specialists	47	621112	37	47037	Davidson County, Tennessee	no	32.4	176.2	12522.6
23531	62	Offices of physicians, mental health specialists	47	621112	37	47037	Davidson County, Tennessee	yes	31.0	179.47368421052633	3762.421052631579
23532	62	Offices of physicians, mental health specialists	47	621112	47	47047	Fayette County, Tennessee	yes	1.0	2.413793103448276	94.55172413793103
23533	62	Offices of physicians, mental health specialists	47	621112	51	47051	Franklin County, Tennessee	yes	1.0	3.5983455882352944	199.36838235294118
23534	62	Offices of physicians, mental health specialists	47	621112	53	47053	Gibson County, Tennessee	yes	1.0	4.372530872809444	141.14941553829638
23535	62	Offices of physicians, mental health specialists	47	621112	55	47055	Giles County, Tennessee	yes	1.0	4.372530872809444	141.14941553829638
23536	62	Offices of physicians, mental health specialists	47	621112	59	47059	Greene County, Tennessee	yes	1.0	5.417613636363637	116.11979166666667
23537	62	Offices of physicians, mental health specialists	47	621112	63	47063	Hamblen County, Tennessee	yes	1.0	4.372530872809444	141.14941553829638
23538	62	Offices of physicians, mental health specialists	47	621112	65	47065	Hamilton County, Tennessee	no	11.333333333333334	51.333333333333336	2224.6666666666665
23539	62	Offices of physicians, mental health specialists	47	621112	79	47079	Henry County, Tennessee	yes	1.6666666666666667	7.545613216207123	215.84270362561242
23540	62	Offices of physicians, mental health specialists	47	621112	93	47093	Knox County, Tennessee	no	21.0	59.5	3632.6666666666665
23541	62	Offices of physicians, mental health specialists	47	621112	105	47105	Loudon County, Tennessee	yes	1.0	7.5625	102.90625
23542	62	Offices of physicians, mental health specialists	47	621112	109	47109	McNairy County, Tennessee	yes	1.0	5.417613636363637	116.11979166666667
23543	62	Offices of physicians, mental health specialists	47	621112	113	47113	Madison County, Tennessee	no	3.0	3.3333333333333335	345.3333333333333
23544	62	Offices of physicians, mental health specialists	47	621112	113	47113	Madison County, Tennessee	yes	2.3333333333333335	8.070521390374331	395.15784313725493
23545	62	Offices of physicians, mental health specialists	47	621112	119	47119	Maury County, Tennessee	yes	1.0	4.372530872809444	141.14941553829638
23546	62	Offices of physicians, mental health specialists	47	621112	125	47125	Montgomery County, Tennessee	yes	2.0	9.0405661315838	279.2218025678208
23547	62	Offices of physicians, mental health specialists	47	621112	131	47131	Obion County, Tennessee	yes	1.75	7.125334224598931	289.76161151960787
23548	62	Offices of physicians, mental health specialists	47	621112	139	47139	Polk County, Tennessee	yes	1.0	4.372530872809444	141.14941553829638
23549	62	Offices of physicians, mental health specialists	47	621112	141	47141	Putnam County, Tennessee	yes	1.0	4.372530872809444	141.14941553829638
23550	62	Offices of physicians, mental health specialists	47	621112	145	47145	Roane County, Tennessee	yes	1.0	4.372530872809444	141.14941553829638
23551	62	Offices of physicians, mental health specialists	47	621112	147	47147	Robertson County, Tennessee	yes	1.0	3.2208028881615345	155.6554555442867
23552	62	Offices of physicians, mental health specialists	47	621112	149	47149	Rutherford County, Tennessee	no	5.166666666666667	10.166666666666666	585.3333333333334
23553	62	Offices of physicians, mental health specialists	47	621112	157	47157	Shelby County, Tennessee	no	34.833333333333336	70.33333333333333	5482.833333333333
23554	62	Offices of physicians, mental health specialists	47	621112	163	47163	Sullivan County, Tennessee	no	4.0	12.5	391.1666666666667
23555	62	Offices of physicians, mental health specialists	47	621112	165	47165	Sumner County, Tennessee	no	4.666666666666667	4.333333333333333	294.3333333333333
23556	62	Offices of physicians, mental health specialists	47	621112	165	47165	Sumner County, Tennessee	yes	3.0	15.765766787658803	318.8263951905626
23557	62	Offices of physicians, mental health specialists	47	621112	177	47177	Warren County, Tennessee	yes	1.0	4.372530872809444	141.14941553829638
23558	62	Offices of physicians, mental health specialists	47	621112	179	47179	Washington County, Tennessee	no	3.6666666666666665	6.5	346.0
23559	62	Offices of physicians, mental health specialists	47	621112	181	47181	Wayne County, Tennessee	yes	1.0	7.5625	102.90625
23560	62	Offices of physicians, mental health specialists	47	621112	187	47187	Williamson County, Tennessee	no	10.333333333333334	59.5	3842.3333333333335
23561	62	Offices of physicians, mental health specialists	47	621112	189	47189	Wilson County, Tennessee	yes	3.5	16.164678151618677	475.25849376653264
23562	62	Offices of podiatrists	47	621391	1	47001	Anderson County, Tennessee	no	3.0	5.5	275.25
23563	62	Offices of podiatrists	47	621391	1	47001	Anderson County, Tennessee	yes	2.0	10.665017318159325	246.4750123701138
23564	62	Offices of podiatrists	47	621391	3	47003	Bedford County, Tennessee	yes	2.0	9.149347342671101	285.0541978403699
23565	62	Offices of podiatrists	47	621391	9	47009	Blount County, Tennessee	yes	2.25	11.00127329813491	282.88378453398184
23566	62	Offices of podiatrists	47	621391	11	47011	Bradley County, Tennessee	no	3.0	8.0	487.2
23567	62	Offices of podiatrists	47	621391	11	47011	Bradley County, Tennessee	yes	2.0	11.702127659574467	233.7872340425532
23568	62	Offices of podiatrists	47	621391	19	47019	Carter County, Tennessee	yes	1.0	4.5746736713355505	142.52709892018495
23569	62	Offices of podiatrists	47	621391	31	47031	Coffee County, Tennessee	yes	2.0	9.149347342671101	285.0541978403699
23570	62	Offices of podiatrists	47	621391	35	47035	Cumberland County, Tennessee	yes	2.0	9.149347342671101	285.0541978403699
23571	62	Offices of podiatrists	47	621391	37	47037	Davidson County, Tennessee	no	18.333333333333332	78.16666666666667	3854.8333333333335
23572	62	Offices of podiatrists	47	621391	43	47043	Dickson County, Tennessee	yes	1.0	4.5746736713355505	142.52709892018495
23573	62	Offices of podiatrists	47	621391	45	47045	Dyer County, Tennessee	yes	2.0	9.149347342671101	285.0541978403699
23574	62	Offices of podiatrists	47	621391	51	47051	Franklin County, Tennessee	yes	1.0	4.5746736713355505	142.52709892018495
23575	62	Offices of podiatrists	47	621391	53	47053	Gibson County, Tennessee	no	3.0	9.666666666666666	195.0
23576	62	Offices of podiatrists	47	621391	53	47053	Gibson County, Tennessee	yes	3.0	15.10404170840323	371.4018416384065
23577	62	Offices of podiatrists	47	621391	63	47063	Hamblen County, Tennessee	yes	1.6666666666666667	7.754176118231585	227.0805590130725
23578	62	Offices of podiatrists	47	621391	65	47065	Hamilton County, Tennessee	no	11.833333333333334	48.166666666666664	2512.0
23579	62	Offices of podiatrists	47	621391	69	47069	Hardeman County, Tennessee	yes	1.0	4.5746736713355505	142.52709892018495
23580	62	Offices of podiatrists	47	621391	71	47071	Hardin County, Tennessee	yes	2.0	9.149347342671101	285.0541978403699
23581	62	Offices of podiatrists	47	621391	77	47077	Henderson County, Tennessee	yes	1.0	4.5746736713355505	142.52709892018495
23582	62	Offices of podiatrists	47	621391	93	47093	Knox County, Tennessee	no	10.333333333333334	55.166666666666664	3580.1666666666665
23583	62	Offices of podiatrists	47	621391	105	47105	Loudon County, Tennessee	yes	1.0	4.5746736713355505	142.52709892018495
23584	62	Offices of podiatrists	47	621391	107	47107	McMinn County, Tennessee	yes	1.5	7.092013956069422	204.42740585991933
23585	62	Offices of podiatrists	47	621391	113	47113	Madison County, Tennessee	no	3.0	13.0	521.0
23586	62	Offices of podiatrists	47	621391	113	47113	Madison County, Tennessee	yes	2.0	9.538507340688101	253.66038027866273
23587	62	Offices of podiatrists	47	621391	117	47117	Marshall County, Tennessee	yes	1.0	4.7692536703440505	126.83019013933136
23588	62	Offices of podiatrists	47	621391	119	47119	Maury County, Tennessee	no	3.0	5.75	201.5
23589	62	Offices of podiatrists	47	621391	119	47119	Maury County, Tennessee	yes	2.0	8.371027346637103	347.8418329637842
23590	62	Offices of podiatrists	47	621391	125	47125	Montgomery County, Tennessee	no	3.0	17.666666666666668	485.3333333333333
23591	62	Offices of podiatrists	47	621391	131	47131	Obion County, Tennessee	yes	1.0	4.5746736713355505	142.52709892018495
23592	62	Offices of podiatrists	47	621391	141	47141	Putnam County, Tennessee	yes	2.0	9.149347342671101	285.0541978403699
23593	62	Offices of podiatrists	47	621391	143	47143	Rhea County, Tennessee	yes	1.0	4.5746736713355505	142.52709892018495
23594	62	Offices of podiatrists	47	621391	145	47145	Roane County, Tennessee	yes	1.0	4.5746736713355505	142.52709892018495
23595	62	Offices of podiatrists	47	621391	147	47147	Robertson County, Tennessee	yes	1.0	4.5746736713355505	142.52709892018495
23596	62	Offices of podiatrists	47	621391	149	47149	Rutherford County, Tennessee	no	6.833333333333333	41.666666666666664	1915.5
23597	62	Offices of podiatrists	47	621391	151	47151	Scott County, Tennessee	yes	1.0	4.5746736713355505	142.52709892018495
23598	62	Offices of podiatrists	47	621391	155	47155	Sevier County, Tennessee	yes	1.0	4.5746736713355505	142.52709892018495
23599	62	Offices of podiatrists	47	621391	157	47157	Shelby County, Tennessee	no	23.166666666666668	104.66666666666667	5514.333333333333
23600	62	Offices of podiatrists	47	621391	163	47163	Sullivan County, Tennessee	no	4.0	18.166666666666668	584.3333333333334
23601	62	Offices of podiatrists	47	621391	165	47165	Sumner County, Tennessee	no	3.0	8.166666666666666	700.3333333333334
23602	62	Offices of podiatrists	47	621391	177	47177	Warren County, Tennessee	yes	1.0	4.5746736713355505	142.52709892018495
23603	62	Offices of podiatrists	47	621391	179	47179	Washington County, Tennessee	yes	2.0	9.149347342671101	285.0541978403699
23604	62	Offices of podiatrists	47	621391	185	47185	White County, Tennessee	yes	1.1666666666666667	5.549850976300089	162.00936842373105
23605	62	Offices of podiatrists	47	621391	187	47187	Williamson County, Tennessee	no	4.0	11.5	472.3333333333333
23606	62	Offices of podiatrists	47	621391	189	47189	Wilson County, Tennessee	yes	1.0	4.5746736713355505	142.52709892018495
23607	62	Other community housing services	47	624229	1	47001	Anderson County, Tennessee	no	3.0	21.0	527.0
23608	62	Other community housing services	47	624229	1	47001	Anderson County, Tennessee	yes	1.75	13.333561569834968	209.07375297112605
23609	62	Other community housing services	47	624229	3	47003	Bedford County, Tennessee	yes	1.0	7.20622146381714	140.85549955565514
23610	62	Other community housing services	47	624229	9	47009	Blount County, Tennessee	yes	1.0	7.20622146381714	140.85549955565514
23611	62	Other community housing services	47	624229	11	47011	Bradley County, Tennessee	yes	1.0	7.095084804199615	149.26469470488138
23612	62	Other community housing services	47	624229	13	47013	Campbell County, Tennessee	yes	1.3333333333333333	9.25125573768929	200.80516478760157
23613	62	Other community housing services	47	624229	17	47017	Carroll County, Tennessee	yes	2.0	14.41244292763428	281.7109991113103
23614	62	Other community housing services	47	624229	21	47021	Cheatham County, Tennessee	yes	1.0	7.20622146381714	140.85549955565514
23615	62	Other community housing services	47	624229	29	47029	Cocke County, Tennessee	yes	1.0	7.20622146381714	140.85549955565514
23616	62	Other community housing services	47	624229	31	47031	Coffee County, Tennessee	yes	1.0	7.20622146381714	140.85549955565514
23617	62	Other community housing services	47	624229	35	47035	Cumberland County, Tennessee	no	3.0	16.666666666666668	399.3333333333333
23618	62	Other community housing services	47	624229	35	47035	Cumberland County, Tennessee	yes	2.0	16.969952011812477	240.56642672572903
23619	62	Other community housing services	47	624229	37	47037	Davidson County, Tennessee	no	17.666666666666668	172.66666666666666	6475.333333333333
23620	62	Other community housing services	47	624229	45	47045	Dyer County, Tennessee	yes	2.0	14.41244292763428	281.7109991113103
23621	62	Other community housing services	47	624229	47	47047	Fayette County, Tennessee	yes	1.0	7.20622146381714	140.85549955565514
23622	62	Other community housing services	47	624229	53	47053	Gibson County, Tennessee	yes	1.0	7.20622146381714	140.85549955565514
23623	62	Other community housing services	47	624229	59	47059	Greene County, Tennessee	yes	2.0	14.41244292763428	281.7109991113103
23624	62	Other community housing services	47	624229	63	47063	Hamblen County, Tennessee	yes	1.0	7.20622146381714	140.85549955565514
23625	62	Other community housing services	47	624229	65	47065	Hamilton County, Tennessee	no	5.666666666666667	52.333333333333336	1444.0
23626	62	Other community housing services	47	624229	73	47073	Hawkins County, Tennessee	yes	1.0	7.20622146381714	140.85549955565514
23627	62	Other community housing services	47	624229	77	47077	Henderson County, Tennessee	yes	1.0	7.20622146381714	140.85549955565514
23628	62	Other community housing services	47	624229	79	47079	Henry County, Tennessee	yes	1.0	7.20622146381714	140.85549955565514
23629	62	Other community housing services	47	624229	89	47089	Jefferson County, Tennessee	yes	1.0	7.20622146381714	140.85549955565514
23630	62	Other community housing services	47	624229	93	47093	Knox County, Tennessee	no	5.333333333333333	53.5	3261.5
23631	62	Other community housing services	47	624229	99	47099	Lawrence County, Tennessee	yes	1.0	6.927465756580569	142.11159946678615
23632	62	Other community housing services	47	624229	101	47101	Lewis County, Tennessee	yes	1.0	8.6	134.57500000000002
23633	62	Other community housing services	47	624229	105	47105	Loudon County, Tennessee	yes	1.0	7.20622146381714	140.85549955565514
23634	62	Other community housing services	47	624229	107	47107	McMinn County, Tennessee	yes	1.8333333333333333	12.979109594300946	259.2818324446436
23635	62	Other community housing services	47	624229	109	47109	McNairy County, Tennessee	yes	2.0	14.41244292763428	281.7109991113103
23636	62	Other community housing services	47	624229	113	47113	Madison County, Tennessee	yes	1.0	8.427464008859358	113.13732004429679
23637	62	Other community housing services	47	624229	119	47119	Maury County, Tennessee	yes	1.0	5.9274669217280405	161.4277857484457
23638	62	Other community housing services	47	624229	123	47123	Monroe County, Tennessee	yes	1.0	7.20622146381714	140.85549955565514
23639	62	Other community housing services	47	624229	125	47125	Montgomery County, Tennessee	no	3.0	24.0	519.0
23640	62	Other community housing services	47	624229	125	47125	Montgomery County, Tennessee	yes	2.0	14.19016960839923	298.52938940976276
23641	62	Other community housing services	47	624229	131	47131	Obion County, Tennessee	yes	1.5	10.169954924681159	221.569392429878
23642	62	Other community housing services	47	624229	141	47141	Putnam County, Tennessee	yes	1.3333333333333333	9.25125573768929	200.80516478760157
23643	62	Other community housing services	47	624229	149	47149	Rutherford County, Tennessee	yes	2.1666666666666665	15.706093721285072	298.17925307956426
23644	62	Other community housing services	47	624229	151	47151	Scott County, Tennessee	yes	1.0	7.20622146381714	140.85549955565514
23645	62	Other community housing services	47	624229	157	47157	Shelby County, Tennessee	no	16.833333333333332	132.33333333333334	4577.5
23646	62	Other community housing services	47	624229	163	47163	Sullivan County, Tennessee	yes	1.3333333333333333	10.015376133436925	178.56793957042075
23647	62	Other community housing services	47	624229	165	47165	Sumner County, Tennessee	yes	1.0	7.20622146381714	140.85549955565514
23648	62	Other community housing services	47	624229	167	47167	Tipton County, Tennessee	yes	1.0	6.595600191296031	154.7145893113343
23649	62	Other community housing services	47	624229	169	47169	Trousdale County, Tennessee	yes	1.0	8.484976005906239	120.28321336286452
23650	62	Other community housing services	47	624229	179	47179	Washington County, Tennessee	no	5.5	44.833333333333336	2495.6666666666665
23651	62	Other community housing services	47	624229	187	47187	Williamson County, Tennessee	no	3.3333333333333335	23.833333333333332	881.6666666666666
23652	62	Other community housing services	47	624229	189	47189	Wilson County, Tennessee	yes	1.0	7.761904761904762	98.80952380952381
23653	62	Other individual and family services	47	624190	1	47001	Anderson County, Tennessee	no	9.5	40.5	1220.5
23654	62	Other individual and family services	47	624190	3	47003	Bedford County, Tennessee	yes	2.0	20.402662608759385	459.1797835895079
23655	62	Other individual and family services	47	624190	5	47005	Benton County, Tennessee	no	3.0	22.0	140.0
23656	62	Other individual and family services	47	624190	5	47005	Benton County, Tennessee	yes	3.25	36.070183843362656	731.8425037017753
23657	62	Other individual and family services	47	624190	9	47009	Blount County, Tennessee	no	7.333333333333333	50.0	1179.8333333333333
23658	62	Other individual and family services	47	624190	11	47011	Bradley County, Tennessee	no	3.0	7.333333333333333	193.66666666666666
23659	62	Other individual and family services	47	624190	11	47011	Bradley County, Tennessee	yes	2.3333333333333335	26.18102254526096	533.8538239995195
23660	62	Other individual and family services	47	624190	13	47013	Campbell County, Tennessee	yes	3.0	30.60399391313908	688.7696753842619
23661	62	Other individual and family services	47	624190	15	47015	Cannon County, Tennessee	yes	2.0	19.690130540267052	449.1118878792281
23662	62	Other individual and family services	47	624190	17	47017	Carroll County, Tennessee	yes	2.0	20.402662608759385	459.1797835895079
23663	62	Other individual and family services	47	624190	19	47019	Carter County, Tennessee	yes	1.8333333333333333	18.09410405020083	414.20681061653494
23664	62	Other individual and family services	47	624190	21	47021	Cheatham County, Tennessee	no	4.0	7.666666666666667	214.33333333333334
23665	62	Other individual and family services	47	624190	23	47023	Chester County, Tennessee	yes	1.0	10.201331304379693	229.58989179475395
23666	62	Other individual and family services	47	624190	25	47025	Claiborne County, Tennessee	yes	4.0	40.80532521751877	918.3595671790158
23667	62	Other individual and family services	47	624190	27	47027	Clay County, Tennessee	yes	1.0	10.201331304379693	229.58989179475395
23668	62	Other individual and family services	47	624190	29	47029	Cocke County, Tennessee	yes	4.0	40.80532521751877	918.3595671790158
23669	62	Other individual and family services	47	624190	31	47031	Coffee County, Tennessee	no	3.8	12.6	387.8
23670	62	Other individual and family services	47	624190	31	47031	Coffee County, Tennessee	yes	3.0	28.728476821192054	628.2913907284768
23671	62	Other individual and family services	47	624190	33	47033	Crockett County, Tennessee	no	3.0	9.666666666666666	206.66666666666666
23672	62	Other individual and family services	47	624190	33	47033	Crockett County, Tennessee	yes	2.0	22.988969565128503	464.0436694741331
23673	62	Other individual and family services	47	624190	35	47035	Cumberland County, Tennessee	no	6.666666666666667	38.0	929.8333333333334
23674	62	Other individual and family services	47	624190	37	47037	Davidson County, Tennessee	no	73.16666666666667	1157.0	36915.5
23675	62	Other individual and family services	47	624190	39	47039	Decatur County, Tennessee	no	3.0	6.666666666666667	127.66666666666667
23676	62	Other individual and family services	47	624190	39	47039	Decatur County, Tennessee	yes	2.3333333333333335	26.18102254526096	533.8538239995195
23677	62	Other individual and family services	47	624190	41	47041	DeKalb County, Tennessee	yes	1.0	10.201331304379693	229.58989179475395
23678	62	Other individual and family services	47	624190	43	47043	Dickson County, Tennessee	no	8.0	10.5	883.3333333333334
23679	62	Other individual and family services	47	624190	45	47045	Dyer County, Tennessee	no	4.5	22.5	856.3333333333334
23680	62	Other individual and family services	47	624190	47	47047	Fayette County, Tennessee	no	3.0	3.0	111.33333333333333
23681	62	Other individual and family services	47	624190	47	47047	Fayette County, Tennessee	yes	2.0	19.06242763858658	401.66459809506165
23682	62	Other individual and family services	47	624190	49	47049	Fentress County, Tennessee	yes	1.0	10.201331304379693	229.58989179475395
23683	62	Other individual and family services	47	624190	53	47053	Gibson County, Tennessee	no	4.25	2.5	537.25
23684	62	Other individual and family services	47	624190	53	47053	Gibson County, Tennessee	yes	2.0	18.762995017046944	505.20461578809335
23685	62	Other individual and family services	47	624190	55	47055	Giles County, Tennessee	yes	1.0	10.201331304379693	229.58989179475395
23686	62	Other individual and family services	47	624190	57	47057	Grainger County, Tennessee	yes	2.0	20.402662608759385	459.1797835895079
23687	62	Other individual and family services	47	624190	59	47059	Greene County, Tennessee	yes	2.0	20.402662608759385	459.1797835895079
23688	62	Other individual and family services	47	624190	63	47063	Hamblen County, Tennessee	no	11.166666666666666	294.8333333333333	5787.166666666667
23689	62	Other individual and family services	47	624190	65	47065	Hamilton County, Tennessee	no	38.0	295.3333333333333	8315.0
23690	62	Other individual and family services	47	624190	67	47067	Hancock County, Tennessee	no	3.0	8.0	148.66666666666666
23691	62	Other individual and family services	47	624190	67	47067	Hancock County, Tennessee	yes	3.0	34.48345434769276	696.0655042111997
23692	62	Other individual and family services	47	624190	69	47069	Hardeman County, Tennessee	yes	2.0	20.402662608759385	459.1797835895079
23693	62	Other individual and family services	47	624190	71	47071	Hardin County, Tennessee	yes	1.5	13.765921859007424	349.0272314803941
23694	62	Other individual and family services	47	624190	73	47073	Hawkins County, Tennessee	yes	1.5	14.655420217477259	343.1688662209747
23695	62	Other individual and family services	47	624190	75	47075	Haywood County, Tennessee	yes	1.0	10.201331304379693	229.58989179475395
23696	62	Other individual and family services	47	624190	77	47077	Henderson County, Tennessee	yes	1.0	10.201331304379693	229.58989179475395
23697	62	Other individual and family services	47	624190	79	47079	Henry County, Tennessee	no	7.0	42.333333333333336	1094.0
23698	62	Other individual and family services	47	624190	79	47079	Henry County, Tennessee	yes	5.333333333333333	60.66447689295372	1229.919328210719
23699	62	Other individual and family services	47	624190	83	47083	Houston County, Tennessee	yes	1.3333333333333333	14.352547205595597	310.69573190059407
23700	62	Other individual and family services	47	624190	85	47085	Humphreys County, Tennessee	yes	2.1666666666666665	24.251005498093622	507.81248937496747
23701	62	Other individual and family services	47	624190	87	47087	Jackson County, Tennessee	yes	1.1666666666666667	12.509889862938252	274.5628647677269
23702	62	Other individual and family services	47	624190	89	47089	Jefferson County, Tennessee	no	3.6666666666666665	11.0	449.8333333333333
23703	62	Other individual and family services	47	624190	91	47091	Johnson County, Tennessee	yes	1.0	10.201331304379693	229.58989179475395
23704	62	Other individual and family services	47	624190	93	47093	Knox County, Tennessee	no	30.0	745.5	17616.666666666668
23705	62	Other individual and family services	47	624190	95	47095	Lake County, Tennessee	yes	2.0	20.402662608759385	459.1797835895079
23706	62	Other individual and family services	47	624190	97	47097	Lauderdale County, Tennessee	yes	1.6666666666666667	16.251446707543483	378.0739434836678
23707	62	Other individual and family services	47	624190	99	47099	Lawrence County, Tennessee	yes	1.6666666666666667	16.251446707543483	378.0739434836678
23708	62	Other individual and family services	47	624190	103	47103	Lincoln County, Tennessee	yes	1.1666666666666667	11.528254381302771	258.9680969229591
23709	62	Other individual and family services	47	624190	105	47105	Loudon County, Tennessee	yes	2.0	20.402662608759385	459.1797835895079
23710	62	Other individual and family services	47	624190	107	47107	McMinn County, Tennessee	yes	2.0	20.402662608759385	459.1797835895079
23711	62	Other individual and family services	47	624190	109	47109	McNairy County, Tennessee	yes	2.0	20.402662608759385	459.1797835895079
23712	62	Other individual and family services	47	624190	113	47113	Madison County, Tennessee	no	7.333333333333333	79.33333333333333	2131.6666666666665
23713	62	Other individual and family services	47	624190	113	47113	Madison County, Tennessee	yes	6.333333333333333	72.15896167551797	1461.9411629477854
23714	62	Other individual and family services	47	624190	117	47117	Marshall County, Tennessee	yes	2.0	20.402662608759385	459.1797835895079
23715	62	Other individual and family services	47	624190	119	47119	Maury County, Tennessee	no	6.5	48.833333333333336	1801.5
23716	62	Other individual and family services	47	624190	121	47121	Meigs County, Tennessee	yes	1.0	10.201331304379693	229.58989179475395
23717	62	Other individual and family services	47	624190	123	47123	Monroe County, Tennessee	yes	3.3333333333333335	34.755209814354984	769.875515490102
23718	62	Other individual and family services	47	624190	125	47125	Montgomery County, Tennessee	no	6.666666666666667	113.16666666666667	4160.166666666667
23719	62	Other individual and family services	47	624190	129	47129	Morgan County, Tennessee	yes	2.0	20.402662608759385	459.1797835895079
23720	62	Other individual and family services	47	624190	131	47131	Obion County, Tennessee	yes	1.0	10.201331304379693	229.58989179475395
23721	62	Other individual and family services	47	624190	133	47133	Overton County, Tennessee	yes	1.8333333333333333	18.09410405020083	414.20681061653494
23722	62	Other individual and family services	47	624190	141	47141	Putnam County, Tennessee	no	7.333333333333333	99.0	3199.0
23723	62	Other individual and family services	47	624190	141	47141	Putnam County, Tennessee	yes	6.333333333333333	72.15896167551797	1461.9411629477854
23724	62	Other individual and family services	47	624190	143	47143	Rhea County, Tennessee	no	4.0	48.666666666666664	909.8333333333334
23725	62	Other individual and family services	47	624190	145	47145	Roane County, Tennessee	no	6.0	143.66666666666666	3089.3333333333335
23726	62	Other individual and family services	47	624190	145	47145	Roane County, Tennessee	yes	5.333333333333333	60.66447689295372	1229.919328210719
23727	62	Other individual and family services	47	624190	147	47147	Robertson County, Tennessee	no	4.0	16.666666666666668	275.0
23728	62	Other individual and family services	47	624190	149	47149	Rutherford County, Tennessee	no	11.4	43.8	1665.4
23729	62	Other individual and family services	47	624190	149	47149	Rutherford County, Tennessee	yes	13.0	180.06756756756758	3507.891891891892
23730	62	Other individual and family services	47	624190	151	47151	Scott County, Tennessee	yes	3.0	30.60399391313908	688.7696753842619
23731	62	Other individual and family services	47	624190	153	47153	Sequatchie County, Tennessee	yes	1.0	10.201331304379693	229.58989179475395
23732	62	Other individual and family services	47	624190	155	47155	Sevier County, Tennessee	no	4.5	108.75	2924.25
23733	62	Other individual and family services	47	624190	155	47155	Sevier County, Tennessee	yes	3.5	44.28661878661879	864.87147987148
23734	62	Other individual and family services	47	624190	157	47157	Shelby County, Tennessee	no	51.0	871.0	27180.0
23735	62	Other individual and family services	47	624190	159	47159	Smith County, Tennessee	yes	1.0	10.201331304379693	229.58989179475395
23736	62	Other individual and family services	47	624190	161	47161	Stewart County, Tennessee	yes	1.3333333333333333	14.352547205595597	310.69573190059407
23737	62	Other individual and family services	47	624190	163	47163	Sullivan County, Tennessee	no	10.0	106.0	3763.3333333333335
23738	62	Other individual and family services	47	624190	163	47163	Sullivan County, Tennessee	yes	7.0	79.96813177276753	1621.6972634191177
23739	62	Other individual and family services	47	624190	165	47165	Sumner County, Tennessee	no	5.666666666666667	19.666666666666668	538.8333333333334
23740	62	Other individual and family services	47	624190	167	47167	Tipton County, Tennessee	no	4.833333333333333	56.166666666666664	2142.6666666666665
23741	62	Other individual and family services	47	624190	169	47169	Trousdale County, Tennessee	yes	1.0	10.201331304379693	229.58989179475395
23742	62	Other individual and family services	47	624190	171	47171	Unicoi County, Tennessee	yes	1.0	13.851351351351353	269.83783783783787
23743	62	Other individual and family services	47	624190	173	47173	Union County, Tennessee	yes	1.0	10.201331304379693	229.58989179475395
23744	62	Other individual and family services	47	624190	177	47177	Warren County, Tennessee	no	4.0	7.0	127.0
23745	62	Other individual and family services	47	624190	177	47177	Warren County, Tennessee	yes	2.2	23.50976855708469	523.8674885591578
23746	62	Other individual and family services	47	624190	179	47179	Washington County, Tennessee	no	8.75	122.75	3685.5
23747	62	Other individual and family services	47	624190	179	47179	Washington County, Tennessee	yes	9.0	92.84446348353633	1918.0244986801279
23748	62	Other individual and family services	47	624190	181	47181	Wayne County, Tennessee	yes	1.0	8.908177826195136	227.15794885244136
23749	62	Other individual and family services	47	624190	183	47183	Weakley County, Tennessee	no	3.0	24.4	873.6
23750	62	Other individual and family services	47	624190	183	47183	Weakley County, Tennessee	yes	3.0	41.554054054054056	809.5135135135135
23751	62	Other individual and family services	47	624190	185	47185	White County, Tennessee	yes	1.0	10.201331304379693	229.58989179475395
23752	62	Other individual and family services	47	624190	187	47187	Williamson County, Tennessee	no	16.0	87.66666666666667	3025.0
23753	62	Other individual and family services	47	624190	187	47187	Williamson County, Tennessee	yes	12.0	136.01549154860413	2761.670645683891
23754	62	Other individual and family services	47	624190	189	47189	Wilson County, Tennessee	no	5.5	20.25	1008.0
23755	62	Other individual and family services	47	624190	189	47189	Wilson County, Tennessee	yes	4.0	37.52599003409389	1010.4092315761867
23756	62	Other residential care facilities	47	623990	3	47003	Bedford County, Tennessee	no	3.0	16.6	507.8
23757	62	Other residential care facilities	47	623990	3	47003	Bedford County, Tennessee	yes	3.0	64.71428571428571	1483.5428571428572
23758	62	Other residential care facilities	47	623990	9	47009	Blount County, Tennessee	yes	1.6	47.56193659825239	1114.8183790557475
23759	62	Other residential care facilities	47	623990	11	47011	Bradley County, Tennessee	yes	2.3333333333333335	70.05314556194773	1712.5684806922557
23760	62	Other residential care facilities	47	623990	19	47019	Carter County, Tennessee	yes	1.0	30.558318812719904	757.4774943143817
23761	62	Other residential care facilities	47	623990	23	47023	Chester County, Tennessee	yes	1.0	30.558318812719904	757.4774943143817
23762	62	Other residential care facilities	47	623990	35	47035	Cumberland County, Tennessee	yes	1.0	30.558318812719904	757.4774943143817
23763	62	Other residential care facilities	47	623990	37	47037	Davidson County, Tennessee	no	12.666666666666666	342.8333333333333	9866.5
23764	62	Other residential care facilities	47	623990	57	47057	Grainger County, Tennessee	yes	1.0	30.558318812719904	757.4774943143817
23765	62	Other residential care facilities	47	623990	59	47059	Greene County, Tennessee	no	6.0	238.0	5234.4
23766	62	Other residential care facilities	47	623990	59	47059	Greene County, Tennessee	yes	6.0	129.42857142857142	2967.0857142857144
23767	62	Other residential care facilities	47	623990	65	47065	Hamilton County, Tennessee	no	4.833333333333333	92.66666666666667	2459.6666666666665
23768	62	Other residential care facilities	47	623990	71	47071	Hardin County, Tennessee	yes	1.0	30.558318812719904	757.4774943143817
23769	62	Other residential care facilities	47	623990	85	47085	Humphreys County, Tennessee	yes	1.0	30.558318812719904	757.4774943143817
23770	62	Other residential care facilities	47	623990	93	47093	Knox County, Tennessee	no	5.75	204.5	5792.5
23771	62	Other residential care facilities	47	623990	93	47093	Knox County, Tennessee	yes	6.5	207.59909909909908	4795.002252252252
23772	62	Other residential care facilities	47	623990	99	47099	Lawrence County, Tennessee	yes	1.0	30.558318812719904	757.4774943143817
23773	62	Other residential care facilities	47	623990	111	47111	Macon County, Tennessee	yes	1.0	32.43271631431795	839.7960033763346
23774	62	Other residential care facilities	47	623990	115	47115	Marion County, Tennessee	yes	1.0	30.558318812719904	757.4774943143817
23775	62	Other residential care facilities	47	623990	117	47117	Marshall County, Tennessee	yes	1.0	30.558318812719904	757.4774943143817
23776	62	Other residential care facilities	47	623990	119	47119	Maury County, Tennessee	no	3.0	101.0	2050.0
23777	62	Other residential care facilities	47	623990	119	47119	Maury County, Tennessee	yes	2.2	71.12091753148016	1758.3736054021356
23778	62	Other residential care facilities	47	623990	125	47125	Montgomery County, Tennessee	yes	1.0	30.558318812719904	757.4774943143817
23779	62	Other residential care facilities	47	623990	129	47129	Morgan County, Tennessee	yes	1.0	29.159188745395642	706.3186537522745
23780	62	Other residential care facilities	47	623990	131	47131	Obion County, Tennessee	yes	1.0	30.558318812719904	757.4774943143817
23781	62	Other residential care facilities	47	623990	135	47135	Perry County, Tennessee	yes	1.0	32.35569686097817	810.070136034401
23782	62	Other residential care facilities	47	623990	141	47141	Putnam County, Tennessee	yes	2.0	61.11663762543981	1514.9549886287634
23783	62	Other residential care facilities	47	623990	145	47145	Roane County, Tennessee	yes	1.0	21.57142857142857	494.5142857142857
23784	62	Other residential care facilities	47	623990	149	47149	Rutherford County, Tennessee	yes	1.5	44.796628551029634	1087.0864818733692
23785	62	Other residential care facilities	47	623990	155	47155	Sevier County, Tennessee	yes	1.0	30.558318812719904	757.4774943143817
23786	62	Other residential care facilities	47	623990	157	47157	Shelby County, Tennessee	no	9.833333333333334	333.0	10126.5
23787	62	Other residential care facilities	47	623990	163	47163	Sullivan County, Tennessee	no	6.666666666666667	129.0	3299.8333333333335
23788	62	Other residential care facilities	47	623990	165	47165	Sumner County, Tennessee	yes	1.0	33.35657894736842	859.7951754385965
23789	62	Other residential care facilities	47	623990	167	47167	Tipton County, Tennessee	yes	1.0	33.35657894736842	859.7951754385965
23790	62	Other residential care facilities	47	623990	179	47179	Washington County, Tennessee	yes	1.0	33.35657894736842	859.7951754385965
23791	62	Other residential care facilities	47	623990	181	47181	Wayne County, Tennessee	yes	1.0	30.558318812719904	757.4774943143817
23792	62	Other residential care facilities	47	623990	187	47187	Williamson County, Tennessee	no	4.0	0.0	1567.0
23793	62	Other residential care facilities	47	623990	187	47187	Williamson County, Tennessee	yes	2.4	76.79135123456356	1880.607601085659
23794	62	Other residential care facilities	47	623990	189	47189	Wilson County, Tennessee	yes	2.8333333333333335	88.07971834292162	2190.013435324098
23795	62	Outpatient mental health and substance abuse centers	47	621420	1	47001	Anderson County, Tennessee	yes	2.8333333333333335	44.962910253431545	1512.054181411782
23796	62	Outpatient mental health and substance abuse centers	47	621420	3	47003	Bedford County, Tennessee	yes	1.6666666666666667	25.851825497086143	871.9653623108293
23797	62	Outpatient mental health and substance abuse centers	47	621420	9	47009	Blount County, Tennessee	yes	2.0	31.63036406679731	1043.2251874691613
23798	62	Outpatient mental health and substance abuse centers	47	621420	11	47011	Bradley County, Tennessee	no	5.0	49.333333333333336	2135.3333333333335
23799	62	Outpatient mental health and substance abuse centers	47	621420	11	47011	Bradley County, Tennessee	yes	3.3333333333333335	53.79039405916876	1660.5207330219189
23800	62	Outpatient mental health and substance abuse centers	47	621420	13	47013	Campbell County, Tennessee	yes	4.333333333333333	68.43547418663634	2276.9424272907017
23801	62	Outpatient mental health and substance abuse centers	47	621420	19	47019	Carter County, Tennessee	yes	1.0	15.815182033398655	521.6125937345806
23802	62	Outpatient mental health and substance abuse centers	47	621420	21	47021	Cheatham County, Tennessee	yes	1.0	15.960653970535393	496.6808120733022
23803	62	Outpatient mental health and substance abuse centers	47	621420	23	47023	Chester County, Tennessee	yes	1.0	15.815182033398655	521.6125937345806
23804	62	Outpatient mental health and substance abuse centers	47	621420	29	47029	Cocke County, Tennessee	yes	1.0	15.815182033398655	521.6125937345806
23805	62	Outpatient mental health and substance abuse centers	47	621420	31	47031	Coffee County, Tennessee	no	5.0	106.5	3628.3333333333335
23806	62	Outpatient mental health and substance abuse centers	47	621420	35	47035	Cumberland County, Tennessee	yes	2.1666666666666665	33.877277647044224	1120.51736853912
23807	62	Outpatient mental health and substance abuse centers	47	621420	37	47037	Davidson County, Tennessee	no	20.5	791.0	34350.0
23808	62	Outpatient mental health and substance abuse centers	47	621420	39	47039	Decatur County, Tennessee	yes	1.0	15.815182033398655	521.6125937345806
23809	62	Outpatient mental health and substance abuse centers	47	621420	43	47043	Dickson County, Tennessee	no	4.75	64.25	2572.75
23810	62	Outpatient mental health and substance abuse centers	47	621420	43	47043	Dickson County, Tennessee	yes	4.0	63.84261588214157	1986.7232482932088
23811	62	Outpatient mental health and substance abuse centers	47	621420	45	47045	Dyer County, Tennessee	yes	1.8333333333333333	28.925129907017695	960.2334519319714
23812	62	Outpatient mental health and substance abuse centers	47	621420	47	47047	Fayette County, Tennessee	yes	2.0	31.63036406679731	1043.2251874691613
23813	62	Outpatient mental health and substance abuse centers	47	621420	49	47049	Fentress County, Tennessee	yes	1.0	15.579459766881152	546.1211750125797
23814	62	Outpatient mental health and substance abuse centers	47	621420	51	47051	Franklin County, Tennessee	yes	1.0	15.815182033398655	521.6125937345806
23815	62	Outpatient mental health and substance abuse centers	47	621420	53	47053	Gibson County, Tennessee	yes	1.0	15.579459766881152	546.1211750125797
23816	62	Outpatient mental health and substance abuse centers	47	621420	55	47055	Giles County, Tennessee	yes	1.0	15.815182033398655	521.6125937345806
23817	62	Outpatient mental health and substance abuse centers	47	621420	59	47059	Greene County, Tennessee	no	5.0	83.0	2318.3333333333335
23818	62	Outpatient mental health and substance abuse centers	47	621420	59	47059	Greene County, Tennessee	yes	3.3333333333333335	53.1554677206851	1653.2238830997724
23819	62	Outpatient mental health and substance abuse centers	47	621420	61	47061	Grundy County, Tennessee	yes	1.0	15.408548595307488	488.7662809473745
23820	62	Outpatient mental health and substance abuse centers	47	621420	63	47063	Hamblen County, Tennessee	no	3.5	25.0	1003.1666666666666
23821	62	Outpatient mental health and substance abuse centers	47	621420	65	47065	Hamilton County, Tennessee	no	14.5	321.3333333333333	10128.666666666666
23822	62	Outpatient mental health and substance abuse centers	47	621420	67	47067	Hancock County, Tennessee	yes	1.6666666666666667	26.08754776360364	847.4567810328303
23823	62	Outpatient mental health and substance abuse centers	47	621420	69	47069	Hardeman County, Tennessee	yes	2.5	39.420093950237884	1316.285774975451
23824	62	Outpatient mental health and substance abuse centers	47	621420	71	47071	Hardin County, Tennessee	yes	3.0	47.44554610019596	1564.8377812037415
23825	62	Outpatient mental health and substance abuse centers	47	621420	73	47073	Hawkins County, Tennessee	yes	1.0	15.815182033398655	521.6125937345806
23826	62	Outpatient mental health and substance abuse centers	47	621420	75	47075	Haywood County, Tennessee	yes	1.0	15.815182033398655	521.6125937345806
23827	62	Outpatient mental health and substance abuse centers	47	621420	77	47077	Henderson County, Tennessee	yes	1.0	15.815182033398655	521.6125937345806
23828	62	Outpatient mental health and substance abuse centers	47	621420	79	47079	Henry County, Tennessee	yes	1.0	15.815182033398655	521.6125937345806
23829	62	Outpatient mental health and substance abuse centers	47	621420	81	47081	Hickman County, Tennessee	yes	1.0	15.815182033398655	521.6125937345806
23830	62	Outpatient mental health and substance abuse centers	47	621420	89	47089	Jefferson County, Tennessee	yes	1.3333333333333333	21.357998336592317	717.3810001709116
23831	62	Outpatient mental health and substance abuse centers	47	621420	91	47091	Johnson County, Tennessee	yes	1.0	15.815182033398655	521.6125937345806
23832	62	Outpatient mental health and substance abuse centers	47	621420	93	47093	Knox County, Tennessee	no	19.333333333333332	436.3333333333333	15995.333333333334
23833	62	Outpatient mental health and substance abuse centers	47	621420	97	47097	Lauderdale County, Tennessee	yes	1.0	15.815182033398655	521.6125937345806
23834	62	Outpatient mental health and substance abuse centers	47	621420	99	47099	Lawrence County, Tennessee	yes	1.5	23.60491191683923	794.6731812408703
23835	62	Outpatient mental health and substance abuse centers	47	621420	101	47101	Lewis County, Tennessee	yes	1.0	15.815182033398655	521.6125937345806
23836	62	Outpatient mental health and substance abuse centers	47	621420	103	47103	Lincoln County, Tennessee	yes	1.0	15.815182033398655	521.6125937345806
23837	62	Outpatient mental health and substance abuse centers	47	621420	105	47105	Loudon County, Tennessee	yes	1.0	15.815182033398655	521.6125937345806
23838	62	Outpatient mental health and substance abuse centers	47	621420	107	47107	McMinn County, Tennessee	no	4.333333333333333	52.666666666666664	1803.0
23839	62	Outpatient mental health and substance abuse centers	47	621420	107	47107	McMinn County, Tennessee	yes	2.6666666666666665	42.51503174032818	1322.103341717571
23840	62	Outpatient mental health and substance abuse centers	47	621420	109	47109	McNairy County, Tennessee	yes	1.0	15.815182033398655	521.6125937345806
23841	62	Outpatient mental health and substance abuse centers	47	621420	111	47111	Macon County, Tennessee	yes	1.0	15.815182033398655	521.6125937345806
23842	62	Outpatient mental health and substance abuse centers	47	621420	113	47113	Madison County, Tennessee	no	4.666666666666667	40.666666666666664	1312.0
23843	62	Outpatient mental health and substance abuse centers	47	621420	113	47113	Madison County, Tennessee	yes	4.0	64.20361719966463	1988.4160498263266
23844	62	Outpatient mental health and substance abuse centers	47	621420	115	47115	Marion County, Tennessee	yes	2.0	31.63036406679731	1043.2251874691613
23845	62	Outpatient mental health and substance abuse centers	47	621420	117	47117	Marshall County, Tennessee	yes	1.0	15.815182033398655	521.6125937345806
23846	62	Outpatient mental health and substance abuse centers	47	621420	119	47119	Maury County, Tennessee	no	8.666666666666666	115.66666666666667	4439.666666666667
23847	62	Outpatient mental health and substance abuse centers	47	621420	119	47119	Maury County, Tennessee	yes	7.0	111.9486166007905	3475.6564618517186
23848	62	Outpatient mental health and substance abuse centers	47	621420	123	47123	Monroe County, Tennessee	yes	1.0	15.815182033398655	521.6125937345806
23849	62	Outpatient mental health and substance abuse centers	47	621420	125	47125	Montgomery County, Tennessee	no	9.0	177.33333333333334	6317.666666666667
23850	62	Outpatient mental health and substance abuse centers	47	621420	125	47125	Montgomery County, Tennessee	yes	6.333333333333333	101.71589411905619	3148.60754581387
23851	62	Outpatient mental health and substance abuse centers	47	621420	129	47129	Morgan County, Tennessee	yes	1.0	15.742446064830286	534.0784845652199
23852	62	Outpatient mental health and substance abuse centers	47	621420	133	47133	Overton County, Tennessee	yes	2.0	31.63036406679731	1043.2251874691613
23853	62	Outpatient mental health and substance abuse centers	47	621420	135	47135	Perry County, Tennessee	yes	1.0	15.815182033398655	521.6125937345806
23854	62	Outpatient mental health and substance abuse centers	47	621420	141	47141	Putnam County, Tennessee	no	7.25	156.75	6100.75
23855	62	Outpatient mental health and substance abuse centers	47	621420	141	47141	Putnam County, Tennessee	yes	5.0	78.09917355371901	2459.2148760330583
23856	62	Outpatient mental health and substance abuse centers	47	621420	143	47143	Rhea County, Tennessee	yes	2.8333333333333335	44.962910253431545	1512.054181411782
23857	62	Outpatient mental health and substance abuse centers	47	621420	145	47145	Roane County, Tennessee	no	4.0	74.0	2620.0
23858	62	Outpatient mental health and substance abuse centers	47	621420	145	47145	Roane County, Tennessee	yes	2.3333333333333335	37.512276919391546	1160.1914959875435
23859	62	Outpatient mental health and substance abuse centers	47	621420	147	47147	Robertson County, Tennessee	yes	1.0	15.815182033398655	521.6125937345806
23860	62	Outpatient mental health and substance abuse centers	47	621420	149	47149	Rutherford County, Tennessee	no	13.333333333333334	114.0	3949.6666666666665
23861	62	Outpatient mental health and substance abuse centers	47	621420	149	47149	Rutherford County, Tennessee	yes	9.666666666666666	155.50628817822493	4809.128278835789
23862	62	Outpatient mental health and substance abuse centers	47	621420	151	47151	Scott County, Tennessee	no	4.0	33.666666666666664	678.0
23863	62	Outpatient mental health and substance abuse centers	47	621420	151	47151	Scott County, Tennessee	yes	2.3333333333333335	37.512276919391546	1160.1914959875435
23864	62	Outpatient mental health and substance abuse centers	47	621420	155	47155	Sevier County, Tennessee	no	3.3333333333333335	30.833333333333332	1966.3333333333333
23865	62	Outpatient mental health and substance abuse centers	47	621420	157	47157	Shelby County, Tennessee	no	20.166666666666668	735.3333333333334	24850.0
23866	62	Outpatient mental health and substance abuse centers	47	621420	163	47163	Sullivan County, Tennessee	yes	6.666666666666667	105.38605624361212	3485.7278854509636
23867	62	Outpatient mental health and substance abuse centers	47	621420	165	47165	Sumner County, Tennessee	no	5.0	94.0	3172.0
23868	62	Outpatient mental health and substance abuse centers	47	621420	165	47165	Sumner County, Tennessee	yes	4.0	61.63419438122995	1955.065123789498
23869	62	Outpatient mental health and substance abuse centers	47	621420	167	47167	Tipton County, Tennessee	yes	1.0	15.815182033398655	521.6125937345806
23870	62	Outpatient mental health and substance abuse centers	47	621420	171	47171	Unicoi County, Tennessee	yes	1.3333333333333333	21.357998336592317	717.3810001709116
23871	62	Outpatient mental health and substance abuse centers	47	621420	177	47177	Warren County, Tennessee	yes	2.5	39.420093950237884	1316.285774975451
23872	62	Outpatient mental health and substance abuse centers	47	621420	179	47179	Washington County, Tennessee	no	6.333333333333333	179.16666666666666	7963.833333333333
23873	62	Outpatient mental health and substance abuse centers	47	621420	181	47181	Wayne County, Tennessee	yes	1.0	15.815182033398655	521.6125937345806
23874	62	Outpatient mental health and substance abuse centers	47	621420	183	47183	Weakley County, Tennessee	yes	1.0	16.231404958677686	497.9504132231405
23875	62	Outpatient mental health and substance abuse centers	47	621420	187	47187	Williamson County, Tennessee	no	9.833333333333334	83.16666666666667	3879.0
23876	62	Outpatient mental health and substance abuse centers	47	621420	189	47189	Wilson County, Tennessee	no	3.3333333333333335	38.333333333333336	1322.3333333333333
23877	62	Outpatient mental health and substance abuse centers	47	621420	189	47189	Wilson County, Tennessee	yes	3.0	48.15271289974847	1491.3120373697448
23878	62	Psychiatric and substance abuse hospitals	47	622210	1	47001	Anderson County, Tennessee	yes	1.0	298.4326923076923	11186.368376068376
23879	62	Psychiatric and substance abuse hospitals	47	622210	9	47009	Blount County, Tennessee	yes	1.3333333333333333	396.6292735042735	14735.51452991453
23880	62	Psychiatric and substance abuse hospitals	47	622210	37	47037	Davidson County, Tennessee	yes	1.8333333333333333	536.7271367521367	19916.68504273504
23881	62	Psychiatric and substance abuse hospitals	47	622210	65	47065	Hamilton County, Tennessee	yes	1.6666666666666667	498.66880341880346	18823.590598290597
23882	62	Psychiatric and substance abuse hospitals	47	622210	69	47069	Hardeman County, Tennessee	yes	1.0	298.4326923076923	11186.368376068376
23883	62	Psychiatric and substance abuse hospitals	47	622210	93	47093	Knox County, Tennessee	yes	1.1666666666666667	348.07371794871796	12995.214529914529
23884	62	Psychiatric and substance abuse hospitals	47	622210	113	47113	Madison County, Tennessee	yes	1.0	298.4326923076923	11186.368376068376
23885	62	Psychiatric and substance abuse hospitals	47	622210	157	47157	Shelby County, Tennessee	no	3.0	1118.6666666666667	35313.333333333336
23886	62	Psychiatric and substance abuse hospitals	47	622210	157	47157	Shelby County, Tennessee	yes	2.0	618.2863247863248	22904.4735042735
23887	62	Psychiatric and substance abuse hospitals	47	622210	179	47179	Washington County, Tennessee	yes	1.0	298.4326923076923	11186.368376068376
23888	62	Psychiatric and substance abuse hospitals	47	622210	187	47187	Williamson County, Tennessee	yes	1.3333333333333333	391.0604700854701	14695.785042735042
23889	62	Residential intellectual and developmental disability facilities	47	623210	1	47001	Anderson County, Tennessee	yes	7.0	157.90135729074046	2938.94836263743
23890	62	Residential intellectual and developmental disability facilities	47	623210	3	47003	Bedford County, Tennessee	no	6.0	20.166666666666668	646.1666666666666
23891	62	Residential intellectual and developmental disability facilities	47	623210	5	47005	Benton County, Tennessee	yes	1.0	22.557336755820064	419.84976609106144
23892	62	Residential intellectual and developmental disability facilities	47	623210	9	47009	Blount County, Tennessee	no	18.333333333333332	157.66666666666666	3202.0
23893	62	Residential intellectual and developmental disability facilities	47	623210	9	47009	Blount County, Tennessee	yes	21.333333333333332	509.0235614048336	8707.04143569393
23894	62	Residential intellectual and developmental disability facilities	47	623210	11	47011	Bradley County, Tennessee	yes	10.0	225.57336755820066	4198.497660910615
23895	62	Residential intellectual and developmental disability facilities	47	623210	13	47013	Campbell County, Tennessee	yes	2.0	45.11467351164013	839.6995321821229
23896	62	Residential intellectual and developmental disability facilities	47	623210	17	47017	Carroll County, Tennessee	yes	1.0	23.91973429193311	409.1669909359595
23897	62	Residential intellectual and developmental disability facilities	47	623210	21	47021	Cheatham County, Tennessee	yes	1.3333333333333333	30.831025039998	553.5178144045698
23898	62	Residential intellectual and developmental disability facilities	47	623210	29	47029	Cocke County, Tennessee	yes	1.0	22.557336755820064	419.84976609106144
23899	62	Residential intellectual and developmental disability facilities	47	623210	31	47031	Coffee County, Tennessee	yes	5.166666666666667	117.70580142615916	2175.6495657494256
23900	62	Residential intellectual and developmental disability facilities	47	623210	33	47033	Crockett County, Tennessee	yes	2.0	45.11467351164013	839.6995321821229
23901	62	Residential intellectual and developmental disability facilities	47	623210	35	47035	Cumberland County, Tennessee	yes	5.166666666666667	110.7484322996263	2137.094920075781
23902	62	Residential intellectual and developmental disability facilities	47	623210	37	47037	Davidson County, Tennessee	no	25.166666666666668	1294.0	27447.166666666668
23903	62	Residential intellectual and developmental disability facilities	47	623210	41	47041	DeKalb County, Tennessee	yes	1.0	20.84053717180652	438.98597764464637
23904	62	Residential intellectual and developmental disability facilities	47	623210	43	47043	Dickson County, Tennessee	yes	2.3333333333333335	52.15542301054786	967.8822923559851
23905	62	Residential intellectual and developmental disability facilities	47	623210	45	47045	Dyer County, Tennessee	yes	2.8333333333333335	62.75289262040138	1183.148562979067
23906	62	Residential intellectual and developmental disability facilities	47	623210	47	47047	Fayette County, Tennessee	yes	1.0	22.557336755820064	419.84976609106144
23907	62	Residential intellectual and developmental disability facilities	47	623210	51	47051	Franklin County, Tennessee	yes	6.0	126.76002261485267	2614.7796543142936
23908	62	Residential intellectual and developmental disability facilities	47	623210	53	47053	Gibson County, Tennessee	yes	6.0	135.34402053492042	2519.098596546369
23909	62	Residential intellectual and developmental disability facilities	47	623210	55	47055	Giles County, Tennessee	yes	2.0	46.83147309565368	820.5633206285381
23910	62	Residential intellectual and developmental disability facilities	47	623210	59	47059	Greene County, Tennessee	no	5.333333333333333	691.0	14434.666666666666
23911	62	Residential intellectual and developmental disability facilities	47	623210	61	47061	Grundy County, Tennessee	yes	1.0	22.557336755820064	419.84976609106144
23912	62	Residential intellectual and developmental disability facilities	47	623210	63	47063	Hamblen County, Tennessee	yes	2.0	45.11467351164013	839.6995321821229
23913	62	Residential intellectual and developmental disability facilities	47	623210	65	47065	Hamilton County, Tennessee	no	74.83333333333333	804.6666666666666	26973.333333333332
23914	62	Residential intellectual and developmental disability facilities	47	623210	69	47069	Hardeman County, Tennessee	yes	1.4	29.61476232920277	565.9581491649672
23915	62	Residential intellectual and developmental disability facilities	47	623210	71	47071	Hardin County, Tennessee	yes	2.0	45.11467351164013	839.6995321821229
23916	62	Residential intellectual and developmental disability facilities	47	623210	75	47075	Haywood County, Tennessee	yes	2.0	42.33172586102698	824.2776739126654
23917	62	Residential intellectual and developmental disability facilities	47	623210	79	47079	Henry County, Tennessee	yes	1.0	22.557336755820064	419.84976609106144
23918	62	Residential intellectual and developmental disability facilities	47	623210	81	47081	Hickman County, Tennessee	yes	2.75	62.42445329969395	1098.7384304184172
23919	62	Residential intellectual and developmental disability facilities	47	623210	89	47089	Jefferson County, Tennessee	yes	1.0	22.557336755820064	419.84976609106144
23920	62	Residential intellectual and developmental disability facilities	47	623210	93	47093	Knox County, Tennessee	no	46.5	871.3333333333334	19456.833333333332
23921	62	Residential intellectual and developmental disability facilities	47	623210	97	47097	Lauderdale County, Tennessee	yes	1.0	21.16586293051349	412.1388369563327
23922	62	Residential intellectual and developmental disability facilities	47	623210	99	47099	Lawrence County, Tennessee	yes	5.666666666666667	124.1433877046897	2376.979901113236
23923	62	Residential intellectual and developmental disability facilities	47	623210	101	47101	Lewis County, Tennessee	yes	1.8333333333333333	40.19555586458131	763.2987968880053
23924	62	Residential intellectual and developmental disability facilities	47	623210	103	47103	Lincoln County, Tennessee	yes	6.0	135.34402053492042	2519.098596546369
23925	62	Residential intellectual and developmental disability facilities	47	623210	105	47105	Loudon County, Tennessee	yes	3.8333333333333335	87.9055656976047	1597.8008420546728
23926	62	Residential intellectual and developmental disability facilities	47	623210	107	47107	McMinn County, Tennessee	yes	1.0	22.557336755820064	419.84976609106144
23927	62	Residential intellectual and developmental disability facilities	47	623210	109	47109	McNairy County, Tennessee	yes	1.0	22.557336755820064	419.84976609106144
23928	62	Residential intellectual and developmental disability facilities	47	623210	113	47113	Madison County, Tennessee	no	34.25	455.25	8646.5
23929	62	Residential intellectual and developmental disability facilities	47	623210	113	47113	Madison County, Tennessee	yes	18.0	371.6809108685025	6299.6703397425445
23930	62	Residential intellectual and developmental disability facilities	47	623210	117	47117	Marshall County, Tennessee	no	6.0	46.0	600.0
23931	62	Residential intellectual and developmental disability facilities	47	623210	117	47117	Marshall County, Tennessee	yes	6.6	140.29277407339717	2701.606746853817
23932	62	Residential intellectual and developmental disability facilities	47	623210	119	47119	Maury County, Tennessee	no	12.0	160.0	2200.0
23933	62	Residential intellectual and developmental disability facilities	47	623210	119	47119	Maury County, Tennessee	yes	7.5	163.26992275262305	3172.8672669756434
23934	62	Residential intellectual and developmental disability facilities	47	623210	125	47125	Montgomery County, Tennessee	yes	3.8333333333333335	83.74568236628173	1583.864906795401
23935	62	Residential intellectual and developmental disability facilities	47	623210	129	47129	Morgan County, Tennessee	yes	1.0	22.557336755820064	419.84976609106144
23936	62	Residential intellectual and developmental disability facilities	47	623210	131	47131	Obion County, Tennessee	yes	3.0	67.67201026746021	1259.5492982731846
23937	62	Residential intellectual and developmental disability facilities	47	623210	141	47141	Putnam County, Tennessee	no	8.5	196.0	2983.5
23938	62	Residential intellectual and developmental disability facilities	47	623210	141	47141	Putnam County, Tennessee	yes	6.75	149.30566473000684	2926.9985563005107
23939	62	Residential intellectual and developmental disability facilities	47	623210	143	47143	Rhea County, Tennessee	yes	8.0	180.4586940465605	3358.7981287284915
23940	62	Residential intellectual and developmental disability facilities	47	623210	145	47145	Roane County, Tennessee	yes	8.0	180.4586940465605	3358.7981287284915
23941	62	Residential intellectual and developmental disability facilities	47	623210	147	47147	Robertson County, Tennessee	no	5.0	87.25	1320.25
23942	62	Residential intellectual and developmental disability facilities	47	623210	147	47147	Robertson County, Tennessee	yes	5.0	124.10532426266906	2005.0207247026233
23943	62	Residential intellectual and developmental disability facilities	47	623210	149	47149	Rutherford County, Tennessee	yes	4.333333333333333	93.11021319086503	1793.6458892788369
23944	62	Residential intellectual and developmental disability facilities	47	623210	151	47151	Scott County, Tennessee	yes	2.0	42.33172586102698	824.2776739126654
23945	62	Residential intellectual and developmental disability facilities	47	623210	155	47155	Sevier County, Tennessee	yes	2.0	45.11467351164013	839.6995321821229
23946	62	Residential intellectual and developmental disability facilities	47	623210	157	47157	Shelby County, Tennessee	no	107.0	2012.75	46076.0
23947	62	Residential intellectual and developmental disability facilities	47	623210	157	47157	Shelby County, Tennessee	yes	104.5	2525.743482157406	41072.6292773342
23948	62	Residential intellectual and developmental disability facilities	47	623210	159	47159	Smith County, Tennessee	yes	1.5	33.25106959807343	639.4880501149087
23949	62	Residential intellectual and developmental disability facilities	47	623210	163	47163	Sullivan County, Tennessee	no	8.0	138.0	2349.0
23950	62	Residential intellectual and developmental disability facilities	47	623210	163	47163	Sullivan County, Tennessee	yes	7.25	169.38609166366487	2975.3780393121833
23951	62	Residential intellectual and developmental disability facilities	47	623210	165	47165	Sumner County, Tennessee	no	6.75	219.75	5420.0
23952	62	Residential intellectual and developmental disability facilities	47	623210	165	47165	Sumner County, Tennessee	yes	3.5	84.52690646895877	1374.8143738797457
23953	62	Residential intellectual and developmental disability facilities	47	623210	167	47167	Tipton County, Tennessee	yes	1.8333333333333333	40.19555586458131	763.2987968880053
23954	62	Residential intellectual and developmental disability facilities	47	623210	179	47179	Washington County, Tennessee	no	6.0	460.0	11194.0
23955	62	Residential intellectual and developmental disability facilities	47	623210	179	47179	Washington County, Tennessee	yes	6.0	143.5184057515987	2455.0019456157574
23956	62	Residential intellectual and developmental disability facilities	47	623210	181	47181	Wayne County, Tennessee	yes	8.166666666666666	185.37781169361935	3435.1988640226095
23957	62	Residential intellectual and developmental disability facilities	47	623210	183	47183	Weakley County, Tennessee	yes	3.6666666666666665	85.78393384575578	1546.018817174928
23958	62	Residential intellectual and developmental disability facilities	47	623210	187	47187	Williamson County, Tennessee	yes	10.166666666666666	228.77568562124597	4294.034607758318
23959	62	Residential intellectual and developmental disability facilities	47	623210	189	47189	Wilson County, Tennessee	yes	12.5	278.2418685354383	5285.260286170778
23960	62	Residential mental health and substance abuse facilities	47	623220	1	47001	Anderson County, Tennessee	no	4.666666666666667	131.0	3194.6666666666665
23961	62	Residential mental health and substance abuse facilities	47	623220	3	47003	Bedford County, Tennessee	yes	1.3333333333333333	50.32102138167349	1329.7848250135853
23962	62	Residential mental health and substance abuse facilities	47	623220	7	47007	Bledsoe County, Tennessee	yes	1.0	38.72599973665184	1012.6532232819836
23963	62	Residential mental health and substance abuse facilities	47	623220	9	47009	Blount County, Tennessee	no	6.5	471.25	15258.25
23964	62	Residential mental health and substance abuse facilities	47	623220	9	47009	Blount County, Tennessee	yes	5.5	192.28896103896102	5245.311688311688
23965	62	Residential mental health and substance abuse facilities	47	623220	11	47011	Bradley County, Tennessee	yes	2.6666666666666665	104.58297756493387	2720.828068114349
23966	62	Residential mental health and substance abuse facilities	47	623220	13	47013	Campbell County, Tennessee	yes	1.0	39.90262825541078	1029.9610107955232
23967	62	Residential mental health and substance abuse facilities	47	623220	15	47015	Cannon County, Tennessee	yes	1.8333333333333333	71.97818994949415	1870.9540656115862
23968	62	Residential mental health and substance abuse facilities	47	623220	17	47017	Carroll County, Tennessee	yes	1.0	40.69646713744529	1043.2824323255727
23969	62	Residential mental health and substance abuse facilities	47	623220	31	47031	Coffee County, Tennessee	yes	1.0	38.72599973665184	1012.6532232819836
23970	62	Residential mental health and substance abuse facilities	47	623220	37	47037	Davidson County, Tennessee	no	15.666666666666666	785.6666666666666	27587.333333333332
23971	62	Residential mental health and substance abuse facilities	47	623220	37	47037	Davidson County, Tennessee	yes	14.333333333333334	523.0417407154249	13822.639815447712
23972	62	Residential mental health and substance abuse facilities	47	623220	41	47041	DeKalb County, Tennessee	yes	1.0	39.90262825541078	1029.9610107955232
23973	62	Residential mental health and substance abuse facilities	47	623220	43	47043	Dickson County, Tennessee	no	3.0	286.6666666666667	9568.666666666666
23974	62	Residential mental health and substance abuse facilities	47	623220	43	47043	Dickson County, Tennessee	yes	2.0	76.45878332194121	1961.9137502848027
23975	62	Residential mental health and substance abuse facilities	47	623220	45	47045	Dyer County, Tennessee	yes	2.0	77.45199947330369	2025.3064465639673
23976	62	Residential mental health and substance abuse facilities	47	623220	51	47051	Franklin County, Tennessee	yes	1.3333333333333333	53.89661702060246	1397.9142109363047
23977	62	Residential mental health and substance abuse facilities	47	623220	53	47053	Gibson County, Tennessee	yes	1.0	38.72599973665184	1012.6532232819836
23978	62	Residential mental health and substance abuse facilities	47	623220	59	47059	Greene County, Tennessee	yes	1.0	38.72599973665184	1012.6532232819836
23979	62	Residential mental health and substance abuse facilities	47	623220	61	47061	Grundy County, Tennessee	yes	1.0	38.72599973665184	1012.6532232819836
23980	62	Residential mental health and substance abuse facilities	47	623220	63	47063	Hamblen County, Tennessee	yes	1.0	38.72599973665184	1012.6532232819836
23981	62	Residential mental health and substance abuse facilities	47	623220	65	47065	Hamilton County, Tennessee	no	9.25	265.25	6990.75
23982	62	Residential mental health and substance abuse facilities	47	623220	65	47065	Hamilton County, Tennessee	yes	9.5	368.2547846889952	9392.791097060832
23983	62	Residential mental health and substance abuse facilities	47	623220	69	47069	Hardeman County, Tennessee	yes	1.0	38.72599973665184	1012.6532232819836
23984	62	Residential mental health and substance abuse facilities	47	623220	81	47081	Hickman County, Tennessee	yes	1.0	38.72599973665184	1012.6532232819836
23985	62	Residential mental health and substance abuse facilities	47	623220	83	47083	Houston County, Tennessee	yes	1.0	38.72599973665184	1012.6532232819836
23986	62	Residential mental health and substance abuse facilities	47	623220	89	47089	Jefferson County, Tennessee	yes	1.0	40.58651758676916	1057.0125413463777
23987	62	Residential mental health and substance abuse facilities	47	623220	91	47091	Johnson County, Tennessee	yes	1.0	38.72599973665184	1012.6532232819836
23988	62	Residential mental health and substance abuse facilities	47	623220	93	47093	Knox County, Tennessee	no	8.8	166.6	7209.0
23989	62	Residential mental health and substance abuse facilities	47	623220	93	47093	Knox County, Tennessee	yes	8.0	262.74285714285713	7408.914285714285
23990	62	Residential mental health and substance abuse facilities	47	623220	101	47101	Lewis County, Tennessee	yes	1.0	38.72599973665184	1012.6532232819836
23991	62	Residential mental health and substance abuse facilities	47	623220	103	47103	Lincoln County, Tennessee	yes	1.0	35.333073679051836	941.088353441494
23992	62	Residential mental health and substance abuse facilities	47	623220	107	47107	McMinn County, Tennessee	yes	1.0	38.72599973665184	1012.6532232819836
23993	62	Residential mental health and substance abuse facilities	47	623220	113	47113	Madison County, Tennessee	no	5.333333333333333	259.0	6892.833333333333
23994	62	Residential mental health and substance abuse facilities	47	623220	115	47115	Marion County, Tennessee	yes	1.3333333333333333	51.68493115610958	1342.4477949383975
23995	62	Residential mental health and substance abuse facilities	47	623220	117	47117	Marshall County, Tennessee	yes	1.0	38.72599973665184	1012.6532232819836
23996	62	Residential mental health and substance abuse facilities	47	623220	119	47119	Maury County, Tennessee	no	4.0	86.0	2659.0
23997	62	Residential mental health and substance abuse facilities	47	623220	119	47119	Maury County, Tennessee	yes	3.0	119.70788476623234	3089.883032386569
23998	62	Residential mental health and substance abuse facilities	47	623220	125	47125	Montgomery County, Tennessee	no	4.0	236.5	6345.5
23999	62	Residential mental health and substance abuse facilities	47	623220	125	47125	Montgomery County, Tennessee	yes	3.0	122.08940141233587	3129.8472969767186
24000	62	Residential mental health and substance abuse facilities	47	623220	131	47131	Obion County, Tennessee	yes	1.0	38.72599973665184	1012.6532232819836
24001	62	Residential mental health and substance abuse facilities	47	623220	133	47133	Overton County, Tennessee	yes	1.0	38.72599973665184	1012.6532232819836
24002	62	Residential mental health and substance abuse facilities	47	623220	145	47145	Roane County, Tennessee	yes	1.0	38.72599973665184	1012.6532232819836
24003	62	Residential mental health and substance abuse facilities	47	623220	149	47149	Rutherford County, Tennessee	yes	1.0	38.72599973665184	1012.6532232819836
24004	62	Residential mental health and substance abuse facilities	47	623220	155	47155	Sevier County, Tennessee	yes	1.0	38.72599973665184	1012.6532232819836
24005	62	Residential mental health and substance abuse facilities	47	623220	157	47157	Shelby County, Tennessee	no	26.333333333333332	2800.0	60835.0
24006	62	Residential mental health and substance abuse facilities	47	623220	163	47163	Sullivan County, Tennessee	yes	1.0	38.72599973665184	1012.6532232819836
24007	62	Residential mental health and substance abuse facilities	47	623220	165	47165	Sumner County, Tennessee	yes	1.5	59.01925853003642	1541.1594939551724
24008	62	Residential mental health and substance abuse facilities	47	623220	167	47167	Tipton County, Tennessee	yes	1.0	35.88108242303873	930.7819016881826
24009	62	Residential mental health and substance abuse facilities	47	623220	177	47177	Warren County, Tennessee	yes	3.0	116.17799920995553	3037.9596698459513
24010	62	Residential mental health and substance abuse facilities	47	623220	179	47179	Washington County, Tennessee	yes	3.0	116.17799920995553	3037.9596698459513
24011	62	Residential mental health and substance abuse facilities	47	623220	183	47183	Weakley County, Tennessee	yes	2.0	77.45199947330369	2025.3064465639673
24012	62	Residential mental health and substance abuse facilities	47	623220	187	47187	Williamson County, Tennessee	no	3.0	122.0	5244.0
24013	62	Residential mental health and substance abuse facilities	47	623220	187	47187	Williamson County, Tennessee	yes	1.25	43.01703594320278	1155.9562779697958
24014	62	Residential mental health and substance abuse facilities	47	623220	189	47189	Wilson County, Tennessee	no	3.1666666666666665	73.16666666666667	1864.8333333333333
24015	62	Services for the elderly and persons with disabilities	47	624120	1	47001	Anderson County, Tennessee	no	5.75	78.0	1138.75
24016	62	Services for the elderly and persons with disabilities	47	624120	1	47001	Anderson County, Tennessee	yes	4.0	115.25185600224121	1804.0302563384228
24017	62	Services for the elderly and persons with disabilities	47	624120	3	47003	Bedford County, Tennessee	no	3.5	43.5	862.1666666666666
24018	62	Services for the elderly and persons with disabilities	47	624120	7	47007	Bledsoe County, Tennessee	yes	1.0	30.00342682551045	496.49922745832504
24019	62	Services for the elderly and persons with disabilities	47	624120	9	47009	Blount County, Tennessee	no	6.833333333333333	193.16666666666666	2419.8333333333335
24020	62	Services for the elderly and persons with disabilities	47	624120	11	47011	Bradley County, Tennessee	no	6.666666666666667	150.16666666666666	2596.8333333333335
24021	62	Services for the elderly and persons with disabilities	47	624120	13	47013	Campbell County, Tennessee	yes	1.0	30.00342682551045	496.49922745832504
24022	62	Services for the elderly and persons with disabilities	47	624120	15	47015	Cannon County, Tennessee	yes	2.0	60.0068536510209	992.9984549166501
24023	62	Services for the elderly and persons with disabilities	47	624120	17	47017	Carroll County, Tennessee	no	3.0	194.0	2869.0
24024	62	Services for the elderly and persons with disabilities	47	624120	17	47017	Carroll County, Tennessee	yes	2.8	85.41906213467603	1410.3300202178812
24025	62	Services for the elderly and persons with disabilities	47	624120	19	47019	Carter County, Tennessee	yes	1.0	30.00342682551045	496.49922745832504
24026	62	Services for the elderly and persons with disabilities	47	624120	21	47021	Cheatham County, Tennessee	yes	1.0	30.00342682551045	496.49922745832504
24027	62	Services for the elderly and persons with disabilities	47	624120	23	47023	Chester County, Tennessee	yes	2.0	60.0068536510209	992.9984549166501
24028	62	Services for the elderly and persons with disabilities	47	624120	25	47025	Claiborne County, Tennessee	yes	2.0	60.0068536510209	992.9984549166501
24029	62	Services for the elderly and persons with disabilities	47	624120	29	47029	Cocke County, Tennessee	yes	1.3333333333333333	39.60774815903054	646.8350821531936
24030	62	Services for the elderly and persons with disabilities	47	624120	31	47031	Coffee County, Tennessee	no	5.166666666666667	99.16666666666667	1415.5
24031	62	Services for the elderly and persons with disabilities	47	624120	35	47035	Cumberland County, Tennessee	no	4.0	37.0	388.0
24032	62	Services for the elderly and persons with disabilities	47	624120	35	47035	Cumberland County, Tennessee	yes	3.25	95.30565289739218	1543.0544495751847
24033	62	Services for the elderly and persons with disabilities	47	624120	37	47037	Davidson County, Tennessee	no	71.33333333333333	3869.1666666666665	72359.16666666667
24034	62	Services for the elderly and persons with disabilities	47	624120	41	47041	DeKalb County, Tennessee	yes	1.8333333333333333	54.040840841339524	885.6449124308923
24035	62	Services for the elderly and persons with disabilities	47	624120	43	47043	Dickson County, Tennessee	no	4.666666666666667	123.33333333333333	2057.0
24036	62	Services for the elderly and persons with disabilities	47	624120	43	47043	Dickson County, Tennessee	yes	4.666666666666667	136.96275356508608	2179.105673385467
24037	62	Services for the elderly and persons with disabilities	47	624120	45	47045	Dyer County, Tennessee	no	3.0	0.0	253.0
24038	62	Services for the elderly and persons with disabilities	47	624120	45	47045	Dyer County, Tennessee	yes	2.6	78.07335786816522	1302.9079863195761
24039	62	Services for the elderly and persons with disabilities	47	624120	47	47047	Fayette County, Tennessee	yes	1.3333333333333333	40.53280051673451	678.2535963903639
24040	62	Services for the elderly and persons with disabilities	47	624120	49	47049	Fentress County, Tennessee	yes	1.0	31.588121073672184	545.2631067961165
24041	62	Services for the elderly and persons with disabilities	47	624120	51	47051	Franklin County, Tennessee	yes	3.1666666666666665	94.76506974856198	1569.438295401795
24042	62	Services for the elderly and persons with disabilities	47	624120	53	47053	Gibson County, Tennessee	yes	1.6666666666666667	50.40253231750079	842.6626002217814
24043	62	Services for the elderly and persons with disabilities	47	624120	55	47055	Giles County, Tennessee	no	5.0	22.5	468.3333333333333
24044	62	Services for the elderly and persons with disabilities	47	624120	57	47057	Grainger County, Tennessee	yes	1.0	28.812964000560303	451.0075640846057
24045	62	Services for the elderly and persons with disabilities	47	624120	59	47059	Greene County, Tennessee	no	4.0	176.33333333333334	3321.6666666666665
24046	62	Services for the elderly and persons with disabilities	47	624120	59	47059	Greene County, Tennessee	yes	2.0	61.15736411455289	988.0206019871421
24047	62	Services for the elderly and persons with disabilities	47	624120	63	47063	Hamblen County, Tennessee	no	9.0	214.0	3474.0
24048	62	Services for the elderly and persons with disabilities	47	624120	65	47065	Hamilton County, Tennessee	no	24.833333333333332	697.8333333333334	12267.333333333334
24049	62	Services for the elderly and persons with disabilities	47	624120	71	47071	Hardin County, Tennessee	yes	1.0	30.5280791327613	506.5180812144528
24050	62	Services for the elderly and persons with disabilities	47	624120	73	47073	Hawkins County, Tennessee	yes	3.6666666666666665	109.48433361081773	1804.2425409012612
24051	62	Services for the elderly and persons with disabilities	47	624120	75	47075	Haywood County, Tennessee	yes	1.5	44.72269068776618	731.3034729577912
24052	62	Services for the elderly and persons with disabilities	47	624120	77	47077	Henderson County, Tennessee	yes	4.5	134.92439955478548	2226.3409419133054
24053	62	Services for the elderly and persons with disabilities	47	624120	79	47079	Henry County, Tennessee	yes	1.0	30.00342682551045	496.49922745832504
24054	62	Services for the elderly and persons with disabilities	47	624120	81	47081	Hickman County, Tennessee	yes	3.0	90.01028047653135	1489.497682374975
24055	62	Services for the elderly and persons with disabilities	47	624120	83	47083	Houston County, Tennessee	yes	1.0	30.00342682551045	496.49922745832504
24056	62	Services for the elderly and persons with disabilities	47	624120	85	47085	Humphreys County, Tennessee	yes	2.0	60.0068536510209	992.9984549166501
24057	62	Services for the elderly and persons with disabilities	47	624120	89	47089	Jefferson County, Tennessee	yes	1.3333333333333333	40.53280051673451	678.2535963903639
24058	62	Services for the elderly and persons with disabilities	47	624120	93	47093	Knox County, Tennessee	no	28.5	1251.1666666666667	23319.666666666668
24059	62	Services for the elderly and persons with disabilities	47	624120	97	47097	Lauderdale County, Tennessee	yes	2.1666666666666665	64.76164292305155	1072.93906794347
24060	62	Services for the elderly and persons with disabilities	47	624120	99	47099	Lawrence County, Tennessee	yes	1.5	45.28758978876516	758.1942094171837
24061	62	Services for the elderly and persons with disabilities	47	624120	101	47101	Lewis County, Tennessee	yes	1.8333333333333333	55.44349276947819	918.5976284703689
24062	62	Services for the elderly and persons with disabilities	47	624120	103	47103	Lincoln County, Tennessee	no	3.0	35.5	599.1666666666666
24063	62	Services for the elderly and persons with disabilities	47	624120	105	47105	Loudon County, Tennessee	no	4.0	134.0	2144.6666666666665
24064	62	Services for the elderly and persons with disabilities	47	624120	105	47105	Loudon County, Tennessee	yes	3.3333333333333335	98.54546823100566	1577.7622546059931
24065	62	Services for the elderly and persons with disabilities	47	624120	107	47107	McMinn County, Tennessee	no	6.5	86.0	1232.5
24066	62	Services for the elderly and persons with disabilities	47	624120	107	47107	McMinn County, Tennessee	yes	4.0	126.35248429468874	2181.052427184466
24067	62	Services for the elderly and persons with disabilities	47	624120	109	47109	McNairy County, Tennessee	yes	3.0	90.01028047653135	1489.497682374975
24068	62	Services for the elderly and persons with disabilities	47	624120	111	47111	Macon County, Tennessee	yes	2.0	60.0068536510209	992.9984549166501
24069	62	Services for the elderly and persons with disabilities	47	624120	113	47113	Madison County, Tennessee	no	16.666666666666668	1085.8333333333333	18049.0
24070	62	Services for the elderly and persons with disabilities	47	624120	115	47115	Marion County, Tennessee	yes	1.25	36.34326360947556	592.0282073296592
24071	62	Services for the elderly and persons with disabilities	47	624120	117	47117	Marshall County, Tennessee	no	4.0	24.333333333333332	487.3333333333333
24072	62	Services for the elderly and persons with disabilities	47	624120	119	47119	Maury County, Tennessee	no	5.666666666666667	154.0	3530.6666666666665
24073	62	Services for the elderly and persons with disabilities	47	624120	119	47119	Maury County, Tennessee	yes	6.0	175.52800305268295	2797.515817276962
24074	62	Services for the elderly and persons with disabilities	47	624120	121	47121	Meigs County, Tennessee	yes	1.0	28.812964000560303	451.0075640846057
24075	62	Services for the elderly and persons with disabilities	47	624120	123	47123	Monroe County, Tennessee	yes	2.0	60.0068536510209	992.9984549166501
24076	62	Services for the elderly and persons with disabilities	47	624120	125	47125	Montgomery County, Tennessee	no	8.833333333333334	324.6666666666667	4975.333333333333
24077	62	Services for the elderly and persons with disabilities	47	624120	127	47127	Moore County, Tennessee	yes	1.0	30.00342682551045	496.49922745832504
24078	62	Services for the elderly and persons with disabilities	47	624120	129	47129	Morgan County, Tennessee	yes	1.0	29.60919540229885	493.2270114942529
24079	62	Services for the elderly and persons with disabilities	47	624120	131	47131	Obion County, Tennessee	yes	1.1666666666666667	34.566787707053145	570.900053904606
24080	62	Services for the elderly and persons with disabilities	47	624120	133	47133	Overton County, Tennessee	yes	2.0	60.0068536510209	992.9984549166501
24081	62	Services for the elderly and persons with disabilities	47	624120	135	47135	Perry County, Tennessee	yes	1.0	30.00342682551045	496.49922745832504
24082	62	Services for the elderly and persons with disabilities	47	624120	141	47141	Putnam County, Tennessee	no	13.833333333333334	523.6666666666666	9924.0
24083	62	Services for the elderly and persons with disabilities	47	624120	143	47143	Rhea County, Tennessee	yes	2.0	60.0068536510209	992.9984549166501
24084	62	Services for the elderly and persons with disabilities	47	624120	145	47145	Roane County, Tennessee	no	3.0	292.0	6912.0
24085	62	Services for the elderly and persons with disabilities	47	624120	145	47145	Roane County, Tennessee	yes	2.25	65.55434331090514	1064.1454951190885
24086	62	Services for the elderly and persons with disabilities	47	624120	147	47147	Robertson County, Tennessee	yes	2.0	60.0068536510209	992.9984549166501
24087	62	Services for the elderly and persons with disabilities	47	624120	149	47149	Rutherford County, Tennessee	no	10.2	407.4	6454.4
24088	62	Services for the elderly and persons with disabilities	47	624120	149	47149	Rutherford County, Tennessee	yes	10.0	306.89655172413796	5068.103448275862
24089	62	Services for the elderly and persons with disabilities	47	624120	153	47153	Sequatchie County, Tennessee	yes	2.0	60.0068536510209	992.9984549166501
24090	62	Services for the elderly and persons with disabilities	47	624120	155	47155	Sevier County, Tennessee	no	3.0	43.2	754.6
24091	62	Services for the elderly and persons with disabilities	47	624120	155	47155	Sevier County, Tennessee	yes	4.0	109.52066115702479	1785.6198347107438
24092	62	Services for the elderly and persons with disabilities	47	624120	157	47157	Shelby County, Tennessee	no	79.33333333333333	2960.8333333333335	47145.666666666664
24093	62	Services for the elderly and persons with disabilities	47	624120	159	47159	Smith County, Tennessee	yes	1.0	30.00342682551045	496.49922745832504
24094	62	Services for the elderly and persons with disabilities	47	624120	161	47161	Stewart County, Tennessee	yes	2.0	60.0068536510209	992.9984549166501
24095	62	Services for the elderly and persons with disabilities	47	624120	163	47163	Sullivan County, Tennessee	no	8.0	337.5	4579.5
24096	62	Services for the elderly and persons with disabilities	47	624120	163	47163	Sullivan County, Tennessee	yes	8.0	229.0709132931783	3603.4579072699257
24097	62	Services for the elderly and persons with disabilities	47	624120	165	47165	Sumner County, Tennessee	no	10.5	93.33333333333333	1434.1666666666667
24098	62	Services for the elderly and persons with disabilities	47	624120	167	47167	Tipton County, Tennessee	yes	1.1666666666666667	35.04438727748785	572.4342557069126
24099	62	Services for the elderly and persons with disabilities	47	624120	171	47171	Unicoi County, Tennessee	yes	1.0	30.00342682551045	496.49922745832504
24100	62	Services for the elderly and persons with disabilities	47	624120	173	47173	Union County, Tennessee	yes	1.75	51.17900237967582	811.5236122046134
24101	62	Services for the elderly and persons with disabilities	47	624120	175	47175	Van Buren County, Tennessee	yes	1.0	30.00342682551045	496.49922745832504
24102	62	Services for the elderly and persons with disabilities	47	624120	177	47177	Warren County, Tennessee	yes	2.3333333333333335	69.13357541410629	1141.800107809212
24103	62	Services for the elderly and persons with disabilities	47	624120	179	47179	Washington County, Tennessee	no	11.166666666666666	624.1666666666666	12206.333333333334
24104	62	Services for the elderly and persons with disabilities	47	624120	181	47181	Wayne County, Tennessee	no	3.0	4.333333333333333	207.33333333333334
24105	62	Services for the elderly and persons with disabilities	47	624120	181	47181	Wayne County, Tennessee	yes	3.0	93.86589731975818	1597.3365584198193
24106	62	Services for the elderly and persons with disabilities	47	624120	183	47183	Weakley County, Tennessee	yes	2.0	60.0068536510209	992.9984549166501
24107	62	Services for the elderly and persons with disabilities	47	624120	185	47185	White County, Tennessee	no	3.0	124.33333333333333	2517.0
24108	62	Services for the elderly and persons with disabilities	47	624120	185	47185	White County, Tennessee	yes	2.6666666666666665	79.18886141044901	1260.0238201042355
24109	62	Services for the elderly and persons with disabilities	47	624120	187	47187	Williamson County, Tennessee	no	32.0	943.8333333333334	14865.333333333334
24110	62	Services for the elderly and persons with disabilities	47	624120	189	47189	Wilson County, Tennessee	no	7.666666666666667	159.16666666666666	2805.3333333333335
24111	62	Specialty (except psychiatric and substance abuse) hospitals	47	622310	31	47031	Coffee County, Tennessee	yes	1.0	218.97768518518515	9888.598439153438
24112	62	Specialty (except psychiatric and substance abuse) hospitals	47	622310	37	47037	Davidson County, Tennessee	no	3.6666666666666665	745.3333333333334	28870.333333333332
24113	62	Specialty (except psychiatric and substance abuse) hospitals	47	622310	65	47065	Hamilton County, Tennessee	no	3.0	747.8333333333334	31881.833333333332
24114	62	Specialty (except psychiatric and substance abuse) hospitals	47	622310	93	47093	Knox County, Tennessee	yes	2.0	437.9553703703703	19777.196878306877
24115	62	Specialty (except psychiatric and substance abuse) hospitals	47	622310	149	47149	Rutherford County, Tennessee	yes	1.0	220.0398888888889	10245.684793650793
24116	62	Specialty (except psychiatric and substance abuse) hospitals	47	622310	157	47157	Shelby County, Tennessee	no	8.5	4788.5	334955.8333333333
24117	62	Specialty (except psychiatric and substance abuse) hospitals	47	622310	163	47163	Sullivan County, Tennessee	yes	2.0	437.9553703703703	19777.196878306877
24118	62	Specialty (except psychiatric and substance abuse) hospitals	47	622310	179	47179	Washington County, Tennessee	yes	1.0	222.54986111111108	10783.820277777777
24119	62	Specialty (except psychiatric and substance abuse) hospitals	47	622310	183	47183	Weakley County, Tennessee	yes	1.0	218.97768518518515	9888.598439153438
24120	62	Specialty (except psychiatric and substance abuse) hospitals	47	622310	187	47187	Williamson County, Tennessee	yes	1.0	231.44148148148147	11840.01037037037
24121	62	Temporary shelters	47	624221	1	47001	Anderson County, Tennessee	yes	2.0	17.13785706065118	326.85685781274015
24122	62	Temporary shelters	47	624221	9	47009	Blount County, Tennessee	yes	2.0	17.13785706065118	326.85685781274015
24123	62	Temporary shelters	47	624221	11	47011	Bradley County, Tennessee	yes	2.1666666666666665	18.466685889480008	351.4199208758032
24124	62	Temporary shelters	47	624221	13	47013	Campbell County, Tennessee	yes	1.0	7.972972972972974	147.3783783783784
24125	62	Temporary shelters	47	624221	19	47019	Carter County, Tennessee	yes	1.0	8.688119641796112	166.63843901196842
24126	62	Temporary shelters	47	624221	31	47031	Coffee County, Tennessee	yes	1.0	8.56892853032559	163.42842890637007
24127	62	Temporary shelters	47	624221	35	47035	Cumberland County, Tennessee	yes	1.0	8.56892853032559	163.42842890637007
24128	62	Temporary shelters	47	624221	37	47037	Davidson County, Tennessee	no	10.0	211.16666666666666	8345.333333333334
24129	62	Temporary shelters	47	624221	39	47039	Decatur County, Tennessee	yes	1.0	7.942279942279942	215.64556277056278
24130	62	Temporary shelters	47	624221	45	47045	Dyer County, Tennessee	no	3.0	30.333333333333332	777.0
24131	62	Temporary shelters	47	624221	49	47049	Fentress County, Tennessee	yes	1.0	8.56892853032559	163.42842890637007
24132	62	Temporary shelters	47	624221	59	47059	Greene County, Tennessee	yes	1.3333333333333333	11.216355177752236	235.31028316322434
24133	62	Temporary shelters	47	624221	63	47063	Hamblen County, Tennessee	no	3.0	12.0	477.0
24134	62	Temporary shelters	47	624221	63	47063	Hamblen County, Tennessee	yes	2.0	15.205147589338765	355.27791571173924
24135	62	Temporary shelters	47	624221	65	47065	Hamilton County, Tennessee	no	3.3333333333333335	30.5	959.0
24136	62	Temporary shelters	47	624221	79	47079	Henry County, Tennessee	yes	1.0	8.56892853032559	163.42842890637007
24137	62	Temporary shelters	47	624221	81	47081	Hickman County, Tennessee	yes	1.0	8.56892853032559	163.42842890637007
24138	62	Temporary shelters	47	624221	91	47091	Johnson County, Tennessee	yes	1.0	8.56892853032559	163.42842890637007
24139	62	Temporary shelters	47	624221	93	47093	Knox County, Tennessee	no	5.166666666666667	41.0	1111.3333333333333
24140	62	Temporary shelters	47	624221	113	47113	Madison County, Tennessee	no	3.3333333333333335	24.5	701.0
24141	62	Temporary shelters	47	624221	119	47119	Maury County, Tennessee	yes	1.3333333333333333	11.216355177752236	235.31028316322434
24142	62	Temporary shelters	47	624221	141	47141	Putnam County, Tennessee	yes	2.0	17.13785706065118	326.85685781274015
24143	62	Temporary shelters	47	624221	149	47149	Rutherford County, Tennessee	yes	2.0	17.13785706065118	326.85685781274015
24144	62	Temporary shelters	47	624221	151	47151	Scott County, Tennessee	yes	2.0	17.13785706065118	326.85685781274015
24145	62	Temporary shelters	47	624221	153	47153	Sequatchie County, Tennessee	yes	1.0	8.56892853032559	163.42842890637007
24146	62	Temporary shelters	47	624221	155	47155	Sevier County, Tennessee	yes	2.0	17.13785706065118	326.85685781274015
24147	62	Temporary shelters	47	624221	157	47157	Shelby County, Tennessee	no	9.333333333333334	126.83333333333333	3177.1666666666665
24148	62	Temporary shelters	47	624221	159	47159	Smith County, Tennessee	yes	1.0	10.501638001638003	135.007371007371
24149	62	Temporary shelters	47	624221	163	47163	Sullivan County, Tennessee	no	4.666666666666667	26.166666666666668	672.1666666666666
24150	62	Temporary shelters	47	624221	165	47165	Sumner County, Tennessee	yes	2.0	17.13785706065118	326.85685781274015
24151	62	Temporary shelters	47	624221	171	47171	Unicoi County, Tennessee	yes	1.0	8.56892853032559	163.42842890637007
24152	62	Temporary shelters	47	624221	177	47177	Warren County, Tennessee	yes	1.0	8.56892853032559	163.42842890637007
24153	62	Temporary shelters	47	624221	179	47179	Washington County, Tennessee	no	3.0	11.333333333333334	353.0
24154	62	Temporary shelters	47	624221	179	47179	Washington County, Tennessee	yes	2.0	19.394340864929102	265.85296526472996
24155	62	Temporary shelters	47	624221	185	47185	White County, Tennessee	yes	1.0	7.972972972972974	147.3783783783784
24156	62	Temporary shelters	47	624221	187	47187	Williamson County, Tennessee	yes	1.1666666666666667	9.897757359154419	187.99149196943313
24157	62	Temporary shelters	47	624221	189	47189	Wilson County, Tennessee	yes	1.5	12.545184006581067	259.8733462262874
24158	62	Vocational rehabilitation services	47	624310	5	47005	Benton County, Tennessee	yes	1.0	27.16421740156133	445.1587458883467
24159	62	Vocational rehabilitation services	47	624310	7	47007	Bledsoe County, Tennessee	yes	1.0	27.16421740156133	445.1587458883467
24160	62	Vocational rehabilitation services	47	624310	9	47009	Blount County, Tennessee	yes	1.0	27.16421740156133	445.1587458883467
24161	62	Vocational rehabilitation services	47	624310	11	47011	Bradley County, Tennessee	yes	2.0	54.32843480312266	890.3174917766934
24162	62	Vocational rehabilitation services	47	624310	13	47013	Campbell County, Tennessee	yes	1.0	27.16421740156133	445.1587458883467
24163	62	Vocational rehabilitation services	47	624310	17	47017	Carroll County, Tennessee	yes	1.0	27.16421740156133	445.1587458883467
24164	62	Vocational rehabilitation services	47	624310	19	47019	Carter County, Tennessee	yes	1.0	27.16421740156133	445.1587458883467
24165	62	Vocational rehabilitation services	47	624310	21	47021	Cheatham County, Tennessee	yes	1.0	27.16421740156133	445.1587458883467
24166	62	Vocational rehabilitation services	47	624310	23	47023	Chester County, Tennessee	yes	1.0	27.16421740156133	445.1587458883467
24167	62	Vocational rehabilitation services	47	624310	33	47033	Crockett County, Tennessee	yes	1.0	23.642370859042494	431.7176270292414
24168	62	Vocational rehabilitation services	47	624310	37	47037	Davidson County, Tennessee	no	17.6	378.0	8361.6
24169	62	Vocational rehabilitation services	47	624310	37	47037	Davidson County, Tennessee	yes	15.0	426.3529411764706	7756.058823529413
24170	62	Vocational rehabilitation services	47	624310	39	47039	Decatur County, Tennessee	yes	1.0	23.642370859042494	431.7176270292414
24171	62	Vocational rehabilitation services	47	624310	43	47043	Dickson County, Tennessee	yes	1.0	27.16421740156133	445.1587458883467
24172	62	Vocational rehabilitation services	47	624310	45	47045	Dyer County, Tennessee	yes	1.0	27.16421740156133	445.1587458883467
24173	62	Vocational rehabilitation services	47	624310	47	47047	Fayette County, Tennessee	yes	1.0	27.16421740156133	445.1587458883467
24174	62	Vocational rehabilitation services	47	624310	53	47053	Gibson County, Tennessee	yes	1.0	27.707775167587887	443.9976379231589
24175	62	Vocational rehabilitation services	47	624310	55	47055	Giles County, Tennessee	yes	2.0	41.6995254529767	758.8356341673857
24176	62	Vocational rehabilitation services	47	624310	59	47059	Greene County, Tennessee	yes	1.0	27.16421740156133	445.1587458883467
24177	62	Vocational rehabilitation services	47	624310	65	47065	Hamilton County, Tennessee	no	3.0	106.0	2003.6
24178	62	Vocational rehabilitation services	47	624310	65	47065	Hamilton County, Tennessee	yes	3.0	90.29508196721311	1461.2459016393443
24179	62	Vocational rehabilitation services	47	624310	69	47069	Hardeman County, Tennessee	yes	2.6666666666666665	74.54273129585455	1209.0036319704757
24180	62	Vocational rehabilitation services	47	624310	71	47071	Hardin County, Tennessee	yes	2.0	54.32843480312266	890.3174917766934
24181	62	Vocational rehabilitation services	47	624310	75	47075	Haywood County, Tennessee	yes	2.0	54.32843480312266	890.3174917766934
24182	62	Vocational rehabilitation services	47	624310	77	47077	Henderson County, Tennessee	yes	1.0	27.16421740156133	445.1587458883467
24183	62	Vocational rehabilitation services	47	624310	79	47079	Henry County, Tennessee	yes	1.0	27.16421740156133	445.1587458883467
24184	62	Vocational rehabilitation services	47	624310	81	47081	Hickman County, Tennessee	yes	1.6666666666666667	41.06405921922023	698.1039572774753
24185	62	Vocational rehabilitation services	47	624310	83	47083	Houston County, Tennessee	yes	1.0	27.16421740156133	445.1587458883467
24186	62	Vocational rehabilitation services	47	624310	85	47085	Humphreys County, Tennessee	yes	1.0	27.16421740156133	445.1587458883467
24187	62	Vocational rehabilitation services	47	624310	89	47089	Jefferson County, Tennessee	yes	1.0	27.16421740156133	445.1587458883467
24188	62	Vocational rehabilitation services	47	624310	93	47093	Knox County, Tennessee	no	5.0	216.0	3527.0
24189	62	Vocational rehabilitation services	47	624310	93	47093	Knox County, Tennessee	yes	6.333333333333333	203.15321057384702	3094.6619736419157
24190	62	Vocational rehabilitation services	47	624310	95	47095	Lake County, Tennessee	yes	1.0	23.642370859042494	431.7176270292414
24191	62	Vocational rehabilitation services	47	624310	97	47097	Lauderdale County, Tennessee	yes	1.0	27.16421740156133	445.1587458883467
24192	62	Vocational rehabilitation services	47	624310	99	47099	Lawrence County, Tennessee	yes	1.0	27.16421740156133	445.1587458883467
24193	62	Vocational rehabilitation services	47	624310	101	47101	Lewis County, Tennessee	yes	1.0	27.16421740156133	445.1587458883467
24194	62	Vocational rehabilitation services	47	624310	103	47103	Lincoln County, Tennessee	yes	2.0	54.32843480312266	890.3174917766934
24195	62	Vocational rehabilitation services	47	624310	105	47105	Loudon County, Tennessee	yes	2.0	54.32843480312266	890.3174917766934
24196	62	Vocational rehabilitation services	47	624310	109	47109	McNairy County, Tennessee	yes	1.0	23.374351621580473	425.3020741342266
24197	62	Vocational rehabilitation services	47	624310	113	47113	Madison County, Tennessee	yes	2.3333333333333335	65.45193309132684	1052.662589815909
24198	62	Vocational rehabilitation services	47	624310	115	47115	Marion County, Tennessee	yes	1.0	28.423529411764704	517.0705882352942
24199	62	Vocational rehabilitation services	47	624310	117	47117	Marshall County, Tennessee	yes	2.3333333333333335	51.174035256898264	931.1924969124835
24200	62	Vocational rehabilitation services	47	624310	119	47119	Maury County, Tennessee	yes	5.0	116.87772298258773	2028.5709430277718
24201	62	Vocational rehabilitation services	47	624310	125	47125	Montgomery County, Tennessee	no	4.0	53.0	1666.0
24202	62	Vocational rehabilitation services	47	624310	125	47125	Montgomery County, Tennessee	yes	3.6	95.73556340626558	1553.4894317036565
24203	62	Vocational rehabilitation services	47	624310	129	47129	Morgan County, Tennessee	yes	1.0	20.84976272648835	379.41781708369285
24204	62	Vocational rehabilitation services	47	624310	131	47131	Obion County, Tennessee	yes	1.0	27.16421740156133	445.1587458883467
24205	62	Vocational rehabilitation services	47	624310	135	47135	Perry County, Tennessee	yes	1.0	28.423529411764704	517.0705882352942
24206	62	Vocational rehabilitation services	47	624310	147	47147	Robertson County, Tennessee	yes	1.0	27.16421740156133	445.1587458883467
24207	62	Vocational rehabilitation services	47	624310	149	47149	Rutherford County, Tennessee	yes	3.0	81.492652204684	1335.4762376650401
24208	62	Vocational rehabilitation services	47	624310	155	47155	Sevier County, Tennessee	yes	1.0	34.20791048659901	472.04098360655735
24209	62	Vocational rehabilitation services	47	624310	157	47157	Shelby County, Tennessee	no	11.833333333333334	216.16666666666666	6573.833333333333
24210	62	Vocational rehabilitation services	47	624310	161	47161	Stewart County, Tennessee	yes	1.0	27.16421740156133	445.1587458883467
24211	62	Vocational rehabilitation services	47	624310	163	47163	Sullivan County, Tennessee	no	7.666666666666667	126.66666666666667	3136.6666666666665
24212	62	Vocational rehabilitation services	47	624310	165	47165	Sumner County, Tennessee	yes	1.3333333333333333	34.114138310390786	571.631351582911
24213	62	Vocational rehabilitation services	47	624310	167	47167	Tipton County, Tennessee	yes	1.0	27.16421740156133	445.1587458883467
24214	62	Vocational rehabilitation services	47	624310	177	47177	Warren County, Tennessee	yes	1.0	27.16421740156133	445.1587458883467
24215	62	Vocational rehabilitation services	47	624310	179	47179	Washington County, Tennessee	yes	1.0	27.16421740156133	445.1587458883467
24216	62	Vocational rehabilitation services	47	624310	181	47181	Wayne County, Tennessee	yes	1.0	28.423529411764704	517.0705882352942
24217	62	Vocational rehabilitation services	47	624310	183	47183	Weakley County, Tennessee	yes	2.0	54.32843480312266	890.3174917766934
24218	62	Vocational rehabilitation services	47	624310	187	47187	Williamson County, Tennessee	no	3.0	34.333333333333336	897.1666666666666
24219	71	Agents and managers for artists, athletes, entertainers, and other public figures	47	711410	3	47003	Bedford County, Tennessee	yes	1.1666666666666667	4.566182785943265	472.55971390552236
24220	71	Agents and managers for artists, athletes, entertainers, and other public figures	47	711410	37	47037	Davidson County, Tennessee	no	103.16666666666667	584.3333333333334	85950.5
24221	71	Agents and managers for artists, athletes, entertainers, and other public figures	47	711410	41	47041	DeKalb County, Tennessee	yes	1.0	4.01062723038771	412.9708250166334
24222	71	Agents and managers for artists, athletes, entertainers, and other public figures	47	711410	43	47043	Dickson County, Tennessee	yes	1.0	3.8197604790419164	561.6958083832335
24223	71	Agents and managers for artists, athletes, entertainers, and other public figures	47	711410	49	47049	Fentress County, Tennessee	yes	1.0	4.01062723038771	412.9708250166334
24224	71	Agents and managers for artists, athletes, entertainers, and other public figures	47	711410	65	47065	Hamilton County, Tennessee	no	3.6666666666666665	9.0	124.33333333333333
24225	71	Agents and managers for artists, athletes, entertainers, and other public figures	47	711410	65	47065	Hamilton County, Tennessee	yes	1.6666666666666667	7.373737373737375	410.0222222222222
24226	71	Agents and managers for artists, athletes, entertainers, and other public figures	47	711410	93	47093	Knox County, Tennessee	no	4.0	12.0	417.0
24227	71	Agents and managers for artists, athletes, entertainers, and other public figures	47	711410	93	47093	Knox County, Tennessee	yes	2.25	8.962121212121213	828.4416666666666
24228	71	Agents and managers for artists, athletes, entertainers, and other public figures	47	711410	119	47119	Maury County, Tennessee	yes	1.0	5.045454545454546	196.0
24229	71	Agents and managers for artists, athletes, entertainers, and other public figures	47	711410	147	47147	Robertson County, Tennessee	yes	1.0	3.8197604790419164	561.6958083832335
24230	71	Agents and managers for artists, athletes, entertainers, and other public figures	47	711410	155	47155	Sevier County, Tennessee	yes	1.0	3.8197604790419164	561.6958083832335
24231	71	Agents and managers for artists, athletes, entertainers, and other public figures	47	711410	157	47157	Shelby County, Tennessee	no	5.5	6.5	2045.0
24232	71	Agents and managers for artists, athletes, entertainers, and other public figures	47	711410	157	47157	Shelby County, Tennessee	yes	2.25	7.819760479041916	1132.2958083832336
24233	71	Agents and managers for artists, athletes, entertainers, and other public figures	47	711410	163	47163	Sullivan County, Tennessee	yes	1.0	3.3333333333333335	357.5333333333333
24234	71	Agents and managers for artists, athletes, entertainers, and other public figures	47	711410	165	47165	Sumner County, Tennessee	yes	2.6666666666666665	11.046506986027943	995.6972055888226
24235	71	Agents and managers for artists, athletes, entertainers, and other public figures	47	711410	179	47179	Washington County, Tennessee	no	4.0	4.0	779.3333333333334
24236	71	Agents and managers for artists, athletes, entertainers, and other public figures	47	711410	187	47187	Williamson County, Tennessee	no	29.166666666666668	140.66666666666666	10939.0
24237	71	All other amusement and recreation industries	47	713990	3	47003	Bedford County, Tennessee	yes	1.0	7.261904761904762	90.4047619047619
24238	71	All other amusement and recreation industries	47	713990	5	47005	Benton County, Tennessee	yes	1.0	12.846153846153845	84.51282051282051
24239	71	All other amusement and recreation industries	47	713990	9	47009	Blount County, Tennessee	no	10.166666666666666	20.166666666666668	466.0
24240	71	All other amusement and recreation industries	47	713990	11	47011	Bradley County, Tennessee	no	4.6	17.8	597.0
24241	71	All other amusement and recreation industries	47	713990	11	47011	Bradley County, Tennessee	yes	3.0	38.53846153846154	253.53846153846155
24242	71	All other amusement and recreation industries	47	713990	13	47013	Campbell County, Tennessee	yes	1.3333333333333333	10.917951797228113	155.34792647350216
24243	71	All other amusement and recreation industries	47	713990	17	47017	Carroll County, Tennessee	yes	1.0	10.054029304029303	87.45879120879121
24244	71	All other amusement and recreation industries	47	713990	19	47019	Carter County, Tennessee	yes	1.0	7.566608695885011	126.19499607057173
24245	71	All other amusement and recreation industries	47	713990	29	47029	Cocke County, Tennessee	no	8.0	47.833333333333336	1817.8333333333333
24246	71	All other amusement and recreation industries	47	713990	35	47035	Cumberland County, Tennessee	yes	1.8333333333333333	12.992191750744382	238.30452205567335
24247	71	All other amusement and recreation industries	47	713990	37	47037	Davidson County, Tennessee	no	34.0	302.3333333333333	7045.0
24248	71	All other amusement and recreation industries	47	713990	39	47039	Decatur County, Tennessee	yes	1.0	7.3331349206349214	140.42762896825397
24249	71	All other amusement and recreation industries	47	713990	43	47043	Dickson County, Tennessee	yes	1.0	7.566608695885011	126.19499607057173
24250	71	All other amusement and recreation industries	47	713990	45	47045	Dyer County, Tennessee	yes	1.1666666666666667	8.404571658847976	149.38018125575692
24251	71	All other amusement and recreation industries	47	713990	49	47049	Fentress County, Tennessee	yes	1.0	7.566608695885011	126.19499607057173
24252	71	All other amusement and recreation industries	47	713990	53	47053	Gibson County, Tennessee	yes	1.0	7.36875	165.4390625
24253	71	All other amusement and recreation industries	47	713990	55	47055	Giles County, Tennessee	yes	1.0	5.526315789473684	112.26315789473684
24254	71	All other amusement and recreation industries	47	713990	63	47063	Hamblen County, Tennessee	no	3.3333333333333335	5.666666666666667	93.33333333333333
24255	71	All other amusement and recreation industries	47	713990	63	47063	Hamblen County, Tennessee	yes	2.0	17.089582931688195	191.4538268748795
24256	71	All other amusement and recreation industries	47	713990	65	47065	Hamilton County, Tennessee	no	17.166666666666668	179.66666666666666	3095.3333333333335
24257	71	All other amusement and recreation industries	47	713990	67	47067	Hancock County, Tennessee	yes	1.0	7.566608695885011	126.19499607057173
24258	71	All other amusement and recreation industries	47	713990	71	47071	Hardin County, Tennessee	yes	1.0	10.054029304029303	87.45879120879121
24259	71	All other amusement and recreation industries	47	713990	73	47073	Hawkins County, Tennessee	yes	1.0	7.566608695885011	126.19499607057173
24260	71	All other amusement and recreation industries	47	713990	75	47075	Haywood County, Tennessee	yes	1.0	7.566608695885011	126.19499607057173
24261	71	All other amusement and recreation industries	47	713990	77	47077	Henderson County, Tennessee	yes	1.0	6.322898391812866	145.56309850146198
24262	71	All other amusement and recreation industries	47	713990	79	47079	Henry County, Tennessee	no	3.8333333333333335	2.6666666666666665	50.0
24263	71	All other amusement and recreation industries	47	713990	81	47081	Hickman County, Tennessee	yes	1.0	7.566608695885011	126.19499607057173
24264	71	All other amusement and recreation industries	47	713990	89	47089	Jefferson County, Tennessee	yes	1.6666666666666667	11.781874290426922	223.2370617382131
24265	71	All other amusement and recreation industries	47	713990	93	47093	Knox County, Tennessee	no	16.5	140.33333333333334	1962.8333333333333
24266	71	All other amusement and recreation industries	47	713990	99	47099	Lawrence County, Tennessee	yes	1.3333333333333333	10.917951797228113	155.34792647350216
24267	71	All other amusement and recreation industries	47	713990	103	47103	Lincoln County, Tennessee	yes	1.0	7.566608695885011	126.19499607057173
24268	71	All other amusement and recreation industries	47	713990	105	47105	Loudon County, Tennessee	no	3.0	43.0	795.0
24269	71	All other amusement and recreation industries	47	713990	105	47105	Loudon County, Tennessee	yes	1.5	7.790935672514619	195.24269005847952
24270	71	All other amusement and recreation industries	47	713990	107	47107	McMinn County, Tennessee	yes	1.75	11.264217836257309	263.0604075292398
24271	71	All other amusement and recreation industries	47	713990	113	47113	Madison County, Tennessee	no	3.8333333333333335	37.666666666666664	408.1666666666667
24272	71	All other amusement and recreation industries	47	713990	117	47117	Marshall County, Tennessee	yes	1.0	6.510699665831245	134.53143118212196
24273	71	All other amusement and recreation industries	47	713990	119	47119	Maury County, Tennessee	no	4.166666666666667	6.166666666666667	173.5
24274	71	All other amusement and recreation industries	47	713990	125	47125	Montgomery County, Tennessee	no	7.333333333333333	25.333333333333332	404.3333333333333
24275	71	All other amusement and recreation industries	47	713990	131	47131	Obion County, Tennessee	yes	1.0	6.588425925925926	156.6630787037037
24276	71	All other amusement and recreation industries	47	713990	133	47133	Overton County, Tennessee	yes	2.0	15.133217391770023	252.38999214114347
24277	71	All other amusement and recreation industries	47	713990	139	47139	Polk County, Tennessee	no	14.5	29.5	2112.8333333333335
24278	71	All other amusement and recreation industries	47	713990	141	47141	Putnam County, Tennessee	no	3.0	2.0	56.0
24279	71	All other amusement and recreation industries	47	713990	141	47141	Putnam County, Tennessee	yes	1.0	8.152857905982906	138.6255141559829
24280	71	All other amusement and recreation industries	47	713990	145	47145	Roane County, Tennessee	yes	2.0	10.055555555555555	278.22222222222223
24281	71	All other amusement and recreation industries	47	713990	147	47147	Robertson County, Tennessee	no	3.0	6.0	357.2
24282	71	All other amusement and recreation industries	47	713990	147	47147	Robertson County, Tennessee	yes	2.0	14.523809523809524	180.8095238095238
24283	71	All other amusement and recreation industries	47	713990	149	47149	Rutherford County, Tennessee	no	10.833333333333334	99.83333333333333	1125.3333333333333
24284	71	All other amusement and recreation industries	47	713990	151	47151	Scott County, Tennessee	yes	1.0	7.566608695885011	126.19499607057173
24285	71	All other amusement and recreation industries	47	713990	153	47153	Sequatchie County, Tennessee	yes	2.0	15.133217391770023	252.38999214114347
24286	71	All other amusement and recreation industries	47	713990	155	47155	Sevier County, Tennessee	no	47.0	508.0	10294.5
24287	71	All other amusement and recreation industries	47	713990	157	47157	Shelby County, Tennessee	no	30.666666666666668	396.3333333333333	6109.166666666667
24288	71	All other amusement and recreation industries	47	713990	161	47161	Stewart County, Tennessee	yes	1.0	10.054029304029303	87.45879120879121
24289	71	All other amusement and recreation industries	47	713990	163	47163	Sullivan County, Tennessee	no	7.0	7.333333333333333	282.6666666666667
24290	71	All other amusement and recreation industries	47	713990	165	47165	Sumner County, Tennessee	no	7.333333333333333	20.0	249.66666666666666
24291	71	All other amusement and recreation industries	47	713990	165	47165	Sumner County, Tennessee	yes	2.3333333333333335	16.4917421759527	238.12499196709723
24292	71	All other amusement and recreation industries	47	713990	167	47167	Tipton County, Tennessee	yes	1.0	6.588425925925926	156.6630787037037
24293	71	All other amusement and recreation industries	47	713990	171	47171	Unicoi County, Tennessee	yes	1.5	11.83900442880706	174.05845278929158
24294	71	All other amusement and recreation industries	47	713990	177	47177	Warren County, Tennessee	yes	1.5	12.12826925754557	170.41538679096246
24295	71	All other amusement and recreation industries	47	713990	179	47179	Washington County, Tennessee	no	8.333333333333334	47.5	652.3333333333334
24296	71	All other amusement and recreation industries	47	713990	181	47181	Wayne County, Tennessee	yes	1.0	7.665538043827517	106.57296285585758
24297	71	All other amusement and recreation industries	47	713990	183	47183	Weakley County, Tennessee	yes	1.0	7.566608695885011	126.19499607057173
24298	71	All other amusement and recreation industries	47	713990	187	47187	Williamson County, Tennessee	no	15.166666666666666	118.5	2105.1666666666665
24299	71	All other amusement and recreation industries	47	713990	189	47189	Wilson County, Tennessee	no	3.6666666666666665	10.666666666666666	146.33333333333334
24300	71	All other amusement and recreation industries	47	713990	189	47189	Wilson County, Tennessee	yes	2.0	17.089582931688195	191.4538268748795
24301	71	Amusement and theme parks	47	713110	37	47037	Davidson County, Tennessee	yes	1.3333333333333333	27.888888888888886	712.6296296296296
24302	71	Amusement and theme parks	47	713110	93	47093	Knox County, Tennessee	yes	1.0	167.33333333333331	4275.777777777777
24303	71	Amusement and theme parks	47	713110	153	47153	Sequatchie County, Tennessee	yes	1.0	41.83333333333333	1068.9444444444443
24304	71	Amusement and theme parks	47	713110	155	47155	Sevier County, Tennessee	yes	4.0	139.44444444444446	3563.1481481481483
24305	71	Amusement and theme parks	47	713110	157	47157	Shelby County, Tennessee	yes	1.0	0.0	0.0
24306	71	Amusement and theme parks	47	713110	189	47189	Wilson County, Tennessee	yes	1.0	33.46666666666666	855.1555555555555
24307	71	Amusement arcades	47	713120	11	47011	Bradley County, Tennessee	yes	1.0	15.280000000000001	220.20000000000002
24308	71	Amusement arcades	47	713120	19	47019	Carter County, Tennessee	yes	1.0	13.236153846153847	185.5423076923077
24309	71	Amusement arcades	47	713120	31	47031	Coffee County, Tennessee	yes	1.0	13.668547008547009	183.46153846153848
24310	71	Amusement arcades	47	713120	35	47035	Cumberland County, Tennessee	yes	1.0	17.881264245014247	269.31850071225074
24311	71	Amusement arcades	47	713120	37	47037	Davidson County, Tennessee	no	6.333333333333333	66.83333333333333	682.6666666666666
24312	71	Amusement arcades	47	713120	43	47043	Dickson County, Tennessee	yes	1.0	11.192307692307693	150.8846153846154
24313	71	Amusement arcades	47	713120	45	47045	Dyer County, Tennessee	yes	1.0	13.668547008547009	183.46153846153848
24314	71	Amusement arcades	47	713120	65	47065	Hamilton County, Tennessee	yes	1.0	17.881264245014247	269.31850071225074
24315	71	Amusement arcades	47	713120	71	47071	Hardin County, Tennessee	yes	1.0	12.862820512820512	165.0923076923077
24316	71	Amusement arcades	47	713120	77	47077	Henderson County, Tennessee	yes	1.0	21.4375	320.4375
24317	71	Amusement arcades	47	713120	79	47079	Henry County, Tennessee	yes	1.0	14.533333333333333	179.3
24318	71	Amusement arcades	47	713120	93	47093	Knox County, Tennessee	no	3.0	17.0	303.0
24319	71	Amusement arcades	47	713120	93	47093	Knox County, Tennessee	yes	4.0	53.06273504273505	697.1076923076924
24320	71	Amusement arcades	47	713120	113	47113	Madison County, Tennessee	yes	1.0	17.881264245014247	269.31850071225074
24321	71	Amusement arcades	47	713120	123	47123	Monroe County, Tennessee	yes	1.0	17.881264245014247	269.31850071225074
24322	71	Amusement arcades	47	713120	125	47125	Montgomery County, Tennessee	yes	2.0	35.762528490028494	538.6370014245015
24323	71	Amusement arcades	47	713120	129	47129	Morgan County, Tennessee	yes	1.0	22.422222222222224	372.5444444444445
24324	71	Amusement arcades	47	713120	149	47149	Rutherford County, Tennessee	no	4.0	87.66666666666667	1066.6666666666667
24325	71	Amusement arcades	47	713120	149	47149	Rutherford County, Tennessee	yes	3.0	41.00564102564103	550.3846153846154
24326	71	Amusement arcades	47	713120	155	47155	Sevier County, Tennessee	no	10.333333333333334	438.0	7823.0
24327	71	Amusement arcades	47	713120	157	47157	Shelby County, Tennessee	no	5.0	137.0	1614.0
24328	71	Amusement arcades	47	713120	157	47157	Shelby County, Tennessee	yes	3.6	66.5265	994.7758333333334
24329	71	Amusement arcades	47	713120	163	47163	Sullivan County, Tennessee	yes	2.0	35.762528490028494	538.6370014245015
24330	71	Amusement arcades	47	713120	165	47165	Sumner County, Tennessee	no	3.0	14.0	89.0
24331	71	Amusement arcades	47	713120	165	47165	Sumner County, Tennessee	yes	2.0	31.221570512820513	435.41105769230774
24332	71	Amusement arcades	47	713120	171	47171	Unicoi County, Tennessee	yes	1.0	22.422222222222224	372.5444444444445
24333	71	Amusement arcades	47	713120	179	47179	Washington County, Tennessee	yes	1.3333333333333333	22.16887108262108	324.34926994302
24334	71	Amusement arcades	47	713120	187	47187	Williamson County, Tennessee	no	3.6666666666666665	63.333333333333336	319.0
24335	71	Amusement arcades	47	713120	189	47189	Wilson County, Tennessee	yes	1.0	17.881264245014247	269.31850071225074
24336	71	Bowling centers	47	713950	3	47003	Bedford County, Tennessee	yes	1.0	24.367126422534696	332.9549500075746
24337	71	Bowling centers	47	713950	9	47009	Blount County, Tennessee	yes	1.0	24.367126422534696	332.9549500075746
24338	71	Bowling centers	47	713950	11	47011	Bradley County, Tennessee	yes	1.0	24.367126422534696	332.9549500075746
24339	71	Bowling centers	47	713950	25	47025	Claiborne County, Tennessee	yes	1.0	24.367126422534696	332.9549500075746
24340	71	Bowling centers	47	713950	29	47029	Cocke County, Tennessee	no	3.0	1.0	13.0
24341	71	Bowling centers	47	713950	29	47029	Cocke County, Tennessee	yes	1.0	24.40909090909091	279.25
24342	71	Bowling centers	47	713950	31	47031	Coffee County, Tennessee	yes	1.0	24.367126422534696	332.9549500075746
24343	71	Bowling centers	47	713950	35	47035	Cumberland County, Tennessee	yes	1.0	24.367126422534696	332.9549500075746
24344	71	Bowling centers	47	713950	37	47037	Davidson County, Tennessee	no	3.3333333333333335	23.333333333333332	492.0
24345	71	Bowling centers	47	713950	37	47037	Davidson County, Tennessee	yes	5.333333333333333	128.940133037694	1550.9268292682927
24346	71	Bowling centers	47	713950	43	47043	Dickson County, Tennessee	no	3.0	32.0	216.0
24347	71	Bowling centers	47	713950	43	47043	Dickson County, Tennessee	yes	2.0	48.512559391827686	605.7673344947735
24348	71	Bowling centers	47	713950	45	47045	Dyer County, Tennessee	yes	1.0	24.367126422534696	332.9549500075746
24349	71	Bowling centers	47	713950	59	47059	Greene County, Tennessee	yes	1.0	24.367126422534696	332.9549500075746
24350	71	Bowling centers	47	713950	63	47063	Hamblen County, Tennessee	yes	1.0	24.367126422534696	332.9549500075746
24351	71	Bowling centers	47	713950	65	47065	Hamilton County, Tennessee	yes	3.0	73.15736596383468	996.1138337625613
24352	71	Bowling centers	47	713950	71	47071	Hardin County, Tennessee	yes	1.0	24.367126422534696	332.9549500075746
24353	71	Bowling centers	47	713950	73	47073	Hawkins County, Tennessee	yes	1.0	24.448416906529314	354.69492501136193
24354	71	Bowling centers	47	713950	77	47077	Henderson County, Tennessee	yes	1.0	24.57349896480331	374.34120082815735
24355	71	Bowling centers	47	713950	93	47093	Knox County, Tennessee	yes	1.0	24.588819875776398	393.0975155279503
24356	71	Bowling centers	47	713950	99	47099	Lawrence County, Tennessee	yes	1.0	24.367126422534696	332.9549500075746
24357	71	Bowling centers	47	713950	107	47107	McMinn County, Tennessee	yes	1.0	24.367126422534696	332.9549500075746
24358	71	Bowling centers	47	713950	113	47113	Madison County, Tennessee	yes	1.5	36.44750336266773	478.7392996010705
24359	71	Bowling centers	47	713950	117	47117	Marshall County, Tennessee	yes	1.0	24.588819875776398	393.0975155279503
24360	71	Bowling centers	47	713950	125	47125	Montgomery County, Tennessee	yes	2.0	48.73425284506939	665.9099000151492
24361	71	Bowling centers	47	713950	131	47131	Obion County, Tennessee	yes	1.0	24.367126422534696	332.9549500075746
24362	71	Bowling centers	47	713950	143	47143	Rhea County, Tennessee	yes	1.0	24.367126422534696	332.9549500075746
24363	71	Bowling centers	47	713950	147	47147	Robertson County, Tennessee	yes	1.0	24.160753880266075	291.56869918699186
24364	71	Bowling centers	47	713950	149	47149	Rutherford County, Tennessee	yes	2.0	48.73425284506939	665.9099000151492
24365	71	Bowling centers	47	713950	157	47157	Shelby County, Tennessee	no	4.666666666666667	124.33333333333333	2165.5
24366	71	Bowling centers	47	713950	163	47163	Sullivan County, Tennessee	yes	2.0	48.73425284506939	665.9099000151492
24367	71	Bowling centers	47	713950	165	47165	Sumner County, Tennessee	yes	2.0	48.73425284506939	665.9099000151492
24368	71	Bowling centers	47	713950	171	47171	Unicoi County, Tennessee	yes	1.0	24.40909090909091	279.25
24369	71	Bowling centers	47	713950	177	47177	Warren County, Tennessee	yes	1.25	30.274572378840674	376.82269163763067
24370	71	Bowling centers	47	713950	179	47179	Washington County, Tennessee	yes	2.0	48.73425284506939	665.9099000151492
24371	71	Bowling centers	47	713950	187	47187	Williamson County, Tennessee	yes	1.3333333333333333	32.56339971446016	463.98745518355804
24372	71	Bowling centers	47	713950	189	47189	Wilson County, Tennessee	yes	1.0	24.367126422534696	332.9549500075746
24373	71	Dance companies	47	711120	37	47037	Davidson County, Tennessee	yes	2.1666666666666665	43.269841269841265	1171.2380952380952
24374	71	Dance companies	47	711120	65	47065	Hamilton County, Tennessee	yes	1.6666666666666667	33.57539682539682	919.5952380952381
24375	71	Dance companies	47	711120	93	47093	Knox County, Tennessee	yes	2.0	40.1031746031746	1087.6666666666667
24376	71	Dance companies	47	711120	157	47157	Shelby County, Tennessee	yes	1.0	20.0515873015873	543.8333333333334
24377	71	Fitness and recreational sports centers	47	713940	1	47001	Anderson County, Tennessee	no	6.8	67.0	771.4
24378	71	Fitness and recreational sports centers	47	713940	1	47001	Anderson County, Tennessee	yes	6.0	84.32000000000001	716.64
24379	71	Fitness and recreational sports centers	47	713940	3	47003	Bedford County, Tennessee	yes	1.3333333333333333	15.071188743983248	141.3848018403385
24380	71	Fitness and recreational sports centers	47	713940	5	47005	Benton County, Tennessee	yes	1.0	10.391891891891893	83.5945945945946
24381	71	Fitness and recreational sports centers	47	713940	9	47009	Blount County, Tennessee	no	7.2	128.2	1076.2
24382	71	Fitness and recreational sports centers	47	713940	9	47009	Blount County, Tennessee	yes	7.0	98.37333333333333	836.08
24383	71	Fitness and recreational sports centers	47	713940	11	47011	Bradley County, Tennessee	no	8.8	263.6	2311.0
24384	71	Fitness and recreational sports centers	47	713940	11	47011	Bradley County, Tennessee	yes	8.0	112.42666666666668	955.5200000000001
24385	71	Fitness and recreational sports centers	47	713940	13	47013	Campbell County, Tennessee	no	3.0	0.0	171.0
24386	71	Fitness and recreational sports centers	47	713940	13	47013	Campbell County, Tennessee	yes	2.0	22.6662197946033	240.21859880520876
24387	71	Fitness and recreational sports centers	47	713940	17	47017	Carroll County, Tennessee	yes	2.0	21.993969079558084	215.0914054824788
24388	71	Fitness and recreational sports centers	47	713940	21	47021	Cheatham County, Tennessee	yes	1.3333333333333333	14.88030780464681	153.8160690096423
24389	71	Fitness and recreational sports centers	47	713940	23	47023	Chester County, Tennessee	yes	1.0	10.996984539779042	107.5457027412394
24390	71	Fitness and recreational sports centers	47	713940	25	47025	Claiborne County, Tennessee	yes	1.1666666666666667	12.728966521761024	121.47813517367183
24391	71	Fitness and recreational sports centers	47	713940	29	47029	Cocke County, Tennessee	yes	1.3333333333333333	15.048802721597225	140.99277344831012
24392	71	Fitness and recreational sports centers	47	713940	31	47031	Coffee County, Tennessee	no	4.5	11.5	123.33333333333333
24393	71	Fitness and recreational sports centers	47	713940	35	47035	Cumberland County, Tennessee	no	3.0	34.0	407.0
24394	71	Fitness and recreational sports centers	47	713940	35	47035	Cumberland County, Tennessee	yes	1.8	20.92295638630979	194.02019627884027
24395	71	Fitness and recreational sports centers	47	713940	37	47037	Davidson County, Tennessee	no	86.5	1724.3333333333333	20175.0
24396	71	Fitness and recreational sports centers	47	713940	39	47039	Decatur County, Tennessee	yes	1.0	10.996984539779042	107.5457027412394
24397	71	Fitness and recreational sports centers	47	713940	43	47043	Dickson County, Tennessee	no	4.0	22.0	262.8333333333333
24398	71	Fitness and recreational sports centers	47	713940	45	47045	Dyer County, Tennessee	no	4.0	0.0	374.0
24399	71	Fitness and recreational sports centers	47	713940	45	47045	Dyer County, Tennessee	yes	3.6	41.28034561075923	415.99369748227343
24400	71	Fitness and recreational sports centers	47	713940	47	47047	Fayette County, Tennessee	yes	1.8	19.175596228803037	193.65868657897454
24401	71	Fitness and recreational sports centers	47	713940	51	47051	Franklin County, Tennessee	no	3.3333333333333335	10.5	145.0
24402	71	Fitness and recreational sports centers	47	713940	53	47053	Gibson County, Tennessee	no	6.0	55.666666666666664	473.1666666666667
24403	71	Fitness and recreational sports centers	47	713940	55	47055	Giles County, Tennessee	yes	1.8333333333333333	19.651746857335862	195.18473881581212
24404	71	Fitness and recreational sports centers	47	713940	59	47059	Greene County, Tennessee	yes	1.0	10.996984539779042	107.5457027412394
24405	71	Fitness and recreational sports centers	47	713940	61	47061	Grundy County, Tennessee	yes	1.0	10.996984539779042	107.5457027412394
24406	71	Fitness and recreational sports centers	47	713940	63	47063	Hamblen County, Tennessee	no	3.6666666666666665	5.0	69.0
24407	71	Fitness and recreational sports centers	47	713940	63	47063	Hamblen County, Tennessee	yes	1.5	17.284242424242425	140.96242424242425
24408	71	Fitness and recreational sports centers	47	713940	65	47065	Hamilton County, Tennessee	no	50.5	984.5	12025.333333333334
24409	71	Fitness and recreational sports centers	47	713940	69	47069	Hardeman County, Tennessee	no	3.0	0.0	52.0
24410	71	Fitness and recreational sports centers	47	713940	69	47069	Hardeman County, Tennessee	yes	1.8	20.440411341264742	193.97627735992137
24411	71	Fitness and recreational sports centers	47	713940	71	47071	Hardin County, Tennessee	no	3.75	17.75	81.25
24412	71	Fitness and recreational sports centers	47	713940	71	47071	Hardin County, Tennessee	yes	3.0	30.974201474201475	247.25552825552828
24413	71	Fitness and recreational sports centers	47	713940	73	47073	Hawkins County, Tennessee	yes	1.3333333333333333	14.438562481356984	135.01853921407587
24414	71	Fitness and recreational sports centers	47	713940	75	47075	Haywood County, Tennessee	yes	1.0	10.996984539779042	107.5457027412394
24415	71	Fitness and recreational sports centers	47	713940	77	47077	Henderson County, Tennessee	no	3.5	18.0	230.5
24416	71	Fitness and recreational sports centers	47	713940	77	47077	Henderson County, Tennessee	yes	2.0	21.337943279451785	220.58666698702694
24417	71	Fitness and recreational sports centers	47	713940	79	47079	Henry County, Tennessee	yes	2.0	21.993969079558084	215.0914054824788
24418	71	Fitness and recreational sports centers	47	713940	85	47085	Humphreys County, Tennessee	yes	1.0	7.979166666666666	83.375
24419	71	Fitness and recreational sports centers	47	713940	89	47089	Jefferson County, Tennessee	yes	1.0	10.257575757575758	81.24242424242425
24420	71	Fitness and recreational sports centers	47	713940	91	47091	Johnson County, Tennessee	yes	1.0	10.996984539779042	107.5457027412394
24421	71	Fitness and recreational sports centers	47	713940	93	47093	Knox County, Tennessee	no	49.0	741.8333333333334	9159.166666666666
24422	71	Fitness and recreational sports centers	47	713940	99	47099	Lawrence County, Tennessee	yes	1.5	15.520679770679772	124.21580671580672
24423	71	Fitness and recreational sports centers	47	713940	103	47103	Lincoln County, Tennessee	no	3.0	5.6	117.8
24424	71	Fitness and recreational sports centers	47	713940	103	47103	Lincoln County, Tennessee	yes	2.0	15.958333333333332	166.75
24425	71	Fitness and recreational sports centers	47	713940	105	47105	Loudon County, Tennessee	no	4.8	90.0	909.4
24426	71	Fitness and recreational sports centers	47	713940	105	47105	Loudon County, Tennessee	yes	5.0	70.26666666666667	597.2
24427	71	Fitness and recreational sports centers	47	713940	109	47109	McNairy County, Tennessee	yes	1.0	11.2306104936995	120.4055974016707
24428	71	Fitness and recreational sports centers	47	713940	113	47113	Madison County, Tennessee	no	10.833333333333334	147.33333333333334	1555.1666666666667
24429	71	Fitness and recreational sports centers	47	713940	115	47115	Marion County, Tennessee	yes	1.4	15.777990987197793	167.86036389265186
24430	71	Fitness and recreational sports centers	47	713940	117	47117	Marshall County, Tennessee	no	3.0	4.0	18.0
24431	71	Fitness and recreational sports centers	47	713940	117	47117	Marshall County, Tennessee	yes	1.75	18.743010851760854	162.92736076986077
24432	71	Fitness and recreational sports centers	47	713940	119	47119	Maury County, Tennessee	no	7.4	45.0	829.2
24433	71	Fitness and recreational sports centers	47	713940	119	47119	Maury County, Tennessee	yes	7.0	72.74324324324324	585.1621621621622
24434	71	Fitness and recreational sports centers	47	713940	123	47123	Monroe County, Tennessee	no	3.0	0.0	74.0
24435	71	Fitness and recreational sports centers	47	713940	123	47123	Monroe County, Tennessee	yes	2.0	22.236006138712945	224.67184874113673
24436	71	Fitness and recreational sports centers	47	713940	125	47125	Montgomery County, Tennessee	no	13.5	265.0	3387.0
24437	71	Fitness and recreational sports centers	47	713940	131	47131	Obion County, Tennessee	yes	3.1666666666666665	34.722935601319115	336.5695406561506
24438	71	Fitness and recreational sports centers	47	713940	133	47133	Overton County, Tennessee	no	3.0	0.0	5.0
24439	71	Fitness and recreational sports centers	47	713940	133	47133	Overton County, Tennessee	yes	1.4	15.777990987197793	167.86036389265186
24440	71	Fitness and recreational sports centers	47	713940	141	47141	Putnam County, Tennessee	no	9.5	157.66666666666666	1149.8333333333333
24441	71	Fitness and recreational sports centers	47	713940	143	47143	Rhea County, Tennessee	yes	2.0	21.993969079558084	215.0914054824788
24442	71	Fitness and recreational sports centers	47	713940	145	47145	Roane County, Tennessee	no	3.3333333333333335	2.8333333333333335	69.16666666666667
24443	71	Fitness and recreational sports centers	47	713940	147	47147	Robertson County, Tennessee	yes	1.5	16.170544463338967	148.9509716465083
24444	71	Fitness and recreational sports centers	47	713940	149	47149	Rutherford County, Tennessee	no	16.833333333333332	477.1666666666667	4528.5
24445	71	Fitness and recreational sports centers	47	713940	153	47153	Sequatchie County, Tennessee	yes	1.0	10.996984539779042	107.5457027412394
24446	71	Fitness and recreational sports centers	47	713940	155	47155	Sevier County, Tennessee	no	5.6	42.0	761.6
24447	71	Fitness and recreational sports centers	47	713940	155	47155	Sevier County, Tennessee	yes	5.0	51.95945945945946	417.97297297297297
24448	71	Fitness and recreational sports centers	47	713940	157	47157	Shelby County, Tennessee	no	73.16666666666667	1607.6666666666667	24379.0
24449	71	Fitness and recreational sports centers	47	713940	161	47161	Stewart County, Tennessee	yes	1.0	10.391891891891893	83.5945945945946
24450	71	Fitness and recreational sports centers	47	713940	163	47163	Sullivan County, Tennessee	no	21.166666666666668	257.5	3376.3333333333335
24451	71	Fitness and recreational sports centers	47	713940	165	47165	Sumner County, Tennessee	no	16.333333333333332	225.5	2225.0
24452	71	Fitness and recreational sports centers	47	713940	167	47167	Tipton County, Tennessee	no	3.0	23.0	346.0
24453	71	Fitness and recreational sports centers	47	713940	167	47167	Tipton County, Tennessee	yes	3.0	32.962055429005694	331.8444123355773
24454	71	Fitness and recreational sports centers	47	713940	169	47169	Trousdale County, Tennessee	yes	1.0	10.426368751957757	120.3323992034725
24455	71	Fitness and recreational sports centers	47	713940	171	47171	Unicoi County, Tennessee	yes	2.0	21.591848208687214	215.0548063833797
24456	71	Fitness and recreational sports centers	47	713940	177	47177	Warren County, Tennessee	yes	1.5	16.780784703579208	154.92520588074254
24457	71	Fitness and recreational sports centers	47	713940	179	47179	Washington County, Tennessee	no	8.833333333333334	63.5	1274.1666666666667
24458	71	Fitness and recreational sports centers	47	713940	183	47183	Weakley County, Tennessee	yes	1.0	10.324733824733826	82.41850941850942
24459	71	Fitness and recreational sports centers	47	713940	185	47185	White County, Tennessee	yes	1.0	10.996984539779042	107.5457027412394
24460	71	Fitness and recreational sports centers	47	713940	187	47187	Williamson County, Tennessee	no	42.333333333333336	1167.0	13410.666666666666
24461	71	Fitness and recreational sports centers	47	713940	189	47189	Wilson County, Tennessee	no	10.0	96.75	1418.25
24462	71	Fitness and recreational sports centers	47	713940	189	47189	Wilson County, Tennessee	yes	8.0	82.59787059787061	659.3480753480753
24463	71	Golf courses and country clubs	47	713910	1	47001	Anderson County, Tennessee	yes	1.0	14.029019264453183	297.45159114561994
24464	71	Golf courses and country clubs	47	713910	3	47003	Bedford County, Tennessee	yes	1.5	21.228309841459044	395.2999273180133
24465	71	Golf courses and country clubs	47	713910	5	47005	Benton County, Tennessee	yes	1.0	14.190849387044318	284.52309212383744
24466	71	Golf courses and country clubs	47	713910	9	47009	Blount County, Tennessee	no	5.833333333333333	81.66666666666667	1707.1666666666667
24467	71	Golf courses and country clubs	47	713910	11	47011	Bradley County, Tennessee	yes	2.0	28.381698774088637	569.0461842476749
24468	71	Golf courses and country clubs	47	713910	13	47013	Campbell County, Tennessee	yes	2.0	28.381698774088637	569.0461842476749
24469	71	Golf courses and country clubs	47	713910	17	47017	Carroll County, Tennessee	yes	2.0	28.381698774088637	569.0461842476749
24470	71	Golf courses and country clubs	47	713910	19	47019	Carter County, Tennessee	yes	1.0	14.190849387044318	284.52309212383744
24471	71	Golf courses and country clubs	47	713910	21	47021	Cheatham County, Tennessee	no	3.0	72.0	1995.5
24472	71	Golf courses and country clubs	47	713910	21	47021	Cheatham County, Tennessee	yes	3.5	49.91089423650983	1166.5190175505104
24473	71	Golf courses and country clubs	47	713910	23	47023	Chester County, Tennessee	yes	1.0	14.836065573770492	212.31734768779057
24474	71	Golf courses and country clubs	47	713910	25	47025	Claiborne County, Tennessee	yes	1.0	14.190849387044318	284.52309212383744
24475	71	Golf courses and country clubs	47	713910	29	47029	Cocke County, Tennessee	yes	1.0	14.190849387044318	284.52309212383744
24476	71	Golf courses and country clubs	47	713910	31	47031	Coffee County, Tennessee	yes	2.1666666666666665	29.997640803074145	606.3650248273851
24477	71	Golf courses and country clubs	47	713910	33	47033	Crockett County, Tennessee	yes	1.0	14.190849387044318	284.52309212383744
24478	71	Golf courses and country clubs	47	713910	35	47035	Cumberland County, Tennessee	no	3.0	7.0	250.0
24479	71	Golf courses and country clubs	47	713910	35	47035	Cumberland County, Tennessee	yes	2.0	28.058038528906366	594.9031822912399
24480	71	Golf courses and country clubs	47	713910	37	47037	Davidson County, Tennessee	no	9.0	643.8333333333334	22368.666666666668
24481	71	Golf courses and country clubs	47	713910	39	47039	Decatur County, Tennessee	yes	1.0	14.190849387044318	284.52309212383744
24482	71	Golf courses and country clubs	47	713910	41	47041	DeKalb County, Tennessee	yes	1.0	15.0	219.88059701492537
24483	71	Golf courses and country clubs	47	713910	43	47043	Dickson County, Tennessee	yes	1.0	14.190849387044318	284.52309212383744
24484	71	Golf courses and country clubs	47	713910	45	47045	Dyer County, Tennessee	yes	2.0	28.381698774088637	569.0461842476749
24485	71	Golf courses and country clubs	47	713910	47	47047	Fayette County, Tennessee	yes	2.0	28.381698774088637	569.0461842476749
24486	71	Golf courses and country clubs	47	713910	51	47051	Franklin County, Tennessee	yes	2.0	28.381698774088637	569.0461842476749
24487	71	Golf courses and country clubs	47	713910	53	47053	Gibson County, Tennessee	no	3.0	23.666666666666668	394.0
24488	71	Golf courses and country clubs	47	713910	53	47053	Gibson County, Tennessee	yes	2.6666666666666665	39.68844953780655	967.8398604185498
24489	71	Golf courses and country clubs	47	713910	55	47055	Giles County, Tennessee	yes	1.0	14.190849387044318	284.52309212383744
24490	71	Golf courses and country clubs	47	713910	57	47057	Grainger County, Tennessee	yes	1.0	14.190849387044318	284.52309212383744
24491	71	Golf courses and country clubs	47	713910	59	47059	Greene County, Tennessee	no	6.0	50.333333333333336	998.5
24492	71	Golf courses and country clubs	47	713910	63	47063	Hamblen County, Tennessee	no	3.0	41.0	963.3333333333334
24493	71	Golf courses and country clubs	47	713910	65	47065	Hamilton County, Tennessee	no	9.333333333333334	345.1666666666667	8860.833333333334
24494	71	Golf courses and country clubs	47	713910	69	47069	Hardeman County, Tennessee	yes	1.0	14.190849387044318	284.52309212383744
24495	71	Golf courses and country clubs	47	713910	71	47071	Hardin County, Tennessee	no	3.0	0.0	403.0
24496	71	Golf courses and country clubs	47	713910	71	47071	Hardin County, Tennessee	yes	2.25	30.87464048209931	701.2585076310904
24497	71	Golf courses and country clubs	47	713910	73	47073	Hawkins County, Tennessee	yes	1.0	14.190849387044318	284.52309212383744
24498	71	Golf courses and country clubs	47	713910	75	47075	Haywood County, Tennessee	yes	1.0	14.190849387044318	284.52309212383744
24499	71	Golf courses and country clubs	47	713910	77	47077	Henderson County, Tennessee	yes	1.0	14.190849387044318	284.52309212383744
24500	71	Golf courses and country clubs	47	713910	79	47079	Henry County, Tennessee	no	3.0	21.5	402.8333333333333
24501	71	Golf courses and country clubs	47	713910	85	47085	Humphreys County, Tennessee	yes	2.0	28.381698774088637	569.0461842476749
24502	71	Golf courses and country clubs	47	713910	87	47087	Jackson County, Tennessee	yes	1.0	15.0	219.88059701492537
24503	71	Golf courses and country clubs	47	713910	89	47089	Jefferson County, Tennessee	no	3.1666666666666665	24.333333333333332	691.3333333333334
24504	71	Golf courses and country clubs	47	713910	91	47091	Johnson County, Tennessee	yes	1.5	21.34423831967391	458.2693490534992
24505	71	Golf courses and country clubs	47	713910	93	47093	Knox County, Tennessee	no	13.5	487.8333333333333	11548.666666666666
24506	71	Golf courses and country clubs	47	713910	97	47097	Lauderdale County, Tennessee	yes	1.0	14.190849387044318	284.52309212383744
24507	71	Golf courses and country clubs	47	713910	99	47099	Lawrence County, Tennessee	no	3.0	38.0	472.0
24508	71	Golf courses and country clubs	47	713910	99	47099	Lawrence County, Tennessee	yes	2.0	28.058038528906366	594.9031822912399
24509	71	Golf courses and country clubs	47	713910	103	47103	Lincoln County, Tennessee	yes	1.0	14.836065573770492	212.31734768779057
24510	71	Golf courses and country clubs	47	713910	105	47105	Loudon County, Tennessee	no	4.833333333333333	75.66666666666667	2308.5
24511	71	Golf courses and country clubs	47	713910	107	47107	McMinn County, Tennessee	no	4.166666666666667	42.0	650.1666666666666
24512	71	Golf courses and country clubs	47	713910	109	47109	McNairy County, Tennessee	yes	1.0	14.190849387044318	284.52309212383744
24513	71	Golf courses and country clubs	47	713910	111	47111	Macon County, Tennessee	yes	1.0	14.190849387044318	284.52309212383744
24514	71	Golf courses and country clubs	47	713910	113	47113	Madison County, Tennessee	no	6.333333333333333	77.66666666666667	1808.8333333333333
24515	71	Golf courses and country clubs	47	713910	115	47115	Marion County, Tennessee	yes	1.0	13.868241293681233	320.62596434186094
24516	71	Golf courses and country clubs	47	713910	117	47117	Marshall County, Tennessee	yes	1.5	19.847826086956523	331.83711875405584
24517	71	Golf courses and country clubs	47	713910	119	47119	Maury County, Tennessee	no	4.333333333333333	65.66666666666667	1083.3333333333333
24518	71	Golf courses and country clubs	47	713910	119	47119	Maury County, Tennessee	yes	3.0	48.22468142186452	1038.4450951146346
24519	71	Golf courses and country clubs	47	713910	121	47121	Meigs County, Tennessee	yes	1.2	15.968149699235791	342.23419984127213
24520	71	Golf courses and country clubs	47	713910	123	47123	Monroe County, Tennessee	yes	1.5	21.228309841459044	395.2999273180133
24521	71	Golf courses and country clubs	47	713910	125	47125	Montgomery County, Tennessee	no	3.0	75.0	1466.0
24522	71	Golf courses and country clubs	47	713910	125	47125	Montgomery County, Tennessee	yes	2.0	28.189186069889974	600.9537817529477
24523	71	Golf courses and country clubs	47	713910	131	47131	Obion County, Tennessee	no	3.1666666666666665	19.666666666666668	297.8333333333333
24524	71	Golf courses and country clubs	47	713910	133	47133	Overton County, Tennessee	yes	1.0	14.190849387044318	284.52309212383744
24525	71	Golf courses and country clubs	47	713910	139	47139	Polk County, Tennessee	yes	1.1666666666666667	16.69084938704432	321.1698582929917
24526	71	Golf courses and country clubs	47	713910	141	47141	Putnam County, Tennessee	no	4.5	30.166666666666668	457.3333333333333
24527	71	Golf courses and country clubs	47	713910	143	47143	Rhea County, Tennessee	yes	1.0	13.612381363244175	222.39020707506472
24528	71	Golf courses and country clubs	47	713910	145	47145	Roane County, Tennessee	no	3.0	24.666666666666668	787.3333333333334
24529	71	Golf courses and country clubs	47	713910	145	47145	Roane County, Tennessee	yes	3.0	42.92033359577756	1042.4775415779702
24530	71	Golf courses and country clubs	47	713910	147	47147	Robertson County, Tennessee	no	3.0	44.166666666666664	627.1666666666666
24531	71	Golf courses and country clubs	47	713910	149	47149	Rutherford County, Tennessee	no	4.0	125.33333333333333	2326.3333333333335
24532	71	Golf courses and country clubs	47	713910	155	47155	Sevier County, Tennessee	yes	2.5	35.48044289797506	740.2713580682916
24533	71	Golf courses and country clubs	47	713910	157	47157	Shelby County, Tennessee	no	15.666666666666666	812.8333333333334	22129.166666666668
24534	71	Golf courses and country clubs	47	713910	159	47159	Smith County, Tennessee	yes	1.0	14.190849387044318	284.52309212383744
24535	71	Golf courses and country clubs	47	713910	163	47163	Sullivan County, Tennessee	no	4.75	74.0	1197.25
24536	71	Golf courses and country clubs	47	713910	163	47163	Sullivan County, Tennessee	yes	4.5	61.38157894736842	1039.8269835035348
24537	71	Golf courses and country clubs	47	713910	165	47165	Sumner County, Tennessee	no	5.833333333333333	137.16666666666666	4448.833333333333
24538	71	Golf courses and country clubs	47	713910	167	47167	Tipton County, Tennessee	yes	2.0	28.381698774088637	569.0461842476749
24539	71	Golf courses and country clubs	47	713910	177	47177	Warren County, Tennessee	yes	2.0	29.672131147540984	424.63469537558115
24540	71	Golf courses and country clubs	47	713910	179	47179	Washington County, Tennessee	yes	2.0	28.381698774088637	569.0461842476749
24541	71	Golf courses and country clubs	47	713910	181	47181	Wayne County, Tennessee	yes	1.0	15.0	219.88059701492537
24542	71	Golf courses and country clubs	47	713910	183	47183	Weakley County, Tennessee	yes	1.1666666666666667	16.282954650202214	324.52747808874983
24543	71	Golf courses and country clubs	47	713910	185	47185	White County, Tennessee	no	3.0	8.0	177.66666666666666
24544	71	Golf courses and country clubs	47	713910	185	47185	White County, Tennessee	yes	2.0	28.1498418176589	443.1073407767032
24545	71	Golf courses and country clubs	47	713910	187	47187	Williamson County, Tennessee	no	5.833333333333333	289.6666666666667	6768.5
24546	71	Golf courses and country clubs	47	713910	189	47189	Wilson County, Tennessee	no	5.4	100.4	1704.4
24547	71	Golf courses and country clubs	47	713910	189	47189	Wilson County, Tennessee	yes	5.0	62.763157894736835	1200.1315789473683
24548	71	Historical sites	47	712120	9	47009	Blount County, Tennessee	yes	1.3333333333333333	25.341680160206376	687.4119000564652
24549	71	Historical sites	47	712120	25	47025	Claiborne County, Tennessee	yes	1.0	18.29860819327731	484.05178571428564
24550	71	Historical sites	47	712120	37	47037	Davidson County, Tennessee	no	5.666666666666667	170.5	3916.5
24551	71	Historical sites	47	712120	93	47093	Knox County, Tennessee	no	4.25	4.75	236.25
24552	71	Historical sites	47	712120	93	47093	Knox County, Tennessee	yes	4.5	79.41911764705883	2253.5
24553	71	Historical sites	47	712120	107	47107	McMinn County, Tennessee	yes	1.0	31.71428571428571	840.8571428571428
24554	71	Historical sites	47	712120	119	47119	Maury County, Tennessee	no	3.0	0.0	246.33333333333334
24555	71	Historical sites	47	712120	119	47119	Maury County, Tennessee	yes	2.0	19.549143610013175	507.3380764163373
24556	71	Historical sites	47	712120	123	47123	Monroe County, Tennessee	yes	1.0	15.703024698021501	423.93570958027476
24557	71	Historical sites	47	712120	149	47149	Rutherford County, Tennessee	yes	1.0	15.703024698021501	423.93570958027476
24558	71	Historical sites	47	712120	157	47157	Shelby County, Tennessee	no	3.0	23.0	1875.0
24559	71	Historical sites	47	712120	157	47157	Shelby County, Tennessee	yes	2.8	48.75864582987345	1352.8771315640881
24560	71	Historical sites	47	712120	165	47165	Sumner County, Tennessee	no	3.0	3.5	123.16666666666667
24561	71	Historical sites	47	712120	177	47177	Warren County, Tennessee	yes	1.0	31.71428571428571	840.8571428571428
24562	71	Historical sites	47	712120	179	47179	Washington County, Tennessee	yes	1.0	15.703024698021501	423.93570958027476
24563	71	Historical sites	47	712120	185	47185	White County, Tennessee	yes	1.0	15.703024698021501	423.93570958027476
24564	71	Historical sites	47	712120	187	47187	Williamson County, Tennessee	yes	1.0	15.703024698021501	423.93570958027476
24565	71	Historical sites	47	712120	189	47189	Wilson County, Tennessee	yes	1.0	15.703024698021501	423.93570958027476
24566	71	Independent artists, writers, and performers	47	711510	3	47003	Bedford County, Tennessee	yes	1.0	2.47439325293515	97.36849342795783
24567	71	Independent artists, writers, and performers	47	711510	9	47009	Blount County, Tennessee	no	3.0	0.0	198.0
24568	71	Independent artists, writers, and performers	47	711510	9	47009	Blount County, Tennessee	yes	1.0	2.4339777858751206	102.7421921135494
24569	71	Independent artists, writers, and performers	47	711510	11	47011	Bradley County, Tennessee	yes	1.5	3.6721201083572783	160.5613405507223
24570	71	Independent artists, writers, and performers	47	711510	15	47015	Cannon County, Tennessee	yes	1.0	2.3954537108442584	126.385694245529
24571	71	Independent artists, writers, and performers	47	711510	17	47017	Carroll County, Tennessee	yes	1.0	2.3954537108442584	126.385694245529
24572	71	Independent artists, writers, and performers	47	711510	19	47019	Carter County, Tennessee	yes	1.0	2.47439325293515	97.36849342795783
24573	71	Independent artists, writers, and performers	47	711510	21	47021	Cheatham County, Tennessee	yes	1.5	3.7898481973434537	89.31451612903226
24574	71	Independent artists, writers, and performers	47	711510	27	47027	Clay County, Tennessee	yes	1.0	2.56404174573055	62.28225806451613
24575	71	Independent artists, writers, and performers	47	711510	37	47037	Davidson County, Tennessee	no	165.0	473.5	38270.666666666664
24576	71	Independent artists, writers, and performers	47	711510	43	47043	Dickson County, Tennessee	no	3.0	16.0	60.0
24577	71	Independent artists, writers, and performers	47	711510	43	47043	Dickson County, Tennessee	yes	2.0	5.218543807044359	197.31638422709875
24578	71	Independent artists, writers, and performers	47	711510	51	47051	Franklin County, Tennessee	yes	1.0	2.47439325293515	97.36849342795783
24579	71	Independent artists, writers, and performers	47	711510	53	47053	Gibson County, Tennessee	yes	1.0	2.3954537108442584	126.385694245529
24580	71	Independent artists, writers, and performers	47	711510	55	47055	Giles County, Tennessee	no	3.0	5.0	170.0
24581	71	Independent artists, writers, and performers	47	711510	55	47055	Giles County, Tennessee	yes	1.25	2.8149995962695304	96.72346945778997
24582	71	Independent artists, writers, and performers	47	711510	59	47059	Greene County, Tennessee	yes	1.0	2.47439325293515	97.36849342795783
24583	71	Independent artists, writers, and performers	47	711510	65	47065	Hamilton County, Tennessee	no	7.333333333333333	21.166666666666668	941.8333333333334
24584	71	Independent artists, writers, and performers	47	711510	79	47079	Henry County, Tennessee	yes	1.0	2.47439325293515	97.36849342795783
24585	71	Independent artists, writers, and performers	47	711510	93	47093	Knox County, Tennessee	no	9.6	8.4	551.0
24586	71	Independent artists, writers, and performers	47	711510	93	47093	Knox County, Tennessee	yes	7.0	17.72340425531915	563.4255319148936
24587	71	Independent artists, writers, and performers	47	711510	103	47103	Lincoln County, Tennessee	yes	1.0	2.4516129032258065	54.064516129032256
24588	71	Independent artists, writers, and performers	47	711510	105	47105	Loudon County, Tennessee	yes	1.0	2.47439325293515	97.36849342795783
24589	71	Independent artists, writers, and performers	47	711510	119	47119	Maury County, Tennessee	yes	1.8	4.58852223888823	218.03702520818416
24590	71	Independent artists, writers, and performers	47	711510	125	47125	Montgomery County, Tennessee	yes	1.0	2.429569006537449	114.91161110967866
24591	71	Independent artists, writers, and performers	47	711510	127	47127	Moore County, Tennessee	yes	1.0	2.3954537108442584	126.385694245529
24592	71	Independent artists, writers, and performers	47	711510	141	47141	Putnam County, Tennessee	yes	1.0	2.47439325293515	97.36849342795783
24593	71	Independent artists, writers, and performers	47	711510	147	47147	Robertson County, Tennessee	yes	2.0	4.9487865058703	194.73698685591566
24594	71	Independent artists, writers, and performers	47	711510	149	47149	Rutherford County, Tennessee	no	3.0	6.333333333333333	217.66666666666666
24595	71	Independent artists, writers, and performers	47	711510	149	47149	Rutherford County, Tennessee	yes	1.3333333333333333	2.909361163820367	102.13483870967741
24596	71	Independent artists, writers, and performers	47	711510	155	47155	Sevier County, Tennessee	no	4.0	7.0	151.5
24597	71	Independent artists, writers, and performers	47	711510	155	47155	Sevier County, Tennessee	yes	2.0	4.94337680164722	121.34145504461222
24598	71	Independent artists, writers, and performers	47	711510	157	47157	Shelby County, Tennessee	no	14.25	43.25	1724.25
24599	71	Independent artists, writers, and performers	47	711510	157	47157	Shelby County, Tennessee	yes	12.5	32.44399249061327	951.1755319148936
24600	71	Independent artists, writers, and performers	47	711510	159	47159	Smith County, Tennessee	yes	1.0	2.3954537108442584	126.385694245529
24601	71	Independent artists, writers, and performers	47	711510	163	47163	Sullivan County, Tennessee	no	4.0	8.0	170.0
24602	71	Independent artists, writers, and performers	47	711510	163	47163	Sullivan County, Tennessee	yes	3.4	8.905087937073093	353.6219928879655
24603	71	Independent artists, writers, and performers	47	711510	165	47165	Sumner County, Tennessee	no	6.666666666666667	64.16666666666667	847.8333333333334
24604	71	Independent artists, writers, and performers	47	711510	169	47169	Trousdale County, Tennessee	yes	1.0	2.5533327950260407	68.35129261038664
24605	71	Independent artists, writers, and performers	47	711510	179	47179	Washington County, Tennessee	yes	2.0	4.9487865058703	194.73698685591566
24606	71	Independent artists, writers, and performers	47	711510	187	47187	Williamson County, Tennessee	no	52.0	170.16666666666666	9842.833333333334
24607	71	Independent artists, writers, and performers	47	711510	189	47189	Wilson County, Tennessee	no	3.6666666666666665	10.666666666666666	421.0
24608	71	Independent artists, writers, and performers	47	711510	189	47189	Wilson County, Tennessee	yes	2.0	5.058480358512657	140.03237245481583
24609	71	Marinas	47	713930	1	47001	Anderson County, Tennessee	no	3.0	14.0	826.0
24610	71	Marinas	47	713930	1	47001	Anderson County, Tennessee	yes	2.0	13.537039850855642	348.2779672615199
24611	71	Marinas	47	713930	9	47009	Blount County, Tennessee	yes	1.0	5.75856302547548	178.80948729835387
24612	71	Marinas	47	713930	11	47011	Bradley County, Tennessee	yes	1.0	6.768519925427821	174.13898363075995
24613	71	Marinas	47	713930	13	47013	Campbell County, Tennessee	no	7.666666666666667	29.0	1103.1666666666667
24614	71	Marinas	47	713930	19	47019	Carter County, Tennessee	yes	2.0	12.435442880296973	357.6914878395989
24615	71	Marinas	47	713930	25	47025	Claiborne County, Tennessee	no	3.5	12.333333333333334	707.6666666666666
24616	71	Marinas	47	713930	27	47027	Clay County, Tennessee	no	4.4	25.6	1251.4
24617	71	Marinas	47	713930	27	47027	Clay County, Tennessee	yes	3.0	19.275	545.625
24618	71	Marinas	47	713930	37	47037	Davidson County, Tennessee	no	3.0	12.0	490.0
24619	71	Marinas	47	713930	37	47037	Davidson County, Tennessee	yes	1.5	10.673214093279883	260.06679301909566
24620	71	Marinas	47	713930	39	47039	Decatur County, Tennessee	yes	1.0	6.217721440148487	178.84574391979945
24621	71	Marinas	47	713930	41	47041	DeKalb County, Tennessee	no	7.0	36.5	1232.5
24622	71	Marinas	47	713930	51	47051	Franklin County, Tennessee	yes	2.0	12.435442880296973	357.6914878395989
24623	71	Marinas	47	713930	57	47057	Grainger County, Tennessee	yes	1.0	6.217721440148487	178.84574391979945
24624	71	Marinas	47	713930	63	47063	Hamblen County, Tennessee	yes	1.8333333333333333	11.016523961378054	327.85365000176097
24625	71	Marinas	47	713930	65	47065	Hamilton County, Tennessee	no	9.0	49.333333333333336	1906.5
24626	71	Marinas	47	713930	71	47071	Hardin County, Tennessee	yes	1.6666666666666667	9.832313435062263	300.40628158070837
24627	71	Marinas	47	713930	79	47079	Henry County, Tennessee	no	4.166666666666667	17.833333333333332	495.6666666666667
24628	71	Marinas	47	713930	85	47085	Humphreys County, Tennessee	yes	2.3333333333333335	15.03857232553168	414.9766940984893
24629	71	Marinas	47	713930	87	47087	Jackson County, Tennessee	yes	1.0	6.217721440148487	178.84574391979945
24630	71	Marinas	47	713930	89	47089	Jefferson County, Tennessee	no	4.0	9.666666666666666	232.16666666666666
24631	71	Marinas	47	713930	93	47093	Knox County, Tennessee	no	6.166666666666667	33.0	1666.6666666666667
24632	71	Marinas	47	713930	115	47115	Marion County, Tennessee	yes	1.0	6.217721440148487	178.84574391979945
24633	71	Marinas	47	713930	121	47121	Meigs County, Tennessee	yes	1.0	6.217721440148487	178.84574391979945
24634	71	Marinas	47	713930	123	47123	Monroe County, Tennessee	yes	1.0	6.455205122117578	180.4209533098199
24635	71	Marinas	47	713930	137	47137	Pickett County, Tennessee	no	4.0	36.0	1146.0
24636	71	Marinas	47	713930	137	47137	Pickett County, Tennessee	yes	2.6666666666666665	19.902110004741584	464.96123755334287
24637	71	Marinas	47	713930	139	47139	Polk County, Tennessee	yes	1.0	6.217721440148487	178.84574391979945
24638	71	Marinas	47	713930	141	47141	Putnam County, Tennessee	yes	1.1666666666666667	7.056105278532325	207.3406934147489
24639	71	Marinas	47	713930	143	47143	Rhea County, Tennessee	yes	1.1666666666666667	7.636640359067404	208.68358175763726
24640	71	Marinas	47	713930	145	47145	Roane County, Tennessee	yes	2.3333333333333335	14.140817703493576	420.44457600555825
24641	71	Marinas	47	713930	149	47149	Rutherford County, Tennessee	yes	1.0	6.217721440148487	178.84574391979945
24642	71	Marinas	47	713930	155	47155	Sevier County, Tennessee	yes	1.0	6.217721440148487	178.84574391979945
24643	71	Marinas	47	713930	157	47157	Shelby County, Tennessee	yes	2.0	12.435442880296973	357.6914878395989
24644	71	Marinas	47	713930	159	47159	Smith County, Tennessee	yes	1.1666666666666667	7.2885547734818195	209.15824391979945
24645	71	Marinas	47	713930	161	47161	Stewart County, Tennessee	yes	1.0	6.217721440148487	178.84574391979945
24646	71	Marinas	47	713930	163	47163	Sullivan County, Tennessee	no	6.0	19.166666666666668	1178.3333333333333
24647	71	Marinas	47	713930	165	47165	Sumner County, Tennessee	no	3.5	18.5	719.5
24648	71	Marinas	47	713930	173	47173	Union County, Tennessee	no	4.75	23.0	639.5
24649	71	Marinas	47	713930	173	47173	Union County, Tennessee	yes	3.0	15.348373408769447	564.777793493635
24650	71	Marinas	47	713930	179	47179	Washington County, Tennessee	yes	1.5	9.891684218716529	266.4434501786899
24651	71	Marinas	47	713930	189	47189	Wilson County, Tennessee	no	3.0	12.0	516.5
24652	71	Marinas	47	713930	189	47189	Wilson County, Tennessee	yes	2.0	10.232248939179632	376.5185289957567
24653	71	Museums	47	712110	1	47001	Anderson County, Tennessee	no	3.5	46.833333333333336	676.0
24654	71	Museums	47	712110	9	47009	Blount County, Tennessee	no	3.0	2.3333333333333335	38.666666666666664
24655	71	Museums	47	712110	9	47009	Blount County, Tennessee	yes	2.3333333333333335	18.420131752305664	422.3076679841897
24656	71	Museums	47	712110	17	47017	Carroll County, Tennessee	yes	1.0	9.658211785372911	237.52889077798446
24657	71	Museums	47	712110	31	47031	Coffee County, Tennessee	no	3.0	7.666666666666667	235.0
24658	71	Museums	47	712110	35	47035	Cumberland County, Tennessee	yes	1.0	9.658211785372911	237.52889077798446
24659	71	Museums	47	712110	37	47037	Davidson County, Tennessee	no	14.5	527.6666666666666	19119.666666666668
24660	71	Museums	47	712110	49	47049	Fentress County, Tennessee	yes	1.0	9.658211785372911	237.52889077798446
24661	71	Museums	47	712110	51	47051	Franklin County, Tennessee	yes	1.0	9.658211785372911	237.52889077798446
24662	71	Museums	47	712110	53	47053	Gibson County, Tennessee	yes	1.0	9.658211785372911	237.52889077798446
24663	71	Museums	47	712110	59	47059	Greene County, Tennessee	yes	1.0	13.151960784313724	355.1764705882353
24664	71	Museums	47	712110	65	47065	Hamilton County, Tennessee	no	9.5	166.16666666666666	3445.6666666666665
24665	71	Museums	47	712110	69	47069	Hardeman County, Tennessee	yes	1.0	9.658211785372911	237.52889077798446
24666	71	Museums	47	712110	71	47071	Hardin County, Tennessee	yes	1.0	9.658211785372911	237.52889077798446
24667	71	Museums	47	712110	79	47079	Henry County, Tennessee	yes	1.1666666666666667	11.071545118706245	274.8488907779845
24668	71	Museums	47	712110	85	47085	Humphreys County, Tennessee	yes	1.0	9.658211785372911	237.52889077798446
24669	71	Museums	47	712110	87	47087	Jackson County, Tennessee	yes	1.0	9.658211785372911	237.52889077798446
24670	71	Museums	47	712110	89	47089	Jefferson County, Tennessee	yes	1.0	8.48	223.92000000000002
24671	71	Museums	47	712110	93	47093	Knox County, Tennessee	no	6.0	75.83333333333333	1746.5
24672	71	Museums	47	712110	97	47097	Lauderdale County, Tennessee	yes	2.0	19.316423570745823	475.0577815559689
24673	71	Museums	47	712110	107	47107	McMinn County, Tennessee	yes	2.0	19.316423570745823	475.0577815559689
24674	71	Museums	47	712110	111	47111	Macon County, Tennessee	yes	1.0	7.64989898989899	166.24448232323232
24675	71	Museums	47	712110	113	47113	Madison County, Tennessee	yes	1.6666666666666667	16.741474075796326	416.24283206101944
24676	71	Museums	47	712110	119	47119	Maury County, Tennessee	yes	1.0	10.195914748508098	259.24072953964196
24677	71	Museums	47	712110	125	47125	Montgomery County, Tennessee	yes	1.0	9.850723707664883	241.8172776292335
24678	71	Museums	47	712110	127	47127	Moore County, Tennessee	yes	1.0	9.658211785372911	237.52889077798446
24679	71	Museums	47	712110	129	47129	Morgan County, Tennessee	yes	1.0	9.658211785372911	237.52889077798446
24680	71	Museums	47	712110	131	47131	Obion County, Tennessee	yes	1.0	9.658211785372911	237.52889077798446
24681	71	Museums	47	712110	139	47139	Polk County, Tennessee	yes	1.0	9.658211785372911	237.52889077798446
24682	71	Museums	47	712110	141	47141	Putnam County, Tennessee	yes	1.0	9.658211785372911	237.52889077798446
24683	71	Museums	47	712110	147	47147	Robertson County, Tennessee	yes	1.0	9.658211785372911	237.52889077798446
24684	71	Museums	47	712110	149	47149	Rutherford County, Tennessee	yes	2.0	19.316423570745823	475.0577815559689
24685	71	Museums	47	712110	155	47155	Sevier County, Tennessee	no	11.0	164.16666666666666	3827.8333333333335
24686	71	Museums	47	712110	157	47157	Shelby County, Tennessee	no	14.75	674.25	21860.0
24687	71	Museums	47	712110	157	47157	Shelby County, Tennessee	yes	14.5	124.4695652173913	3192.0086956521736
24688	71	Museums	47	712110	159	47159	Smith County, Tennessee	yes	1.0	9.658211785372911	237.52889077798446
24689	71	Museums	47	712110	163	47163	Sullivan County, Tennessee	yes	1.3333333333333333	14.042198713477484	355.92104764072957
24690	71	Museums	47	712110	165	47165	Sumner County, Tennessee	yes	2.0	19.316423570745823	475.0577815559689
24691	71	Museums	47	712110	187	47187	Williamson County, Tennessee	yes	1.3333333333333333	14.042198713477484	355.92104764072957
24692	71	Musical groups and artists	47	711130	1	47001	Anderson County, Tennessee	yes	1.0	15.197606283673258	575.2302506875611
24693	71	Musical groups and artists	47	711130	3	47003	Bedford County, Tennessee	yes	1.0	15.197606283673258	575.2302506875611
24694	71	Musical groups and artists	47	711130	9	47009	Blount County, Tennessee	yes	1.0	18.387096774193548	451.3225806451613
24695	71	Musical groups and artists	47	711130	37	47037	Davidson County, Tennessee	no	278.1666666666667	2256.1666666666665	314384.3333333333
24696	71	Musical groups and artists	47	711130	41	47041	DeKalb County, Tennessee	no	3.0	9.5	873.3333333333334
24697	71	Musical groups and artists	47	711130	45	47045	Dyer County, Tennessee	yes	1.0	15.133333333333333	481.5333333333333
24698	71	Musical groups and artists	47	711130	63	47063	Hamblen County, Tennessee	yes	1.0	15.197606283673258	575.2302506875611
24699	71	Musical groups and artists	47	711130	65	47065	Hamilton County, Tennessee	yes	2.6666666666666665	41.66156063584512	1470.8100433902557
24700	71	Musical groups and artists	47	711130	79	47079	Henry County, Tennessee	yes	2.0	30.395212567346515	1150.4605013751222
24701	71	Musical groups and artists	47	711130	93	47093	Knox County, Tennessee	yes	4.0	58.84852524552679	2393.019552920084
24702	71	Musical groups and artists	47	711130	99	47099	Lawrence County, Tennessee	yes	1.0	15.197606283673258	575.2302506875611
24703	71	Musical groups and artists	47	711130	113	47113	Madison County, Tennessee	yes	2.3333333333333335	34.32647078252116	1405.34121004755
24704	71	Musical groups and artists	47	711130	119	47119	Maury County, Tennessee	yes	1.0	13.99154868841382	660.2022775599092
24705	71	Musical groups and artists	47	711130	141	47141	Putnam County, Tennessee	yes	1.0	15.133333333333333	481.5333333333333
24706	71	Musical groups and artists	47	711130	145	47145	Roane County, Tennessee	yes	1.0	11.793774645523953	764.6421260172833
24707	71	Musical groups and artists	47	711130	147	47147	Robertson County, Tennessee	yes	1.3333333333333333	19.128864498847907	830.1109593599889
24708	71	Musical groups and artists	47	711130	149	47149	Rutherford County, Tennessee	no	4.333333333333333	7.333333333333333	216.33333333333334
24709	71	Musical groups and artists	47	711130	149	47149	Rutherford County, Tennessee	yes	2.6666666666666665	44.617204301075276	1246.2860215053763
24710	71	Musical groups and artists	47	711130	155	47155	Sevier County, Tennessee	no	3.3333333333333335	27.333333333333332	1050.6666666666667
24711	71	Musical groups and artists	47	711130	155	47155	Sevier County, Tennessee	yes	3.0	52.4647550776583	1440.563918757467
24712	71	Musical groups and artists	47	711130	157	47157	Shelby County, Tennessee	yes	4.0	60.79042513469303	2300.9210027502445
24713	71	Musical groups and artists	47	711130	159	47159	Smith County, Tennessee	yes	1.0	15.197606283673258	575.2302506875611
24714	71	Musical groups and artists	47	711130	163	47163	Sullivan County, Tennessee	no	3.0	5.5	555.3333333333334
24715	71	Musical groups and artists	47	711130	165	47165	Sumner County, Tennessee	no	10.333333333333334	58.166666666666664	4842.5
24716	71	Musical groups and artists	47	711130	179	47179	Washington County, Tennessee	yes	2.0	30.395212567346515	1150.4605013751222
24717	71	Musical groups and artists	47	711130	187	47187	Williamson County, Tennessee	no	62.666666666666664	290.6666666666667	25329.0
24718	71	Musical groups and artists	47	711130	189	47189	Wilson County, Tennessee	yes	2.0	30.395212567346515	1150.4605013751222
24719	71	Nature parks and other similar institutions	47	712190	9	47009	Blount County, Tennessee	yes	1.5	24.941459276018104	623.1853318250377
24720	71	Nature parks and other similar institutions	47	712190	37	47037	Davidson County, Tennessee	yes	1.0	16.137254901960784	425.52941176470586
24721	71	Nature parks and other similar institutions	47	712190	61	47061	Grundy County, Tennessee	yes	1.0	15.852205882352942	411.4161764705882
24722	71	Nature parks and other similar institutions	47	712190	65	47065	Hamilton County, Tennessee	yes	3.0	49.51513009049774	1253.925056561086
24723	71	Nature parks and other similar institutions	47	712190	93	47093	Knox County, Tennessee	yes	1.0	16.50504336349925	417.9750188536953
24724	71	Nature parks and other similar institutions	47	712190	101	47101	Lewis County, Tennessee	yes	1.0	17.09049773755656	412.4434389140272
24725	71	Nature parks and other similar institutions	47	712190	123	47123	Monroe County, Tennessee	yes	1.0	16.50504336349925	417.9750188536953
24726	71	Nature parks and other similar institutions	47	712190	145	47145	Roane County, Tennessee	yes	1.0	17.09049773755656	412.4434389140272
24727	71	Nature parks and other similar institutions	47	712190	155	47155	Sevier County, Tennessee	no	3.0	0.0	432.0
24728	71	Nature parks and other similar institutions	47	712190	155	47155	Sevier County, Tennessee	yes	2.2	34.58676470588235	897.6558823529413
24729	71	Nature parks and other similar institutions	47	712190	157	47157	Shelby County, Tennessee	yes	2.1666666666666665	35.38188159879336	911.2335972850678
24730	71	Nature parks and other similar institutions	47	712190	163	47163	Sullivan County, Tennessee	yes	1.0	16.50504336349925	417.9750188536953
24731	71	Nature parks and other similar institutions	47	712190	177	47177	Warren County, Tennessee	yes	1.0	16.50504336349925	417.9750188536953
24732	71	Nature parks and other similar institutions	47	712190	185	47185	White County, Tennessee	yes	1.0	16.137254901960784	425.52941176470586
24733	71	Nature parks and other similar institutions	47	712190	187	47187	Williamson County, Tennessee	yes	1.1666666666666667	19.244626696832583	485.704185520362
24734	71	Other gambling industries	47	713290	37	47037	Davidson County, Tennessee	yes	4.0	0.0	0.0
24735	71	Other gambling industries	47	713290	51	47051	Franklin County, Tennessee	yes	1.0	0.0	0.0
24736	71	Other gambling industries	47	713290	63	47063	Hamblen County, Tennessee	yes	1.0	0.0	0.0
24737	71	Other gambling industries	47	713290	65	47065	Hamilton County, Tennessee	yes	1.0	0.0	0.0
24738	71	Other gambling industries	47	713290	93	47093	Knox County, Tennessee	yes	1.5	0.0	0.0
24739	71	Other gambling industries	47	713290	149	47149	Rutherford County, Tennessee	yes	1.0	0.0	0.0
24740	71	Other gambling industries	47	713290	157	47157	Shelby County, Tennessee	yes	1.0	0.0	0.0
24741	71	Other performing arts companies	47	711190	37	47037	Davidson County, Tennessee	no	3.75	27.0	1601.25
24742	71	Other performing arts companies	47	711190	37	47037	Davidson County, Tennessee	yes	2.0	8.0	604.0
24743	71	Other performing arts companies	47	711190	93	47093	Knox County, Tennessee	yes	1.0	4.0	302.0
24744	71	Other performing arts companies	47	711190	119	47119	Maury County, Tennessee	yes	1.0	0.16666666666666666	61.916666666666664
24745	71	Other performing arts companies	47	711190	155	47155	Sevier County, Tennessee	yes	1.0	2.75	151.0
24746	71	Other performing arts companies	47	711190	187	47187	Williamson County, Tennessee	yes	1.0	2.3055555555555554	171.63888888888889
24747	71	Other performing arts companies	47	711190	189	47189	Wilson County, Tennessee	yes	1.0	0.3333333333333333	98.33333333333333
24748	71	Other spectator sports	47	711219	1	47001	Anderson County, Tennessee	yes	1.0	3.85680963773069	172.70974880382775
24749	71	Other spectator sports	47	711219	3	47003	Bedford County, Tennessee	yes	1.0	4.368564593301436	176.31325358851674
24750	71	Other spectator sports	47	711219	9	47009	Blount County, Tennessee	yes	1.0	4.368564593301436	176.31325358851674
24751	71	Other spectator sports	47	711219	13	47013	Campbell County, Tennessee	yes	1.0	3.8590795169742536	169.72966507177034
24752	71	Other spectator sports	47	711219	17	47017	Carroll County, Tennessee	yes	1.0	3.8590795169742536	169.72966507177034
24753	71	Other spectator sports	47	711219	29	47029	Cocke County, Tennessee	yes	1.0	4.283327637275006	175.26104465709727
24754	71	Other spectator sports	47	711219	31	47031	Coffee County, Tennessee	yes	1.0	4.283327637275006	175.26104465709727
24755	71	Other spectator sports	47	711219	37	47037	Davidson County, Tennessee	yes	1.0	4.6818181818181825	173.28787878787878
24756	71	Other spectator sports	47	711219	59	47059	Greene County, Tennessee	yes	1.0	4.283327637275006	175.26104465709727
24757	71	Other spectator sports	47	711219	63	47063	Hamblen County, Tennessee	yes	1.0	3.85680963773069	172.70974880382775
24758	71	Other spectator sports	47	711219	65	47065	Hamilton County, Tennessee	yes	1.0	4.473863636363637	175.37840909090912
24759	71	Other spectator sports	47	711219	73	47073	Hawkins County, Tennessee	yes	1.4	6.405064935064935	246.4481818181818
24760	71	Other spectator sports	47	711219	89	47089	Jefferson County, Tennessee	yes	1.0	3.772727272727273	159.13636363636365
24761	71	Other spectator sports	47	711219	93	47093	Knox County, Tennessee	yes	1.0	3.9473684210526314	180.05263157894737
24762	71	Other spectator sports	47	711219	105	47105	Loudon County, Tennessee	yes	2.0	9.415151515151516	361.58484848484846
24763	71	Other spectator sports	47	711219	113	47113	Madison County, Tennessee	yes	1.0	4.283327637275006	175.26104465709727
24764	71	Other spectator sports	47	711219	125	47125	Montgomery County, Tennessee	yes	1.0	5.136363636363637	180.36363636363637
24765	71	Other spectator sports	47	711219	131	47131	Obion County, Tennessee	yes	1.0	3.8571428571428568	170.0
24766	71	Other spectator sports	47	711219	149	47149	Rutherford County, Tennessee	yes	1.0	4.707575757575758	180.79242424242423
24767	71	Other spectator sports	47	711219	155	47155	Sevier County, Tennessee	yes	1.3333333333333333	5.995448849396218	235.3822567783094
24768	71	Other spectator sports	47	711219	157	47157	Shelby County, Tennessee	yes	1.6666666666666667	6.430063795853269	286.6759968102073
24769	71	Other spectator sports	47	711219	165	47165	Sumner County, Tennessee	yes	1.0	4.283327637275006	175.26104465709727
24770	71	Other spectator sports	47	711219	167	47167	Tipton County, Tennessee	yes	1.1666666666666667	4.926184780132149	203.59437799043062
24771	71	Other spectator sports	47	711219	187	47187	Williamson County, Tennessee	no	5.0	59.0	1512.0
24772	71	Other spectator sports	47	711219	187	47187	Williamson County, Tennessee	yes	3.0	13.105693779904305	528.9397607655502
24773	71	Other spectator sports	47	711219	189	47189	Wilson County, Tennessee	yes	1.0	5.136363636363637	180.36363636363637
24774	71	Promoters of performing arts, sports, and similar events with facilities	47	711310	3	47003	Bedford County, Tennessee	yes	1.0	14.975790043290042	367.0199651274651
24775	71	Promoters of performing arts, sports, and similar events with facilities	47	711310	11	47011	Bradley County, Tennessee	yes	1.0	14.681818181818182	328.6818181818182
24776	71	Promoters of performing arts, sports, and similar events with facilities	47	711310	15	47015	Cannon County, Tennessee	yes	1.0	14.975790043290042	367.0199651274651
24777	71	Promoters of performing arts, sports, and similar events with facilities	47	711310	19	47019	Carter County, Tennessee	yes	1.3333333333333333	20.706901154401155	465.78515031265033
24778	71	Promoters of performing arts, sports, and similar events with facilities	47	711310	37	47037	Davidson County, Tennessee	no	16.166666666666668	927.1666666666666	21837.166666666668
24779	71	Promoters of performing arts, sports, and similar events with facilities	47	711310	59	47059	Greene County, Tennessee	yes	1.6666666666666667	25.38461038961039	622.8462938912938
24780	71	Promoters of performing arts, sports, and similar events with facilities	47	711310	65	47065	Hamilton County, Tennessee	no	4.166666666666667	20.666666666666668	793.5
24781	71	Promoters of performing arts, sports, and similar events with facilities	47	711310	91	47091	Johnson County, Tennessee	yes	1.0	13.700909090909091	333.58090909090913
24782	71	Promoters of performing arts, sports, and similar events with facilities	47	711310	93	47093	Knox County, Tennessee	no	6.0	48.0	3377.0
24783	71	Promoters of performing arts, sports, and similar events with facilities	47	711310	93	47093	Knox County, Tennessee	yes	3.25	42.65312770562771	1232.7634307359308
24784	71	Promoters of performing arts, sports, and similar events with facilities	47	711310	103	47103	Lincoln County, Tennessee	yes	1.0	15.034584415584415	374.6875945165945
24785	71	Promoters of performing arts, sports, and similar events with facilities	47	711310	123	47123	Monroe County, Tennessee	yes	1.0	13.59541847041847	426.9489538239538
24786	71	Promoters of performing arts, sports, and similar events with facilities	47	711310	125	47125	Montgomery County, Tennessee	yes	1.0	13.59541847041847	426.9489538239538
24787	71	Promoters of performing arts, sports, and similar events with facilities	47	711310	145	47145	Roane County, Tennessee	yes	1.0	15.61323051948052	383.73949314574315
24788	71	Promoters of performing arts, sports, and similar events with facilities	47	711310	147	47147	Robertson County, Tennessee	yes	1.0	16.265151515151516	316.3510101010101
24789	71	Promoters of performing arts, sports, and similar events with facilities	47	711310	149	47149	Rutherford County, Tennessee	yes	2.0	29.951580086580083	734.0399302549303
24790	71	Promoters of performing arts, sports, and similar events with facilities	47	711310	155	47155	Sevier County, Tennessee	no	5.0	56.0	936.0
24791	71	Promoters of performing arts, sports, and similar events with facilities	47	711310	155	47155	Sevier County, Tennessee	yes	4.0	59.9321212121212	1299.8638383838384
24792	71	Promoters of performing arts, sports, and similar events with facilities	47	711310	157	47157	Shelby County, Tennessee	no	4.0	7.333333333333333	376.3333333333333
24793	71	Promoters of performing arts, sports, and similar events with facilities	47	711310	157	47157	Shelby County, Tennessee	yes	4.333333333333333	64.36652236652236	1750.8109668109666
24794	71	Promoters of performing arts, sports, and similar events with facilities	47	711310	163	47163	Sullivan County, Tennessee	yes	1.3333333333333333	19.962893217893214	517.3959571909571
24795	71	Promoters of performing arts, sports, and similar events with facilities	47	711310	179	47179	Washington County, Tennessee	yes	1.0	14.975790043290042	367.0199651274651
24796	71	Promoters of performing arts, sports, and similar events with facilities	47	711310	187	47187	Williamson County, Tennessee	no	5.5	69.25	2562.5
24797	71	Promoters of performing arts, sports, and similar events with facilities	47	711310	187	47187	Williamson County, Tennessee	yes	2.0	27.401818181818182	667.1618181818183
24798	71	Promoters of performing arts, sports, and similar events with facilities	47	711310	189	47189	Wilson County, Tennessee	yes	1.1666666666666667	16.786396103896102	430.11844997595
24799	71	Promoters of performing arts, sports, and similar events without facilities	47	711320	1	47001	Anderson County, Tennessee	yes	1.0	5.912670565302144	219.2598440545809
24800	71	Promoters of performing arts, sports, and similar events without facilities	47	711320	37	47037	Davidson County, Tennessee	no	36.166666666666664	195.0	16872.333333333332
24801	71	Promoters of performing arts, sports, and similar events without facilities	47	711320	45	47045	Dyer County, Tennessee	yes	1.0	4.9180942189714125	192.6012975328765
24802	71	Promoters of performing arts, sports, and similar events without facilities	47	711320	65	47065	Hamilton County, Tennessee	no	4.0	26.0	1004.0
24803	71	Promoters of performing arts, sports, and similar events without facilities	47	711320	65	47065	Hamilton County, Tennessee	yes	3.0	16.17393339603866	623.3263419621314
24804	71	Promoters of performing arts, sports, and similar events without facilities	47	711320	79	47079	Henry County, Tennessee	yes	1.0	4.9180942189714125	192.6012975328765
24805	71	Promoters of performing arts, sports, and similar events without facilities	47	711320	81	47081	Hickman County, Tennessee	yes	1.0	4.9180942189714125	192.6012975328765
24806	71	Promoters of performing arts, sports, and similar events without facilities	47	711320	93	47093	Knox County, Tennessee	no	7.833333333333333	29.333333333333332	1015.6666666666666
24807	71	Promoters of performing arts, sports, and similar events without facilities	47	711320	95	47095	Lake County, Tennessee	yes	1.0	4.9180942189714125	192.6012975328765
24808	71	Promoters of performing arts, sports, and similar events without facilities	47	711320	113	47113	Madison County, Tennessee	yes	1.0	4.9180942189714125	192.6012975328765
24809	71	Promoters of performing arts, sports, and similar events without facilities	47	711320	119	47119	Maury County, Tennessee	yes	2.5	12.418313103400825	483.00299219948334
24810	71	Promoters of performing arts, sports, and similar events without facilities	47	711320	123	47123	Monroe County, Tennessee	yes	1.0	5.061188811188812	173.60489510489512
24811	71	Promoters of performing arts, sports, and similar events without facilities	47	711320	125	47125	Montgomery County, Tennessee	yes	1.0	4.367965367965368	151.07467532467533
24812	71	Promoters of performing arts, sports, and similar events without facilities	47	711320	131	47131	Obion County, Tennessee	yes	1.0	4.9180942189714125	192.6012975328765
24813	71	Promoters of performing arts, sports, and similar events without facilities	47	711320	133	47133	Overton County, Tennessee	yes	1.0	4.8465469228627125	202.09949874686717
24814	71	Promoters of performing arts, sports, and similar events without facilities	47	711320	141	47141	Putnam County, Tennessee	yes	1.0	4.592622153674785	196.7488297667245
24815	71	Promoters of performing arts, sports, and similar events without facilities	47	711320	145	47145	Roane County, Tennessee	yes	1.0	4.9180942189714125	192.6012975328765
24816	71	Promoters of performing arts, sports, and similar events without facilities	47	711320	147	47147	Robertson County, Tennessee	yes	1.0	4.9180942189714125	192.6012975328765
24817	71	Promoters of performing arts, sports, and similar events without facilities	47	711320	149	47149	Rutherford County, Tennessee	yes	1.0	6.545454545454546	171.86363636363637
24818	71	Promoters of performing arts, sports, and similar events without facilities	47	711320	155	47155	Sevier County, Tennessee	yes	3.5	17.090252210427646	672.6047929977755
24819	71	Promoters of performing arts, sports, and similar events without facilities	47	711320	157	47157	Shelby County, Tennessee	no	16.333333333333332	36.166666666666664	2598.3333333333335
24820	71	Promoters of performing arts, sports, and similar events without facilities	47	711320	163	47163	Sullivan County, Tennessee	no	4.0	12.0	354.0
24821	71	Promoters of performing arts, sports, and similar events without facilities	47	711320	163	47163	Sullivan County, Tennessee	yes	2.0	9.18524430734957	393.497659533449
24822	71	Promoters of performing arts, sports, and similar events without facilities	47	711320	165	47165	Sumner County, Tennessee	no	3.0	24.0	1256.0
24823	71	Promoters of performing arts, sports, and similar events without facilities	47	711320	165	47165	Sumner County, Tennessee	yes	2.6	13.77267165582955	546.4477880014722
24824	71	Promoters of performing arts, sports, and similar events without facilities	47	711320	179	47179	Washington County, Tennessee	yes	1.1666666666666667	5.514248065125258	221.82565650723544
24825	71	Promoters of performing arts, sports, and similar events without facilities	47	711320	187	47187	Williamson County, Tennessee	no	7.333333333333333	25.833333333333332	1248.3333333333333
24826	71	Promoters of performing arts, sports, and similar events without facilities	47	711320	189	47189	Wilson County, Tennessee	yes	1.6666666666666667	8.613719483894922	335.7750301680126
24827	71	Racetracks	47	711212	35	47035	Cumberland County, Tennessee	yes	1.0	0.0	0.0
24828	71	Racetracks	47	711212	37	47037	Davidson County, Tennessee	yes	1.3333333333333333	2.5500000000000003	133.16666666666666
24829	71	Racetracks	47	711212	77	47077	Henderson County, Tennessee	yes	1.0	5.1000000000000005	266.3333333333333
24830	71	Racetracks	47	711212	93	47093	Knox County, Tennessee	yes	2.0	10.200000000000001	532.6666666666666
24831	71	Racetracks	47	711212	105	47105	Loudon County, Tennessee	yes	1.0	5.1000000000000005	266.3333333333333
24832	71	Racetracks	47	711212	125	47125	Montgomery County, Tennessee	yes	1.0	2.5500000000000003	133.16666666666666
24833	71	Racetracks	47	711212	147	47147	Robertson County, Tennessee	yes	1.0	3.06	159.8
24834	71	Racetracks	47	711212	155	47155	Sevier County, Tennessee	yes	1.0	0.0	0.0
24835	71	Racetracks	47	711212	157	47157	Shelby County, Tennessee	yes	1.1666666666666667	2.5500000000000003	133.16666666666666
24836	71	Racetracks	47	711212	163	47163	Sullivan County, Tennessee	yes	1.3333333333333333	2.5500000000000003	133.16666666666666
24837	71	Racetracks	47	711212	189	47189	Wilson County, Tennessee	yes	1.0	2.5500000000000003	133.16666666666666
24838	71	Skiing facilities	47	713920	65	47065	Hamilton County, Tennessee	yes	1.0	0.0	0.0
24839	71	Skiing facilities	47	713920	155	47155	Sevier County, Tennessee	yes	1.0	0.0	0.0
24840	71	Sports teams and clubs	47	711211	37	47037	Davidson County, Tennessee	yes	4.666666666666667	424.6807081807082	115398.13797313797
24841	71	Sports teams and clubs	47	711211	55	47055	Giles County, Tennessee	yes	1.0	71.6111111111111	20614.666666666664
24842	71	Sports teams and clubs	47	711211	57	47057	Grainger County, Tennessee	yes	1.0	91.88115588115589	24856.19917582418
24843	71	Sports teams and clubs	47	711211	65	47065	Hamilton County, Tennessee	yes	1.6666666666666667	149.03724053724054	40829.54044566545
24844	71	Sports teams and clubs	47	711211	93	47093	Knox County, Tennessee	yes	1.0	93.32051282051283	24637.27136752137
24845	71	Sports teams and clubs	47	711211	113	47113	Madison County, Tennessee	yes	1.0	91.88115588115589	24856.19917582418
24846	71	Sports teams and clubs	47	711211	125	47125	Montgomery County, Tennessee	yes	1.0	89.84615384615385	23388.076923076926
24847	71	Sports teams and clubs	47	711211	155	47155	Sevier County, Tennessee	yes	2.0	183.76231176231178	49712.39835164836
24848	71	Sports teams and clubs	47	711211	157	47157	Shelby County, Tennessee	yes	2.8333333333333335	256.5209605209605	69885.43192918193
24849	71	Theater companies and dinner theaters	47	711110	1	47001	Anderson County, Tennessee	yes	1.0	13.742693366946265	270.1571788418242
24850	71	Theater companies and dinner theaters	47	711110	11	47011	Bradley County, Tennessee	yes	1.0	10.942763157894737	212.73223684210527
24851	71	Theater companies and dinner theaters	47	711110	35	47035	Cumberland County, Tennessee	yes	1.0	13.742693366946265	270.1571788418242
24852	71	Theater companies and dinner theaters	47	711110	37	47037	Davidson County, Tennessee	no	13.6	116.2	4764.0
24853	71	Theater companies and dinner theaters	47	711110	37	47037	Davidson County, Tennessee	yes	7.0	60.724999999999994	1488.725
24854	71	Theater companies and dinner theaters	47	711110	53	47053	Gibson County, Tennessee	yes	1.0	13.742693366946265	270.1571788418242
24855	71	Theater companies and dinner theaters	47	711110	59	47059	Greene County, Tennessee	yes	1.0	15.14265847147203	298.8696498416838
24856	71	Theater companies and dinner theaters	47	711110	63	47063	Hamblen County, Tennessee	yes	1.0	13.742693366946265	270.1571788418242
24857	71	Theater companies and dinner theaters	47	711110	65	47065	Hamilton County, Tennessee	no	3.5	10.0	599.0
24858	71	Theater companies and dinner theaters	47	711110	65	47065	Hamilton County, Tennessee	yes	3.5	45.98383140053524	1066.760236396075
24859	71	Theater companies and dinner theaters	47	711110	73	47073	Hawkins County, Tennessee	yes	1.0	13.742693366946265	270.1571788418242
24860	71	Theater companies and dinner theaters	47	711110	93	47093	Knox County, Tennessee	no	6.0	91.4	572.6
24861	71	Theater companies and dinner theaters	47	711110	93	47093	Knox County, Tennessee	yes	4.0	34.7	850.7
24862	71	Theater companies and dinner theaters	47	711110	107	47107	McMinn County, Tennessee	yes	1.0	13.742693366946265	270.1571788418242
24863	71	Theater companies and dinner theaters	47	711110	115	47115	Marion County, Tennessee	yes	1.0	13.742693366946265	270.1571788418242
24864	71	Theater companies and dinner theaters	47	711110	125	47125	Montgomery County, Tennessee	yes	1.0	13.742693366946265	270.1571788418242
24865	71	Theater companies and dinner theaters	47	711110	131	47131	Obion County, Tennessee	yes	1.0	12.581271688837477	191.4705140254482
24866	71	Theater companies and dinner theaters	47	711110	147	47147	Robertson County, Tennessee	yes	1.6666666666666667	21.569346633641903	473.08754064104204
24867	71	Theater companies and dinner theaters	47	711110	155	47155	Sevier County, Tennessee	no	9.666666666666666	728.8333333333334	20857.833333333332
24868	71	Theater companies and dinner theaters	47	711110	157	47157	Shelby County, Tennessee	no	9.8	283.8	6168.6
24869	71	Theater companies and dinner theaters	47	711110	157	47157	Shelby County, Tennessee	yes	9.0	78.075	1914.075
24870	71	Theater companies and dinner theaters	47	711110	163	47163	Sullivan County, Tennessee	yes	1.0	8.675	212.675
24871	71	Theater companies and dinner theaters	47	711110	187	47187	Williamson County, Tennessee	no	3.6666666666666665	17.0	956.0
24872	71	Theater companies and dinner theaters	47	711110	187	47187	Williamson County, Tennessee	yes	2.3333333333333335	33.851002506265665	481.6204260651629
24873	71	Theater companies and dinner theaters	47	711110	189	47189	Wilson County, Tennessee	yes	1.0	13.742693366946265	270.1571788418242
24874	71	Zoos and botanical gardens	47	712130	33	47033	Crockett County, Tennessee	yes	1.1666666666666667	107.62781662781663	2663.621794871795
24875	71	Zoos and botanical gardens	47	712130	37	47037	Davidson County, Tennessee	yes	1.3333333333333333	121.83294483294482	3039.2371794871797
24876	71	Zoos and botanical gardens	47	712130	65	47065	Hamilton County, Tennessee	yes	2.0	186.35819735819734	4608.320512820513
24877	71	Zoos and botanical gardens	47	712130	93	47093	Knox County, Tennessee	yes	1.0	93.17909867909867	2304.1602564102564
24878	71	Zoos and botanical gardens	47	712130	147	47147	Robertson County, Tennessee	yes	1.0	85.28205128205128	2152.596153846154
24879	71	Zoos and botanical gardens	47	712130	155	47155	Sevier County, Tennessee	yes	3.6666666666666665	339.2012432012432	8392.09557109557
24880	71	Zoos and botanical gardens	47	712130	157	47157	Shelby County, Tennessee	yes	2.0	186.35819735819734	4608.320512820513
24881	71	Zoos and botanical gardens	47	712130	165	47165	Sumner County, Tennessee	yes	1.0	100.54545454545455	2473.6363636363635
24882	72	All other traveler accommodation	47	721199	3	47003	Bedford County, Tennessee	yes	1.0	3.1500000000000004	61.900000000000006
24883	72	All other traveler accommodation	47	721199	9	47009	Blount County, Tennessee	no	4.6	23.4	609.4
24884	72	All other traveler accommodation	47	721199	9	47009	Blount County, Tennessee	yes	1.0	4.333333333333333	63.93333333333333
24885	72	All other traveler accommodation	47	721199	23	47023	Chester County, Tennessee	yes	1.0	3.8669934640522876	67.25816993464052
24886	72	All other traveler accommodation	47	721199	25	47025	Claiborne County, Tennessee	yes	1.0	4.155944772520047	87.36373997665123
24887	72	All other traveler accommodation	47	721199	27	47027	Clay County, Tennessee	yes	1.0	4.155944772520047	87.36373997665123
24888	72	All other traveler accommodation	47	721199	29	47029	Cocke County, Tennessee	no	4.0	3.6	96.4
24889	72	All other traveler accommodation	47	721199	29	47029	Cocke County, Tennessee	yes	3.0	9.45	185.7
24890	72	All other traveler accommodation	47	721199	37	47037	Davidson County, Tennessee	no	4.0	22.0	381.0
24891	72	All other traveler accommodation	47	721199	37	47037	Davidson County, Tennessee	yes	2.5	10.992136091724825	253.4291375872383
24892	72	All other traveler accommodation	47	721199	41	47041	DeKalb County, Tennessee	yes	1.0	4.155944772520047	87.36373997665123
24893	72	All other traveler accommodation	47	721199	65	47065	Hamilton County, Tennessee	yes	1.8333333333333333	7.589667322817871	164.07192439774693
24894	72	All other traveler accommodation	47	721199	89	47089	Jefferson County, Tennessee	yes	1.0	4.155944772520047	87.36373997665123
24895	72	All other traveler accommodation	47	721199	91	47091	Johnson County, Tennessee	yes	1.0	4.155944772520047	87.36373997665123
24896	72	All other traveler accommodation	47	721199	95	47095	Lake County, Tennessee	yes	1.0	4.155944772520047	87.36373997665123
24897	72	All other traveler accommodation	47	721199	123	47123	Monroe County, Tennessee	yes	1.0	4.117647058823529	75.94117647058823
24898	72	All other traveler accommodation	47	721199	137	47137	Pickett County, Tennessee	yes	1.0	4.155944772520047	87.36373997665123
24899	72	All other traveler accommodation	47	721199	139	47139	Polk County, Tennessee	yes	1.5	6.459589394210531	138.24113002871727
24900	72	All other traveler accommodation	47	721199	151	47151	Scott County, Tennessee	yes	1.0	3.8669934640522876	67.25816993464052
24901	72	All other traveler accommodation	47	721199	155	47155	Sevier County, Tennessee	no	31.5	192.66666666666666	5271.333333333333
24902	72	All other traveler accommodation	47	721199	157	47157	Shelby County, Tennessee	yes	1.0	4.444896080987806	107.46931001866197
24903	72	All other traveler accommodation	47	721199	163	47163	Sullivan County, Tennessee	yes	1.0	3.1500000000000004	61.900000000000006
24904	72	All other traveler accommodation	47	721199	171	47171	Unicoi County, Tennessee	yes	1.0	4.1636043152593505	89.64825267786384
24905	72	All other traveler accommodation	47	721199	187	47187	Williamson County, Tennessee	yes	1.0	4.155944772520047	87.36373997665123
24906	72	Bed-and-breakfast inns	47	721191	3	47003	Bedford County, Tennessee	yes	1.4	5.210969735720375	132.21096973572037
24907	72	Bed-and-breakfast inns	47	721191	7	47007	Bledsoe County, Tennessee	yes	1.0	6.6798245614035086	105.99561403508771
24908	72	Bed-and-breakfast inns	47	721191	9	47009	Blount County, Tennessee	yes	2.0	7.772978735735332	193.48350505152482
24909	72	Bed-and-breakfast inns	47	721191	29	47029	Cocke County, Tennessee	yes	1.0	3.886489367867666	96.74175252576241
24910	72	Bed-and-breakfast inns	47	721191	31	47031	Coffee County, Tennessee	yes	1.0	3.886489367867666	96.74175252576241
24911	72	Bed-and-breakfast inns	47	721191	37	47037	Davidson County, Tennessee	yes	1.0	5.459636012585812	97.49253074942791
24912	72	Bed-and-breakfast inns	47	721191	43	47043	Dickson County, Tennessee	yes	1.0	3.886489367867666	96.74175252576241
24913	72	Bed-and-breakfast inns	47	721191	59	47059	Greene County, Tennessee	yes	1.0	3.886489367867666	96.74175252576241
24914	72	Bed-and-breakfast inns	47	721191	61	47061	Grundy County, Tennessee	yes	1.0	3.886489367867666	96.74175252576241
24915	72	Bed-and-breakfast inns	47	721191	65	47065	Hamilton County, Tennessee	no	4.0	44.833333333333336	933.0
24916	72	Bed-and-breakfast inns	47	721191	73	47073	Hawkins County, Tennessee	yes	1.0	3.886489367867666	96.74175252576241
24917	72	Bed-and-breakfast inns	47	721191	81	47081	Hickman County, Tennessee	yes	1.0	5.131114130434783	97.88111413043478
24918	72	Bed-and-breakfast inns	47	721191	89	47089	Jefferson County, Tennessee	yes	2.0	7.772978735735332	193.48350505152482
24919	72	Bed-and-breakfast inns	47	721191	91	47091	Johnson County, Tennessee	yes	1.1666666666666667	4.561489367867666	109.91675252576242
24920	72	Bed-and-breakfast inns	47	721191	93	47093	Knox County, Tennessee	yes	1.0	6.6798245614035086	105.99561403508771
24921	72	Bed-and-breakfast inns	47	721191	105	47105	Loudon County, Tennessee	yes	1.0	7.526315789473684	115.1578947368421
24922	72	Bed-and-breakfast inns	47	721191	123	47123	Monroe County, Tennessee	yes	1.0	3.886489367867666	96.74175252576241
24923	72	Bed-and-breakfast inns	47	721191	141	47141	Putnam County, Tennessee	yes	1.3333333333333333	5.596860744679261	129.36879056924067
24924	72	Bed-and-breakfast inns	47	721191	145	47145	Roane County, Tennessee	yes	1.0	3.886489367867666	96.74175252576241
24925	72	Bed-and-breakfast inns	47	721191	149	47149	Rutherford County, Tennessee	yes	1.0	4.05	79.05000000000001
24926	72	Bed-and-breakfast inns	47	721191	155	47155	Sevier County, Tennessee	no	5.166666666666667	36.333333333333336	833.0
24927	72	Bed-and-breakfast inns	47	721191	157	47157	Shelby County, Tennessee	yes	1.0	5.131114130434783	97.88111413043478
24928	72	Bed-and-breakfast inns	47	721191	179	47179	Washington County, Tennessee	yes	1.0	5.131114130434783	97.88111413043478
24929	72	Bed-and-breakfast inns	47	721191	187	47187	Williamson County, Tennessee	yes	1.0	3.886489367867666	96.74175252576241
24930	72	Bed-and-breakfast inns	47	721191	189	47189	Wilson County, Tennessee	yes	1.0	2.489821771099744	92.11482177109974
24931	72	Cafeterias, grill buffets, and buffets	47	722514	1	47001	Anderson County, Tennessee	yes	1.8333333333333333	25.62364657490903	306.7176047434478
24932	72	Cafeterias, grill buffets, and buffets	47	722514	3	47003	Bedford County, Tennessee	yes	2.0	29.161760269999473	337.658899963086
24933	72	Cafeterias, grill buffets, and buffets	47	722514	9	47009	Blount County, Tennessee	no	5.0	78.83333333333333	1028.3333333333333
24934	72	Cafeterias, grill buffets, and buffets	47	722514	11	47011	Bradley County, Tennessee	no	3.2	11.8	186.8
24935	72	Cafeterias, grill buffets, and buffets	47	722514	11	47011	Bradley County, Tennessee	yes	3.0	51.69767441860465	461.16279069767444
24936	72	Cafeterias, grill buffets, and buffets	47	722514	13	47013	Campbell County, Tennessee	yes	1.0	14.211632653061224	186.77904761904762
24937	72	Cafeterias, grill buffets, and buffets	47	722514	19	47019	Carter County, Tennessee	yes	1.3333333333333333	20.146771607867954	223.0658840900701
24938	72	Cafeterias, grill buffets, and buffets	47	722514	21	47021	Cheatham County, Tennessee	no	3.25	4.75	180.75
24939	72	Cafeterias, grill buffets, and buffets	47	722514	21	47021	Cheatham County, Tennessee	yes	1.0	14.211632653061224	186.77904761904762
24940	72	Cafeterias, grill buffets, and buffets	47	722514	31	47031	Coffee County, Tennessee	no	3.3333333333333335	12.0	231.66666666666666
24941	72	Cafeterias, grill buffets, and buffets	47	722514	31	47031	Coffee County, Tennessee	yes	2.0	27.948843537414962	365.1915079365079
24942	72	Cafeterias, grill buffets, and buffets	47	722514	35	47035	Cumberland County, Tennessee	no	4.333333333333333	36.333333333333336	381.3333333333333
24943	72	Cafeterias, grill buffets, and buffets	47	722514	35	47035	Cumberland County, Tennessee	yes	2.0	30.374677002583976	310.1262919896641
24944	72	Cafeterias, grill buffets, and buffets	47	722514	37	47037	Davidson County, Tennessee	no	16.0	193.16666666666666	3057.1666666666665
24945	72	Cafeterias, grill buffets, and buffets	47	722514	39	47039	Decatur County, Tennessee	yes	1.0	14.264498022464801	168.25580509413066
24946	72	Cafeterias, grill buffets, and buffets	47	722514	43	47043	Dickson County, Tennessee	yes	1.0	13.52248299319728	171.8895238095238
24947	72	Cafeterias, grill buffets, and buffets	47	722514	45	47045	Dyer County, Tennessee	yes	1.3333333333333333	19.318091019353478	231.08913252122557
24948	72	Cafeterias, grill buffets, and buffets	47	722514	51	47051	Franklin County, Tennessee	yes	1.3333333333333333	19.318091019353478	231.08913252122557
24949	72	Cafeterias, grill buffets, and buffets	47	722514	53	47053	Gibson County, Tennessee	yes	1.5	20.62829931972789	265.2790476190476
24950	72	Cafeterias, grill buffets, and buffets	47	722514	55	47055	Giles County, Tennessee	yes	1.2	16.750544534092707	206.6969872646733
24951	72	Cafeterias, grill buffets, and buffets	47	722514	59	47059	Greene County, Tennessee	yes	2.0	29.161760269999473	337.658899963086
24952	72	Cafeterias, grill buffets, and buffets	47	722514	63	47063	Hamblen County, Tennessee	yes	1.6666666666666667	24.42454938564573	275.3992174234035
24953	72	Cafeterias, grill buffets, and buffets	47	722514	65	47065	Hamilton County, Tennessee	no	14.166666666666666	207.83333333333334	2728.8333333333335
24954	72	Cafeterias, grill buffets, and buffets	47	722514	69	47069	Hardeman County, Tennessee	yes	1.0	15.187338501291988	155.06314599483204
24955	72	Cafeterias, grill buffets, and buffets	47	722514	71	47071	Hardin County, Tennessee	yes	1.0	14.050544534092705	171.85115393133998
24956	72	Cafeterias, grill buffets, and buffets	47	722514	77	47077	Henderson County, Tennessee	yes	1.0	14.580880134999736	168.829449981543
24957	72	Cafeterias, grill buffets, and buffets	47	722514	79	47079	Henry County, Tennessee	yes	1.0	14.76550387596899	159.8546511627907
24958	72	Cafeterias, grill buffets, and buffets	47	722514	89	47089	Jefferson County, Tennessee	yes	1.3333333333333333	19.318091019353478	231.08913252122557
24959	72	Cafeterias, grill buffets, and buffets	47	722514	93	47093	Knox County, Tennessee	no	10.333333333333334	236.66666666666666	3186.3333333333335
24960	72	Cafeterias, grill buffets, and buffets	47	722514	99	47099	Lawrence County, Tennessee	no	3.0	11.0	128.0
24961	72	Cafeterias, grill buffets, and buffets	47	722514	99	47099	Lawrence County, Tennessee	yes	2.0	30.127445657332697	349.28234662236986
24962	72	Cafeterias, grill buffets, and buffets	47	722514	103	47103	Lincoln County, Tennessee	yes	1.6666666666666667	24.09948320413437	253.7375645994832
24963	72	Cafeterias, grill buffets, and buffets	47	722514	107	47107	McMinn County, Tennessee	yes	1.5	22.17454938564573	246.361022978959
24964	72	Cafeterias, grill buffets, and buffets	47	722514	111	47111	Macon County, Tennessee	yes	1.0	14.580880134999736	168.829449981543
24965	72	Cafeterias, grill buffets, and buffets	47	722514	113	47113	Madison County, Tennessee	yes	2.1666666666666665	33.32196698834573	365.1821557770395
24966	72	Cafeterias, grill buffets, and buffets	47	722514	115	47115	Marion County, Tennessee	yes	1.8333333333333333	26.289667246743658	312.0387449243263
24967	72	Cafeterias, grill buffets, and buffets	47	722514	119	47119	Maury County, Tennessee	no	3.0	53.333333333333336	471.0
24968	72	Cafeterias, grill buffets, and buffets	47	722514	119	47119	Maury County, Tennessee	yes	1.3333333333333333	19.242894056847543	201.6534237726098
24969	72	Cafeterias, grill buffets, and buffets	47	722514	123	47123	Monroe County, Tennessee	yes	1.0	15.187338501291988	155.06314599483204
24970	72	Cafeterias, grill buffets, and buffets	47	722514	125	47125	Montgomery County, Tennessee	no	4.0	82.0	379.5
24971	72	Cafeterias, grill buffets, and buffets	47	722514	125	47125	Montgomery County, Tennessee	yes	1.75	24.00329931972789	308.8363392857143
24972	72	Cafeterias, grill buffets, and buffets	47	722514	131	47131	Obion County, Tennessee	yes	1.5	22.17454938564573	246.361022978959
24973	72	Cafeterias, grill buffets, and buffets	47	722514	133	47133	Overton County, Tennessee	yes	1.0	17.232558139534884	153.72093023255815
24974	72	Cafeterias, grill buffets, and buffets	47	722514	141	47141	Putnam County, Tennessee	yes	1.6666666666666667	23.595868797131256	283.4224658545589
24975	72	Cafeterias, grill buffets, and buffets	47	722514	145	47145	Roane County, Tennessee	yes	1.0	12.833333333333332	157.0
24976	72	Cafeterias, grill buffets, and buffets	47	722514	147	47147	Robertson County, Tennessee	yes	1.0	13.5	174.22916666666666
24977	72	Cafeterias, grill buffets, and buffets	47	722514	149	47149	Rutherford County, Tennessee	no	7.0	80.5	1038.6666666666667
24978	72	Cafeterias, grill buffets, and buffets	47	722514	151	47151	Scott County, Tennessee	yes	1.0	14.050544534092705	171.85115393133998
24979	72	Cafeterias, grill buffets, and buffets	47	722514	153	47153	Sequatchie County, Tennessee	yes	1.0	13.974421768707481	182.59575396825394
24980	72	Cafeterias, grill buffets, and buffets	47	722514	155	47155	Sevier County, Tennessee	no	9.333333333333334	276.8333333333333	4614.833333333333
24981	72	Cafeterias, grill buffets, and buffets	47	722514	157	47157	Shelby County, Tennessee	no	20.333333333333332	720.5	10079.666666666666
24982	72	Cafeterias, grill buffets, and buffets	47	722514	163	47163	Sullivan County, Tennessee	no	6.166666666666667	119.16666666666667	1870.0
24983	72	Cafeterias, grill buffets, and buffets	47	722514	165	47165	Sumner County, Tennessee	yes	1.6666666666666667	23.818091019353474	289.1655214101144
24984	72	Cafeterias, grill buffets, and buffets	47	722514	167	47167	Tipton County, Tennessee	yes	1.0	14.580880134999736	168.829449981543
24985	72	Cafeterias, grill buffets, and buffets	47	722514	169	47169	Trousdale County, Tennessee	yes	1.0	14.580880134999736	168.829449981543
24986	72	Cafeterias, grill buffets, and buffets	47	722514	173	47173	Union County, Tennessee	yes	1.0	14.211632653061224	186.77904761904762
24987	72	Cafeterias, grill buffets, and buffets	47	722514	177	47177	Warren County, Tennessee	yes	1.6666666666666667	23.595868797131256	283.4224658545589
24988	72	Cafeterias, grill buffets, and buffets	47	722514	179	47179	Washington County, Tennessee	no	3.0	38.0	874.4
24989	72	Cafeterias, grill buffets, and buffets	47	722514	179	47179	Washington County, Tennessee	yes	1.0	16.162790697674417	171.69767441860463
24990	72	Cafeterias, grill buffets, and buffets	47	722514	183	47183	Weakley County, Tennessee	yes	1.0	14.050544534092705	171.85115393133998
24991	72	Cafeterias, grill buffets, and buffets	47	722514	187	47187	Williamson County, Tennessee	no	4.0	0.0	109.0
24992	72	Cafeterias, grill buffets, and buffets	47	722514	187	47187	Williamson County, Tennessee	yes	1.2	17.28310267362759	206.19068881506092
24993	72	Cafeterias, grill buffets, and buffets	47	722514	189	47189	Wilson County, Tennessee	no	5.0	98.5	1067.1666666666667
24994	72	Casino hotels	47	721120	37	47037	Davidson County, Tennessee	yes	1.0	0.0	0.0
24995	72	Caterers	47	722320	1	47001	Anderson County, Tennessee	no	4.0	0.0	169.0
24996	72	Caterers	47	722320	1	47001	Anderson County, Tennessee	yes	1.8	10.828329646909223	138.69032958920002
24997	72	Caterers	47	722320	3	47003	Bedford County, Tennessee	yes	1.6666666666666667	10.877175953846825	149.5090477871859
24998	72	Caterers	47	722320	9	47009	Blount County, Tennessee	no	3.0	0.0	6.0
24999	72	Caterers	47	722320	9	47009	Blount County, Tennessee	yes	1.4	8.910325595411676	112.00100690360405
25000	72	Caterers	47	722320	11	47011	Bradley County, Tennessee	yes	1.8333333333333333	12.22386720489367	181.5827942973617
25001	72	Caterers	47	722320	15	47015	Cannon County, Tennessee	yes	1.0	6.891304347826087	57.76086956521739
25002	72	Caterers	47	722320	21	47021	Cheatham County, Tennessee	yes	1.0	6.345050561957426	85.1884808096927
25003	72	Caterers	47	722320	31	47031	Coffee County, Tennessee	yes	1.0	7.1963262554769125	106.64113395498634
25004	72	Caterers	47	722320	37	47037	Davidson County, Tennessee	no	43.0	589.1666666666666	11088.666666666666
25005	72	Caterers	47	722320	43	47043	Dickson County, Tennessee	yes	1.0	5.843157238284977	62.242088139603666
25006	72	Caterers	47	722320	45	47045	Dyer County, Tennessee	yes	1.8333333333333333	12.025726678484508	159.13585938138877
25007	72	Caterers	47	722320	47	47047	Fayette County, Tennessee	yes	1.0	6.345050561957426	85.1884808096927
25008	72	Caterers	47	722320	51	47051	Franklin County, Tennessee	no	5.0	4.0	82.0
25009	72	Caterers	47	722320	51	47051	Franklin County, Tennessee	yes	1.75	10.031932748489059	107.05416296953564
25010	72	Caterers	47	722320	53	47053	Gibson County, Tennessee	yes	2.1666666666666665	13.669692960649547	179.38376434047385
25011	72	Caterers	47	722320	55	47055	Giles County, Tennessee	yes	1.6666666666666667	10.776547023029217	150.37015889829698
25012	72	Caterers	47	722320	59	47059	Greene County, Tennessee	yes	1.5	9.407155387480744	114.82209512498406
25013	72	Caterers	47	722320	65	47065	Hamilton County, Tennessee	no	10.666666666666666	41.0	856.1666666666666
25014	72	Caterers	47	722320	73	47073	Hawkins County, Tennessee	yes	1.0	5.60377358490566	66.0
25015	72	Caterers	47	722320	79	47079	Henry County, Tennessee	yes	2.0	12.690101123914852	170.3769616193854
25016	72	Caterers	47	722320	89	47089	Jefferson County, Tennessee	yes	1.0	6.565891472868217	111.10973298880276
25017	72	Caterers	47	722320	93	47093	Knox County, Tennessee	no	18.666666666666668	281.6666666666667	6327.333333333333
25018	72	Caterers	47	722320	95	47095	Lake County, Tennessee	yes	1.0	6.393806359753204	96.84250382323472
25019	72	Caterers	47	722320	101	47101	Lewis County, Tennessee	yes	1.0	6.345050561957426	85.1884808096927
25020	72	Caterers	47	722320	103	47103	Lincoln County, Tennessee	yes	1.5	9.627996298391535	140.7433473040941
25021	72	Caterers	47	722320	105	47105	Loudon County, Tennessee	yes	1.0	5.493774868437941	63.73582766439909
25022	72	Caterers	47	722320	107	47107	McMinn County, Tennessee	yes	2.0	12.248419302093273	118.53445726116534
25023	72	Caterers	47	722320	113	47113	Madison County, Tennessee	no	3.8333333333333335	21.666666666666668	373.3333333333333
25024	72	Caterers	47	722320	115	47115	Marion County, Tennessee	yes	1.0	6.345050561957426	85.1884808096927
25025	72	Caterers	47	722320	117	47117	Marshall County, Tennessee	yes	1.5	9.407155387480744	114.82209512498406
25026	72	Caterers	47	722320	123	47123	Monroe County, Tennessee	yes	1.1666666666666667	7.27901282610837	96.1884808096927
25027	72	Caterers	47	722320	125	47125	Montgomery County, Tennessee	yes	1.6666666666666667	10.555706112118427	124.44890671918694
25028	72	Caterers	47	722320	131	47131	Obion County, Tennessee	yes	1.0	6.345050561957426	85.1884808096927
25029	72	Caterers	47	722320	141	47141	Putnam County, Tennessee	yes	2.0	12.690101123914852	170.3769616193854
25030	72	Caterers	47	722320	143	47143	Rhea County, Tennessee	yes	1.0	6.247538966365873	61.880434782608695
25031	72	Caterers	47	722320	145	47145	Roane County, Tennessee	yes	1.3333333333333333	8.421311100321999	78.52085181898846
25032	72	Caterers	47	722320	147	47147	Robertson County, Tennessee	yes	1.8333333333333333	11.320709488366381	134.82889784607246
25033	72	Caterers	47	722320	149	47149	Rutherford County, Tennessee	no	4.666666666666667	9.5	281.0
25034	72	Caterers	47	722320	155	47155	Sevier County, Tennessee	yes	2.0	12.374883732610506	172.61126113629362
25035	72	Caterers	47	722320	157	47157	Shelby County, Tennessee	no	26.333333333333332	225.83333333333334	4563.0
25036	72	Caterers	47	722320	163	47163	Sullivan County, Tennessee	no	3.0	0.0	598.0
25037	72	Caterers	47	722320	163	47163	Sullivan County, Tennessee	yes	2.8	17.93739054123662	262.70186720593193
25038	72	Caterers	47	722320	165	47165	Sumner County, Tennessee	no	5.833333333333333	26.5	479.5
25039	72	Caterers	47	722320	169	47169	Trousdale County, Tennessee	yes	1.0	6.124209651046637	59.26722863058267
25040	72	Caterers	47	722320	171	47171	Unicoi County, Tennessee	yes	2.0	12.690101123914852	170.3769616193854
25041	72	Caterers	47	722320	177	47177	Warren County, Tennessee	yes	1.0	6.565891472868217	111.10973298880276
25042	72	Caterers	47	722320	179	47179	Washington County, Tennessee	no	4.0	0.0	186.0
25043	72	Caterers	47	722320	179	47179	Washington County, Tennessee	yes	2.0	12.41684412246689	183.73984285186944
25044	72	Caterers	47	722320	183	47183	Weakley County, Tennessee	yes	1.0	6.393806359753204	96.84250382323472
25045	72	Caterers	47	722320	187	47187	Williamson County, Tennessee	no	9.0	89.16666666666667	1324.0
25046	72	Caterers	47	722320	189	47189	Wilson County, Tennessee	no	6.833333333333333	78.5	1124.0
25047	72	Drinking places (alcoholic beverages)	47	722410	1	47001	Anderson County, Tennessee	yes	1.0	9.064642922917818	169.87894583988552
25048	72	Drinking places (alcoholic beverages)	47	722410	5	47005	Benton County, Tennessee	yes	1.0	9.190273167938333	136.86466727509838
25049	72	Drinking places (alcoholic beverages)	47	722410	9	47009	Blount County, Tennessee	no	4.5	28.25	718.25
25050	72	Drinking places (alcoholic beverages)	47	722410	9	47009	Blount County, Tennessee	yes	4.0	41.355599472990775	812.1123847167325
25051	72	Drinking places (alcoholic beverages)	47	722410	11	47011	Bradley County, Tennessee	no	3.0	32.0	363.0
25052	72	Drinking places (alcoholic beverages)	47	722410	11	47011	Bradley County, Tennessee	yes	2.75	20.296715930780667	236.09208733615242
25053	72	Drinking places (alcoholic beverages)	47	722410	13	47013	Campbell County, Tennessee	yes	1.0	8.518084782805753	124.91579415782007
25054	72	Drinking places (alcoholic beverages)	47	722410	19	47019	Carter County, Tennessee	yes	1.0	10.338899868247694	203.02809617918314
25055	72	Drinking places (alcoholic beverages)	47	722410	21	47021	Cheatham County, Tennessee	yes	1.0	9.064642922917818	169.87894583988552
25056	72	Drinking places (alcoholic beverages)	47	722410	25	47025	Claiborne County, Tennessee	yes	1.0	5.157142857142857	65.17142857142856
25057	72	Drinking places (alcoholic beverages)	47	722410	27	47027	Clay County, Tennessee	yes	1.0	5.157142857142857	65.17142857142856
25058	72	Drinking places (alcoholic beverages)	47	722410	29	47029	Cocke County, Tennessee	yes	1.0	5.157142857142857	65.17142857142856
25059	72	Drinking places (alcoholic beverages)	47	722410	31	47031	Coffee County, Tennessee	no	3.0	36.5	513.5
25060	72	Drinking places (alcoholic beverages)	47	722410	31	47031	Coffee County, Tennessee	yes	2.25	17.65908620365142	290.38430735930734
25061	72	Drinking places (alcoholic beverages)	47	722410	35	47035	Cumberland County, Tennessee	no	4.0	10.666666666666666	138.33333333333334
25062	72	Drinking places (alcoholic beverages)	47	722410	35	47035	Cumberland County, Tennessee	yes	2.6666666666666665	27.258884034856575	385.30061946698106
25063	72	Drinking places (alcoholic beverages)	47	722410	37	47037	Davidson County, Tennessee	no	95.33333333333333	1592.8333333333333	42135.166666666664
25064	72	Drinking places (alcoholic beverages)	47	722410	39	47039	Decatur County, Tennessee	yes	1.0	8.518084782805753	124.91579415782007
25065	72	Drinking places (alcoholic beverages)	47	722410	41	47041	DeKalb County, Tennessee	yes	1.0	8.518084782805753	124.91579415782007
25066	72	Drinking places (alcoholic beverages)	47	722410	43	47043	Dickson County, Tennessee	no	3.0	6.0	47.0
25067	72	Drinking places (alcoholic beverages)	47	722410	43	47043	Dickson County, Tennessee	yes	1.6	14.647879535636235	230.55183905831137
25068	72	Drinking places (alcoholic beverages)	47	722410	45	47045	Dyer County, Tennessee	no	4.333333333333333	2.0	60.333333333333336
25069	72	Drinking places (alcoholic beverages)	47	722410	45	47045	Dyer County, Tennessee	yes	2.3333333333333335	18.942342681473118	335.8755568103394
25070	72	Drinking places (alcoholic beverages)	47	722410	47	47047	Fayette County, Tennessee	yes	1.1666666666666667	9.377608592329564	135.77769891972483
25071	72	Drinking places (alcoholic beverages)	47	722410	51	47051	Franklin County, Tennessee	yes	1.0	8.518084782805753	124.91579415782007
25072	72	Drinking places (alcoholic beverages)	47	722410	53	47053	Gibson County, Tennessee	yes	1.8	16.65011155326797	255.98150846324023
25073	72	Drinking places (alcoholic beverages)	47	722410	55	47055	Giles County, Tennessee	yes	1.5	9.483229813664597	109.54099378881986
25074	72	Drinking places (alcoholic beverages)	47	722410	59	47059	Greene County, Tennessee	yes	1.1666666666666667	9.377608592329564	135.77769891972483
25075	72	Drinking places (alcoholic beverages)	47	722410	63	47063	Hamblen County, Tennessee	yes	1.0	8.652173913043478	88.73913043478261
25076	72	Drinking places (alcoholic beverages)	47	722410	65	47065	Hamilton County, Tennessee	no	15.0	168.83333333333334	3013.3333333333335
25077	72	Drinking places (alcoholic beverages)	47	722410	71	47071	Hardin County, Tennessee	yes	1.0	6.516129032258064	103.58064516129032
25078	72	Drinking places (alcoholic beverages)	47	722410	73	47073	Hawkins County, Tennessee	yes	1.0	8.518084782805753	124.91579415782007
25079	72	Drinking places (alcoholic beverages)	47	722410	75	47075	Haywood County, Tennessee	yes	1.0	8.611647531212748	157.07587364326494
25080	72	Drinking places (alcoholic beverages)	47	722410	79	47079	Henry County, Tennessee	no	5.166666666666667	10.166666666666666	139.5
25081	72	Drinking places (alcoholic beverages)	47	722410	85	47085	Humphreys County, Tennessee	yes	1.0	8.518084782805753	124.91579415782007
25082	72	Drinking places (alcoholic beverages)	47	722410	89	47089	Jefferson County, Tennessee	yes	1.0	8.652173913043478	88.73913043478261
25083	72	Drinking places (alcoholic beverages)	47	722410	93	47093	Knox County, Tennessee	no	40.0	456.6666666666667	8039.833333333333
25084	72	Drinking places (alcoholic beverages)	47	722410	99	47099	Lawrence County, Tennessee	yes	1.0	5.157142857142857	65.17142857142856
25085	72	Drinking places (alcoholic beverages)	47	722410	107	47107	McMinn County, Tennessee	yes	1.0	8.652173913043478	88.73913043478261
25086	72	Drinking places (alcoholic beverages)	47	722410	111	47111	Macon County, Tennessee	yes	1.0	8.62177912667043	139.99168784114437
25087	72	Drinking places (alcoholic beverages)	47	722410	113	47113	Madison County, Tennessee	no	7.666666666666667	26.833333333333332	426.3333333333333
25088	72	Drinking places (alcoholic beverages)	47	722410	117	47117	Marshall County, Tennessee	yes	1.0	8.518084782805753	124.91579415782007
25089	72	Drinking places (alcoholic beverages)	47	722410	119	47119	Maury County, Tennessee	no	4.5	21.25	263.75
25090	72	Drinking places (alcoholic beverages)	47	722410	119	47119	Maury County, Tennessee	yes	2.5	16.387888198757764	186.49627329192546
25091	72	Drinking places (alcoholic beverages)	47	722410	123	47123	Monroe County, Tennessee	yes	1.3333333333333333	11.964384738888318	192.59182621754778
25092	72	Drinking places (alcoholic beverages)	47	722410	125	47125	Montgomery County, Tennessee	no	14.833333333333334	122.16666666666667	1615.5
25093	72	Drinking places (alcoholic beverages)	47	722410	131	47131	Obion County, Tennessee	yes	1.8333333333333333	16.176645756087698	238.96968355373534
25094	72	Drinking places (alcoholic beverages)	47	722410	133	47133	Overton County, Tennessee	yes	1.0	6.9046583850931675	76.95527950310559
25095	72	Drinking places (alcoholic beverages)	47	722410	139	47139	Polk County, Tennessee	yes	1.0	9.064642922917818	169.87894583988552
25096	72	Drinking places (alcoholic beverages)	47	722410	141	47141	Putnam County, Tennessee	no	3.6	38.2	419.8
25097	72	Drinking places (alcoholic beverages)	47	722410	141	47141	Putnam County, Tennessee	yes	3.0	30.31578947368421	257.84210526315786
25098	72	Drinking places (alcoholic beverages)	47	722410	143	47143	Rhea County, Tennessee	yes	1.0	9.064642922917818	169.87894583988552
25099	72	Drinking places (alcoholic beverages)	47	722410	145	47145	Roane County, Tennessee	yes	1.8333333333333333	16.176645756087698	238.96968355373534
25100	72	Drinking places (alcoholic beverages)	47	722410	147	47147	Robertson County, Tennessee	yes	1.2	9.949904504343863	142.21710967141172
25101	72	Drinking places (alcoholic beverages)	47	722410	149	47149	Rutherford County, Tennessee	no	12.0	109.5	1241.6666666666667
25102	72	Drinking places (alcoholic beverages)	47	722410	151	47151	Scott County, Tennessee	yes	1.0	8.518084782805753	124.91579415782007
25103	72	Drinking places (alcoholic beverages)	47	722410	153	47153	Sequatchie County, Tennessee	yes	1.0	5.157142857142857	65.17142857142856
25104	72	Drinking places (alcoholic beverages)	47	722410	155	47155	Sevier County, Tennessee	no	4.4	29.8	560.6
25105	72	Drinking places (alcoholic beverages)	47	722410	155	47155	Sevier County, Tennessee	yes	2.0	10.314285714285713	130.34285714285713
25106	72	Drinking places (alcoholic beverages)	47	722410	157	47157	Shelby County, Tennessee	no	54.166666666666664	876.8333333333334	15695.0
25107	72	Drinking places (alcoholic beverages)	47	722410	161	47161	Stewart County, Tennessee	yes	1.5	11.230745341614906	121.32484472049688
25108	72	Drinking places (alcoholic beverages)	47	722410	163	47163	Sullivan County, Tennessee	no	7.5	40.25	549.5
25109	72	Drinking places (alcoholic beverages)	47	722410	163	47163	Sullivan County, Tennessee	yes	6.5	44.006521739130434	494.31739130434784
25110	72	Drinking places (alcoholic beverages)	47	722410	165	47165	Sumner County, Tennessee	yes	5.0	40.99268136127219	569.7516263671205
25111	72	Drinking places (alcoholic beverages)	47	722410	171	47171	Unicoi County, Tennessee	yes	1.0	6.9046583850931675	76.95527950310559
25112	72	Drinking places (alcoholic beverages)	47	722410	177	47177	Warren County, Tennessee	yes	1.0	10.105263157894736	85.94736842105263
25113	72	Drinking places (alcoholic beverages)	47	722410	179	47179	Washington County, Tennessee	no	9.166666666666666	72.66666666666667	1002.5
25114	72	Drinking places (alcoholic beverages)	47	722410	181	47181	Wayne County, Tennessee	yes	1.1666666666666667	10.202295309121544	139.2403555613288
25115	72	Drinking places (alcoholic beverages)	47	722410	183	47183	Weakley County, Tennessee	no	3.4	39.4	364.8
25116	72	Drinking places (alcoholic beverages)	47	722410	183	47183	Weakley County, Tennessee	yes	3.0	15.471428571428572	195.5142857142857
25117	72	Drinking places (alcoholic beverages)	47	722410	187	47187	Williamson County, Tennessee	no	5.166666666666667	56.0	932.8333333333334
25118	72	Drinking places (alcoholic beverages)	47	722410	189	47189	Wilson County, Tennessee	no	5.4	41.0	900.6
25119	72	Drinking places (alcoholic beverages)	47	722410	189	47189	Wilson County, Tennessee	yes	6.0	30.942857142857143	391.0285714285714
25120	72	Food service contractors	47	722310	1	47001	Anderson County, Tennessee	no	5.0	83.66666666666667	2489.0
25121	72	Food service contractors	47	722310	1	47001	Anderson County, Tennessee	yes	5.0	-33.47645811496247	-725.5357835619881
25122	72	Food service contractors	47	722310	3	47003	Bedford County, Tennessee	yes	2.1666666666666665	22.521893194557364	427.5540701285595
25123	72	Food service contractors	47	722310	7	47007	Bledsoe County, Tennessee	yes	2.0	44.022336328626444	889.7805519897304
25124	72	Food service contractors	47	722310	9	47009	Blount County, Tennessee	no	5.0	75.66666666666667	1747.3333333333333
25125	72	Food service contractors	47	722310	9	47009	Blount County, Tennessee	yes	5.333333333333333	-36.506138480259274	-782.4992538816227
25126	72	Food service contractors	47	722310	11	47011	Bradley County, Tennessee	no	9.75	147.25	2594.75
25127	72	Food service contractors	47	722310	11	47011	Bradley County, Tennessee	yes	9.5	-44.8848537969422	-877.3050023493693
25128	72	Food service contractors	47	722310	13	47013	Campbell County, Tennessee	yes	2.0	13.669996957137888	250.77557630378703
25129	72	Food service contractors	47	722310	19	47019	Carter County, Tennessee	yes	1.3333333333333333	14.172054533340017	273.6845468168486
25130	72	Food service contractors	47	722310	23	47023	Chester County, Tennessee	yes	1.0	6.834998478568944	125.38778815189352
25131	72	Food service contractors	47	722310	25	47025	Claiborne County, Tennessee	yes	1.6666666666666667	6.332940902366815	102.47881763883197
25132	72	Food service contractors	47	722310	29	47029	Cocke County, Tennessee	yes	2.0	13.669996957137888	250.77557630378703
25133	72	Food service contractors	47	722310	31	47031	Coffee County, Tennessee	yes	1.3333333333333333	14.172054533340017	273.6845468168486
25134	72	Food service contractors	47	722310	35	47035	Cumberland County, Tennessee	yes	3.0	35.68116512145111	695.6658522986523
25135	72	Food service contractors	47	722310	37	47037	Davidson County, Tennessee	no	96.0	3232.8	67926.2
25136	72	Food service contractors	47	722310	37	47037	Davidson County, Tennessee	yes	120.0	-95.62005277044855	-2599.155672823219
25137	72	Food service contractors	47	722310	51	47051	Franklin County, Tennessee	yes	1.6666666666666667	10.957214350691617	204.7409068951265
25138	72	Food service contractors	47	722310	53	47053	Gibson County, Tennessee	yes	1.3333333333333333	3.6201582959205427	56.44414823017141
25139	72	Food service contractors	47	722310	55	47055	Giles County, Tennessee	yes	1.0	-0.7530863643031944	-34.363455769592335
25140	72	Food service contractors	47	722310	57	47057	Grainger County, Tennessee	yes	1.0	-9.08904109589041	-170.8904109589041
25141	72	Food service contractors	47	722310	59	47059	Greene County, Tennessee	yes	2.0	13.669996957137888	250.77557630378703
25142	72	Food service contractors	47	722310	63	47063	Hamblen County, Tennessee	yes	1.1666666666666667	5.320158295920543	96.90605299207618
25143	72	Food service contractors	47	722310	65	47065	Hamilton County, Tennessee	no	34.333333333333336	897.3333333333334	19989.666666666668
25144	72	Food service contractors	47	722310	65	47065	Hamilton County, Tennessee	yes	39.666666666666664	-262.01791544680185	-5697.579204725589
25145	72	Food service contractors	47	722310	69	47069	Hardeman County, Tennessee	yes	1.5	2.105318113272141	27.962413070354057
25146	72	Food service contractors	47	722310	71	47071	Hardin County, Tennessee	yes	2.0	13.669996957137888	250.77557630378703
25147	72	Food service contractors	47	722310	73	47073	Hawkins County, Tennessee	yes	2.1666666666666665	12.15515677448949	222.29384114396967
25148	72	Food service contractors	47	722310	81	47081	Hickman County, Tennessee	no	4.0	27.0	598.0
25149	72	Food service contractors	47	722310	81	47081	Hickman County, Tennessee	yes	3.0	-2.2592590929095806	-103.09036730877696
25150	72	Food service contractors	47	722310	89	47089	Jefferson County, Tennessee	yes	1.0	6.834998478568944	125.38778815189352
25151	72	Food service contractors	47	722310	91	47091	Johnson County, Tennessee	yes	1.0	22.011168164313222	444.8902759948652
25152	72	Food service contractors	47	722310	93	47093	Knox County, Tennessee	no	21.0	936.0	19397.0
25153	72	Food service contractors	47	722310	93	47093	Knox County, Tennessee	yes	21.0	-141.34176335224876	-3095.1709693686994
25154	72	Food service contractors	47	722310	95	47095	Lake County, Tennessee	yes	1.0	22.011168164313222	444.8902759948652
25155	72	Food service contractors	47	722310	97	47097	Lauderdale County, Tennessee	yes	1.0	22.011168164313222	444.8902759948652
25156	72	Food service contractors	47	722310	105	47105	Loudon County, Tennessee	yes	1.5	3.487352667072697	52.834209795694704
25157	72	Food service contractors	47	722310	107	47107	McMinn County, Tennessee	yes	1.0	6.834998478568944	125.38778815189352
25158	72	Food service contractors	47	722310	113	47113	Madison County, Tennessee	no	3.0	22.333333333333332	356.3333333333333
25159	72	Food service contractors	47	722310	113	47113	Madison County, Tennessee	yes	5.666666666666667	-39.90613848025927	-863.4230634054323
25160	72	Food service contractors	47	722310	117	47117	Marshall County, Tennessee	yes	1.0	6.834998478568944	125.38778815189352
25161	72	Food service contractors	47	722310	119	47119	Maury County, Tennessee	yes	4.0	13.809703812714341	231.05620774328295
25162	72	Food service contractors	47	722310	123	47123	Monroe County, Tennessee	yes	1.0	-6.695291622992495	-145.10715671239763
25163	72	Food service contractors	47	722310	125	47125	Montgomery County, Tennessee	yes	7.0	47.84498934998262	877.7145170632544
25164	72	Food service contractors	47	722310	129	47129	Morgan County, Tennessee	yes	1.6666666666666667	35.03940068967253	692.4762503460948
25165	72	Food service contractors	47	722310	131	47131	Obion County, Tennessee	yes	1.0	6.834998478568944	125.38778815189352
25166	72	Food service contractors	47	722310	139	47139	Polk County, Tennessee	yes	1.0	6.834998478568944	125.38778815189352
25167	72	Food service contractors	47	722310	141	47141	Putnam County, Tennessee	yes	7.666666666666667	57.894828011199955	1072.0459451368704
25168	72	Food service contractors	47	722310	143	47143	Rhea County, Tennessee	yes	1.0	6.834998478568944	125.38778815189352
25169	72	Food service contractors	47	722310	145	47145	Roane County, Tennessee	yes	1.0	6.834998478568944	125.38778815189352
25170	72	Food service contractors	47	722310	147	47147	Robertson County, Tennessee	yes	1.1666666666666667	5.320158295920543	96.90605299207618
25171	72	Food service contractors	47	722310	149	47149	Rutherford County, Tennessee	no	14.666666666666666	473.6666666666667	11152.666666666666
25172	72	Food service contractors	47	722310	149	47149	Rutherford County, Tennessee	yes	13.333333333333334	-90.0684714641992	-1943.3565075808037
25173	72	Food service contractors	47	722310	151	47151	Scott County, Tennessee	yes	1.0	6.834998478568944	125.38778815189352
25174	72	Food service contractors	47	722310	155	47155	Sevier County, Tennessee	no	4.25	55.0	1001.0
25175	72	Food service contractors	47	722310	155	47155	Sevier County, Tennessee	yes	4.5	-43.67808219178082	-948.7093933463797
25176	72	Food service contractors	47	722310	157	47157	Shelby County, Tennessee	no	78.0	2029.3333333333333	41580.666666666664
25177	72	Food service contractors	47	722310	157	47157	Shelby County, Tennessee	yes	84.33333333333333	-579.9951615040783	-12542.603279822792
25178	72	Food service contractors	47	722310	163	47163	Sullivan County, Tennessee	no	13.5	344.6666666666667	4400.0
25179	72	Food service contractors	47	722310	165	47165	Sumner County, Tennessee	no	3.0	11.0	189.0
25180	72	Food service contractors	47	722310	165	47165	Sumner County, Tennessee	yes	1.5	-5.575346638275797	-137.7789156521755
25181	72	Food service contractors	47	722310	167	47167	Tipton County, Tennessee	yes	2.0	13.669996957137888	250.77557630378703
25182	72	Food service contractors	47	722310	171	47171	Unicoi County, Tennessee	yes	1.0	20.365288580130382	395.88273301618466
25183	72	Food service contractors	47	722310	179	47179	Washington County, Tennessee	no	12.666666666666666	269.0	6455.333333333333
25184	72	Food service contractors	47	722310	179	47179	Washington County, Tennessee	yes	10.0	-66.95291622992494	-1451.0715671239761
25185	72	Food service contractors	47	722310	181	47181	Wayne County, Tennessee	yes	1.0	11.644431744245345	239.63004701027543
25186	72	Food service contractors	47	722310	183	47183	Weakley County, Tennessee	yes	5.666666666666667	44.224831054062065	821.2703688330834
25187	72	Food service contractors	47	722310	187	47187	Williamson County, Tennessee	no	13.25	74.75	2626.5
25188	72	Food service contractors	47	722310	187	47187	Williamson County, Tennessee	yes	14.5	-139.5678082191781	-2981.0780821917806
25189	72	Food service contractors	47	722310	189	47189	Wilson County, Tennessee	yes	2.3333333333333335	10.455156774489486	181.83193638206498
25190	72	Full-service restaurants	47	722511	1	47001	Anderson County, Tennessee	no	39.666666666666664	1037.0	14821.0
25191	72	Full-service restaurants	47	722511	3	47003	Bedford County, Tennessee	no	20.333333333333332	344.8333333333333	5234.5
25192	72	Full-service restaurants	47	722511	5	47005	Benton County, Tennessee	no	15.0	149.83333333333334	1627.5
25193	72	Full-service restaurants	47	722511	7	47007	Bledsoe County, Tennessee	yes	2.0	34.19626593806921	332.64344293852486
25194	72	Full-service restaurants	47	722511	9	47009	Blount County, Tennessee	no	74.5	2002.3333333333333	33091.0
25195	72	Full-service restaurants	47	722511	11	47011	Bradley County, Tennessee	no	57.166666666666664	1524.5	23136.833333333332
25196	72	Full-service restaurants	47	722511	13	47013	Campbell County, Tennessee	no	13.833333333333334	193.83333333333334	2720.8333333333335
25197	72	Full-service restaurants	47	722511	15	47015	Cannon County, Tennessee	no	5.833333333333333	39.0	776.3333333333334
25198	72	Full-service restaurants	47	722511	17	47017	Carroll County, Tennessee	no	17.666666666666668	167.83333333333334	1715.8333333333333
25199	72	Full-service restaurants	47	722511	19	47019	Carter County, Tennessee	no	23.0	433.0	5760.166666666667
25200	72	Full-service restaurants	47	722511	21	47021	Cheatham County, Tennessee	no	15.5	139.66666666666666	2175.1666666666665
25201	72	Full-service restaurants	47	722511	23	47023	Chester County, Tennessee	no	9.333333333333334	62.333333333333336	717.1666666666666
25202	72	Full-service restaurants	47	722511	25	47025	Claiborne County, Tennessee	no	9.0	155.33333333333334	1697.0
25203	72	Full-service restaurants	47	722511	27	47027	Clay County, Tennessee	no	4.333333333333333	19.0	296.8333333333333
25204	72	Full-service restaurants	47	722511	29	47029	Cocke County, Tennessee	no	27.0	401.1666666666667	6126.666666666667
25205	72	Full-service restaurants	47	722511	31	47031	Coffee County, Tennessee	no	40.666666666666664	823.8333333333334	12594.833333333334
25206	72	Full-service restaurants	47	722511	33	47033	Crockett County, Tennessee	no	3.8	12.6	160.8
25207	72	Full-service restaurants	47	722511	33	47033	Crockett County, Tennessee	yes	2.0	40.83333333333333	205.0
25208	72	Full-service restaurants	47	722511	35	47035	Cumberland County, Tennessee	no	36.0	521.1666666666666	7421.666666666667
25209	72	Full-service restaurants	47	722511	37	47037	Davidson County, Tennessee	no	646.1666666666666	18584.833333333332	371475.1666666667
25210	72	Full-service restaurants	47	722511	39	47039	Decatur County, Tennessee	no	10.0	29.833333333333332	475.0
25211	72	Full-service restaurants	47	722511	41	47041	DeKalb County, Tennessee	no	9.5	83.66666666666667	1109.3333333333333
25212	72	Full-service restaurants	47	722511	43	47043	Dickson County, Tennessee	no	38.166666666666664	788.6666666666666	12047.5
25213	72	Full-service restaurants	47	722511	45	47045	Dyer County, Tennessee	no	21.333333333333332	386.6666666666667	5550.166666666667
25214	72	Full-service restaurants	47	722511	47	47047	Fayette County, Tennessee	no	15.833333333333334	190.16666666666666	2192.3333333333335
25215	72	Full-service restaurants	47	722511	49	47049	Fentress County, Tennessee	no	7.166666666666667	57.5	721.5
25216	72	Full-service restaurants	47	722511	51	47051	Franklin County, Tennessee	no	25.166666666666668	273.6666666666667	3628.6666666666665
25217	72	Full-service restaurants	47	722511	53	47053	Gibson County, Tennessee	no	25.0	328.8333333333333	3729.6666666666665
25218	72	Full-service restaurants	47	722511	55	47055	Giles County, Tennessee	no	13.833333333333334	179.0	2107.0
25219	72	Full-service restaurants	47	722511	57	47057	Grainger County, Tennessee	no	7.666666666666667	74.33333333333333	936.6666666666666
25220	72	Full-service restaurants	47	722511	57	47057	Grainger County, Tennessee	yes	6.333333333333333	124.75	626.9102564102565
25221	72	Full-service restaurants	47	722511	59	47059	Greene County, Tennessee	no	41.666666666666664	528.0	7106.0
25222	72	Full-service restaurants	47	722511	61	47061	Grundy County, Tennessee	no	4.5	19.666666666666668	279.5
25223	72	Full-service restaurants	47	722511	63	47063	Hamblen County, Tennessee	no	34.666666666666664	878.1666666666666	11837.166666666666
25224	72	Full-service restaurants	47	722511	65	47065	Hamilton County, Tennessee	no	300.8333333333333	8231.333333333334	140307.66666666666
25225	72	Full-service restaurants	47	722511	67	47067	Hancock County, Tennessee	yes	2.0	34.19626593806921	332.64344293852486
25226	72	Full-service restaurants	47	722511	69	47069	Hardeman County, Tennessee	no	8.833333333333334	52.0	552.3333333333334
25227	72	Full-service restaurants	47	722511	71	47071	Hardin County, Tennessee	no	27.833333333333332	300.6666666666667	3773.1666666666665
25228	72	Full-service restaurants	47	722511	73	47073	Hawkins County, Tennessee	no	23.333333333333332	273.5	3114.1666666666665
25229	72	Full-service restaurants	47	722511	75	47075	Haywood County, Tennessee	no	10.0	46.5	579.1666666666666
25230	72	Full-service restaurants	47	722511	77	47077	Henderson County, Tennessee	no	12.833333333333334	172.5	1996.1666666666667
25231	72	Full-service restaurants	47	722511	79	47079	Henry County, Tennessee	no	23.166666666666668	364.6666666666667	4232.166666666667
25232	72	Full-service restaurants	47	722511	81	47081	Hickman County, Tennessee	no	10.666666666666666	82.16666666666667	995.5
25233	72	Full-service restaurants	47	722511	83	47083	Houston County, Tennessee	no	7.5	94.5	1002.6666666666666
25234	72	Full-service restaurants	47	722511	85	47085	Humphreys County, Tennessee	no	17.833333333333332	143.66666666666666	1883.6666666666667
25235	72	Full-service restaurants	47	722511	87	47087	Jackson County, Tennessee	no	6.0	47.0	679.0
25236	72	Full-service restaurants	47	722511	87	47087	Jackson County, Tennessee	yes	2.6666666666666665	51.74074074074074	269.982905982906
25237	72	Full-service restaurants	47	722511	89	47089	Jefferson County, Tennessee	no	27.666666666666668	460.1666666666667	6793.166666666667
25238	72	Full-service restaurants	47	722511	91	47091	Johnson County, Tennessee	no	11.0	81.83333333333333	924.3333333333334
25239	72	Full-service restaurants	47	722511	93	47093	Knox County, Tennessee	no	331.1666666666667	10942.333333333334	187616.83333333334
25240	72	Full-service restaurants	47	722511	95	47095	Lake County, Tennessee	no	4.333333333333333	59.0	820.3333333333334
25241	72	Full-service restaurants	47	722511	95	47095	Lake County, Tennessee	yes	2.6666666666666665	33.67030965391621	532.483467073631
25242	72	Full-service restaurants	47	722511	97	47097	Lauderdale County, Tennessee	no	6.5	83.0	1039.3333333333333
25243	72	Full-service restaurants	47	722511	99	47099	Lawrence County, Tennessee	no	20.166666666666668	317.5	3595.8333333333335
25244	72	Full-service restaurants	47	722511	101	47101	Lewis County, Tennessee	no	4.666666666666667	56.5	838.1666666666666
25245	72	Full-service restaurants	47	722511	103	47103	Lincoln County, Tennessee	no	21.166666666666668	222.33333333333334	2471.5
25246	72	Full-service restaurants	47	722511	105	47105	Loudon County, Tennessee	no	25.166666666666668	581.8333333333334	9510.5
25247	72	Full-service restaurants	47	722511	107	47107	McMinn County, Tennessee	no	31.166666666666668	542.6666666666666	7395.5
25248	72	Full-service restaurants	47	722511	109	47109	McNairy County, Tennessee	no	15.333333333333334	175.0	1720.1666666666667
25249	72	Full-service restaurants	47	722511	111	47111	Macon County, Tennessee	no	10.5	98.0	1256.8333333333333
25250	72	Full-service restaurants	47	722511	113	47113	Madison County, Tennessee	no	77.33333333333333	2248.0	35936.166666666664
25251	72	Full-service restaurants	47	722511	115	47115	Marion County, Tennessee	no	19.666666666666668	302.6666666666667	4334.333333333333
25252	72	Full-service restaurants	47	722511	117	47117	Marshall County, Tennessee	no	10.666666666666666	99.16666666666667	1332.8333333333333
25253	72	Full-service restaurants	47	722511	119	47119	Maury County, Tennessee	no	57.0	1357.1666666666667	20423.5
25254	72	Full-service restaurants	47	722511	121	47121	Meigs County, Tennessee	no	7.333333333333333	37.5	600.5
25255	72	Full-service restaurants	47	722511	123	47123	Monroe County, Tennessee	no	29.666666666666668	319.1666666666667	4022.6666666666665
25256	72	Full-service restaurants	47	722511	125	47125	Montgomery County, Tennessee	no	126.0	2975.3333333333335	45896.666666666664
25257	72	Full-service restaurants	47	722511	127	47127	Moore County, Tennessee	no	4.166666666666667	31.666666666666668	387.1666666666667
25258	72	Full-service restaurants	47	722511	129	47129	Morgan County, Tennessee	no	3.0	11.5	243.5
25259	72	Full-service restaurants	47	722511	129	47129	Morgan County, Tennessee	yes	1.75	23.0985883424408	275.49219758850904
25260	72	Full-service restaurants	47	722511	131	47131	Obion County, Tennessee	no	20.833333333333332	276.6666666666667	3104.0
25261	72	Full-service restaurants	47	722511	133	47133	Overton County, Tennessee	no	9.833333333333334	86.5	1053.0
25262	72	Full-service restaurants	47	722511	135	47135	Perry County, Tennessee	no	3.0	5.333333333333333	164.66666666666666
25263	72	Full-service restaurants	47	722511	135	47135	Perry County, Tennessee	yes	2.3333333333333335	31.374013357619912	500.09457818474203
25264	72	Full-service restaurants	47	722511	137	47137	Pickett County, Tennessee	no	5.166666666666667	36.333333333333336	305.6666666666667
25265	72	Full-service restaurants	47	722511	139	47139	Polk County, Tennessee	no	7.5	39.75	748.5
25266	72	Full-service restaurants	47	722511	139	47139	Polk County, Tennessee	yes	7.0	145.15277777777777	676.6666666666667
25267	72	Full-service restaurants	47	722511	141	47141	Putnam County, Tennessee	no	61.5	1742.6666666666667	26343.666666666668
25268	72	Full-service restaurants	47	722511	143	47143	Rhea County, Tennessee	no	19.666666666666668	231.33333333333334	2743.1666666666665
25269	72	Full-service restaurants	47	722511	145	47145	Roane County, Tennessee	no	18.166666666666668	344.3333333333333	4789.166666666667
25270	72	Full-service restaurants	47	722511	147	47147	Robertson County, Tennessee	no	36.0	651.1666666666666	9912.666666666666
25271	72	Full-service restaurants	47	722511	149	47149	Rutherford County, Tennessee	no	175.66666666666666	5350.5	82537.33333333333
25272	72	Full-service restaurants	47	722511	151	47151	Scott County, Tennessee	no	5.0	51.5	635.6666666666666
25273	72	Full-service restaurants	47	722511	153	47153	Sequatchie County, Tennessee	no	4.666666666666667	68.33333333333333	1043.3333333333333
25274	72	Full-service restaurants	47	722511	155	47155	Sevier County, Tennessee	no	151.0	5667.5	113250.33333333333
25275	72	Full-service restaurants	47	722511	157	47157	Shelby County, Tennessee	no	572.1666666666666	14906.5	257272.83333333334
25276	72	Full-service restaurants	47	722511	159	47159	Smith County, Tennessee	no	9.0	100.66666666666667	1336.1666666666667
25277	72	Full-service restaurants	47	722511	161	47161	Stewart County, Tennessee	no	6.333333333333333	51.5	724.0
25278	72	Full-service restaurants	47	722511	163	47163	Sullivan County, Tennessee	no	115.5	2520.1666666666665	38016.166666666664
25279	72	Full-service restaurants	47	722511	165	47165	Sumner County, Tennessee	no	93.16666666666667	2246.6666666666665	36058.666666666664
25280	72	Full-service restaurants	47	722511	167	47167	Tipton County, Tennessee	no	24.833333333333332	326.1666666666667	3798.1666666666665
25281	72	Full-service restaurants	47	722511	169	47169	Trousdale County, Tennessee	no	3.4	18.0	463.2
25282	72	Full-service restaurants	47	722511	169	47169	Trousdale County, Tennessee	yes	3.0	20.666666666666664	291.5
25283	72	Full-service restaurants	47	722511	171	47171	Unicoi County, Tennessee	no	13.0	132.83333333333334	1580.5
25284	72	Full-service restaurants	47	722511	173	47173	Union County, Tennessee	no	5.0	34.4	562.6
25285	72	Full-service restaurants	47	722511	173	47173	Union County, Tennessee	yes	4.0	70.0	412.1538461538462
25286	72	Full-service restaurants	47	722511	175	47175	Van Buren County, Tennessee	yes	1.0	6.888888888888888	97.16666666666666
25287	72	Full-service restaurants	47	722511	177	47177	Warren County, Tennessee	no	18.833333333333332	250.5	3246.6666666666665
25288	72	Full-service restaurants	47	722511	179	47179	Washington County, Tennessee	no	109.16666666666667	2791.0	41460.333333333336
25289	72	Full-service restaurants	47	722511	181	47181	Wayne County, Tennessee	no	7.0	62.6	670.8
25290	72	Full-service restaurants	47	722511	181	47181	Wayne County, Tennessee	yes	7.0	122.5	721.2692307692307
25291	72	Full-service restaurants	47	722511	183	47183	Weakley County, Tennessee	no	18.0	242.33333333333334	2685.0
25292	72	Full-service restaurants	47	722511	185	47185	White County, Tennessee	no	11.333333333333334	116.66666666666667	1633.5
25293	72	Full-service restaurants	47	722511	187	47187	Williamson County, Tennessee	no	179.0	5248.166666666667	101963.83333333333
25294	72	Full-service restaurants	47	722511	189	47189	Wilson County, Tennessee	no	79.83333333333333	2179.3333333333335	36067.666666666664
25295	72	Hotels (except casino hotels) and motels	47	721110	1	47001	Anderson County, Tennessee	no	10.166666666666666	168.66666666666666	2589.0
25296	72	Hotels (except casino hotels) and motels	47	721110	3	47003	Bedford County, Tennessee	no	3.8333333333333335	30.166666666666668	517.8333333333334
25297	72	Hotels (except casino hotels) and motels	47	721110	5	47005	Benton County, Tennessee	yes	2.0	24.215002233323982	477.75070370455023
25298	72	Hotels (except casino hotels) and motels	47	721110	9	47009	Blount County, Tennessee	no	26.0	772.0	18471.333333333332
25299	72	Hotels (except casino hotels) and motels	47	721110	11	47011	Bradley County, Tennessee	no	27.5	222.33333333333334	3435.0
25300	72	Hotels (except casino hotels) and motels	47	721110	13	47013	Campbell County, Tennessee	no	6.5	32.166666666666664	598.0
25301	72	Hotels (except casino hotels) and motels	47	721110	17	47017	Carroll County, Tennessee	no	4.2	21.4	259.4
25302	72	Hotels (except casino hotels) and motels	47	721110	17	47017	Carroll County, Tennessee	yes	3.0	24.906976744186046	788.3023255813954
25303	72	Hotels (except casino hotels) and motels	47	721110	19	47019	Carter County, Tennessee	yes	1.5	17.798659800745206	297.01553085566167
25304	72	Hotels (except casino hotels) and motels	47	721110	21	47021	Cheatham County, Tennessee	yes	2.0	24.215002233323982	477.75070370455023
25305	72	Hotels (except casino hotels) and motels	47	721110	23	47023	Chester County, Tennessee	yes	1.0	12.107501116661991	238.87535185227512
25306	72	Hotels (except casino hotels) and motels	47	721110	25	47025	Claiborne County, Tennessee	no	3.4	10.2	112.8
25307	72	Hotels (except casino hotels) and motels	47	721110	25	47025	Claiborne County, Tennessee	yes	2.0	23.358490566037734	230.26415094339623
25308	72	Hotels (except casino hotels) and motels	47	721110	29	47029	Cocke County, Tennessee	no	9.5	75.83333333333333	1150.5
25309	72	Hotels (except casino hotels) and motels	47	721110	31	47031	Coffee County, Tennessee	no	17.5	150.83333333333334	2075.6666666666665
25310	72	Hotels (except casino hotels) and motels	47	721110	33	47033	Crockett County, Tennessee	yes	1.0	10.488804397015235	180.3089249170864
25311	72	Hotels (except casino hotels) and motels	47	721110	35	47035	Cumberland County, Tennessee	no	8.5	223.25	7955.75
25312	72	Hotels (except casino hotels) and motels	47	721110	35	47035	Cumberland County, Tennessee	yes	6.0	59.903962101636516	1443.57601205857
25313	72	Hotels (except casino hotels) and motels	47	721110	37	47037	Davidson County, Tennessee	no	175.5	9277.333333333334	249434.0
25314	72	Hotels (except casino hotels) and motels	47	721110	39	47039	Decatur County, Tennessee	no	3.2	5.6	147.6
25315	72	Hotels (except casino hotels) and motels	47	721110	39	47039	Decatur County, Tennessee	yes	2.0	21.576923076923077	237.15384615384616
25316	72	Hotels (except casino hotels) and motels	47	721110	41	47041	DeKalb County, Tennessee	yes	1.3333333333333333	17.22246596864716	357.54475375982605
25317	72	Hotels (except casino hotels) and motels	47	721110	43	47043	Dickson County, Tennessee	no	11.5	87.5	1673.0
25318	72	Hotels (except casino hotels) and motels	47	721110	45	47045	Dyer County, Tennessee	no	6.833333333333333	90.83333333333333	1136.0
25319	72	Hotels (except casino hotels) and motels	47	721110	47	47047	Fayette County, Tennessee	yes	1.3333333333333333	15.852118920242058	277.8268516103787
25320	72	Hotels (except casino hotels) and motels	47	721110	49	47049	Fentress County, Tennessee	yes	1.0	12.107501116661991	238.87535185227512
25321	72	Hotels (except casino hotels) and motels	47	721110	51	47051	Franklin County, Tennessee	no	3.3333333333333335	43.333333333333336	930.6666666666666
25322	72	Hotels (except casino hotels) and motels	47	721110	51	47051	Franklin County, Tennessee	yes	2.6666666666666665	37.8820968042187	791.0676934965874
25323	72	Hotels (except casino hotels) and motels	47	721110	53	47053	Gibson County, Tennessee	no	6.0	18.666666666666668	304.3333333333333
25324	72	Hotels (except casino hotels) and motels	47	721110	53	47053	Gibson County, Tennessee	yes	6.0	67.30578401333119	916.936515615761
25325	72	Hotels (except casino hotels) and motels	47	721110	55	47055	Giles County, Tennessee	no	5.166666666666667	26.833333333333332	471.0
25326	72	Hotels (except casino hotels) and motels	47	721110	57	47057	Grainger County, Tennessee	yes	1.0	10.488804397015235	180.3089249170864
25327	72	Hotels (except casino hotels) and motels	47	721110	59	47059	Greene County, Tennessee	no	9.166666666666666	119.5	2087.3333333333335
25328	72	Hotels (except casino hotels) and motels	47	721110	61	47061	Grundy County, Tennessee	no	3.0	33.0	479.0
25329	72	Hotels (except casino hotels) and motels	47	721110	61	47061	Grundy County, Tennessee	yes	2.8	36.368571634108925	657.3389497000596
25330	72	Hotels (except casino hotels) and motels	47	721110	63	47063	Hamblen County, Tennessee	no	11.666666666666666	110.5	1715.1666666666667
25331	72	Hotels (except casino hotels) and motels	47	721110	65	47065	Hamilton County, Tennessee	no	97.0	2288.1666666666665	42622.333333333336
25332	72	Hotels (except casino hotels) and motels	47	721110	69	47069	Hardeman County, Tennessee	no	3.0	8.0	57.0
25333	72	Hotels (except casino hotels) and motels	47	721110	69	47069	Hardeman County, Tennessee	yes	1.3333333333333333	14.946025730616924	227.74250568904654
25334	72	Hotels (except casino hotels) and motels	47	721110	71	47071	Hardin County, Tennessee	no	6.0	41.166666666666664	577.5
25335	72	Hotels (except casino hotels) and motels	47	721110	73	47073	Hawkins County, Tennessee	no	3.0	24.833333333333332	272.0
25336	72	Hotels (except casino hotels) and motels	47	721110	75	47075	Haywood County, Tennessee	no	6.0	13.666666666666666	301.3333333333333
25337	72	Hotels (except casino hotels) and motels	47	721110	77	47077	Henderson County, Tennessee	no	5.0	10.5	135.16666666666666
25338	72	Hotels (except casino hotels) and motels	47	721110	79	47079	Henry County, Tennessee	no	7.0	49.5	840.5
25339	72	Hotels (except casino hotels) and motels	47	721110	81	47081	Hickman County, Tennessee	yes	1.1666666666666667	14.054041997165136	258.0640310975582
25340	72	Hotels (except casino hotels) and motels	47	721110	83	47083	Houston County, Tennessee	yes	1.0	12.107501116661991	238.87535185227512
25341	72	Hotels (except casino hotels) and motels	47	721110	85	47085	Humphreys County, Tennessee	no	7.166666666666667	38.5	532.5
25342	72	Hotels (except casino hotels) and motels	47	721110	89	47089	Jefferson County, Tennessee	no	10.0	75.5	1380.0
25343	72	Hotels (except casino hotels) and motels	47	721110	91	47091	Johnson County, Tennessee	no	3.0	25.0	358.0
25344	72	Hotels (except casino hotels) and motels	47	721110	91	47091	Johnson County, Tennessee	yes	2.0	22.43526133777706	305.64550520525364
25345	72	Hotels (except casino hotels) and motels	47	721110	93	47093	Knox County, Tennessee	no	78.5	1507.0	29592.666666666668
25346	72	Hotels (except casino hotels) and motels	47	721110	95	47095	Lake County, Tennessee	yes	1.1666666666666667	14.054041997165136	258.0640310975582
25347	72	Hotels (except casino hotels) and motels	47	721110	97	47097	Lauderdale County, Tennessee	no	3.0	6.0	113.0
25348	72	Hotels (except casino hotels) and motels	47	721110	97	47097	Lauderdale County, Tennessee	yes	2.0	19.981570864414216	377.8995173321632
25349	72	Hotels (except casino hotels) and motels	47	721110	99	47099	Lawrence County, Tennessee	no	5.0	21.666666666666668	533.6666666666666
25350	72	Hotels (except casino hotels) and motels	47	721110	101	47101	Lewis County, Tennessee	yes	1.0	12.107501116661991	238.87535185227512
25351	72	Hotels (except casino hotels) and motels	47	721110	103	47103	Lincoln County, Tennessee	no	4.0	28.333333333333332	468.8333333333333
25352	72	Hotels (except casino hotels) and motels	47	721110	105	47105	Loudon County, Tennessee	no	10.166666666666666	115.16666666666667	1284.8333333333333
25353	72	Hotels (except casino hotels) and motels	47	721110	107	47107	McMinn County, Tennessee	no	12.833333333333334	126.66666666666667	1665.5
25354	72	Hotels (except casino hotels) and motels	47	721110	109	47109	McNairy County, Tennessee	no	3.25	5.75	122.5
25355	72	Hotels (except casino hotels) and motels	47	721110	109	47109	McNairy County, Tennessee	yes	2.0	30.689789111911008	712.0164114453053
25356	72	Hotels (except casino hotels) and motels	47	721110	111	47111	Macon County, Tennessee	no	3.0	8.0	55.0
25357	72	Hotels (except casino hotels) and motels	47	721110	111	47111	Macon County, Tennessee	yes	1.25	15.142259442557357	302.9844248649041
25358	72	Hotels (except casino hotels) and motels	47	721110	113	47113	Madison County, Tennessee	no	32.333333333333336	402.6666666666667	5907.166666666667
25359	72	Hotels (except casino hotels) and motels	47	721110	115	47115	Marion County, Tennessee	no	8.0	78.16666666666667	968.6666666666666
25360	72	Hotels (except casino hotels) and motels	47	721110	117	47117	Marshall County, Tennessee	no	4.333333333333333	18.666666666666668	305.6666666666667
25361	72	Hotels (except casino hotels) and motels	47	721110	119	47119	Maury County, Tennessee	no	11.833333333333334	147.33333333333334	2163.0
25362	72	Hotels (except casino hotels) and motels	47	721110	123	47123	Monroe County, Tennessee	no	10.5	45.0	687.0
25363	72	Hotels (except casino hotels) and motels	47	721110	125	47125	Montgomery County, Tennessee	no	31.5	431.8333333333333	6940.333333333333
25364	72	Hotels (except casino hotels) and motels	47	721110	127	47127	Moore County, Tennessee	yes	1.0	12.107501116661991	238.87535185227512
25365	72	Hotels (except casino hotels) and motels	47	721110	129	47129	Morgan County, Tennessee	yes	1.0	10.488804397015235	180.3089249170864
25366	72	Hotels (except casino hotels) and motels	47	721110	131	47131	Obion County, Tennessee	no	6.333333333333333	41.833333333333336	589.5
25367	72	Hotels (except casino hotels) and motels	47	721110	133	47133	Overton County, Tennessee	yes	1.0	10.091990768347358	202.03454139888245
25368	72	Hotels (except casino hotels) and motels	47	721110	135	47135	Perry County, Tennessee	yes	1.0	12.107501116661991	238.87535185227512
25369	72	Hotels (except casino hotels) and motels	47	721110	137	47137	Pickett County, Tennessee	yes	1.0	12.107501116661991	238.87535185227512
25370	72	Hotels (except casino hotels) and motels	47	721110	139	47139	Polk County, Tennessee	yes	1.3333333333333333	15.355419577758747	320.1298020388959
25371	72	Hotels (except casino hotels) and motels	47	721110	141	47141	Putnam County, Tennessee	no	15.5	223.66666666666666	3078.8333333333335
25372	72	Hotels (except casino hotels) and motels	47	721110	143	47143	Rhea County, Tennessee	no	6.5	48.833333333333336	667.3333333333334
25373	72	Hotels (except casino hotels) and motels	47	721110	145	47145	Roane County, Tennessee	no	6.166666666666667	59.333333333333336	697.6666666666666
25374	72	Hotels (except casino hotels) and motels	47	721110	147	47147	Robertson County, Tennessee	no	8.5	70.0	1303.8333333333333
25375	72	Hotels (except casino hotels) and motels	47	721110	149	47149	Rutherford County, Tennessee	no	41.5	688.5	12495.833333333334
25376	72	Hotels (except casino hotels) and motels	47	721110	151	47151	Scott County, Tennessee	yes	2.1666666666666665	26.161543113827125	496.9393829498334
25377	72	Hotels (except casino hotels) and motels	47	721110	153	47153	Sequatchie County, Tennessee	yes	1.5	17.716316451106255	315.2867281535885
25378	72	Hotels (except casino hotels) and motels	47	721110	155	47155	Sevier County, Tennessee	no	177.33333333333334	4358.0	114753.5
25379	72	Hotels (except casino hotels) and motels	47	721110	157	47157	Shelby County, Tennessee	no	168.5	4100.0	88643.66666666667
25380	72	Hotels (except casino hotels) and motels	47	721110	159	47159	Smith County, Tennessee	no	3.0	17.4	223.4
25381	72	Hotels (except casino hotels) and motels	47	721110	159	47159	Smith County, Tennessee	yes	2.0	22.37037037037037	449.5185185185185
25382	72	Hotels (except casino hotels) and motels	47	721110	161	47161	Stewart County, Tennessee	yes	2.0	24.215002233323982	477.75070370455023
25383	72	Hotels (except casino hotels) and motels	47	721110	163	47163	Sullivan County, Tennessee	no	22.0	411.5	7225.333333333333
25384	72	Hotels (except casino hotels) and motels	47	721110	165	47165	Sumner County, Tennessee	no	10.166666666666666	114.5	2473.0
25385	72	Hotels (except casino hotels) and motels	47	721110	167	47167	Tipton County, Tennessee	no	5.0	25.333333333333332	372.3333333333333
25386	72	Hotels (except casino hotels) and motels	47	721110	171	47171	Unicoi County, Tennessee	no	5.0	22.0	414.5
25387	72	Hotels (except casino hotels) and motels	47	721110	175	47175	Van Buren County, Tennessee	yes	1.0	12.107501116661991	238.87535185227512
25388	72	Hotels (except casino hotels) and motels	47	721110	177	47177	Warren County, Tennessee	no	3.1666666666666665	9.333333333333334	151.83333333333334
25389	72	Hotels (except casino hotels) and motels	47	721110	179	47179	Washington County, Tennessee	no	18.333333333333332	486.5	7802.833333333333
25390	72	Hotels (except casino hotels) and motels	47	721110	181	47181	Wayne County, Tennessee	yes	3.0	36.32250334998597	716.6260555568255
25391	72	Hotels (except casino hotels) and motels	47	721110	183	47183	Weakley County, Tennessee	no	4.0	29.333333333333332	434.1666666666667
25392	72	Hotels (except casino hotels) and motels	47	721110	185	47185	White County, Tennessee	yes	1.0	12.107501116661991	238.87535185227512
25393	72	Hotels (except casino hotels) and motels	47	721110	187	47187	Williamson County, Tennessee	no	41.166666666666664	1289.8333333333333	32219.333333333332
25394	72	Hotels (except casino hotels) and motels	47	721110	189	47189	Wilson County, Tennessee	no	18.833333333333332	280.3333333333333	4453.833333333333
25395	72	Limited-service restaurants	47	722513	1	47001	Anderson County, Tennessee	no	63.333333333333336	1347.6666666666667	17163.833333333332
25396	72	Limited-service restaurants	47	722513	3	47003	Bedford County, Tennessee	no	24.0	500.1666666666667	6424.5
25397	72	Limited-service restaurants	47	722513	5	47005	Benton County, Tennessee	no	8.0	150.0	1709.3333333333333
25398	72	Limited-service restaurants	47	722513	9	47009	Blount County, Tennessee	no	64.33333333333333	1728.0	23933.0
25399	72	Limited-service restaurants	47	722513	11	47011	Bradley County, Tennessee	no	72.83333333333333	1628.0	20097.833333333332
25400	72	Limited-service restaurants	47	722513	13	47013	Campbell County, Tennessee	no	26.666666666666668	498.1666666666667	6631.833333333333
25401	72	Limited-service restaurants	47	722513	15	47015	Cannon County, Tennessee	no	5.166666666666667	111.66666666666667	1370.8333333333333
25402	72	Limited-service restaurants	47	722513	17	47017	Carroll County, Tennessee	no	12.666666666666666	263.1666666666667	2882.0
25403	72	Limited-service restaurants	47	722513	19	47019	Carter County, Tennessee	no	33.0	691.6666666666666	8666.5
25404	72	Limited-service restaurants	47	722513	21	47021	Cheatham County, Tennessee	no	19.0	397.1666666666667	5166.666666666667
25405	72	Limited-service restaurants	47	722513	23	47023	Chester County, Tennessee	no	10.5	232.5	3294.6666666666665
25406	72	Limited-service restaurants	47	722513	25	47025	Claiborne County, Tennessee	no	14.166666666666666	315.6666666666667	4137.5
25407	72	Limited-service restaurants	47	722513	27	47027	Clay County, Tennessee	no	4.166666666666667	51.666666666666664	550.5
25408	72	Limited-service restaurants	47	722513	29	47029	Cocke County, Tennessee	no	15.833333333333334	400.5	5308.5
25409	72	Limited-service restaurants	47	722513	31	47031	Coffee County, Tennessee	no	39.666666666666664	965.5	12344.666666666666
25410	72	Limited-service restaurants	47	722513	33	47033	Crockett County, Tennessee	no	5.333333333333333	114.83333333333333	1384.6666666666667
25411	72	Limited-service restaurants	47	722513	35	47035	Cumberland County, Tennessee	no	34.0	724.8333333333334	8992.833333333334
25412	72	Limited-service restaurants	47	722513	37	47037	Davidson County, Tennessee	no	641.8333333333334	11448.5	168479.5
25413	72	Limited-service restaurants	47	722513	39	47039	Decatur County, Tennessee	no	4.833333333333333	80.16666666666667	965.5
25414	72	Limited-service restaurants	47	722513	41	47041	DeKalb County, Tennessee	no	6.5	182.16666666666666	2160.8333333333335
25415	72	Limited-service restaurants	47	722513	43	47043	Dickson County, Tennessee	no	38.833333333333336	715.1666666666666	9784.5
25416	72	Limited-service restaurants	47	722513	45	47045	Dyer County, Tennessee	no	21.333333333333332	544.0	6022.166666666667
25417	72	Limited-service restaurants	47	722513	47	47047	Fayette County, Tennessee	no	12.666666666666666	283.0	2918.0
25418	72	Limited-service restaurants	47	722513	49	47049	Fentress County, Tennessee	no	8.666666666666666	183.66666666666666	2236.6666666666665
25419	72	Limited-service restaurants	47	722513	51	47051	Franklin County, Tennessee	no	20.833333333333332	455.6666666666667	5420.666666666667
25420	72	Limited-service restaurants	47	722513	53	47053	Gibson County, Tennessee	no	28.5	601.1666666666666	7883.833333333333
25421	72	Limited-service restaurants	47	722513	55	47055	Giles County, Tennessee	no	19.833333333333332	336.8333333333333	4216.833333333333
25422	72	Limited-service restaurants	47	722513	57	47057	Grainger County, Tennessee	no	3.6666666666666665	43.666666666666664	532.0
25423	72	Limited-service restaurants	47	722513	57	47057	Grainger County, Tennessee	yes	2.6666666666666665	50.15199612760464	640.4538132337574
25424	72	Limited-service restaurants	47	722513	59	47059	Greene County, Tennessee	no	44.5	988.8333333333334	11726.5
25425	72	Limited-service restaurants	47	722513	61	47061	Grundy County, Tennessee	no	4.5	37.666666666666664	483.8333333333333
25426	72	Limited-service restaurants	47	722513	63	47063	Hamblen County, Tennessee	no	53.833333333333336	1080.3333333333333	13967.5
25427	72	Limited-service restaurants	47	722513	65	47065	Hamilton County, Tennessee	no	322.0	6721.833333333333	86972.83333333333
25428	72	Limited-service restaurants	47	722513	67	47067	Hancock County, Tennessee	yes	1.0	18.33839856942104	195.3657706962
25429	72	Limited-service restaurants	47	722513	69	47069	Hardeman County, Tennessee	no	7.833333333333333	149.33333333333334	1634.0
25430	72	Limited-service restaurants	47	722513	71	47071	Hardin County, Tennessee	no	12.833333333333334	286.5	3940.3333333333335
25431	72	Limited-service restaurants	47	722513	73	47073	Hawkins County, Tennessee	no	26.5	612.6666666666666	7400.166666666667
25432	72	Limited-service restaurants	47	722513	75	47075	Haywood County, Tennessee	no	11.0	254.66666666666666	3228.3333333333335
25433	72	Limited-service restaurants	47	722513	77	47077	Henderson County, Tennessee	no	17.5	473.0	5591.166666666667
25434	72	Limited-service restaurants	47	722513	79	47079	Henry County, Tennessee	no	21.833333333333332	408.3333333333333	5135.666666666667
25435	72	Limited-service restaurants	47	722513	81	47081	Hickman County, Tennessee	no	6.0	96.33333333333333	1040.3333333333333
25436	72	Limited-service restaurants	47	722513	81	47081	Hickman County, Tennessee	yes	5.666666666666667	104.444669365722	890.4861673414304
25437	72	Limited-service restaurants	47	722513	83	47083	Houston County, Tennessee	no	6.333333333333333	55.0	460.5
25438	72	Limited-service restaurants	47	722513	85	47085	Humphreys County, Tennessee	no	15.333333333333334	212.33333333333334	2287.5
25439	72	Limited-service restaurants	47	722513	87	47087	Jackson County, Tennessee	yes	2.1666666666666665	39.060130472175416	415.28987472573334
25440	72	Limited-service restaurants	47	722513	89	47089	Jefferson County, Tennessee	no	30.333333333333332	610.0	8173.0
25441	72	Limited-service restaurants	47	722513	91	47091	Johnson County, Tennessee	no	7.833333333333333	143.66666666666666	1793.5
25442	72	Limited-service restaurants	47	722513	93	47093	Knox County, Tennessee	no	403.6666666666667	8588.5	117874.83333333333
25443	72	Limited-service restaurants	47	722513	95	47095	Lake County, Tennessee	no	3.0	40.0	438.0
25444	72	Limited-service restaurants	47	722513	95	47095	Lake County, Tennessee	yes	2.0	35.21192491718807	327.8097994111152
25445	72	Limited-service restaurants	47	722513	97	47097	Lauderdale County, Tennessee	no	8.833333333333334	210.83333333333334	2339.0
25446	72	Limited-service restaurants	47	722513	99	47099	Lawrence County, Tennessee	no	25.833333333333332	556.0	7028.0
25447	72	Limited-service restaurants	47	722513	101	47101	Lewis County, Tennessee	no	9.0	134.5	1431.3333333333333
25448	72	Limited-service restaurants	47	722513	103	47103	Lincoln County, Tennessee	no	20.666666666666668	388.6666666666667	4466.666666666667
25449	72	Limited-service restaurants	47	722513	105	47105	Loudon County, Tennessee	no	39.0	834.8333333333334	10741.0
25450	72	Limited-service restaurants	47	722513	107	47107	McMinn County, Tennessee	no	35.0	720.8333333333334	8514.166666666666
25451	72	Limited-service restaurants	47	722513	109	47109	McNairy County, Tennessee	no	15.5	237.33333333333334	2795.6666666666665
25452	72	Limited-service restaurants	47	722513	111	47111	Macon County, Tennessee	no	11.333333333333334	133.33333333333334	1780.0
25453	72	Limited-service restaurants	47	722513	113	47113	Madison County, Tennessee	no	82.66666666666667	2040.8333333333333	24459.166666666668
25454	72	Limited-service restaurants	47	722513	115	47115	Marion County, Tennessee	no	20.333333333333332	530.6666666666666	7128.833333333333
25455	72	Limited-service restaurants	47	722513	117	47117	Marshall County, Tennessee	no	21.666666666666668	397.8333333333333	5356.333333333333
25456	72	Limited-service restaurants	47	722513	119	47119	Maury County, Tennessee	no	74.0	1411.8333333333333	18398.666666666668
25457	72	Limited-service restaurants	47	722513	121	47121	Meigs County, Tennessee	no	4.0	42.5	492.5
25458	72	Limited-service restaurants	47	722513	121	47121	Meigs County, Tennessee	yes	1.5	28.021252620417908	299.60547882678065
25459	72	Limited-service restaurants	47	722513	123	47123	Monroe County, Tennessee	no	29.0	597.5	7297.666666666667
25460	72	Limited-service restaurants	47	722513	125	47125	Montgomery County, Tennessee	no	122.66666666666667	2670.8333333333335	33767.0
25461	72	Limited-service restaurants	47	722513	127	47127	Moore County, Tennessee	no	4.0	22.0	196.0
25462	72	Limited-service restaurants	47	722513	127	47127	Moore County, Tennessee	yes	2.0	38.2921565666105	409.9378496708799
25463	72	Limited-service restaurants	47	722513	129	47129	Morgan County, Tennessee	no	4.0	74.33333333333333	883.6666666666666
25464	72	Limited-service restaurants	47	722513	131	47131	Obion County, Tennessee	no	19.666666666666668	414.5	4792.666666666667
25465	72	Limited-service restaurants	47	722513	133	47133	Overton County, Tennessee	no	10.5	259.8333333333333	2938.8333333333335
25466	72	Limited-service restaurants	47	722513	135	47135	Perry County, Tennessee	no	3.75	37.0	493.5
25467	72	Limited-service restaurants	47	722513	135	47135	Perry County, Tennessee	yes	3.0	59.40981237322515	774.8625380324544
25468	72	Limited-service restaurants	47	722513	137	47137	Pickett County, Tennessee	no	3.3333333333333335	32.0	359.6666666666667
25469	72	Limited-service restaurants	47	722513	137	47137	Pickett County, Tennessee	yes	5.0	88.96909581646423	780.417273954116
25470	72	Limited-service restaurants	47	722513	139	47139	Polk County, Tennessee	no	5.5	109.25	1199.75
25471	72	Limited-service restaurants	47	722513	139	47139	Polk County, Tennessee	yes	4.0	79.2130831643002	1033.150050709939
25472	72	Limited-service restaurants	47	722513	141	47141	Putnam County, Tennessee	no	61.0	1430.5	18283.0
25473	72	Limited-service restaurants	47	722513	143	47143	Rhea County, Tennessee	no	20.166666666666668	404.6666666666667	4881.833333333333
25474	72	Limited-service restaurants	47	722513	145	47145	Roane County, Tennessee	no	33.833333333333336	633.1666666666666	7898.666666666667
25475	72	Limited-service restaurants	47	722513	147	47147	Robertson County, Tennessee	no	48.666666666666664	1046.5	12706.166666666666
25476	72	Limited-service restaurants	47	722513	149	47149	Rutherford County, Tennessee	no	214.33333333333334	5068.166666666667	64825.166666666664
25477	72	Limited-service restaurants	47	722513	151	47151	Scott County, Tennessee	no	13.333333333333334	272.5	3202.8333333333335
25478	72	Limited-service restaurants	47	722513	153	47153	Sequatchie County, Tennessee	no	9.0	186.0	2627.3333333333335
25479	72	Limited-service restaurants	47	722513	155	47155	Sevier County, Tennessee	no	98.66666666666667	1844.3333333333333	27745.166666666668
25480	72	Limited-service restaurants	47	722513	157	47157	Shelby County, Tennessee	no	686.3333333333334	14749.0	181192.33333333334
25481	72	Limited-service restaurants	47	722513	159	47159	Smith County, Tennessee	no	9.5	260.1666666666667	3102.1666666666665
25482	72	Limited-service restaurants	47	722513	161	47161	Stewart County, Tennessee	no	6.333333333333333	113.5	1101.6666666666667
25483	72	Limited-service restaurants	47	722513	163	47163	Sullivan County, Tennessee	no	147.0	3056.5	38671.833333333336
25484	72	Limited-service restaurants	47	722513	165	47165	Sumner County, Tennessee	no	98.66666666666667	2107.0	26191.333333333332
25485	72	Limited-service restaurants	47	722513	167	47167	Tipton County, Tennessee	no	24.5	565.1666666666666	6600.0
25486	72	Limited-service restaurants	47	722513	169	47169	Trousdale County, Tennessee	no	3.5	102.75	1429.5
25487	72	Limited-service restaurants	47	722513	169	47169	Trousdale County, Tennessee	yes	3.5	61.219230769230776	555.7173076923077
25488	72	Limited-service restaurants	47	722513	171	47171	Unicoi County, Tennessee	no	11.0	219.83333333333334	2690.8333333333335
25489	72	Limited-service restaurants	47	722513	173	47173	Union County, Tennessee	no	3.5	108.83333333333333	1288.5
25490	72	Limited-service restaurants	47	722513	177	47177	Warren County, Tennessee	no	23.666666666666668	472.5	5879.833333333333
25491	72	Limited-service restaurants	47	722513	179	47179	Washington County, Tennessee	no	105.66666666666667	2400.0	30463.333333333332
25492	72	Limited-service restaurants	47	722513	181	47181	Wayne County, Tennessee	no	4.6	78.6	911.8
25493	72	Limited-service restaurants	47	722513	181	47181	Wayne County, Tennessee	yes	4.0	79.53846153846155	669.3846153846155
25494	72	Limited-service restaurants	47	722513	183	47183	Weakley County, Tennessee	no	22.166666666666668	393.0	4068.6666666666665
25495	72	Limited-service restaurants	47	722513	185	47185	White County, Tennessee	no	16.5	347.6666666666667	4726.333333333333
25496	72	Limited-service restaurants	47	722513	187	47187	Williamson County, Tennessee	no	167.0	3262.3333333333335	45027.333333333336
25497	72	Limited-service restaurants	47	722513	189	47189	Wilson County, Tennessee	no	89.5	1673.6666666666667	22174.5
25498	72	Mobile food services	47	722330	3	47003	Bedford County, Tennessee	yes	1.0	1.4681818181818183	20.436363636363637
25499	72	Mobile food services	47	722330	9	47009	Blount County, Tennessee	yes	1.0	1.3293953002158758	22.902347594570497
25500	72	Mobile food services	47	722330	11	47011	Bradley County, Tennessee	yes	1.1666666666666667	1.6854559062764818	26.614468806691704
25501	72	Mobile food services	47	722330	19	47019	Carter County, Tennessee	yes	1.0	0.0	20.619047619047617
25502	72	Mobile food services	47	722330	21	47021	Cheatham County, Tennessee	yes	1.0	1.8533374157991427	32.49448867115738
25503	72	Mobile food services	47	722330	31	47031	Coffee County, Tennessee	yes	1.75	1.6007575757575756	30.644372294372292
25504	72	Mobile food services	47	722330	35	47035	Cumberland County, Tennessee	yes	2.0	2.1363636363636362	42.89177489177489
25505	72	Mobile food services	47	722330	37	47037	Davidson County, Tennessee	no	12.333333333333334	13.166666666666666	400.0
25506	72	Mobile food services	47	722330	39	47039	Decatur County, Tennessee	yes	1.0	1.8533374157991427	32.49448867115738
25507	72	Mobile food services	47	722330	43	47043	Dickson County, Tennessee	yes	1.0	0.6666666666666666	15.776190476190475
25508	72	Mobile food services	47	722330	47	47047	Fayette County, Tennessee	yes	1.0	0.0	20.619047619047617
25509	72	Mobile food services	47	722330	51	47051	Franklin County, Tennessee	yes	1.0	0.8	18.6
25510	72	Mobile food services	47	722330	59	47059	Greene County, Tennessee	yes	1.0	1.8533374157991427	32.49448867115738
25511	72	Mobile food services	47	722330	63	47063	Hamblen County, Tennessee	yes	1.0	1.1565656565656566	17.94170274170274
25512	72	Mobile food services	47	722330	65	47065	Hamilton County, Tennessee	no	4.0	15.5	348.5
25513	72	Mobile food services	47	722330	65	47065	Hamilton County, Tennessee	yes	3.75	6.628194065579246	113.77459155459768
25514	72	Mobile food services	47	722330	89	47089	Jefferson County, Tennessee	yes	1.0	2.1363636363636362	22.272727272727273
25515	72	Mobile food services	47	722330	93	47093	Knox County, Tennessee	no	3.5	9.5	187.0
25516	72	Mobile food services	47	722330	93	47093	Knox County, Tennessee	yes	2.0	1.3333333333333333	31.55238095238095
25517	72	Mobile food services	47	722330	105	47105	Loudon County, Tennessee	yes	1.0	1.4681818181818183	20.436363636363637
25518	72	Mobile food services	47	722330	113	47113	Madison County, Tennessee	no	3.0	1.0	27.5
25519	72	Mobile food services	47	722330	117	47117	Marshall County, Tennessee	yes	1.0	0.0	20.619047619047617
25520	72	Mobile food services	47	722330	119	47119	Maury County, Tennessee	yes	1.0	1.4232323232323232	17.268686868686867
25521	72	Mobile food services	47	722330	125	47125	Montgomery County, Tennessee	yes	1.6666666666666667	2.7377832210655235	49.52598489487651
25522	72	Mobile food services	47	722330	131	47131	Obion County, Tennessee	yes	1.0	1.8533374157991427	32.49448867115738
25523	72	Mobile food services	47	722330	147	47147	Robertson County, Tennessee	yes	1.3333333333333333	1.9471744388155903	33.73384381828963
25524	72	Mobile food services	47	722330	149	47149	Rutherford County, Tennessee	no	4.666666666666667	3.6666666666666665	122.66666666666667
25525	72	Mobile food services	47	722330	149	47149	Rutherford County, Tennessee	yes	1.0	1.0681818181818181	21.445887445887443
25526	72	Mobile food services	47	722330	155	47155	Sevier County, Tennessee	yes	1.2	1.4346682996529905	25.214938325605807
25527	72	Mobile food services	47	722330	157	47157	Shelby County, Tennessee	no	6.666666666666667	6.666666666666667	99.33333333333333
25528	72	Mobile food services	47	722330	157	47157	Shelby County, Tennessee	yes	1.6666666666666667	1.601010101010101	28.459163059163057
25529	72	Mobile food services	47	722330	163	47163	Sullivan County, Tennessee	yes	1.6666666666666667	3.183237766520069	50.75022731911893
25530	72	Mobile food services	47	722330	165	47165	Sumner County, Tennessee	yes	1.0	1.4681818181818183	20.436363636363637
25531	72	Mobile food services	47	722330	171	47171	Unicoi County, Tennessee	yes	1.0	2.1363636363636362	22.272727272727273
25532	72	Mobile food services	47	722330	179	47179	Washington County, Tennessee	yes	1.4	2.176609326578708	36.76061258194755
25533	72	Mobile food services	47	722330	183	47183	Weakley County, Tennessee	yes	1.0	1.8533374157991427	32.49448867115738
25534	72	Mobile food services	47	722330	185	47185	White County, Tennessee	yes	1.0	0.8	18.6
25535	72	Mobile food services	47	722330	187	47187	Williamson County, Tennessee	no	5.666666666666667	7.333333333333333	187.33333333333334
25536	72	Mobile food services	47	722330	187	47187	Williamson County, Tennessee	yes	1.5	2.1363636363636362	32.582251082251084
25537	72	Mobile food services	47	722330	189	47189	Wilson County, Tennessee	yes	1.3333333333333333	1.768891610532762	34.062992447438255
25538	72	RV (recreational vehicle) parks and campgrounds	47	721211	1	47001	Anderson County, Tennessee	yes	1.0	5.263800451490421	104.7139511310484
25539	72	RV (recreational vehicle) parks and campgrounds	47	721211	5	47005	Benton County, Tennessee	yes	1.0	5.263800451490421	104.7139511310484
25540	72	RV (recreational vehicle) parks and campgrounds	47	721211	7	47007	Bledsoe County, Tennessee	yes	1.0	5.263800451490421	104.7139511310484
25541	72	RV (recreational vehicle) parks and campgrounds	47	721211	9	47009	Blount County, Tennessee	no	3.0	17.666666666666668	628.3333333333334
25542	72	RV (recreational vehicle) parks and campgrounds	47	721211	9	47009	Blount County, Tennessee	yes	2.0	10.292152292152293	251.3177119177119
25543	72	RV (recreational vehicle) parks and campgrounds	47	721211	13	47013	Campbell County, Tennessee	no	3.0	0.0	506.0
25544	72	RV (recreational vehicle) parks and campgrounds	47	721211	13	47013	Campbell County, Tennessee	yes	1.2	6.019556633842348	124.52638964210391
25545	72	RV (recreational vehicle) parks and campgrounds	47	721211	19	47019	Carter County, Tennessee	yes	1.5	7.956195358171043	163.23246383527538
25546	72	RV (recreational vehicle) parks and campgrounds	47	721211	21	47021	Cheatham County, Tennessee	yes	1.0	5.263800451490421	104.7139511310484
25547	72	RV (recreational vehicle) parks and campgrounds	47	721211	25	47025	Claiborne County, Tennessee	yes	1.0	5.263800451490421	104.7139511310484
25548	72	RV (recreational vehicle) parks and campgrounds	47	721211	29	47029	Cocke County, Tennessee	yes	1.3333333333333333	7.1398688275587965	150.26307608017333
25549	72	RV (recreational vehicle) parks and campgrounds	47	721211	31	47031	Coffee County, Tennessee	yes	1.0	5.146076146076147	125.65885595885595
25550	72	RV (recreational vehicle) parks and campgrounds	47	721211	35	47035	Cumberland County, Tennessee	yes	2.0	10.527600902980842	209.4279022620968
25551	72	RV (recreational vehicle) parks and campgrounds	47	721211	37	47037	Davidson County, Tennessee	no	3.8333333333333335	33.833333333333336	901.6666666666666
25552	72	RV (recreational vehicle) parks and campgrounds	47	721211	49	47049	Fentress County, Tennessee	yes	1.0	5.634337040871995	108.64479033293624
25553	72	RV (recreational vehicle) parks and campgrounds	47	721211	51	47051	Franklin County, Tennessee	yes	1.0	5.263800451490421	104.7139511310484
25554	72	RV (recreational vehicle) parks and campgrounds	47	721211	57	47057	Grainger County, Tennessee	no	4.0	6.0	249.0
25555	72	RV (recreational vehicle) parks and campgrounds	47	721211	57	47057	Grainger County, Tennessee	yes	3.0	15.244794339399203	266.2417178186555
25556	72	RV (recreational vehicle) parks and campgrounds	47	721211	59	47059	Greene County, Tennessee	yes	1.4	7.595115320343284	162.31114584166255
25557	72	RV (recreational vehicle) parks and campgrounds	47	721211	63	47063	Hamblen County, Tennessee	yes	1.0	5.263800451490421	104.7139511310484
25558	72	RV (recreational vehicle) parks and campgrounds	47	721211	65	47065	Hamilton County, Tennessee	no	3.0	30.0	154.0
25559	72	RV (recreational vehicle) parks and campgrounds	47	721211	65	47065	Hamilton County, Tennessee	yes	3.0	15.244794339399203	266.2417178186555
25560	72	RV (recreational vehicle) parks and campgrounds	47	721211	69	47069	Hardeman County, Tennessee	yes	1.0	5.263800451490421	104.7139511310484
25561	72	RV (recreational vehicle) parks and campgrounds	47	721211	71	47071	Hardin County, Tennessee	yes	1.0	5.039964797107654	108.9631243359815
25562	72	RV (recreational vehicle) parks and campgrounds	47	721211	73	47073	Hawkins County, Tennessee	yes	1.0	5.263800451490421	104.7139511310484
25563	72	RV (recreational vehicle) parks and campgrounds	47	721211	77	47077	Henderson County, Tennessee	yes	1.0	5.263800451490421	104.7139511310484
25564	72	RV (recreational vehicle) parks and campgrounds	47	721211	79	47079	Henry County, Tennessee	no	3.0	6.666666666666667	245.66666666666666
25565	72	RV (recreational vehicle) parks and campgrounds	47	721211	79	47079	Henry County, Tennessee	yes	2.0	10.763049513809392	167.53809260648168
25566	72	RV (recreational vehicle) parks and campgrounds	47	721211	81	47081	Hickman County, Tennessee	yes	1.0	5.075466200466201	116.74982378732379
25567	72	RV (recreational vehicle) parks and campgrounds	47	721211	85	47085	Humphreys County, Tennessee	yes	1.0	5.263800451490421	104.7139511310484
25568	72	RV (recreational vehicle) parks and campgrounds	47	721211	89	47089	Jefferson County, Tennessee	yes	2.0	10.527600902980842	209.4279022620968
25569	72	RV (recreational vehicle) parks and campgrounds	47	721211	91	47091	Johnson County, Tennessee	yes	1.0	6.382978723404255	83.46808510638297
25570	72	RV (recreational vehicle) parks and campgrounds	47	721211	93	47093	Knox County, Tennessee	yes	1.3333333333333333	7.1398688275587965	150.26307608017333
25571	72	RV (recreational vehicle) parks and campgrounds	47	721211	101	47101	Lewis County, Tennessee	yes	1.0	5.263800451490421	104.7139511310484
25572	72	RV (recreational vehicle) parks and campgrounds	47	721211	105	47105	Loudon County, Tennessee	no	3.0	14.666666666666666	260.6666666666667
25573	72	RV (recreational vehicle) parks and campgrounds	47	721211	105	47105	Loudon County, Tennessee	yes	3.0	16.144574270714088	251.3071389097225
25574	72	RV (recreational vehicle) parks and campgrounds	47	721211	107	47107	McMinn County, Tennessee	yes	2.0	10.527600902980842	209.4279022620968
25575	72	RV (recreational vehicle) parks and campgrounds	47	721211	119	47119	Maury County, Tennessee	yes	1.0	6.382978723404255	83.46808510638297
25576	72	RV (recreational vehicle) parks and campgrounds	47	721211	121	47121	Meigs County, Tennessee	yes	1.3333333333333333	7.143956769336708	131.59468640388093
25577	72	RV (recreational vehicle) parks and campgrounds	47	721211	125	47125	Montgomery County, Tennessee	yes	1.0	5.263800451490421	104.7139511310484
25578	72	RV (recreational vehicle) parks and campgrounds	47	721211	133	47133	Overton County, Tennessee	yes	1.0	4.6478045763760045	90.50695732838591
25579	72	RV (recreational vehicle) parks and campgrounds	47	721211	135	47135	Perry County, Tennessee	yes	1.0	5.343833269061233	107.65219590271263
25580	72	RV (recreational vehicle) parks and campgrounds	47	721211	139	47139	Polk County, Tennessee	yes	1.0	6.382978723404255	83.46808510638297
25581	72	RV (recreational vehicle) parks and campgrounds	47	721211	141	47141	Putnam County, Tennessee	yes	1.0	5.628205128205129	136.64737484737486
25582	72	RV (recreational vehicle) parks and campgrounds	47	721211	143	47143	Rhea County, Tennessee	yes	1.0	5.263800451490421	104.7139511310484
25583	72	RV (recreational vehicle) parks and campgrounds	47	721211	145	47145	Roane County, Tennessee	yes	1.0	5.263800451490421	104.7139511310484
25584	72	RV (recreational vehicle) parks and campgrounds	47	721211	149	47149	Rutherford County, Tennessee	yes	1.0	5.263800451490421	104.7139511310484
25585	72	RV (recreational vehicle) parks and campgrounds	47	721211	155	47155	Sevier County, Tennessee	no	20.0	52.333333333333336	2371.1666666666665
25586	72	RV (recreational vehicle) parks and campgrounds	47	721211	157	47157	Shelby County, Tennessee	yes	1.3333333333333333	7.1398688275587965	150.26307608017333
25587	72	RV (recreational vehicle) parks and campgrounds	47	721211	163	47163	Sullivan County, Tennessee	no	3.5	2.8333333333333335	217.5
25588	72	RV (recreational vehicle) parks and campgrounds	47	721211	165	47165	Sumner County, Tennessee	yes	1.0	5.263800451490421	104.7139511310484
25589	72	RV (recreational vehicle) parks and campgrounds	47	721211	171	47171	Unicoi County, Tennessee	yes	1.0	5.263800451490421	104.7139511310484
25590	72	RV (recreational vehicle) parks and campgrounds	47	721211	177	47177	Warren County, Tennessee	yes	1.0	5.628205128205129	136.64737484737486
25591	72	RV (recreational vehicle) parks and campgrounds	47	721211	189	47189	Wilson County, Tennessee	no	3.3333333333333335	4.833333333333333	130.66666666666666
25592	72	Recreational and vacation camps (except campgrounds)	47	721214	9	47009	Blount County, Tennessee	yes	1.0	7.202664496969562	143.82717243446845
25593	72	Recreational and vacation camps (except campgrounds)	47	721214	11	47011	Bradley County, Tennessee	yes	1.0	6.620904018275101	149.23502442208206
25594	72	Recreational and vacation camps (except campgrounds)	47	721214	13	47013	Campbell County, Tennessee	yes	1.0	7.202664496969562	143.82717243446845
25595	72	Recreational and vacation camps (except campgrounds)	47	721214	19	47019	Carter County, Tennessee	yes	1.0	7.202664496969562	143.82717243446845
25596	72	Recreational and vacation camps (except campgrounds)	47	721214	21	47021	Cheatham County, Tennessee	yes	2.0	14.405328993939124	287.6543448689369
25597	72	Recreational and vacation camps (except campgrounds)	47	721214	29	47029	Cocke County, Tennessee	yes	1.0	7.202664496969562	143.82717243446845
25598	72	Recreational and vacation camps (except campgrounds)	47	721214	35	47035	Cumberland County, Tennessee	no	3.0	8.166666666666666	586.8333333333334
25599	72	Recreational and vacation camps (except campgrounds)	47	721214	37	47037	Davidson County, Tennessee	yes	2.5	18.04460030530055	354.5023493189439
25600	72	Recreational and vacation camps (except campgrounds)	47	721214	41	47041	DeKalb County, Tennessee	no	3.0	28.0	726.3333333333334
25601	72	Recreational and vacation camps (except campgrounds)	47	721214	41	47041	DeKalb County, Tennessee	yes	2.0	15.56884995132805	276.83864089370974
25602	72	Recreational and vacation camps (except campgrounds)	47	721214	43	47043	Dickson County, Tennessee	yes	1.0	7.30997079682937	137.2400917813934
25603	72	Recreational and vacation camps (except campgrounds)	47	721214	45	47045	Dyer County, Tennessee	yes	1.0	6.780193236714975	150.60835058661144
25604	72	Recreational and vacation camps (except campgrounds)	47	721214	47	47047	Fayette County, Tennessee	yes	2.0	14.405328993939124	287.6543448689369
25605	72	Recreational and vacation camps (except campgrounds)	47	721214	51	47051	Franklin County, Tennessee	yes	1.0	7.202664496969562	143.82717243446845
25606	72	Recreational and vacation camps (except campgrounds)	47	721214	53	47053	Gibson County, Tennessee	yes	1.0	7.202664496969562	143.82717243446845
25607	72	Recreational and vacation camps (except campgrounds)	47	721214	59	47059	Greene County, Tennessee	yes	1.3333333333333333	9.860834431610085	188.3914425869739
25608	72	Recreational and vacation camps (except campgrounds)	47	721214	65	47065	Hamilton County, Tennessee	yes	1.3333333333333333	9.462728909207888	194.02995596333895
25609	72	Recreational and vacation camps (except campgrounds)	47	721214	69	47069	Hardeman County, Tennessee	yes	2.0	14.405328993939124	287.6543448689369
25610	72	Recreational and vacation camps (except campgrounds)	47	721214	73	47073	Hawkins County, Tennessee	yes	1.0	7.202664496969562	143.82717243446845
25611	72	Recreational and vacation camps (except campgrounds)	47	721214	81	47081	Hickman County, Tennessee	yes	1.0	7.202664496969562	143.82717243446845
25612	72	Recreational and vacation camps (except campgrounds)	47	721214	87	47087	Jackson County, Tennessee	yes	1.0	7.202664496969562	143.82717243446845
25613	72	Recreational and vacation camps (except campgrounds)	47	721214	91	47091	Johnson County, Tennessee	yes	1.0	7.202664496969562	143.82717243446845
25614	72	Recreational and vacation camps (except campgrounds)	47	721214	93	47093	Knox County, Tennessee	yes	1.0	6.620904018275101	149.23502442208206
25615	72	Recreational and vacation camps (except campgrounds)	47	721214	95	47095	Lake County, Tennessee	yes	1.8333333333333333	12.949773438383568	264.19138190597397
25616	72	Recreational and vacation camps (except campgrounds)	47	721214	101	47101	Lewis County, Tennessee	yes	1.0	7.215686274509804	126.6078431372549
25617	72	Recreational and vacation camps (except campgrounds)	47	721214	103	47103	Lincoln County, Tennessee	yes	1.0	7.202664496969562	143.82717243446845
25618	72	Recreational and vacation camps (except campgrounds)	47	721214	107	47107	McMinn County, Tennessee	yes	1.0	7.202664496969562	143.82717243446845
25619	72	Recreational and vacation camps (except campgrounds)	47	721214	115	47115	Marion County, Tennessee	yes	1.0	7.202664496969562	143.82717243446845
25620	72	Recreational and vacation camps (except campgrounds)	47	721214	117	47117	Marshall County, Tennessee	yes	1.0	7.202664496969562	143.82717243446845
25621	72	Recreational and vacation camps (except campgrounds)	47	721214	123	47123	Monroe County, Tennessee	yes	2.0	14.405328993939124	287.6543448689369
25622	72	Recreational and vacation camps (except campgrounds)	47	721214	125	47125	Montgomery County, Tennessee	yes	1.0	7.202664496969562	143.82717243446845
25623	72	Recreational and vacation camps (except campgrounds)	47	721214	131	47131	Obion County, Tennessee	yes	1.1666666666666667	8.40527887605453	164.92847962401095
25624	72	Recreational and vacation camps (except campgrounds)	47	721214	133	47133	Overton County, Tennessee	no	4.0	5.333333333333333	300.6666666666667
25625	72	Recreational and vacation camps (except campgrounds)	47	721214	139	47139	Polk County, Tennessee	yes	1.8333333333333333	13.202714614854157	266.55303767939444
25626	72	Recreational and vacation camps (except campgrounds)	47	721214	143	47143	Rhea County, Tennessee	yes	1.0	7.202664496969562	143.82717243446845
25627	72	Recreational and vacation camps (except campgrounds)	47	721214	147	47147	Robertson County, Tennessee	yes	1.0	7.202664496969562	143.82717243446845
25628	72	Recreational and vacation camps (except campgrounds)	47	721214	149	47149	Rutherford County, Tennessee	yes	1.0	7.202664496969562	143.82717243446845
25629	72	Recreational and vacation camps (except campgrounds)	47	721214	155	47155	Sevier County, Tennessee	yes	1.0	6.620904018275101	149.23502442208206
25630	72	Recreational and vacation camps (except campgrounds)	47	721214	157	47157	Shelby County, Tennessee	no	3.3333333333333335	9.833333333333334	265.1666666666667
25631	72	Recreational and vacation camps (except campgrounds)	47	721214	163	47163	Sullivan County, Tennessee	yes	1.6666666666666667	12.297491363886541	234.1381398474384
25632	72	Recreational and vacation camps (except campgrounds)	47	721214	167	47167	Tipton County, Tennessee	yes	1.0	7.202664496969562	143.82717243446845
25633	72	Recreational and vacation camps (except campgrounds)	47	721214	171	47171	Unicoi County, Tennessee	yes	1.0	7.202664496969562	143.82717243446845
25634	72	Recreational and vacation camps (except campgrounds)	47	721214	179	47179	Washington County, Tennessee	no	3.0	16.0	113.0
25635	72	Recreational and vacation camps (except campgrounds)	47	721214	179	47179	Washington County, Tennessee	yes	2.6	19.436119545567223	369.6414572736279
25636	72	Recreational and vacation camps (except campgrounds)	47	721214	183	47183	Weakley County, Tennessee	yes	1.0	6.3023255813953485	146.48837209302326
25637	72	Recreational and vacation camps (except campgrounds)	47	721214	187	47187	Williamson County, Tennessee	no	3.0	36.5	1320.3333333333333
25638	72	Recreational and vacation camps (except campgrounds)	47	721214	189	47189	Wilson County, Tennessee	yes	1.0	7.202664496969562	143.82717243446845
25639	72	Rooming and boarding houses	47	721310	9	47009	Blount County, Tennessee	yes	1.0	2.366666666666667	71.57222222222222
25640	72	Rooming and boarding houses	47	721310	11	47011	Bradley County, Tennessee	yes	1.0	5.5	104.5
25641	72	Rooming and boarding houses	47	721310	31	47031	Coffee County, Tennessee	yes	1.0	5.95	89.6
25642	72	Rooming and boarding houses	47	721310	35	47035	Cumberland County, Tennessee	yes	1.0	3.750198412698413	104.66891534391534
25643	72	Rooming and boarding houses	47	721310	37	47037	Davidson County, Tennessee	no	7.5	7.666666666666667	161.16666666666666
25644	72	Rooming and boarding houses	47	721310	59	47059	Greene County, Tennessee	yes	1.0	4.441964285714286	121.2172619047619
25645	72	Rooming and boarding houses	47	721310	65	47065	Hamilton County, Tennessee	yes	2.0	7.500396825396826	209.3378306878307
25646	72	Rooming and boarding houses	47	721310	93	47093	Knox County, Tennessee	no	8.166666666666666	17.333333333333332	425.3333333333333
25647	72	Rooming and boarding houses	47	721310	131	47131	Obion County, Tennessee	yes	1.0	2.366666666666667	71.57222222222222
25648	72	Rooming and boarding houses	47	721310	155	47155	Sevier County, Tennessee	yes	1.0	3.750198412698413	104.66891534391534
25649	72	Rooming and boarding houses	47	721310	157	47157	Shelby County, Tennessee	yes	1.0	2.366666666666667	71.57222222222222
25650	72	Rooming and boarding houses	47	721310	183	47183	Weakley County, Tennessee	yes	1.0	3.750198412698413	104.66891534391534
25651	72	Rooming and boarding houses	47	721310	187	47187	Williamson County, Tennessee	yes	1.0	5.9226190476190474	115.28968253968253
25652	72	Rooming and boarding houses	47	721310	189	47189	Wilson County, Tennessee	yes	1.0	3.4111111111111114	82.54814814814814
25653	72	Snack and nonalcoholic beverage bars	47	722515	1	47001	Anderson County, Tennessee	no	6.333333333333333	39.0	686.6666666666666
25654	72	Snack and nonalcoholic beverage bars	47	722515	1	47001	Anderson County, Tennessee	yes	2.6666666666666665	19.262878787878787	159.25075757575758
25655	72	Snack and nonalcoholic beverage bars	47	722515	3	47003	Bedford County, Tennessee	no	5.5	16.25	183.25
25656	72	Snack and nonalcoholic beverage bars	47	722515	3	47003	Bedford County, Tennessee	yes	2.0	12.90909090909091	117.81818181818183
25657	72	Snack and nonalcoholic beverage bars	47	722515	5	47005	Benton County, Tennessee	yes	1.0	6.775	66.97500000000001
25658	72	Snack and nonalcoholic beverage bars	47	722515	9	47009	Blount County, Tennessee	no	13.333333333333334	124.0	1459.3333333333333
25659	72	Snack and nonalcoholic beverage bars	47	722515	11	47011	Bradley County, Tennessee	no	13.166666666666666	138.5	1566.6666666666667
25660	72	Snack and nonalcoholic beverage bars	47	722515	13	47013	Campbell County, Tennessee	yes	1.0	6.775	66.97500000000001
25661	72	Snack and nonalcoholic beverage bars	47	722515	17	47017	Carroll County, Tennessee	yes	1.0	7.864423719476955	84.65273104500795
25662	72	Snack and nonalcoholic beverage bars	47	722515	19	47019	Carter County, Tennessee	yes	1.8333333333333333	14.203679088785558	165.47827353782733
25663	72	Snack and nonalcoholic beverage bars	47	722515	21	47021	Cheatham County, Tennessee	yes	1.0	7.884972366710014	99.22493768964023
25664	72	Snack and nonalcoholic beverage bars	47	722515	23	47023	Chester County, Tennessee	yes	1.1666666666666667	8.57704005540888	88.57833584818712
25665	72	Snack and nonalcoholic beverage bars	47	722515	25	47025	Claiborne County, Tennessee	yes	1.0	7.447873388742212	77.41583584818711
25666	72	Snack and nonalcoholic beverage bars	47	722515	27	47027	Clay County, Tennessee	yes	1.0	6.454545454545455	58.909090909090914
25667	72	Snack and nonalcoholic beverage bars	47	722515	29	47029	Cocke County, Tennessee	yes	1.0	8.43995855006502	115.34990653446035
25668	72	Snack and nonalcoholic beverage bars	47	722515	31	47031	Coffee County, Tennessee	no	6.666666666666667	46.5	568.6666666666666
25669	72	Snack and nonalcoholic beverage bars	47	722515	35	47035	Cumberland County, Tennessee	no	4.833333333333333	8.333333333333334	179.33333333333334
25670	72	Snack and nonalcoholic beverage bars	47	722515	37	47037	Davidson County, Tennessee	no	129.5	1887.1666666666667	27588.0
25671	72	Snack and nonalcoholic beverage bars	47	722515	41	47041	DeKalb County, Tennessee	yes	1.6	11.7889127129553	112.86804342186494
25672	72	Snack and nonalcoholic beverage bars	47	722515	43	47043	Dickson County, Tennessee	no	3.0	2.5	85.0
25673	72	Snack and nonalcoholic beverage bars	47	722515	43	47043	Dickson County, Tennessee	yes	2.5	15.066666666666666	153.76666666666665
25674	72	Snack and nonalcoholic beverage bars	47	722515	45	47045	Dyer County, Tennessee	no	3.5	4.5	190.5
25675	72	Snack and nonalcoholic beverage bars	47	722515	45	47045	Dyer County, Tennessee	yes	2.75	19.975754004610472	224.49024744355125
25676	72	Snack and nonalcoholic beverage bars	47	722515	47	47047	Fayette County, Tennessee	yes	1.0	7.864423719476955	84.65273104500795
25677	72	Snack and nonalcoholic beverage bars	47	722515	49	47049	Fentress County, Tennessee	yes	1.0	7.28888888888889	53.955555555555556
25678	72	Snack and nonalcoholic beverage bars	47	722515	51	47051	Franklin County, Tennessee	no	3.0	11.666666666666666	94.33333333333333
25679	72	Snack and nonalcoholic beverage bars	47	722515	51	47051	Franklin County, Tennessee	yes	2.3333333333333335	17.86969696969697	133.9727272727273
25680	72	Snack and nonalcoholic beverage bars	47	722515	53	47053	Gibson County, Tennessee	yes	2.0	14.895746777484424	154.83167169637423
25681	72	Snack and nonalcoholic beverage bars	47	722515	59	47059	Greene County, Tennessee	no	3.0	19.0	163.0
25682	72	Snack and nonalcoholic beverage bars	47	722515	59	47059	Greene County, Tennessee	yes	2.0	13.903661616161617	116.89760101010103
25683	72	Snack and nonalcoholic beverage bars	47	722515	63	47063	Hamblen County, Tennessee	no	6.0	99.5	1163.1666666666667
25684	72	Snack and nonalcoholic beverage bars	47	722515	65	47065	Hamilton County, Tennessee	no	51.166666666666664	542.0	7616.833333333333
25685	72	Snack and nonalcoholic beverage bars	47	722515	69	47069	Hardeman County, Tennessee	yes	1.1666666666666667	8.956206722075544	85.75750251485378
25686	72	Snack and nonalcoholic beverage bars	47	722515	71	47071	Hardin County, Tennessee	yes	1.0	7.469231625969273	96.18697472667726
25687	72	Snack and nonalcoholic beverage bars	47	722515	73	47073	Hawkins County, Tennessee	no	3.0	9.166666666666666	152.0
25688	72	Snack and nonalcoholic beverage bars	47	722515	75	47075	Haywood County, Tennessee	yes	1.8333333333333333	13.00372355709238	126.02522137007264
25689	72	Snack and nonalcoholic beverage bars	47	722515	79	47079	Henry County, Tennessee	no	3.0	1.0	64.0
25690	72	Snack and nonalcoholic beverage bars	47	722515	79	47079	Henry County, Tennessee	yes	2.0	13.334911616161616	121.12885101010102
25691	72	Snack and nonalcoholic beverage bars	47	722515	85	47085	Humphreys County, Tennessee	yes	1.0	8.43995855006502	115.34990653446035
25692	72	Snack and nonalcoholic beverage bars	47	722515	89	47089	Jefferson County, Tennessee	yes	1.0	7.864423719476955	84.65273104500795
25693	72	Snack and nonalcoholic beverage bars	47	722515	91	47091	Johnson County, Tennessee	yes	1.0	6.454545454545455	58.909090909090914
25694	72	Snack and nonalcoholic beverage bars	47	722515	93	47093	Knox County, Tennessee	no	53.833333333333336	686.5	10182.666666666666
25695	72	Snack and nonalcoholic beverage bars	47	722515	99	47099	Lawrence County, Tennessee	no	3.6666666666666665	11.666666666666666	134.66666666666666
25696	72	Snack and nonalcoholic beverage bars	47	722515	99	47099	Lawrence County, Tennessee	yes	2.0	14.853030303030303	117.28939393939396
25697	72	Snack and nonalcoholic beverage bars	47	722515	101	47101	Lewis County, Tennessee	yes	1.0	7.752272727272728	54.47954545454546
25698	72	Snack and nonalcoholic beverage bars	47	722515	103	47103	Lincoln County, Tennessee	yes	1.6666666666666667	13.40479321826851	173.4362390156441
25699	72	Snack and nonalcoholic beverage bars	47	722515	105	47105	Loudon County, Tennessee	no	4.5	35.333333333333336	392.3333333333333
25700	72	Snack and nonalcoholic beverage bars	47	722515	107	47107	McMinn County, Tennessee	no	5.0	53.0	560.0
25701	72	Snack and nonalcoholic beverage bars	47	722515	107	47107	McMinn County, Tennessee	yes	1.5	10.052777777777777	82.8861111111111
25702	72	Snack and nonalcoholic beverage bars	47	722515	113	47113	Madison County, Tennessee	no	13.5	86.33333333333333	1076.5
25703	72	Snack and nonalcoholic beverage bars	47	722515	115	47115	Marion County, Tennessee	yes	1.0	6.454545454545455	58.909090909090914
25704	72	Snack and nonalcoholic beverage bars	47	722515	119	47119	Maury County, Tennessee	no	10.0	138.5	1397.1666666666667
25705	72	Snack and nonalcoholic beverage bars	47	722515	123	47123	Monroe County, Tennessee	yes	1.5	10.78196429783312	109.55901766636894
25706	72	Snack and nonalcoholic beverage bars	47	722515	125	47125	Montgomery County, Tennessee	no	27.0	259.6666666666667	3856.5
25707	72	Snack and nonalcoholic beverage bars	47	722515	131	47131	Obion County, Tennessee	yes	1.0	7.447873388742212	77.41583584818711
25708	72	Snack and nonalcoholic beverage bars	47	722515	133	47133	Overton County, Tennessee	yes	1.6	12.063987042072217	137.2161878538309
25709	72	Snack and nonalcoholic beverage bars	47	722515	141	47141	Putnam County, Tennessee	no	10.5	111.66666666666667	1293.5
25710	72	Snack and nonalcoholic beverage bars	47	722515	143	47143	Rhea County, Tennessee	yes	1.6666666666666667	12.690822535060184	133.85098987819242
25711	72	Snack and nonalcoholic beverage bars	47	722515	145	47145	Roane County, Tennessee	yes	1.3333333333333333	9.311824218561865	115.47401176371432
25712	72	Snack and nonalcoholic beverage bars	47	722515	147	47147	Robertson County, Tennessee	no	3.5	0.5	54.5
25713	72	Snack and nonalcoholic beverage bars	47	722515	147	47147	Robertson County, Tennessee	yes	1.5	11.97225200230524	112.15449872177564
25714	72	Snack and nonalcoholic beverage bars	47	722515	149	47149	Rutherford County, Tennessee	no	27.833333333333332	324.3333333333333	5559.833333333333
25715	72	Snack and nonalcoholic beverage bars	47	722515	155	47155	Sevier County, Tennessee	no	32.5	299.1666666666667	5001.333333333333
25716	72	Snack and nonalcoholic beverage bars	47	722515	157	47157	Shelby County, Tennessee	no	95.33333333333333	1066.1666666666667	14464.833333333334
25717	72	Snack and nonalcoholic beverage bars	47	722515	163	47163	Sullivan County, Tennessee	no	12.833333333333334	161.0	2473.5
25718	72	Snack and nonalcoholic beverage bars	47	722515	165	47165	Sumner County, Tennessee	no	17.5	232.0	3324.8333333333335
25719	72	Snack and nonalcoholic beverage bars	47	722515	167	47167	Tipton County, Tennessee	no	3.0	7.0	66.66666666666667
25720	72	Snack and nonalcoholic beverage bars	47	722515	167	47167	Tipton County, Tennessee	yes	1.6666666666666667	12.59469696969697	94.96439393939396
25721	72	Snack and nonalcoholic beverage bars	47	722515	169	47169	Trousdale County, Tennessee	yes	1.0	6.775	66.97500000000001
25722	72	Snack and nonalcoholic beverage bars	47	722515	177	47177	Warren County, Tennessee	yes	1.6666666666666667	14.269944733420028	170.4832087126138
25723	72	Snack and nonalcoholic beverage bars	47	722515	179	47179	Washington County, Tennessee	no	17.666666666666668	187.66666666666666	2529.1666666666665
25724	72	Snack and nonalcoholic beverage bars	47	722515	181	47181	Wayne County, Tennessee	yes	1.0	7.447873388742212	77.41583584818711
25725	72	Snack and nonalcoholic beverage bars	47	722515	183	47183	Weakley County, Tennessee	no	3.1666666666666665	1.3333333333333333	64.33333333333333
25726	72	Snack and nonalcoholic beverage bars	47	722515	185	47185	White County, Tennessee	no	3.0	2.0	48.0
25727	72	Snack and nonalcoholic beverage bars	47	722515	185	47185	White County, Tennessee	yes	2.0	13.903661616161617	116.89760101010103
25728	72	Snack and nonalcoholic beverage bars	47	722515	187	47187	Williamson County, Tennessee	no	44.0	605.6666666666666	8363.5
25729	72	Snack and nonalcoholic beverage bars	47	722515	189	47189	Wilson County, Tennessee	no	17.333333333333332	145.83333333333334	1931.0
25730	81	All other automotive repair and maintenance	47	811198	3	47003	Bedford County, Tennessee	yes	1.3333333333333333	15.300635294888169	605.404078360975
25731	81	All other automotive repair and maintenance	47	811198	11	47011	Bradley County, Tennessee	yes	2.0	19.044225038477915	723.0655002723969
25732	81	All other automotive repair and maintenance	47	811198	19	47019	Carter County, Tennessee	yes	1.0	14.283168778858435	575.5779713581438
25733	81	All other automotive repair and maintenance	47	811198	21	47021	Cheatham County, Tennessee	yes	1.0	17.335568326947637	731.6139846743295
25734	81	All other automotive repair and maintenance	47	811198	31	47031	Coffee County, Tennessee	yes	1.0	9.522112519238958	361.53275013619844
25735	81	All other automotive repair and maintenance	47	811198	37	47037	Davidson County, Tennessee	no	16.8	81.8	2672.0
25736	81	All other automotive repair and maintenance	47	811198	37	47037	Davidson County, Tennessee	yes	12.0	0.0	0.0
25737	81	All other automotive repair and maintenance	47	811198	39	47039	Decatur County, Tennessee	yes	1.0	11.426535023086748	433.8393001634381
25738	81	All other automotive repair and maintenance	47	811198	57	47057	Grainger County, Tennessee	yes	1.0	0.0	-80.45454545454545
25739	81	All other automotive repair and maintenance	47	811198	63	47063	Hamblen County, Tennessee	yes	1.0	9.522112519238958	361.53275013619844
25740	81	All other automotive repair and maintenance	47	811198	65	47065	Hamilton County, Tennessee	no	6.0	36.0	622.0
25741	81	All other automotive repair and maintenance	47	811198	65	47065	Hamilton County, Tennessee	yes	4.8	34.671136653895275	1260.1902071108968
25742	81	All other automotive repair and maintenance	47	811198	77	47077	Henderson County, Tennessee	yes	1.0	22.461538461538463	919.5384615384615
25743	81	All other automotive repair and maintenance	47	811198	93	47093	Knox County, Tennessee	yes	1.5	19.044225038477915	758.6604886173851
25744	81	All other automotive repair and maintenance	47	811198	105	47105	Loudon County, Tennessee	yes	1.0	0.0	0.0
25745	81	All other automotive repair and maintenance	47	811198	119	47119	Maury County, Tennessee	yes	1.0	9.522112519238958	361.53275013619844
25746	81	All other automotive repair and maintenance	47	811198	125	47125	Montgomery County, Tennessee	yes	1.0	5.615384615384616	176.49213286713285
25747	81	All other automotive repair and maintenance	47	811198	133	47133	Overton County, Tennessee	yes	1.0	22.461538461538463	919.5384615384615
25748	81	All other automotive repair and maintenance	47	811198	135	47135	Perry County, Tennessee	yes	1.0	0.0	-71.18997668997669
25749	81	All other automotive repair and maintenance	47	811198	141	47141	Putnam County, Tennessee	yes	1.1666666666666667	9.522112519238958	361.53275013619844
25750	81	All other automotive repair and maintenance	47	811198	149	47149	Rutherford County, Tennessee	yes	3.0	28.566337557716867	1084.598250408595
25751	81	All other automotive repair and maintenance	47	811198	151	47151	Scott County, Tennessee	yes	1.0	9.522112519238958	361.53275013619844
25752	81	All other automotive repair and maintenance	47	811198	155	47155	Sevier County, Tennessee	yes	1.0	0.0	-80.45454545454545
25753	81	All other automotive repair and maintenance	47	811198	157	47157	Shelby County, Tennessee	no	5.0	8.4	323.2
25754	81	All other automotive repair and maintenance	47	811198	157	47157	Shelby County, Tennessee	yes	2.0	0.0	0.0
25755	81	All other automotive repair and maintenance	47	811198	159	47159	Smith County, Tennessee	yes	1.0	11.426535023086748	433.8393001634381
25756	81	All other automotive repair and maintenance	47	811198	165	47165	Sumner County, Tennessee	yes	2.0	19.044225038477915	723.0655002723969
25757	81	All other automotive repair and maintenance	47	811198	169	47169	Trousdale County, Tennessee	yes	1.0	17.335568326947637	731.6139846743295
25758	81	All other automotive repair and maintenance	47	811198	179	47179	Washington County, Tennessee	yes	1.5	5.615384615384616	156.3784965034965
25759	81	All other automotive repair and maintenance	47	811198	187	47187	Williamson County, Tennessee	yes	1.6666666666666667	19.044225038477915	745.2513977082943
25760	81	All other automotive repair and maintenance	47	811198	189	47189	Wilson County, Tennessee	yes	1.6666666666666667	13.265702262828698	479.1941720476204
25761	81	All other personal services	47	812990	1	47001	Anderson County, Tennessee	yes	1.0	3.7	48.1
25762	81	All other personal services	47	812990	9	47009	Blount County, Tennessee	no	4.0	0.0	284.0
25763	81	All other personal services	47	812990	9	47009	Blount County, Tennessee	yes	2.2	16.037021191722765	186.70673348292198
25764	81	All other personal services	47	812990	11	47011	Bradley County, Tennessee	yes	1.5	13.208167262251031	126.71060057065294
25765	81	All other personal services	47	812990	21	47021	Cheatham County, Tennessee	yes	1.0	3.539581151832461	68.2897382198953
25766	81	All other personal services	47	812990	27	47027	Clay County, Tennessee	yes	1.0	6.611111111111111	49.94444444444444
25767	81	All other personal services	47	812990	29	47029	Cocke County, Tennessee	yes	1.0	6.173292778193302	59.36287941494224
25768	81	All other personal services	47	812990	31	47031	Coffee County, Tennessee	yes	1.6	8.329125238926286	96.29877470290037
25769	81	All other personal services	47	812990	37	47037	Davidson County, Tennessee	no	36.0	83.66666666666667	2895.1666666666665
25770	81	All other personal services	47	812990	43	47043	Dickson County, Tennessee	yes	1.0	19.035714285714285	182.70238095238096
25771	81	All other personal services	47	812990	45	47045	Dyer County, Tennessee	yes	1.0	12.095634920634922	115.8623015873016
25772	81	All other personal services	47	812990	47	47047	Fayette County, Tennessee	yes	1.2	10.510118175018698	119.63684766891049
25773	81	All other personal services	47	812990	53	47053	Gibson County, Tennessee	yes	1.0	3.539581151832461	68.2897382198953
25774	81	All other personal services	47	812990	59	47059	Greene County, Tennessee	yes	2.0	7.079162303664922	136.5794764397906
25775	81	All other personal services	47	812990	63	47063	Hamblen County, Tennessee	yes	1.3333333333333333	10.423477381644922	122.76802653813127
25776	81	All other personal services	47	812990	65	47065	Hamilton County, Tennessee	no	13.0	85.4	1396.8
25777	81	All other personal services	47	812990	65	47065	Hamilton County, Tennessee	yes	18.0	442.71428571428567	5457.857142857142
25778	81	All other personal services	47	812990	71	47071	Hardin County, Tennessee	yes	1.0	3.593054101221641	61.5598254799302
25779	81	All other personal services	47	812990	73	47073	Hawkins County, Tennessee	yes	1.0	24.595238095238095	303.2142857142857
25780	81	All other personal services	47	812990	79	47079	Henry County, Tennessee	yes	1.0	15.603174603174603	176.5793650793651
25781	81	All other personal services	47	812990	83	47083	Houston County, Tennessee	yes	1.0	19.035714285714285	182.70238095238096
25782	81	All other personal services	47	812990	93	47093	Knox County, Tennessee	no	14.0	64.83333333333333	1505.3333333333333
25783	81	All other personal services	47	812990	99	47099	Lawrence County, Tennessee	yes	1.0	19.035714285714285	182.70238095238096
25784	81	All other personal services	47	812990	103	47103	Lincoln County, Tennessee	no	3.5	6.166666666666667	93.83333333333333
25785	81	All other personal services	47	812990	107	47107	McMinn County, Tennessee	yes	1.0	9.243616997700768	100.00478046483283
25786	81	All other personal services	47	812990	113	47113	Madison County, Tennessee	yes	1.25	15.720187401313057	198.23812307820162
25787	81	All other personal services	47	812990	119	47119	Maury County, Tennessee	yes	1.3333333333333333	10.423477381644922	122.76802653813127
25788	81	All other personal services	47	812990	125	47125	Montgomery County, Tennessee	no	6.333333333333333	17.0	264.8333333333333
25789	81	All other personal services	47	812990	141	47141	Putnam County, Tennessee	yes	1.5	11.525329233496771	131.09210061220534
25790	81	All other personal services	47	812990	145	47145	Roane County, Tennessee	no	3.0	11.0	231.33333333333334
25791	81	All other personal services	47	812990	145	47145	Roane County, Tennessee	yes	2.0	29.788359788359788	276.89947089947094
25792	81	All other personal services	47	812990	147	47147	Robertson County, Tennessee	yes	1.5	21.613492063492064	207.21349206349208
25793	81	All other personal services	47	812990	149	47149	Rutherford County, Tennessee	no	11.666666666666666	15.5	514.3333333333334
25794	81	All other personal services	47	812990	155	47155	Sevier County, Tennessee	no	11.0	24.666666666666668	754.3333333333334
25795	81	All other personal services	47	812990	157	47157	Shelby County, Tennessee	no	28.666666666666668	56.666666666666664	2705.3333333333335
25796	81	All other personal services	47	812990	163	47163	Sullivan County, Tennessee	yes	1.0	24.595238095238095	303.2142857142857
25797	81	All other personal services	47	812990	165	47165	Sumner County, Tennessee	no	7.166666666666667	21.166666666666668	736.5
25798	81	All other personal services	47	812990	167	47167	Tipton County, Tennessee	yes	1.0	7.92910052910053	53.41164021164021
25799	81	All other personal services	47	812990	179	47179	Washington County, Tennessee	yes	1.6666666666666667	15.139350397517937	181.32040749051222
25800	81	All other personal services	47	812990	183	47183	Weakley County, Tennessee	yes	2.0	7.079162303664922	136.5794764397906
25801	81	All other personal services	47	812990	187	47187	Williamson County, Tennessee	no	14.0	53.666666666666664	1271.6666666666667
25802	81	All other personal services	47	812990	189	47189	Wilson County, Tennessee	no	4.6	11.4	326.6
25803	81	All other personal services	47	812990	189	47189	Wilson County, Tennessee	yes	2.0	49.19047619047619	606.4285714285714
25804	81	Appliance repair and maintenance	47	811412	1	47001	Anderson County, Tennessee	yes	1.0	3.256088280060883	111.61548706240487
25805	81	Appliance repair and maintenance	47	811412	9	47009	Blount County, Tennessee	yes	1.5	6.073304885119953	147.9313895230847
25806	81	Appliance repair and maintenance	47	811412	11	47011	Bradley County, Tennessee	yes	1.0	5.541666666666666	151.9375
25807	81	Appliance repair and maintenance	47	811412	19	47019	Carter County, Tennessee	yes	1.0	4.592704029861563	98.11194145466403
25808	81	Appliance repair and maintenance	47	811412	21	47021	Cheatham County, Tennessee	yes	1.0	4.592704029861563	98.11194145466403
25809	81	Appliance repair and maintenance	47	811412	31	47031	Coffee County, Tennessee	yes	1.0	4.592704029861563	98.11194145466403
25810	81	Appliance repair and maintenance	47	811412	35	47035	Cumberland County, Tennessee	yes	1.0	4.592704029861563	98.11194145466403
25811	81	Appliance repair and maintenance	47	811412	37	47037	Davidson County, Tennessee	no	6.833333333333333	38.333333333333336	2379.8333333333335
25812	81	Appliance repair and maintenance	47	811412	41	47041	DeKalb County, Tennessee	yes	1.0	3.256088280060883	111.61548706240487
25813	81	Appliance repair and maintenance	47	811412	43	47043	Dickson County, Tennessee	yes	1.8333333333333333	8.462193774008842	173.81101915271435
25814	81	Appliance repair and maintenance	47	811412	45	47045	Dyer County, Tennessee	yes	1.3333333333333333	6.4399262520837866	148.7577747879974
25815	81	Appliance repair and maintenance	47	811412	47	47047	Fayette County, Tennessee	yes	1.0	5.9642857142857135	60.17857142857142
25816	81	Appliance repair and maintenance	47	811412	49	47049	Fentress County, Tennessee	yes	1.0	4.592704029861563	98.11194145466403
25817	81	Appliance repair and maintenance	47	811412	51	47051	Franklin County, Tennessee	yes	1.0	4.012567949554251	94.13889432485323
25818	81	Appliance repair and maintenance	47	811412	55	47055	Giles County, Tennessee	yes	1.0	4.012567949554251	94.13889432485323
25819	81	Appliance repair and maintenance	47	811412	65	47065	Hamilton County, Tennessee	no	5.8	44.2	2099.4
25820	81	Appliance repair and maintenance	47	811412	65	47065	Hamilton County, Tennessee	yes	5.0	27.708333333333336	759.6875
25821	81	Appliance repair and maintenance	47	811412	75	47075	Haywood County, Tennessee	yes	1.0	4.592704029861563	98.11194145466403
25822	81	Appliance repair and maintenance	47	811412	79	47079	Henry County, Tennessee	yes	1.6666666666666667	8.100045299702833	159.01872055519314
25823	81	Appliance repair and maintenance	47	811412	93	47093	Knox County, Tennessee	no	5.2	19.4	531.8
25824	81	Appliance repair and maintenance	47	811412	93	47093	Knox County, Tennessee	yes	4.0	28.666666666666664	310.55555555555554
25825	81	Appliance repair and maintenance	47	811412	99	47099	Lawrence County, Tennessee	yes	1.0	4.592704029861563	98.11194145466403
25826	81	Appliance repair and maintenance	47	811412	103	47103	Lincoln County, Tennessee	yes	1.3333333333333333	6.510362760020293	133.4646200260926
25827	81	Appliance repair and maintenance	47	811412	107	47107	McMinn County, Tennessee	yes	1.0	4.318387692976733	105.69861545988257
25828	81	Appliance repair and maintenance	47	811412	115	47115	Marion County, Tennessee	yes	1.0	4.592704029861563	98.11194145466403
25829	81	Appliance repair and maintenance	47	811412	117	47117	Marshall County, Tennessee	yes	1.0	2.9612017105167787	99.63889613684132
25830	81	Appliance repair and maintenance	47	811412	125	47125	Montgomery County, Tennessee	yes	1.6666666666666667	7.267749329564398	160.8712043378995
25831	81	Appliance repair and maintenance	47	811412	141	47141	Putnam County, Tennessee	yes	1.5	6.073304885119953	147.9313895230847
25832	81	Appliance repair and maintenance	47	811412	145	47145	Roane County, Tennessee	yes	1.0	4.592704029861563	98.11194145466403
25833	81	Appliance repair and maintenance	47	811412	147	47147	Robertson County, Tennessee	yes	1.0	4.592704029861563	98.11194145466403
25834	81	Appliance repair and maintenance	47	811412	149	47149	Rutherford County, Tennessee	no	5.333333333333333	29.166666666666668	1256.6666666666667
25835	81	Appliance repair and maintenance	47	811412	151	47151	Scott County, Tennessee	yes	1.0	4.592704029861563	98.11194145466403
25836	81	Appliance repair and maintenance	47	811412	155	47155	Sevier County, Tennessee	yes	1.6666666666666667	6.996915996231063	173.25430618975136
25837	81	Appliance repair and maintenance	47	811412	157	47157	Shelby County, Tennessee	no	5.8	10.4	454.4
25838	81	Appliance repair and maintenance	47	811412	157	47157	Shelby County, Tennessee	yes	9.0	49.875	1367.4375
25839	81	Appliance repair and maintenance	47	811412	163	47163	Sullivan County, Tennessee	no	3.6	9.0	229.8
25840	81	Appliance repair and maintenance	47	811412	163	47163	Sullivan County, Tennessee	yes	2.0	11.083333333333332	303.875
25841	81	Appliance repair and maintenance	47	811412	165	47165	Sumner County, Tennessee	yes	1.5	7.504410379067913	143.49438193085453
25842	81	Appliance repair and maintenance	47	811412	167	47167	Tipton County, Tennessee	yes	1.0	2.9612017105167787	99.63889613684132
25843	81	Appliance repair and maintenance	47	811412	177	47177	Warren County, Tennessee	yes	1.0	6.224206349206348	96.58498677248677
25844	81	Appliance repair and maintenance	47	811412	179	47179	Washington County, Tennessee	no	3.0	16.5	452.0
25845	81	Appliance repair and maintenance	47	811412	179	47179	Washington County, Tennessee	yes	2.0	8.025135899108502	188.27778864970645
25846	81	Appliance repair and maintenance	47	811412	187	47187	Williamson County, Tennessee	yes	1.0	5.541666666666666	151.9375
25847	81	Appliance repair and maintenance	47	811412	189	47189	Wilson County, Tennessee	yes	2.0	9.185408059723127	196.22388290932807
25848	81	Automotive body, paint, and interior repair and maintenance	47	811121	1	47001	Anderson County, Tennessee	no	7.666666666666667	58.833333333333336	2168.8333333333335
25849	81	Automotive body, paint, and interior repair and maintenance	47	811121	3	47003	Bedford County, Tennessee	no	6.833333333333333	33.333333333333336	1104.8333333333333
25850	81	Automotive body, paint, and interior repair and maintenance	47	811121	5	47005	Benton County, Tennessee	yes	1.0	10.295045037159857	172.05587950715864
25851	81	Automotive body, paint, and interior repair and maintenance	47	811121	9	47009	Blount County, Tennessee	no	14.5	101.66666666666667	5157.333333333333
25852	81	Automotive body, paint, and interior repair and maintenance	47	811121	11	47011	Bradley County, Tennessee	no	6.166666666666667	76.16666666666667	3346.3333333333335
25853	81	Automotive body, paint, and interior repair and maintenance	47	811121	13	47013	Campbell County, Tennessee	no	3.5	21.0	785.0
25854	81	Automotive body, paint, and interior repair and maintenance	47	811121	13	47013	Campbell County, Tennessee	yes	2.25	17.075829138021255	483.48050645987837
25855	81	Automotive body, paint, and interior repair and maintenance	47	811121	15	47015	Cannon County, Tennessee	yes	2.1666666666666665	20.588025024743647	448.44266336405104
25856	81	Automotive body, paint, and interior repair and maintenance	47	811121	17	47017	Carroll County, Tennessee	no	4.166666666666667	8.666666666666666	306.6666666666667
25857	81	Automotive body, paint, and interior repair and maintenance	47	811121	19	47019	Carter County, Tennessee	no	5.833333333333333	14.333333333333334	464.8333333333333
25858	81	Automotive body, paint, and interior repair and maintenance	47	811121	21	47021	Cheatham County, Tennessee	yes	2.0	18.39593462926342	415.79012099116966
25859	81	Automotive body, paint, and interior repair and maintenance	47	811121	23	47023	Chester County, Tennessee	no	3.0	12.25	294.0
25860	81	Automotive body, paint, and interior repair and maintenance	47	811121	23	47023	Chester County, Tennessee	yes	2.0	14.007623739150832	559.1468449448745
25861	81	Automotive body, paint, and interior repair and maintenance	47	811121	25	47025	Claiborne County, Tennessee	no	3.3333333333333335	7.5	377.5
25862	81	Automotive body, paint, and interior repair and maintenance	47	811121	29	47029	Cocke County, Tennessee	no	3.6666666666666665	12.833333333333334	400.6666666666667
25863	81	Automotive body, paint, and interior repair and maintenance	47	811121	31	47031	Coffee County, Tennessee	no	8.833333333333334	17.666666666666668	822.5
25864	81	Automotive body, paint, and interior repair and maintenance	47	811121	33	47033	Crockett County, Tennessee	yes	2.0	18.39593462926342	415.79012099116966
25865	81	Automotive body, paint, and interior repair and maintenance	47	811121	35	47035	Cumberland County, Tennessee	no	9.666666666666666	25.833333333333332	776.8333333333334
25866	81	Automotive body, paint, and interior repair and maintenance	47	811121	37	47037	Davidson County, Tennessee	no	54.5	510.3333333333333	24407.666666666668
25867	81	Automotive body, paint, and interior repair and maintenance	47	811121	39	47039	Decatur County, Tennessee	no	3.0	13.333333333333334	482.3333333333333
25868	81	Automotive body, paint, and interior repair and maintenance	47	811121	39	47039	Decatur County, Tennessee	yes	2.0	24.350889329862184	352.0592684293461
25869	81	Automotive body, paint, and interior repair and maintenance	47	811121	41	47041	DeKalb County, Tennessee	yes	2.1666666666666665	21.514138385067536	449.18046138474386
25870	81	Automotive body, paint, and interior repair and maintenance	47	811121	43	47043	Dickson County, Tennessee	no	6.166666666666667	47.833333333333336	1776.0
25871	81	Automotive body, paint, and interior repair and maintenance	47	811121	45	47045	Dyer County, Tennessee	no	4.333333333333333	3.3333333333333335	492.3333333333333
25872	81	Automotive body, paint, and interior repair and maintenance	47	811121	45	47045	Dyer County, Tennessee	yes	3.3333333333333335	27.621658826870128	778.5620496232369
25873	81	Automotive body, paint, and interior repair and maintenance	47	811121	47	47047	Fayette County, Tennessee	yes	1.5	13.726448822177256	329.0215754693904
25874	81	Automotive body, paint, and interior repair and maintenance	47	811121	49	47049	Fentress County, Tennessee	yes	1.0	9.19796731463171	207.89506049558483
25875	81	Automotive body, paint, and interior repair and maintenance	47	811121	51	47051	Franklin County, Tennessee	no	3.6666666666666665	22.0	844.8333333333334
25876	81	Automotive body, paint, and interior repair and maintenance	47	811121	53	47053	Gibson County, Tennessee	no	7.666666666666667	23.166666666666668	891.6666666666666
25877	81	Automotive body, paint, and interior repair and maintenance	47	811121	55	47055	Giles County, Tennessee	no	4.0	22.0	876.0
25878	81	Automotive body, paint, and interior repair and maintenance	47	811121	55	47055	Giles County, Tennessee	yes	2.4	20.89831513227935	486.4066048979971
25879	81	Automotive body, paint, and interior repair and maintenance	47	811121	57	47057	Grainger County, Tennessee	no	4.0	0.0	712.0
25880	81	Automotive body, paint, and interior repair and maintenance	47	811121	57	47057	Grainger County, Tennessee	yes	3.4	29.887336886734857	719.9502023945419
25881	81	Automotive body, paint, and interior repair and maintenance	47	811121	59	47059	Greene County, Tennessee	no	4.333333333333333	22.166666666666668	804.1666666666666
25882	81	Automotive body, paint, and interior repair and maintenance	47	811121	63	47063	Hamblen County, Tennessee	no	9.833333333333334	18.666666666666668	737.6666666666666
25883	81	Automotive body, paint, and interior repair and maintenance	47	811121	65	47065	Hamilton County, Tennessee	no	24.5	247.0	11357.833333333334
25884	81	Automotive body, paint, and interior repair and maintenance	47	811121	67	47067	Hancock County, Tennessee	yes	1.0	13.152542372881356	195.91525423728814
25885	81	Automotive body, paint, and interior repair and maintenance	47	811121	69	47069	Hardeman County, Tennessee	no	4.0	0.0	213.5
25886	81	Automotive body, paint, and interior repair and maintenance	47	811121	69	47069	Hardeman County, Tennessee	yes	2.0	15.90700613293917	457.59835728338896
25887	81	Automotive body, paint, and interior repair and maintenance	47	811121	71	47071	Hardin County, Tennessee	no	3.1666666666666665	6.166666666666667	253.5
25888	81	Automotive body, paint, and interior repair and maintenance	47	811121	73	47073	Hawkins County, Tennessee	no	6.333333333333333	28.333333333333332	870.6666666666666
25889	81	Automotive body, paint, and interior repair and maintenance	47	811121	75	47075	Haywood County, Tennessee	yes	2.0	18.39593462926342	415.79012099116966
25890	81	Automotive body, paint, and interior repair and maintenance	47	811121	77	47077	Henderson County, Tennessee	yes	3.0	27.593901943895133	623.6851814867545
25891	81	Automotive body, paint, and interior repair and maintenance	47	811121	79	47079	Henry County, Tennessee	no	4.333333333333333	23.333333333333332	866.0
25892	81	Automotive body, paint, and interior repair and maintenance	47	811121	81	47081	Hickman County, Tennessee	yes	2.0	18.39593462926342	415.79012099116966
25893	81	Automotive body, paint, and interior repair and maintenance	47	811121	83	47083	Houston County, Tennessee	yes	1.0	9.19796731463171	207.89506049558483
25894	81	Automotive body, paint, and interior repair and maintenance	47	811121	85	47085	Humphreys County, Tennessee	no	3.1666666666666665	8.166666666666666	382.6666666666667
25895	81	Automotive body, paint, and interior repair and maintenance	47	811121	89	47089	Jefferson County, Tennessee	no	6.333333333333333	28.833333333333332	1031.1666666666667
25896	81	Automotive body, paint, and interior repair and maintenance	47	811121	91	47091	Johnson County, Tennessee	yes	2.0	18.39593462926342	415.79012099116966
25897	81	Automotive body, paint, and interior repair and maintenance	47	811121	93	47093	Knox County, Tennessee	no	37.666666666666664	239.33333333333334	10901.5
25898	81	Automotive body, paint, and interior repair and maintenance	47	811121	97	47097	Lauderdale County, Tennessee	yes	2.0	18.39593462926342	415.79012099116966
25899	81	Automotive body, paint, and interior repair and maintenance	47	811121	99	47099	Lawrence County, Tennessee	no	3.2	6.4	203.0
25900	81	Automotive body, paint, and interior repair and maintenance	47	811121	99	47099	Lawrence County, Tennessee	yes	3.0	13.961538461538462	480.4038461538462
25901	81	Automotive body, paint, and interior repair and maintenance	47	811121	101	47101	Lewis County, Tennessee	yes	1.0	9.19796731463171	207.89506049558483
25902	81	Automotive body, paint, and interior repair and maintenance	47	811121	103	47103	Lincoln County, Tennessee	no	3.0	11.666666666666666	796.6666666666666
25903	81	Automotive body, paint, and interior repair and maintenance	47	811121	105	47105	Loudon County, Tennessee	no	3.8333333333333335	9.0	471.0
25904	81	Automotive body, paint, and interior repair and maintenance	47	811121	107	47107	McMinn County, Tennessee	no	3.0	9.25	503.25
25905	81	Automotive body, paint, and interior repair and maintenance	47	811121	107	47107	McMinn County, Tennessee	yes	3.0	21.011435608726245	838.7202674173117
25906	81	Automotive body, paint, and interior repair and maintenance	47	811121	109	47109	McNairy County, Tennessee	no	5.166666666666667	14.166666666666666	312.1666666666667
25907	81	Automotive body, paint, and interior repair and maintenance	47	811121	111	47111	Macon County, Tennessee	no	3.25	1.75	256.25
25908	81	Automotive body, paint, and interior repair and maintenance	47	811121	111	47111	Macon County, Tennessee	yes	2.0	14.007623739150832	559.1468449448745
25909	81	Automotive body, paint, and interior repair and maintenance	47	811121	113	47113	Madison County, Tennessee	no	10.5	90.66666666666667	4133.166666666667
25910	81	Automotive body, paint, and interior repair and maintenance	47	811121	115	47115	Marion County, Tennessee	yes	2.0	18.39593462926342	415.79012099116966
25911	81	Automotive body, paint, and interior repair and maintenance	47	811121	117	47117	Marshall County, Tennessee	no	4.333333333333333	11.5	443.6666666666667
25912	81	Automotive body, paint, and interior repair and maintenance	47	811121	119	47119	Maury County, Tennessee	no	10.0	57.5	2897.8333333333335
25913	81	Automotive body, paint, and interior repair and maintenance	47	811121	123	47123	Monroe County, Tennessee	no	3.6666666666666665	10.0	444.8333333333333
25914	81	Automotive body, paint, and interior repair and maintenance	47	811121	125	47125	Montgomery County, Tennessee	no	12.833333333333334	115.33333333333333	6711.166666666667
25915	81	Automotive body, paint, and interior repair and maintenance	47	811121	129	47129	Morgan County, Tennessee	yes	1.0	9.19796731463171	207.89506049558483
25916	81	Automotive body, paint, and interior repair and maintenance	47	811121	131	47131	Obion County, Tennessee	no	4.666666666666667	22.833333333333332	1069.0
25917	81	Automotive body, paint, and interior repair and maintenance	47	811121	133	47133	Overton County, Tennessee	no	3.0	36.666666666666664	2026.6666666666667
25918	81	Automotive body, paint, and interior repair and maintenance	47	811121	133	47133	Overton County, Tennessee	yes	2.0	24.350889329862184	352.0592684293461
25919	81	Automotive body, paint, and interior repair and maintenance	47	811121	137	47137	Pickett County, Tennessee	yes	1.0	10.106791546788822	217.44714951777874
25920	81	Automotive body, paint, and interior repair and maintenance	47	811121	139	47139	Polk County, Tennessee	yes	1.0	9.19796731463171	207.89506049558483
25921	81	Automotive body, paint, and interior repair and maintenance	47	811121	141	47141	Putnam County, Tennessee	no	10.166666666666666	37.833333333333336	1385.6666666666667
25922	81	Automotive body, paint, and interior repair and maintenance	47	811121	143	47143	Rhea County, Tennessee	no	3.5	19.333333333333332	604.8333333333334
25923	81	Automotive body, paint, and interior repair and maintenance	47	811121	145	47145	Roane County, Tennessee	no	4.833333333333333	42.166666666666664	1840.3333333333333
25924	81	Automotive body, paint, and interior repair and maintenance	47	811121	147	47147	Robertson County, Tennessee	no	6.0	10.8	893.8
25925	81	Automotive body, paint, and interior repair and maintenance	47	811121	147	47147	Robertson County, Tennessee	yes	5.0	65.76271186440678	979.5762711864406
25926	81	Automotive body, paint, and interior repair and maintenance	47	811121	149	47149	Rutherford County, Tennessee	no	21.5	162.83333333333334	8685.0
25927	81	Automotive body, paint, and interior repair and maintenance	47	811121	151	47151	Scott County, Tennessee	yes	2.0	18.39593462926342	415.79012099116966
25928	81	Automotive body, paint, and interior repair and maintenance	47	811121	155	47155	Sevier County, Tennessee	no	12.5	56.833333333333336	2153.3333333333335
25929	81	Automotive body, paint, and interior repair and maintenance	47	811121	157	47157	Shelby County, Tennessee	no	70.5	702.8333333333334	34262.833333333336
25930	81	Automotive body, paint, and interior repair and maintenance	47	811121	159	47159	Smith County, Tennessee	yes	1.0	8.9085557299843	163.87343014128726
25931	81	Automotive body, paint, and interior repair and maintenance	47	811121	161	47161	Stewart County, Tennessee	yes	2.0	18.39593462926342	415.79012099116966
25932	81	Automotive body, paint, and interior repair and maintenance	47	811121	163	47163	Sullivan County, Tennessee	no	19.5	134.33333333333334	5763.5
25933	81	Automotive body, paint, and interior repair and maintenance	47	811121	165	47165	Sumner County, Tennessee	no	15.666666666666666	61.833333333333336	3140.1666666666665
25934	81	Automotive body, paint, and interior repair and maintenance	47	811121	167	47167	Tipton County, Tennessee	no	5.0	14.5	610.8333333333334
25935	81	Automotive body, paint, and interior repair and maintenance	47	811121	169	47169	Trousdale County, Tennessee	yes	2.0	18.39593462926342	415.79012099116966
25936	81	Automotive body, paint, and interior repair and maintenance	47	811121	171	47171	Unicoi County, Tennessee	yes	2.0	18.39593462926342	415.79012099116966
25937	81	Automotive body, paint, and interior repair and maintenance	47	811121	173	47173	Union County, Tennessee	yes	1.2	11.035416190909833	255.1346744625676
25938	81	Automotive body, paint, and interior repair and maintenance	47	811121	177	47177	Warren County, Tennessee	no	3.6666666666666665	3.3333333333333335	108.66666666666667
25939	81	Automotive body, paint, and interior repair and maintenance	47	811121	179	47179	Washington County, Tennessee	no	11.5	68.83333333333333	2891.3333333333335
25940	81	Automotive body, paint, and interior repair and maintenance	47	811121	181	47181	Wayne County, Tennessee	no	3.1666666666666665	2.5	109.5
25941	81	Automotive body, paint, and interior repair and maintenance	47	811121	183	47183	Weakley County, Tennessee	no	5.0	26.5	832.8333333333334
25942	81	Automotive body, paint, and interior repair and maintenance	47	811121	185	47185	White County, Tennessee	yes	1.6666666666666667	16.061330672738283	322.5989801670239
25943	81	Automotive body, paint, and interior repair and maintenance	47	811121	187	47187	Williamson County, Tennessee	no	18.5	173.83333333333334	8629.833333333334
25944	81	Automotive body, paint, and interior repair and maintenance	47	811121	189	47189	Wilson County, Tennessee	no	13.166666666666666	97.0	4916.333333333333
25945	81	Automotive exhaust system repair	47	811112	1	47001	Anderson County, Tennessee	yes	1.0	2.734226190476191	76.82434523809525
25946	81	Automotive exhaust system repair	47	811112	9	47009	Blount County, Tennessee	yes	2.0	5.443253968253969	136.98166666666665
25947	81	Automotive exhaust system repair	47	811112	11	47011	Bradley County, Tennessee	yes	1.0	2.4226190476190474	82.78869047619048
25948	81	Automotive exhaust system repair	47	811112	13	47013	Campbell County, Tennessee	yes	1.0	2.7216269841269844	68.49083333333333
25949	81	Automotive exhaust system repair	47	811112	21	47021	Cheatham County, Tennessee	yes	1.0	2.0	49.43333333333333
25950	81	Automotive exhaust system repair	47	811112	37	47037	Davidson County, Tennessee	no	3.8333333333333335	8.166666666666666	281.6666666666667
25951	81	Automotive exhaust system repair	47	811112	47	47047	Fayette County, Tennessee	yes	1.0	2.7216269841269844	68.49083333333333
25952	81	Automotive exhaust system repair	47	811112	59	47059	Greene County, Tennessee	yes	1.0	2.7216269841269844	68.49083333333333
25953	81	Automotive exhaust system repair	47	811112	63	47063	Hamblen County, Tennessee	yes	1.0	2.7216269841269844	68.49083333333333
25954	81	Automotive exhaust system repair	47	811112	65	47065	Hamilton County, Tennessee	yes	1.0	2.734226190476191	76.82434523809525
25955	81	Automotive exhaust system repair	47	811112	71	47071	Hardin County, Tennessee	yes	1.0	2.7216269841269844	68.49083333333333
25956	81	Automotive exhaust system repair	47	811112	75	47075	Haywood County, Tennessee	yes	1.0	2.7216269841269844	68.49083333333333
25957	81	Automotive exhaust system repair	47	811112	77	47077	Henderson County, Tennessee	yes	1.0	2.8711309523809523	61.34190476190476
25958	81	Automotive exhaust system repair	47	811112	79	47079	Henry County, Tennessee	yes	1.0	3.392857142857143	54.21428571428571
25959	81	Automotive exhaust system repair	47	811112	93	47093	Knox County, Tennessee	no	7.5	23.333333333333332	822.8333333333334
25960	81	Automotive exhaust system repair	47	811112	99	47099	Lawrence County, Tennessee	yes	1.0	2.7216269841269844	68.49083333333333
25961	81	Automotive exhaust system repair	47	811112	113	47113	Madison County, Tennessee	yes	1.0	2.7216269841269844	68.49083333333333
25962	81	Automotive exhaust system repair	47	811112	125	47125	Montgomery County, Tennessee	no	3.0	1.3333333333333333	150.66666666666666
25963	81	Automotive exhaust system repair	47	811112	125	47125	Montgomery County, Tennessee	yes	2.3333333333333335	6.030158730158729	187.10492063492063
25964	81	Automotive exhaust system repair	47	811112	141	47141	Putnam County, Tennessee	yes	1.0	2.645833333333333	57.21666666666667
25965	81	Automotive exhaust system repair	47	811112	149	47149	Rutherford County, Tennessee	yes	2.3333333333333335	6.325198412698413	156.05388888888888
25966	81	Automotive exhaust system repair	47	811112	155	47155	Sevier County, Tennessee	yes	2.0	5.443253968253969	136.98166666666665
25967	81	Automotive exhaust system repair	47	811112	157	47157	Shelby County, Tennessee	no	7.5	18.5	589.75
25968	81	Automotive exhaust system repair	47	811112	157	47157	Shelby County, Tennessee	yes	6.0	16.17857142857143	310.9428571428572
25969	81	Automotive exhaust system repair	47	811112	163	47163	Sullivan County, Tennessee	yes	2.0	5.443253968253969	136.98166666666665
25970	81	Automotive exhaust system repair	47	811112	165	47165	Sumner County, Tennessee	yes	1.0	2.7216269841269844	68.49083333333333
25971	81	Automotive exhaust system repair	47	811112	179	47179	Washington County, Tennessee	yes	1.0	2.8948412698412693	56.21587301587301
25972	81	Automotive exhaust system repair	47	811112	183	47183	Weakley County, Tennessee	yes	1.0	2.6076190476190475	69.189
25973	81	Automotive exhaust system repair	47	811112	187	47187	Williamson County, Tennessee	yes	1.0	2.7216269841269844	68.49083333333333
25974	81	Automotive glass replacement shops	47	811122	3	47003	Bedford County, Tennessee	yes	1.0	4.632171717171716	149.51092889681127
25975	81	Automotive glass replacement shops	47	811122	9	47009	Blount County, Tennessee	yes	3.8333333333333335	17.85711824123589	574.7937155872451
25976	81	Automotive glass replacement shops	47	811122	11	47011	Bradley County, Tennessee	yes	1.6666666666666667	7.802073677956031	263.8124103782927
25977	81	Automotive glass replacement shops	47	811122	13	47013	Campbell County, Tennessee	yes	1.0	4.632171717171716	149.51092889681127
25978	81	Automotive glass replacement shops	47	811122	21	47021	Cheatham County, Tennessee	yes	1.0	5.5505555555555555	219.16833333333335
25979	81	Automotive glass replacement shops	47	811122	31	47031	Coffee County, Tennessee	yes	1.0	4.754852941176471	171.45222222222225
25980	81	Automotive glass replacement shops	47	811122	35	47035	Cumberland County, Tennessee	yes	1.8333333333333333	8.616195286195286	281.0264874232521
25981	81	Automotive glass replacement shops	47	811122	37	47037	Davidson County, Tennessee	no	14.333333333333334	161.33333333333334	6993.333333333333
25982	81	Automotive glass replacement shops	47	811122	39	47039	Decatur County, Tennessee	yes	1.0	4.632171717171716	149.51092889681127
25983	81	Automotive glass replacement shops	47	811122	41	47041	DeKalb County, Tennessee	yes	1.0	4.220835809071104	106.40963557140027
25984	81	Automotive glass replacement shops	47	811122	53	47053	Gibson County, Tennessee	yes	1.0	4.632171717171716	149.51092889681127
25985	81	Automotive glass replacement shops	47	811122	63	47063	Hamblen County, Tennessee	yes	1.3333333333333333	5.997491582491581	184.96084472172709
25986	81	Automotive glass replacement shops	47	811122	65	47065	Hamilton County, Tennessee	no	10.0	58.666666666666664	1989.3333333333333
25987	81	Automotive glass replacement shops	47	811122	69	47069	Hardeman County, Tennessee	yes	1.0	4.780828282828283	157.81867023172904
25988	81	Automotive glass replacement shops	47	811122	79	47079	Henry County, Tennessee	yes	1.0	4.632171717171716	149.51092889681127
25989	81	Automotive glass replacement shops	47	811122	85	47085	Humphreys County, Tennessee	yes	1.0	4.632171717171716	149.51092889681127
25990	81	Automotive glass replacement shops	47	811122	89	47089	Jefferson County, Tennessee	yes	1.0	4.632171717171716	149.51092889681127
25991	81	Automotive glass replacement shops	47	811122	93	47093	Knox County, Tennessee	no	10.166666666666666	75.16666666666667	2656.6666666666665
25992	81	Automotive glass replacement shops	47	811122	105	47105	Loudon County, Tennessee	yes	1.1666666666666667	5.280319865319865	167.50629926718162
25993	81	Automotive glass replacement shops	47	811122	113	47113	Madison County, Tennessee	yes	4.0	18.528686868686865	598.0437155872451
25994	81	Automotive glass replacement shops	47	811122	115	47115	Marion County, Tennessee	yes	1.0	4.632171717171716	149.51092889681127
25995	81	Automotive glass replacement shops	47	811122	119	47119	Maury County, Tennessee	no	3.0	6.833333333333333	250.5
25996	81	Automotive glass replacement shops	47	811122	123	47123	Monroe County, Tennessee	yes	1.0	4.632171717171716	149.51092889681127
25997	81	Automotive glass replacement shops	47	811122	125	47125	Montgomery County, Tennessee	no	3.5	4.5	242.0
25998	81	Automotive glass replacement shops	47	811122	131	47131	Obion County, Tennessee	yes	1.0	5.5505555555555555	219.16833333333335
25999	81	Automotive glass replacement shops	47	811122	141	47141	Putnam County, Tennessee	yes	1.0	4.632171717171716	149.51092889681127
26000	81	Automotive glass replacement shops	47	811122	145	47145	Roane County, Tennessee	yes	1.0	4.470588235294118	106.52941176470588
26001	81	Automotive glass replacement shops	47	811122	147	47147	Robertson County, Tennessee	yes	1.0	5.5505555555555555	219.16833333333335
26002	81	Automotive glass replacement shops	47	811122	149	47149	Rutherford County, Tennessee	no	5.5	7.666666666666667	399.3333333333333
26003	81	Automotive glass replacement shops	47	811122	155	47155	Sevier County, Tennessee	yes	1.0	4.470588235294118	106.52941176470588
26004	81	Automotive glass replacement shops	47	811122	157	47157	Shelby County, Tennessee	no	11.833333333333334	79.33333333333333	4717.5
26005	81	Automotive glass replacement shops	47	811122	161	47161	Stewart County, Tennessee	yes	1.0	4.632171717171716	149.51092889681127
26006	81	Automotive glass replacement shops	47	811122	163	47163	Sullivan County, Tennessee	yes	2.3333333333333335	11.114528619528619	372.07796890473355
26007	81	Automotive glass replacement shops	47	811122	165	47165	Sumner County, Tennessee	yes	1.0	4.073776985541691	117.39983164983164
26008	81	Automotive glass replacement shops	47	811122	167	47167	Tipton County, Tennessee	yes	1.0	4.632171717171716	149.51092889681127
26009	81	Automotive glass replacement shops	47	811122	179	47179	Washington County, Tennessee	yes	1.3333333333333333	6.025417904535551	185.26120122796593
26010	81	Automotive glass replacement shops	47	811122	187	47187	Williamson County, Tennessee	no	3.0	7.0	206.0
26011	81	Automotive glass replacement shops	47	811122	187	47187	Williamson County, Tennessee	yes	1.5	6.152554961378491	176.55028223410577
26012	81	Automotive glass replacement shops	47	811122	189	47189	Wilson County, Tennessee	yes	1.0	5.043507625272331	192.6122222222222
26013	81	Automotive oil change and lubrication shops	47	811191	1	47001	Anderson County, Tennessee	yes	1.3333333333333333	14.835738479927949	179.77920916358255
26014	81	Automotive oil change and lubrication shops	47	811191	3	47003	Bedford County, Tennessee	yes	1.0	9.941429536838514	142.63693274081834
26015	81	Automotive oil change and lubrication shops	47	811191	5	47005	Benton County, Tennessee	yes	1.0	9.941429536838514	142.63693274081834
26016	81	Automotive oil change and lubrication shops	47	811191	9	47009	Blount County, Tennessee	no	4.5	23.0	829.75
26017	81	Automotive oil change and lubrication shops	47	811191	9	47009	Blount County, Tennessee	yes	4.0	50.74475524475525	574.2272727272727
26018	81	Automotive oil change and lubrication shops	47	811191	11	47011	Bradley County, Tennessee	yes	1.6666666666666667	15.654129469947426	237.42159275436393
26019	81	Automotive oil change and lubrication shops	47	811191	13	47013	Campbell County, Tennessee	yes	1.0	9.889330828821603	142.214319288982
26020	81	Automotive oil change and lubrication shops	47	811191	15	47015	Cannon County, Tennessee	yes	1.0	8.99313007835256	148.87895343532347
26021	81	Automotive oil change and lubrication shops	47	811191	17	47017	Carroll County, Tennessee	yes	1.0	9.941429536838514	142.63693274081834
26022	81	Automotive oil change and lubrication shops	47	811191	21	47021	Cheatham County, Tennessee	yes	1.3333333333333333	14.916993099292325	184.93534367947316
26023	81	Automotive oil change and lubrication shops	47	811191	23	47023	Chester County, Tennessee	yes	1.0	9.941429536838514	142.63693274081834
26024	81	Automotive oil change and lubrication shops	47	811191	25	47025	Claiborne County, Tennessee	yes	1.1666666666666667	12.388584008383233	161.20807095220044
26025	81	Automotive oil change and lubrication shops	47	811191	27	47027	Clay County, Tennessee	yes	1.0	13.351768150548638	132.84682187730968
26026	81	Automotive oil change and lubrication shops	47	811191	29	47029	Cocke County, Tennessee	yes	1.5	13.206974998402714	218.8504545429818
26027	81	Automotive oil change and lubrication shops	47	811191	31	47031	Coffee County, Tennessee	no	3.0	12.0	276.3333333333333
26028	81	Automotive oil change and lubrication shops	47	811191	35	47035	Cumberland County, Tennessee	yes	2.0	19.88285907367703	285.2738654816367
26029	81	Automotive oil change and lubrication shops	47	811191	37	47037	Davidson County, Tennessee	no	28.4	153.0	4762.0
26030	81	Automotive oil change and lubrication shops	47	811191	37	47037	Davidson County, Tennessee	yes	28.0	285.65384615384613	4053.0
26031	81	Automotive oil change and lubrication shops	47	811191	41	47041	DeKalb County, Tennessee	yes	1.0	9.941429536838514	142.63693274081834
26032	81	Automotive oil change and lubrication shops	47	811191	43	47043	Dickson County, Tennessee	yes	2.0	19.88285907367703	285.2738654816367
26033	81	Automotive oil change and lubrication shops	47	811191	45	47045	Dyer County, Tennessee	yes	1.5	13.206974998402714	218.8504545429818
26034	81	Automotive oil change and lubrication shops	47	811191	49	47049	Fentress County, Tennessee	yes	1.0	9.941429536838514	142.63693274081834
26035	81	Automotive oil change and lubrication shops	47	811191	55	47055	Giles County, Tennessee	yes	1.0	9.941429536838514	142.63693274081834
26036	81	Automotive oil change and lubrication shops	47	811191	59	47059	Greene County, Tennessee	no	3.6666666666666665	14.0	443.5
26037	81	Automotive oil change and lubrication shops	47	811191	63	47063	Hamblen County, Tennessee	yes	1.0	9.941429536838514	142.63693274081834
26038	81	Automotive oil change and lubrication shops	47	811191	65	47065	Hamilton County, Tennessee	no	16.666666666666668	88.0	3447.6666666666665
26039	81	Automotive oil change and lubrication shops	47	811191	71	47071	Hardin County, Tennessee	yes	1.1666666666666667	11.641750049659029	166.7619327408183
26040	81	Automotive oil change and lubrication shops	47	811191	73	47073	Hawkins County, Tennessee	yes	1.0	9.941429536838514	142.63693274081834
26041	81	Automotive oil change and lubrication shops	47	811191	77	47077	Henderson County, Tennessee	yes	1.0	14.92669068736142	126.89523281596453
26042	81	Automotive oil change and lubrication shops	47	811191	79	47079	Henry County, Tennessee	yes	1.0	9.941429536838514	142.63693274081834
26043	81	Automotive oil change and lubrication shops	47	811191	85	47085	Humphreys County, Tennessee	yes	1.0	14.682926829268293	111.42682926829269
26044	81	Automotive oil change and lubrication shops	47	811191	89	47089	Jefferson County, Tennessee	yes	1.0	9.941429536838514	142.63693274081834
26045	81	Automotive oil change and lubrication shops	47	811191	93	47093	Knox County, Tennessee	no	17.0	146.33333333333334	3674.8333333333335
26046	81	Automotive oil change and lubrication shops	47	811191	99	47099	Lawrence County, Tennessee	yes	2.0	19.88285907367703	285.2738654816367
26047	81	Automotive oil change and lubrication shops	47	811191	101	47101	Lewis County, Tennessee	yes	1.0	6.531090923128393	152.42704360432697
26048	81	Automotive oil change and lubrication shops	47	811191	103	47103	Lincoln County, Tennessee	yes	1.0	9.941429536838514	142.63693274081834
26049	81	Automotive oil change and lubrication shops	47	811191	105	47105	Loudon County, Tennessee	yes	2.0	19.88285907367703	285.2738654816367
26050	81	Automotive oil change and lubrication shops	47	811191	107	47107	McMinn County, Tennessee	yes	1.0	13.351768150548638	132.84682187730968
26051	81	Automotive oil change and lubrication shops	47	811191	113	47113	Madison County, Tennessee	no	3.0	0.0	238.0
26052	81	Automotive oil change and lubrication shops	47	811191	113	47113	Madison County, Tennessee	yes	3.0	44.048780487804876	334.280487804878
26053	81	Automotive oil change and lubrication shops	47	811191	115	47115	Marion County, Tennessee	yes	1.6666666666666667	17.445182464571854	229.2898518761945
26054	81	Automotive oil change and lubrication shops	47	811191	119	47119	Maury County, Tennessee	no	5.75	20.0	630.0
26055	81	Automotive oil change and lubrication shops	47	811191	119	47119	Maury County, Tennessee	yes	2.0	14.626059654631081	335.90408163265306
26056	81	Automotive oil change and lubrication shops	47	811191	123	47123	Monroe County, Tennessee	no	3.0	7.333333333333333	192.0
26057	81	Automotive oil change and lubrication shops	47	811191	123	47123	Monroe County, Tennessee	yes	2.0	26.703536301097277	265.69364375461936
26058	81	Automotive oil change and lubrication shops	47	811191	125	47125	Montgomery County, Tennessee	no	8.5	38.5	1489.5
26059	81	Automotive oil change and lubrication shops	47	811191	125	47125	Montgomery County, Tennessee	yes	8.25	83.78948819038104	1281.6263450834879
26060	81	Automotive oil change and lubrication shops	47	811191	133	47133	Overton County, Tennessee	yes	1.0	9.941429536838514	142.63693274081834
26061	81	Automotive oil change and lubrication shops	47	811191	141	47141	Putnam County, Tennessee	yes	3.0	29.82428861051555	427.91079822245496
26062	81	Automotive oil change and lubrication shops	47	811191	143	47143	Rhea County, Tennessee	yes	1.3333333333333333	12.379106145943696	198.62094634626052
26063	81	Automotive oil change and lubrication shops	47	811191	145	47145	Roane County, Tennessee	yes	1.0	9.941429536838514	142.63693274081834
26064	81	Automotive oil change and lubrication shops	47	811191	147	47147	Robertson County, Tennessee	yes	1.3333333333333333	14.916993099292325	184.93534367947316
26065	81	Automotive oil change and lubrication shops	47	811191	149	47149	Rutherford County, Tennessee	no	7.666666666666667	45.333333333333336	1314.3333333333333
26066	81	Automotive oil change and lubrication shops	47	811191	151	47151	Scott County, Tennessee	yes	1.0	9.941429536838514	142.63693274081834
26067	81	Automotive oil change and lubrication shops	47	811191	153	47153	Sequatchie County, Tennessee	yes	1.0	9.941429536838514	142.63693274081834
26068	81	Automotive oil change and lubrication shops	47	811191	155	47155	Sevier County, Tennessee	yes	1.0	9.941429536838514	142.63693274081834
26069	81	Automotive oil change and lubrication shops	47	811191	157	47157	Shelby County, Tennessee	no	26.333333333333332	105.66666666666667	4622.166666666667
26070	81	Automotive oil change and lubrication shops	47	811191	159	47159	Smith County, Tennessee	yes	1.0	9.941429536838514	142.63693274081834
26071	81	Automotive oil change and lubrication shops	47	811191	163	47163	Sullivan County, Tennessee	no	4.0	36.0	721.0
26072	81	Automotive oil change and lubrication shops	47	811191	163	47163	Sullivan County, Tennessee	yes	3.25	35.00869145348854	420.28239840427466
26073	81	Automotive oil change and lubrication shops	47	811191	165	47165	Sumner County, Tennessee	no	4.0	37.0	619.0
26074	81	Automotive oil change and lubrication shops	47	811191	165	47165	Sumner County, Tennessee	yes	3.2	34.84920307915082	469.61672835874924
26075	81	Automotive oil change and lubrication shops	47	811191	167	47167	Tipton County, Tennessee	yes	1.0	9.941429536838514	142.63693274081834
26076	81	Automotive oil change and lubrication shops	47	811191	171	47171	Unicoi County, Tennessee	yes	1.6666666666666667	17.445182464571854	229.2898518761945
26077	81	Automotive oil change and lubrication shops	47	811191	173	47173	Union County, Tennessee	yes	1.0	7.313029827315541	167.95204081632653
26078	81	Automotive oil change and lubrication shops	47	811191	177	47177	Warren County, Tennessee	yes	1.0	9.941429536838514	142.63693274081834
26079	81	Automotive oil change and lubrication shops	47	811191	179	47179	Washington County, Tennessee	no	3.5	21.0	709.8333333333334
26080	81	Automotive oil change and lubrication shops	47	811191	185	47185	White County, Tennessee	yes	1.6666666666666667	14.907295511223225	242.9754545429818
26081	81	Automotive oil change and lubrication shops	47	811191	187	47187	Williamson County, Tennessee	no	9.0	73.0	2457.0
26082	81	Automotive oil change and lubrication shops	47	811191	187	47187	Williamson County, Tennessee	yes	10.0	149.26690687361418	1268.9523281596453
26083	81	Automotive oil change and lubrication shops	47	811191	189	47189	Wilson County, Tennessee	no	7.0	57.0	716.0
26084	81	Automotive oil change and lubrication shops	47	811191	189	47189	Wilson County, Tennessee	yes	5.0	56.278146958000015	649.8968935153212
26085	81	Automotive transmission repair	47	811113	1	47001	Anderson County, Tennessee	no	3.0	6.0	155.0
26086	81	Automotive transmission repair	47	811113	1	47001	Anderson County, Tennessee	yes	2.0	9.160340487546371	204.97274509803918
26087	81	Automotive transmission repair	47	811113	3	47003	Bedford County, Tennessee	yes	1.0	3.2549019607843137	131.328431372549
26088	81	Automotive transmission repair	47	811113	9	47009	Blount County, Tennessee	yes	1.0	4.3340499157879995	103.46278172188416
26089	81	Automotive transmission repair	47	811113	11	47011	Bradley County, Tennessee	yes	1.0	4.3340499157879995	103.46278172188416
26090	81	Automotive transmission repair	47	811113	29	47029	Cocke County, Tennessee	yes	1.0	4.3340499157879995	103.46278172188416
26091	81	Automotive transmission repair	47	811113	31	47031	Coffee County, Tennessee	yes	1.0	4.8736238932898415	89.52995689655172
26092	81	Automotive transmission repair	47	811113	35	47035	Cumberland County, Tennessee	yes	1.0	4.3340499157879995	103.46278172188416
26093	81	Automotive transmission repair	47	811113	37	47037	Davidson County, Tennessee	no	11.166666666666666	40.833333333333336	1825.6666666666667
26094	81	Automotive transmission repair	47	811113	43	47043	Dickson County, Tennessee	yes	2.0	8.668099831575999	206.9255634437683
26095	81	Automotive transmission repair	47	811113	47	47047	Fayette County, Tennessee	yes	1.0	3.2549019607843137	131.328431372549
26096	81	Automotive transmission repair	47	811113	63	47063	Hamblen County, Tennessee	no	3.0	7.0	240.0
26097	81	Automotive transmission repair	47	811113	63	47063	Hamblen County, Tennessee	yes	2.8	12.421760731319555	289.5091176470588
26098	81	Automotive transmission repair	47	811113	65	47065	Hamilton County, Tennessee	no	4.833333333333333	13.333333333333334	1032.6666666666667
26099	81	Automotive transmission repair	47	811113	79	47079	Henry County, Tennessee	yes	1.1666666666666667	5.2507165824546655	116.30028172188416
26100	81	Automotive transmission repair	47	811113	81	47081	Hickman County, Tennessee	yes	1.5	5.936258615359782	165.29639677710165
26101	81	Automotive transmission repair	47	811113	93	47093	Knox County, Tennessee	no	10.666666666666666	38.5	1617.8333333333333
26102	81	Automotive transmission repair	47	811113	105	47105	Loudon County, Tennessee	yes	1.6666666666666667	7.58313251131456	163.14941965291862
26103	81	Automotive transmission repair	47	811113	107	47107	McMinn County, Tennessee	yes	1.1666666666666667	5.2507165824546655	116.30028172188416
26104	81	Automotive transmission repair	47	811113	111	47111	Macon County, Tennessee	yes	1.0	3.882109898945599	106.20533806626099
26105	81	Automotive transmission repair	47	811113	113	47113	Madison County, Tennessee	no	4.5	9.666666666666666	639.0
26106	81	Automotive transmission repair	47	811113	115	47115	Marion County, Tennessee	yes	1.0	4.898648648648649	80.0125
26107	81	Automotive transmission repair	47	811113	119	47119	Maury County, Tennessee	no	4.333333333333333	8.666666666666666	403.5
26108	81	Automotive transmission repair	47	811113	125	47125	Montgomery County, Tennessee	no	3.0	3.4	143.4
26109	81	Automotive transmission repair	47	811113	125	47125	Montgomery County, Tennessee	yes	3.0	16.5	231.075
26110	81	Automotive transmission repair	47	811113	131	47131	Obion County, Tennessee	yes	2.0	8.668099831575999	206.9255634437683
26111	81	Automotive transmission repair	47	811113	135	47135	Perry County, Tennessee	yes	1.0	5.4636824324324325	83.25833333333334
26112	81	Automotive transmission repair	47	811113	141	47141	Putnam County, Tennessee	yes	1.0	4.3340499157879995	103.46278172188416
26113	81	Automotive transmission repair	47	811113	147	47147	Robertson County, Tennessee	yes	2.0	8.668099831575999	206.9255634437683
26114	81	Automotive transmission repair	47	811113	149	47149	Rutherford County, Tennessee	no	5.5	10.666666666666666	643.6666666666666
26115	81	Automotive transmission repair	47	811113	151	47151	Scott County, Tennessee	yes	1.0	4.3340499157879995	103.46278172188416
26116	81	Automotive transmission repair	47	811113	155	47155	Sevier County, Tennessee	yes	2.0	8.668099831575999	206.9255634437683
26117	81	Automotive transmission repair	47	811113	157	47157	Shelby County, Tennessee	no	18.166666666666668	99.66666666666667	3877.8333333333335
26118	81	Automotive transmission repair	47	811113	163	47163	Sullivan County, Tennessee	no	5.0	0.0	347.0
26119	81	Automotive transmission repair	47	811113	163	47163	Sullivan County, Tennessee	yes	2.4	9.920638716810117	250.70067613252195
26120	81	Automotive transmission repair	47	811113	165	47165	Sumner County, Tennessee	no	4.0	4.5	372.8333333333333
26121	81	Automotive transmission repair	47	811113	167	47167	Tipton County, Tennessee	yes	1.1666666666666667	5.2507165824546655	116.30028172188416
26122	81	Automotive transmission repair	47	811113	177	47177	Warren County, Tennessee	yes	1.0	4.3340499157879995	103.46278172188416
26123	81	Automotive transmission repair	47	811113	179	47179	Washington County, Tennessee	no	3.3333333333333335	9.833333333333334	608.6666666666666
26124	81	Automotive transmission repair	47	811113	187	47187	Williamson County, Tennessee	yes	2.0	8.668099831575999	206.9255634437683
26125	81	Automotive transmission repair	47	811113	189	47189	Wilson County, Tennessee	yes	1.1666666666666667	5.2507165824546655	116.30028172188416
26126	81	Barber shops	47	812111	1	47001	Anderson County, Tennessee	yes	1.0	8.671153846153846	209.05
26127	81	Barber shops	47	812111	3	47003	Bedford County, Tennessee	yes	1.0	6.901349527665317	184.61608187134502
26128	81	Barber shops	47	812111	9	47009	Blount County, Tennessee	no	3.0	19.666666666666668	384.0
26129	81	Barber shops	47	812111	9	47009	Blount County, Tennessee	yes	2.0	11.654970760233917	370.7309941520468
26130	81	Barber shops	47	812111	31	47031	Coffee County, Tennessee	yes	1.0	6.901349527665317	184.61608187134502
26131	81	Barber shops	47	812111	37	47037	Davidson County, Tennessee	no	6.0	34.333333333333336	1238.5
26132	81	Barber shops	47	812111	65	47065	Hamilton County, Tennessee	no	3.5	15.833333333333334	612.6666666666666
26133	81	Barber shops	47	812111	93	47093	Knox County, Tennessee	no	4.666666666666667	64.5	1533.3333333333333
26134	81	Barber shops	47	812111	113	47113	Madison County, Tennessee	no	3.0	0.0	157.0
26135	81	Barber shops	47	812111	113	47113	Madison County, Tennessee	yes	1.6	10.972010796221323	294.659298245614
26136	81	Barber shops	47	812111	119	47119	Maury County, Tennessee	yes	1.0	8.528508771929824	159.75
26137	81	Barber shops	47	812111	125	47125	Montgomery County, Tennessee	yes	1.5	12.935408232118759	288.925
26138	81	Barber shops	47	812111	141	47141	Putnam County, Tennessee	yes	1.0	6.901349527665317	184.61608187134502
26139	81	Barber shops	47	812111	145	47145	Roane County, Tennessee	yes	1.0	10.166666666666666	196.83333333333331
26140	81	Barber shops	47	812111	149	47149	Rutherford County, Tennessee	no	3.6666666666666665	18.333333333333332	353.0
26141	81	Barber shops	47	812111	149	47149	Rutherford County, Tennessee	yes	2.6666666666666665	10.407894736842104	430.7631578947368
26142	81	Barber shops	47	812111	157	47157	Shelby County, Tennessee	no	7.166666666666667	25.666666666666668	662.3333333333334
26143	81	Barber shops	47	812111	163	47163	Sullivan County, Tennessee	yes	1.0	5.827485380116959	185.3654970760234
26144	81	Barber shops	47	812111	179	47179	Washington County, Tennessee	yes	1.0	6.901349527665317	184.61608187134502
26145	81	Barber shops	47	812111	187	47187	Williamson County, Tennessee	no	11.0	132.0	3877.0
26146	81	Barber shops	47	812111	187	47187	Williamson County, Tennessee	yes	7.333333333333333	44.1812865497076	1363.169590643275
26147	81	Barber shops	47	812111	189	47189	Wilson County, Tennessee	yes	1.0	6.901349527665317	184.61608187134502
26148	81	Beauty salons	47	812112	1	47001	Anderson County, Tennessee	no	16.666666666666668	90.83333333333333	1608.1666666666667
26149	81	Beauty salons	47	812112	3	47003	Bedford County, Tennessee	no	3.0	0.0	159.5
26150	81	Beauty salons	47	812112	3	47003	Bedford County, Tennessee	yes	1.0	5.958256083299432	97.5197495560156
26151	81	Beauty salons	47	812112	5	47005	Benton County, Tennessee	yes	1.1666666666666667	9.24210079212969	108.06087421838491
26152	81	Beauty salons	47	812112	9	47009	Blount County, Tennessee	no	20.666666666666668	58.0	2333.8333333333335
26153	81	Beauty salons	47	812112	11	47011	Bradley County, Tennessee	no	7.6	45.0	689.0
26154	81	Beauty salons	47	812112	11	47011	Bradley County, Tennessee	yes	6.0	55.4025974025974	441.8181818181818
26155	81	Beauty salons	47	812112	13	47013	Campbell County, Tennessee	no	3.0	17.0	273.0
26156	81	Beauty salons	47	812112	13	47013	Campbell County, Tennessee	yes	3.0	24.82205236215639	291.31963669667516
26157	81	Beauty salons	47	812112	15	47015	Cannon County, Tennessee	yes	1.0	9.980519480519481	74.51515151515152
26158	81	Beauty salons	47	812112	17	47017	Carroll County, Tennessee	yes	1.6666666666666667	12.655064055121853	158.50094424096562
26159	81	Beauty salons	47	812112	19	47019	Carter County, Tennessee	no	4.5	9.666666666666666	225.83333333333334
26160	81	Beauty salons	47	812112	21	47021	Cheatham County, Tennessee	no	3.0	11.333333333333334	270.0
26161	81	Beauty salons	47	812112	21	47021	Cheatham County, Tennessee	yes	2.0	20.27146187146187	160.31763791763794
26162	81	Beauty salons	47	812112	23	47023	Chester County, Tennessee	yes	1.0	4.866419366477164	105.48087819589959
26163	81	Beauty salons	47	812112	25	47025	Claiborne County, Tennessee	yes	2.5	17.435359985446677	238.3801362526683
26164	81	Beauty salons	47	812112	29	47029	Cocke County, Tennessee	yes	1.1666666666666667	9.24210079212969	108.06087421838491
26165	81	Beauty salons	47	812112	31	47031	Coffee County, Tennessee	no	4.0	15.333333333333334	310.6666666666667
26166	81	Beauty salons	47	812112	31	47031	Coffee County, Tennessee	yes	4.0	40.54292374292374	320.6352758352759
26167	81	Beauty salons	47	812112	35	47035	Cumberland County, Tennessee	no	5.0	17.666666666666668	425.1666666666667
26168	81	Beauty salons	47	812112	37	47037	Davidson County, Tennessee	no	158.5	1122.1666666666667	31576.666666666668
26169	81	Beauty salons	47	812112	41	47041	DeKalb County, Tennessee	yes	1.2	10.419471999506678	112.18533344434627
26170	81	Beauty salons	47	812112	43	47043	Dickson County, Tennessee	no	5.8	41.2	778.0
26171	81	Beauty salons	47	812112	43	47043	Dickson County, Tennessee	yes	5.0	52.23076923076923	457.2307692307693
26172	81	Beauty salons	47	812112	45	47045	Dyer County, Tennessee	no	6.166666666666667	10.0	434.3333333333333
26173	81	Beauty salons	47	812112	47	47047	Fayette County, Tennessee	no	4.666666666666667	11.333333333333334	313.1666666666667
26174	81	Beauty salons	47	812112	49	47049	Fentress County, Tennessee	yes	1.0	5.481447231533927	122.52813547566757
26175	81	Beauty salons	47	812112	51	47051	Franklin County, Tennessee	no	4.0	8.2	132.6
26176	81	Beauty salons	47	812112	51	47051	Franklin County, Tennessee	yes	4.0	36.935064935064936	294.54545454545456
26177	81	Beauty salons	47	812112	53	47053	Gibson County, Tennessee	no	5.666666666666667	19.333333333333332	460.3333333333333
26178	81	Beauty salons	47	812112	53	47053	Gibson County, Tennessee	yes	6.0	60.81438561438561	480.95291375291373
26179	81	Beauty salons	47	812112	55	47055	Giles County, Tennessee	yes	1.0	7.501075151104049	92.81984857735927
26180	81	Beauty salons	47	812112	59	47059	Greene County, Tennessee	no	5.0	20.0	300.0
26181	81	Beauty salons	47	812112	59	47059	Greene County, Tennessee	yes	2.2	15.969573369642726	201.2679629259886
26182	81	Beauty salons	47	812112	63	47063	Hamblen County, Tennessee	no	11.5	47.166666666666664	1195.1666666666667
26183	81	Beauty salons	47	812112	65	47065	Hamilton County, Tennessee	no	84.0	523.6666666666666	11862.166666666666
26184	81	Beauty salons	47	812112	71	47071	Hardin County, Tennessee	yes	1.0	7.501075151104049	92.81984857735927
26185	81	Beauty salons	47	812112	73	47073	Hawkins County, Tennessee	no	4.0	4.0	144.0
26186	81	Beauty salons	47	812112	73	47073	Hawkins County, Tennessee	yes	3.0	25.53266733266733	233.89711538461538
26187	81	Beauty salons	47	812112	75	47075	Haywood County, Tennessee	yes	1.0	7.501075151104049	92.81984857735927
26188	81	Beauty salons	47	812112	77	47077	Henderson County, Tennessee	no	3.0	6.666666666666667	167.33333333333334
26189	81	Beauty salons	47	812112	77	47077	Henderson County, Tennessee	yes	2.0	20.27146187146187	160.31763791763794
26190	81	Beauty salons	47	812112	79	47079	Henry County, Tennessee	no	4.833333333333333	22.833333333333332	501.1666666666667
26191	81	Beauty salons	47	812112	85	47085	Humphreys County, Tennessee	yes	1.0	7.501075151104049	92.81984857735927
26192	81	Beauty salons	47	812112	89	47089	Jefferson County, Tennessee	yes	2.3333333333333335	17.147171947229744	209.81015170017307
26193	81	Beauty salons	47	812112	93	47093	Knox County, Tennessee	no	110.33333333333333	912.6666666666666	22432.0
26194	81	Beauty salons	47	812112	97	47097	Lauderdale County, Tennessee	yes	1.0	7.501075151104049	92.81984857735927
26195	81	Beauty salons	47	812112	99	47099	Lawrence County, Tennessee	no	5.0	7.0	129.0
26196	81	Beauty salons	47	812112	99	47099	Lawrence County, Tennessee	yes	3.0	25.53266733266733	233.89711538461538
26197	81	Beauty salons	47	812112	103	47103	Lincoln County, Tennessee	yes	2.3333333333333335	18.53105473111253	213.44637936140074
26198	81	Beauty salons	47	812112	105	47105	Loudon County, Tennessee	no	5.0	41.0	787.0
26199	81	Beauty salons	47	812112	105	47105	Loudon County, Tennessee	yes	3.5	37.123776223776225	287.95710955710956
26200	81	Beauty salons	47	812112	107	47107	McMinn County, Tennessee	no	3.4	4.2	102.6
26201	81	Beauty salons	47	812112	107	47107	McMinn County, Tennessee	yes	3.0	31.33846153846154	274.33846153846156
26202	81	Beauty salons	47	812112	111	47111	Macon County, Tennessee	yes	1.0	7.501075151104049	92.81984857735927
26203	81	Beauty salons	47	812112	113	47113	Madison County, Tennessee	no	14.333333333333334	62.0	1112.3333333333333
26204	81	Beauty salons	47	812112	115	47115	Marion County, Tennessee	no	5.0	7.333333333333333	178.33333333333334
26205	81	Beauty salons	47	812112	117	47117	Marshall County, Tennessee	yes	1.0	7.501075151104049	92.81984857735927
26206	81	Beauty salons	47	812112	119	47119	Maury County, Tennessee	no	14.333333333333334	87.33333333333333	1516.3333333333333
26207	81	Beauty salons	47	812112	123	47123	Monroe County, Tennessee	yes	2.6666666666666665	19.223238773325466	250.9457928183249
26208	81	Beauty salons	47	812112	125	47125	Montgomery County, Tennessee	no	30.833333333333332	205.33333333333334	4192.833333333333
26209	81	Beauty salons	47	812112	131	47131	Obion County, Tennessee	yes	1.5	9.934284834342632	145.56028767530907
26210	81	Beauty salons	47	812112	133	47133	Overton County, Tennessee	yes	1.0	7.501075151104049	92.81984857735927
26211	81	Beauty salons	47	812112	141	47141	Putnam County, Tennessee	no	12.166666666666666	57.166666666666664	1113.8333333333333
26212	81	Beauty salons	47	812112	143	47143	Rhea County, Tennessee	yes	1.0	7.501075151104049	92.81984857735927
26213	81	Beauty salons	47	812112	145	47145	Roane County, Tennessee	no	3.0	7.2	201.6
26214	81	Beauty salons	47	812112	145	47145	Roane County, Tennessee	yes	2.0	7.272727272727273	142.77272727272728
26215	81	Beauty salons	47	812112	147	47147	Robertson County, Tennessee	no	12.333333333333334	44.166666666666664	923.6666666666666
26216	81	Beauty salons	47	812112	149	47149	Rutherford County, Tennessee	no	42.0	255.16666666666666	5505.666666666667
26217	81	Beauty salons	47	812112	151	47151	Scott County, Tennessee	yes	1.0	7.501075151104049	92.81984857735927
26218	81	Beauty salons	47	812112	155	47155	Sevier County, Tennessee	no	13.666666666666666	45.666666666666664	1098.8333333333333
26219	81	Beauty salons	47	812112	157	47157	Shelby County, Tennessee	no	178.16666666666666	1461.6666666666667	36275.5
26220	81	Beauty salons	47	812112	159	47159	Smith County, Tennessee	yes	2.0	15.002150302208099	185.63969715471853
26221	81	Beauty salons	47	812112	163	47163	Sullivan County, Tennessee	no	24.666666666666668	98.66666666666667	2180.8333333333335
26222	81	Beauty salons	47	812112	165	47165	Sumner County, Tennessee	no	31.666666666666668	181.16666666666666	3241.6666666666665
26223	81	Beauty salons	47	812112	167	47167	Tipton County, Tennessee	no	5.333333333333333	17.333333333333332	380.3333333333333
26224	81	Beauty salons	47	812112	171	47171	Unicoi County, Tennessee	no	3.0	3.5	118.0
26225	81	Beauty salons	47	812112	171	47171	Unicoi County, Tennessee	yes	1.5	10.575139200182548	134.3379313741974
26226	81	Beauty salons	47	812112	173	47173	Union County, Tennessee	yes	1.0	7.501075151104049	92.81984857735927
26227	81	Beauty salons	47	812112	177	47177	Warren County, Tennessee	no	4.0	12.2	234.8
26228	81	Beauty salons	47	812112	177	47177	Warren County, Tennessee	yes	3.0	27.7012987012987	220.9090909090909
26229	81	Beauty salons	47	812112	179	47179	Washington County, Tennessee	no	35.833333333333336	191.5	3700.3333333333335
26230	81	Beauty salons	47	812112	183	47183	Weakley County, Tennessee	no	4.333333333333333	47.666666666666664	945.0
26231	81	Beauty salons	47	812112	183	47183	Weakley County, Tennessee	yes	3.0	30.003063603063605	234.53986013986014
26232	81	Beauty salons	47	812112	185	47185	White County, Tennessee	no	3.0	0.0	248.0
26233	81	Beauty salons	47	812112	185	47185	White County, Tennessee	yes	2.0	13.824118824188181	186.1891750472007
26234	81	Beauty salons	47	812112	187	47187	Williamson County, Tennessee	no	66.16666666666667	668.5	18613.5
26235	81	Beauty salons	47	812112	189	47189	Wilson County, Tennessee	no	23.0	133.33333333333334	3110.6666666666665
26236	81	Business associations	47	813910	1	47001	Anderson County, Tennessee	no	4.0	14.0	686.0
26237	81	Business associations	47	813910	1	47001	Anderson County, Tennessee	yes	3.4	15.111320478656694	659.4541755351399
26238	81	Business associations	47	813910	3	47003	Bedford County, Tennessee	yes	2.0	9.179672216034497	402.6168835659598
26239	81	Business associations	47	813910	5	47005	Benton County, Tennessee	yes	1.5	7.075981462343744	286.6239820230583
26240	81	Business associations	47	813910	9	47009	Blount County, Tennessee	no	5.0	37.0	2609.0
26241	81	Business associations	47	813910	9	47009	Blount County, Tennessee	yes	3.5	14.993334046700904	528.9297086590958
26242	81	Business associations	47	813910	11	47011	Bradley County, Tennessee	yes	1.5	7.098722779857031	275.2265033430435
26243	81	Business associations	47	813910	13	47013	Campbell County, Tennessee	yes	1.0	4.5898361080172485	201.3084417829799
26244	81	Business associations	47	813910	15	47015	Cannon County, Tennessee	yes	1.0	4.5898361080172485	201.3084417829799
26245	81	Business associations	47	813910	17	47017	Carroll County, Tennessee	yes	1.0	4.5898361080172485	201.3084417829799
26246	81	Business associations	47	813910	19	47019	Carter County, Tennessee	yes	1.0	4.5898361080172485	201.3084417829799
26247	81	Business associations	47	813910	21	47021	Cheatham County, Tennessee	yes	1.5	7.075981462343744	286.6239820230583
26248	81	Business associations	47	813910	25	47025	Claiborne County, Tennessee	yes	1.0	4.5898361080172485	201.3084417829799
26249	81	Business associations	47	813910	31	47031	Coffee County, Tennessee	yes	2.0	9.179672216034497	402.6168835659598
26250	81	Business associations	47	813910	33	47033	Crockett County, Tennessee	yes	1.0	4.5898361080172485	201.3084417829799
26251	81	Business associations	47	813910	35	47035	Cumberland County, Tennessee	yes	1.0	4.5898361080172485	201.3084417829799
26252	81	Business associations	47	813910	37	47037	Davidson County, Tennessee	no	64.33333333333333	1083.1666666666667	76148.66666666667
26253	81	Business associations	47	813910	41	47041	DeKalb County, Tennessee	yes	1.0	4.5898361080172485	201.3084417829799
26254	81	Business associations	47	813910	43	47043	Dickson County, Tennessee	yes	1.0	4.5898361080172485	201.3084417829799
26255	81	Business associations	47	813910	47	47047	Fayette County, Tennessee	yes	2.0	9.179672216034497	402.6168835659598
26256	81	Business associations	47	813910	49	47049	Fentress County, Tennessee	yes	2.0	9.179672216034497	402.6168835659598
26257	81	Business associations	47	813910	51	47051	Franklin County, Tennessee	yes	2.0	9.179672216034497	402.6168835659598
26258	81	Business associations	47	813910	53	47053	Gibson County, Tennessee	no	3.0	5.0	208.5
26259	81	Business associations	47	813910	55	47055	Giles County, Tennessee	yes	1.0	4.5898361080172485	201.3084417829799
26260	81	Business associations	47	813910	57	47057	Grainger County, Tennessee	yes	1.0	4.375321927593639	151.7070765938838
26261	81	Business associations	47	813910	61	47061	Grundy County, Tennessee	yes	1.1666666666666667	5.426753670741263	223.2941048654172
26262	81	Business associations	47	813910	63	47063	Hamblen County, Tennessee	yes	2.0	9.179672216034497	402.6168835659598
26263	81	Business associations	47	813910	65	47065	Hamilton County, Tennessee	no	13.0	82.16666666666667	6579.0
26264	81	Business associations	47	813910	69	47069	Hardeman County, Tennessee	yes	2.0	9.179672216034497	402.6168835659598
26265	81	Business associations	47	813910	71	47071	Hardin County, Tennessee	yes	1.0	4.5898361080172485	201.3084417829799
26266	81	Business associations	47	813910	73	47073	Hawkins County, Tennessee	yes	1.0	4.5898361080172485	201.3084417829799
26267	81	Business associations	47	813910	75	47075	Haywood County, Tennessee	yes	1.0	5.021505376344086	131.91397849462368
26268	81	Business associations	47	813910	79	47079	Henry County, Tennessee	no	3.0	3.0	113.25
26269	81	Business associations	47	813910	79	47079	Henry County, Tennessee	yes	2.5	12.53696929386986	401.4345970513247
26270	81	Business associations	47	813910	81	47081	Hickman County, Tennessee	yes	1.0	4.5898361080172485	201.3084417829799
26271	81	Business associations	47	813910	85	47085	Humphreys County, Tennessee	yes	1.0	4.5898361080172485	201.3084417829799
26272	81	Business associations	47	813910	89	47089	Jefferson County, Tennessee	yes	1.1666666666666667	5.424887654409002	231.2551771781689
26273	81	Business associations	47	813910	93	47093	Knox County, Tennessee	no	13.333333333333334	75.33333333333333	4950.666666666667
26274	81	Business associations	47	813910	97	47097	Lauderdale County, Tennessee	yes	1.0	4.5898361080172485	201.3084417829799
26275	81	Business associations	47	813910	99	47099	Lawrence County, Tennessee	yes	1.1666666666666667	5.424887654409002	231.2551771781689
26276	81	Business associations	47	813910	101	47101	Lewis County, Tennessee	yes	1.0	2.5844155844155847	94.93506493506494
26277	81	Business associations	47	813910	103	47103	Lincoln County, Tennessee	yes	2.0	9.179672216034497	402.6168835659598
26278	81	Business associations	47	813910	105	47105	Loudon County, Tennessee	yes	2.0	9.179672216034497	402.6168835659598
26279	81	Business associations	47	813910	107	47107	McMinn County, Tennessee	yes	2.0	9.179672216034497	402.6168835659598
26280	81	Business associations	47	813910	109	47109	McNairy County, Tennessee	yes	1.0	5.021505376344086	131.91397849462368
26281	81	Business associations	47	813910	111	47111	Macon County, Tennessee	yes	1.0	4.5898361080172485	201.3084417829799
26282	81	Business associations	47	813910	113	47113	Madison County, Tennessee	no	5.0	18.0	1054.1666666666667
26283	81	Business associations	47	813910	115	47115	Marion County, Tennessee	yes	1.0	4.5898361080172485	201.3084417829799
26284	81	Business associations	47	813910	117	47117	Marshall County, Tennessee	yes	2.0	9.179672216034497	402.6168835659598
26285	81	Business associations	47	813910	119	47119	Maury County, Tennessee	no	4.0	78.0	4187.333333333333
26286	81	Business associations	47	813910	119	47119	Maury County, Tennessee	yes	4.0	19.88916283461196	682.5243219206271
26287	81	Business associations	47	813910	121	47121	Meigs County, Tennessee	yes	1.1666666666666667	5.426753670741263	223.2941048654172
26288	81	Business associations	47	813910	123	47123	Monroe County, Tennessee	yes	1.0	4.5898361080172485	201.3084417829799
26289	81	Business associations	47	813910	125	47125	Montgomery County, Tennessee	yes	2.0	9.179672216034497	402.6168835659598
26290	81	Business associations	47	813910	127	47127	Moore County, Tennessee	yes	1.0	4.5898361080172485	201.3084417829799
26291	81	Business associations	47	813910	129	47129	Morgan County, Tennessee	yes	1.3333333333333333	6.261805217133015	253.2408402606062
26292	81	Business associations	47	813910	131	47131	Obion County, Tennessee	no	3.0	1.3333333333333333	36.666666666666664
26293	81	Business associations	47	813910	131	47131	Obion County, Tennessee	yes	2.0	8.414763014763015	463.9716061716061
26294	81	Business associations	47	813910	135	47135	Perry County, Tennessee	yes	1.0	4.5898361080172485	201.3084417829799
26295	81	Business associations	47	813910	137	47137	Pickett County, Tennessee	yes	1.0	4.5898361080172485	201.3084417829799
26296	81	Business associations	47	813910	139	47139	Polk County, Tennessee	yes	1.0	4.5898361080172485	201.3084417829799
26297	81	Business associations	47	813910	141	47141	Putnam County, Tennessee	no	4.0	23.833333333333332	761.5
26298	81	Business associations	47	813910	143	47143	Rhea County, Tennessee	yes	2.0	9.179672216034497	402.6168835659598
26299	81	Business associations	47	813910	147	47147	Robertson County, Tennessee	no	4.333333333333333	5.5	385.1666666666667
26300	81	Business associations	47	813910	149	47149	Rutherford County, Tennessee	no	7.166666666666667	58.833333333333336	2811.1666666666665
26301	81	Business associations	47	813910	155	47155	Sevier County, Tennessee	no	5.0	30.5	1085.0
26302	81	Business associations	47	813910	155	47155	Sevier County, Tennessee	yes	4.5	22.23326223486195	860.1079511790497
26303	81	Business associations	47	813910	157	47157	Shelby County, Tennessee	no	28.5	191.66666666666666	13835.5
26304	81	Business associations	47	813910	161	47161	Stewart County, Tennessee	yes	1.0	4.5898361080172485	201.3084417829799
26305	81	Business associations	47	813910	163	47163	Sullivan County, Tennessee	no	9.333333333333334	47.166666666666664	2575.0
26306	81	Business associations	47	813910	165	47165	Sumner County, Tennessee	no	5.75	37.5	7412.75
26307	81	Business associations	47	813910	165	47165	Sumner County, Tennessee	yes	6.5	32.191254888019905	1229.777995023107
26308	81	Business associations	47	813910	167	47167	Tipton County, Tennessee	yes	2.0	9.179672216034497	402.6168835659598
26309	81	Business associations	47	813910	169	47169	Trousdale County, Tennessee	yes	1.0	4.5898361080172485	201.3084417829799
26310	81	Business associations	47	813910	171	47171	Unicoi County, Tennessee	yes	1.0	4.5898361080172485	201.3084417829799
26311	81	Business associations	47	813910	173	47173	Union County, Tennessee	yes	2.0	9.179672216034497	402.6168835659598
26312	81	Business associations	47	813910	175	47175	Van Buren County, Tennessee	yes	1.0	5.021505376344086	131.91397849462368
26313	81	Business associations	47	813910	177	47177	Warren County, Tennessee	no	4.0	3.0	177.2
26314	81	Business associations	47	813910	177	47177	Warren County, Tennessee	yes	5.0	25.107526881720432	659.5698924731183
26315	81	Business associations	47	813910	179	47179	Washington County, Tennessee	no	5.333333333333333	7.666666666666667	713.1666666666666
26316	81	Business associations	47	813910	183	47183	Weakley County, Tennessee	yes	1.0	4.5898361080172485	201.3084417829799
26317	81	Business associations	47	813910	185	47185	White County, Tennessee	yes	1.0	4.5898361080172485	201.3084417829799
26318	81	Business associations	47	813910	187	47187	Williamson County, Tennessee	no	8.0	15.666666666666666	1390.8333333333333
26319	81	Business associations	47	813910	189	47189	Wilson County, Tennessee	no	5.5	10.666666666666666	676.3333333333334
26320	81	Car washes	47	811192	1	47001	Anderson County, Tennessee	no	3.2	13.0	283.2
26321	81	Car washes	47	811192	1	47001	Anderson County, Tennessee	yes	3.0	16.779661016949152	208.52542372881356
26322	81	Car washes	47	811192	3	47003	Bedford County, Tennessee	yes	1.0	4.435499058380414	64.15701506591337
26323	81	Car washes	47	811192	5	47005	Benton County, Tennessee	yes	1.3333333333333333	7.3533761838478116	108.3976745635343
26324	81	Car washes	47	811192	7	47007	Bledsoe County, Tennessee	yes	1.0	5.593220338983051	69.50847457627118
26325	81	Car washes	47	811192	9	47009	Blount County, Tennessee	no	4.5	8.25	238.5
26326	81	Car washes	47	811192	9	47009	Blount County, Tennessee	yes	2.0	11.61111111111111	153.79629629629628
26327	81	Car washes	47	811192	11	47011	Bradley County, Tennessee	no	3.0	40.4	554.4
26328	81	Car washes	47	811192	11	47011	Bradley County, Tennessee	yes	3.0	16.779661016949152	208.52542372881356
26329	81	Car washes	47	811192	13	47013	Campbell County, Tennessee	yes	1.8333333333333333	9.907160402849422	155.79869710781773
26330	81	Car washes	47	811192	19	47019	Carter County, Tennessee	yes	1.0	5.421172794017305	84.61848435637799
26331	81	Car washes	47	811192	21	47021	Cheatham County, Tennessee	no	3.0	4.0	221.66666666666666
26332	81	Car washes	47	811192	25	47025	Claiborne County, Tennessee	yes	1.0	5.421172794017305	84.61848435637799
26333	81	Car washes	47	811192	29	47029	Cocke County, Tennessee	yes	1.0	6.0224637681159425	112.80028985507246
26334	81	Car washes	47	811192	31	47031	Coffee County, Tennessee	no	5.0	8.0	118.16666666666667
26335	81	Car washes	47	811192	35	47035	Cumberland County, Tennessee	yes	2.0	10.84234558803461	169.23696871275598
26336	81	Car washes	47	811192	37	47037	Davidson County, Tennessee	no	41.5	381.0	7103.0
26337	81	Car washes	47	811192	41	47041	DeKalb County, Tennessee	yes	1.0	5.421172794017305	84.61848435637799
26338	81	Car washes	47	811192	43	47043	Dickson County, Tennessee	no	3.0	0.0	37.5
26339	81	Car washes	47	811192	43	47043	Dickson County, Tennessee	yes	2.0	10.466908212560387	182.51788244766504
26340	81	Car washes	47	811192	45	47045	Dyer County, Tennessee	yes	1.1666666666666667	6.356357979202489	98.05675596131626
26341	81	Car washes	47	811192	47	47047	Fayette County, Tennessee	yes	1.0	5.107568438003221	94.80204508856684
26342	81	Car washes	47	811192	49	47049	Fentress County, Tennessee	yes	1.5	8.288561369032998	121.83594616847256
26343	81	Car washes	47	811192	51	47051	Franklin County, Tennessee	yes	1.0	5.421172794017305	84.61848435637799
26344	81	Car washes	47	811192	53	47053	Gibson County, Tennessee	no	3.0	3.0	34.0
26345	81	Car washes	47	811192	53	47053	Gibson County, Tennessee	yes	2.0	10.457962826496356	176.95730492098585
26346	81	Car washes	47	811192	59	47059	Greene County, Tennessee	no	4.166666666666667	11.333333333333334	162.33333333333334
26347	81	Car washes	47	811192	63	47063	Hamblen County, Tennessee	no	3.6666666666666665	74.66666666666667	1158.3333333333333
26348	81	Car washes	47	811192	63	47063	Hamblen County, Tennessee	yes	2.0	11.469554300062775	148.8698472483783
26349	81	Car washes	47	811192	65	47065	Hamilton County, Tennessee	no	20.5	155.16666666666666	2546.8333333333335
26350	81	Car washes	47	811192	77	47077	Henderson County, Tennessee	yes	2.1666666666666665	11.84234558803461	181.4314131572004
26351	81	Car washes	47	811192	79	47079	Henry County, Tennessee	yes	1.3333333333333333	7.428660716722618	122.21858097473547
26352	81	Car washes	47	811192	93	47093	Knox County, Tennessee	no	27.666666666666668	354.1666666666667	6525.666666666667
26353	81	Car washes	47	811192	99	47099	Lawrence County, Tennessee	yes	1.0	5.421172794017305	84.61848435637799
26354	81	Car washes	47	811192	101	47101	Lewis County, Tennessee	yes	1.0	5.386763285024155	87.64048631239936
26355	81	Car washes	47	811192	103	47103	Lincoln County, Tennessee	yes	1.0	6.0224637681159425	112.80028985507246
26356	81	Car washes	47	811192	105	47105	Loudon County, Tennessee	yes	1.0	5.421172794017305	84.61848435637799
26357	81	Car washes	47	811192	111	47111	Macon County, Tennessee	yes	1.0	5.107568438003221	94.80204508856684
26358	81	Car washes	47	811192	113	47113	Madison County, Tennessee	no	3.0	9.0	233.0
26359	81	Car washes	47	811192	113	47113	Madison County, Tennessee	yes	2.0	11.790045033980187	196.14722792652637
26360	81	Car washes	47	811192	117	47117	Marshall County, Tennessee	yes	1.3333333333333333	7.428660716722618	122.21858097473547
26361	81	Car washes	47	811192	119	47119	Maury County, Tennessee	no	7.0	30.666666666666668	619.3333333333334
26362	81	Car washes	47	811192	119	47119	Maury County, Tennessee	yes	3.3333333333333335	19.20433145009416	247.69365976145636
26363	81	Car washes	47	811192	123	47123	Monroe County, Tennessee	yes	1.0	5.421172794017305	84.61848435637799
26364	81	Car washes	47	811192	125	47125	Montgomery County, Tennessee	no	11.0	59.166666666666664	832.5
26365	81	Car washes	47	811192	131	47131	Obion County, Tennessee	yes	1.3333333333333333	7.356357979202489	110.2512004057607
26366	81	Car washes	47	811192	133	47133	Overton County, Tennessee	yes	1.0	5.386763285024155	87.64048631239936
26367	81	Car washes	47	811192	141	47141	Putnam County, Tennessee	no	3.0	17.0	320.0
26368	81	Car washes	47	811192	141	47141	Putnam County, Tennessee	yes	3.2	18.839896831245394	300.5616313764022
26369	81	Car washes	47	811192	143	47143	Rhea County, Tennessee	yes	1.8333333333333333	9.834857665329293	143.8313165388429
26370	81	Car washes	47	811192	145	47145	Roane County, Tennessee	yes	1.4	7.7921706378449205	130.53637124375666
26371	81	Car washes	47	811192	147	47147	Robertson County, Tennessee	no	3.0	9.0	112.0
26372	81	Car washes	47	811192	147	47147	Robertson County, Tennessee	yes	1.4	8.17207401948743	120.54032937580173
26373	81	Car washes	47	811192	149	47149	Rutherford County, Tennessee	no	17.166666666666668	121.83333333333333	2658.1666666666665
26374	81	Car washes	47	811192	153	47153	Sequatchie County, Tennessee	yes	1.0	5.421172794017305	84.61848435637799
26375	81	Car washes	47	811192	155	47155	Sevier County, Tennessee	no	4.75	15.75	325.5
26376	81	Car washes	47	811192	155	47155	Sevier County, Tennessee	yes	3.0	18.067391304347826	338.40086956521736
26377	81	Car washes	47	811192	157	47157	Shelby County, Tennessee	no	27.666666666666668	314.3333333333333	5641.666666666667
26378	81	Car washes	47	811192	159	47159	Smith County, Tennessee	yes	2.0	12.044927536231885	225.60057971014493
26379	81	Car washes	47	811192	161	47161	Stewart County, Tennessee	yes	1.0	5.611111111111111	80.62962962962962
26380	81	Car washes	47	811192	163	47163	Sullivan County, Tennessee	no	5.0	47.0	741.3333333333334
26381	81	Car washes	47	811192	163	47163	Sullivan County, Tennessee	yes	4.333333333333333	24.803515379786564	320.90918602218034
26382	81	Car washes	47	811192	165	47165	Sumner County, Tennessee	no	8.5	42.0	620.1666666666666
26383	81	Car washes	47	811192	167	47167	Tipton County, Tennessee	yes	1.0	5.421172794017305	84.61848435637799
26384	81	Car washes	47	811192	171	47171	Unicoi County, Tennessee	yes	1.0	5.421172794017305	84.61848435637799
26385	81	Car washes	47	811192	173	47173	Union County, Tennessee	yes	1.0	5.120527306967985	70.52758160703075
26386	81	Car washes	47	811192	177	47177	Warren County, Tennessee	no	3.8333333333333335	12.0	181.66666666666666
26387	81	Car washes	47	811192	179	47179	Washington County, Tennessee	no	3.0	6.0	134.0
26388	81	Car washes	47	811192	179	47179	Washington County, Tennessee	yes	3.0	17.06873822975518	222.0853735091023
26389	81	Car washes	47	811192	183	47183	Weakley County, Tennessee	yes	1.25	6.518832391713748	87.90470025109855
26390	81	Car washes	47	811192	185	47185	White County, Tennessee	yes	1.0	5.593220338983051	69.50847457627118
26391	81	Car washes	47	811192	187	47187	Williamson County, Tennessee	no	8.666666666666666	147.5	2560.6666666666665
26392	81	Car washes	47	811192	189	47189	Wilson County, Tennessee	no	6.0	22.833333333333332	444.8333333333333
26393	81	Cemeteries and crematories	47	812220	1	47001	Anderson County, Tennessee	no	5.833333333333333	9.5	520.8333333333334
26394	81	Cemeteries and crematories	47	812220	3	47003	Bedford County, Tennessee	yes	1.0	5.529894904851953	129.83948167501714
26395	81	Cemeteries and crematories	47	812220	9	47009	Blount County, Tennessee	no	4.0	22.75	816.5
26396	81	Cemeteries and crematories	47	812220	9	47009	Blount County, Tennessee	yes	4.5	31.103988603988604	524.4453941120607
26397	81	Cemeteries and crematories	47	812220	11	47011	Bradley County, Tennessee	no	4.0	24.0	441.0
26398	81	Cemeteries and crematories	47	812220	11	47011	Bradley County, Tennessee	yes	2.25	12.029108253266763	239.2554480066615
26399	81	Cemeteries and crematories	47	812220	13	47013	Campbell County, Tennessee	yes	2.0	11.059789809703906	259.6789633500343
26400	81	Cemeteries and crematories	47	812220	19	47019	Carter County, Tennessee	yes	1.0	5.529894904851953	129.83948167501714
26401	81	Cemeteries and crematories	47	812220	25	47025	Claiborne County, Tennessee	yes	2.0	11.059789809703906	259.6789633500343
26402	81	Cemeteries and crematories	47	812220	29	47029	Cocke County, Tennessee	yes	1.8333333333333333	9.756371006285102	239.42682659789753
26403	81	Cemeteries and crematories	47	812220	31	47031	Coffee County, Tennessee	yes	1.0	5.529894904851953	129.83948167501714
26404	81	Cemeteries and crematories	47	812220	35	47035	Cumberland County, Tennessee	yes	1.0	5.529894904851953	129.83948167501714
26405	81	Cemeteries and crematories	47	812220	37	47037	Davidson County, Tennessee	no	8.833333333333334	186.0	8218.0
26406	81	Cemeteries and crematories	47	812220	41	47041	DeKalb County, Tennessee	yes	1.0	5.529894904851953	129.83948167501714
26407	81	Cemeteries and crematories	47	812220	43	47043	Dickson County, Tennessee	yes	2.0	11.059789809703906	259.6789633500343
26408	81	Cemeteries and crematories	47	812220	49	47049	Fentress County, Tennessee	yes	1.0	5.529894904851953	129.83948167501714
26409	81	Cemeteries and crematories	47	812220	51	47051	Franklin County, Tennessee	yes	1.0	5.529894904851953	129.83948167501714
26410	81	Cemeteries and crematories	47	812220	53	47053	Gibson County, Tennessee	yes	1.8333333333333333	10.325048025666348	244.55924504017514
26411	81	Cemeteries and crematories	47	812220	59	47059	Greene County, Tennessee	yes	1.6666666666666667	9.226038333906976	201.05174965463877
26412	81	Cemeteries and crematories	47	812220	63	47063	Hamblen County, Tennessee	yes	1.0	5.754183744977273	137.6637160381896
26413	81	Cemeteries and crematories	47	812220	65	47065	Hamilton County, Tennessee	no	9.333333333333334	54.333333333333336	1959.3333333333333
26414	81	Cemeteries and crematories	47	812220	65	47065	Hamilton County, Tennessee	yes	9.333333333333334	58.44152856359429	1022.1845654490412
26415	81	Cemeteries and crematories	47	812220	73	47073	Hawkins County, Tennessee	yes	2.0	11.059789809703906	259.6789633500343
26416	81	Cemeteries and crematories	47	812220	85	47085	Humphreys County, Tennessee	yes	1.0	5.529894904851953	129.83948167501714
26417	81	Cemeteries and crematories	47	812220	89	47089	Jefferson County, Tennessee	yes	2.0	11.059789809703906	259.6789633500343
26418	81	Cemeteries and crematories	47	812220	93	47093	Knox County, Tennessee	no	9.0	58.333333333333336	1600.6666666666667
26419	81	Cemeteries and crematories	47	812220	93	47093	Knox County, Tennessee	yes	8.666666666666666	53.77296256169495	944.1576581999117
26420	81	Cemeteries and crematories	47	812220	99	47099	Lawrence County, Tennessee	yes	1.0	5.529894904851953	129.83948167501714
26421	81	Cemeteries and crematories	47	812220	105	47105	Loudon County, Tennessee	yes	2.0	11.059789809703906	259.6789633500343
26422	81	Cemeteries and crematories	47	812220	107	47107	McMinn County, Tennessee	yes	2.0	11.059789809703906	259.6789633500343
26423	81	Cemeteries and crematories	47	812220	113	47113	Madison County, Tennessee	yes	3.8333333333333335	21.657392441258192	505.7290282699182
26424	81	Cemeteries and crematories	47	812220	119	47119	Maury County, Tennessee	no	3.8333333333333335	25.0	649.8333333333334
26425	81	Cemeteries and crematories	47	812220	123	47123	Monroe County, Tennessee	yes	1.0	5.529894904851953	129.83948167501714
26426	81	Cemeteries and crematories	47	812220	125	47125	Montgomery County, Tennessee	yes	1.6666666666666667	9.226038333906976	201.05174965463877
26427	81	Cemeteries and crematories	47	812220	131	47131	Obion County, Tennessee	yes	1.0	5.529894904851953	129.83948167501714
26428	81	Cemeteries and crematories	47	812220	139	47139	Polk County, Tennessee	yes	1.0	5.529894904851953	129.83948167501714
26429	81	Cemeteries and crematories	47	812220	143	47143	Rhea County, Tennessee	yes	2.0	11.059789809703906	259.6789633500343
26430	81	Cemeteries and crematories	47	812220	145	47145	Roane County, Tennessee	no	3.0	8.0	174.0
26431	81	Cemeteries and crematories	47	812220	145	47145	Roane County, Tennessee	yes	2.0	11.508367489954546	275.3274320763792
26432	81	Cemeteries and crematories	47	812220	147	47147	Robertson County, Tennessee	yes	1.0	6.138049569974452	108.26634386884778
26433	81	Cemeteries and crematories	47	812220	149	47149	Rutherford County, Tennessee	yes	1.0	5.754183744977273	137.6637160381896
26434	81	Cemeteries and crematories	47	812220	155	47155	Sevier County, Tennessee	yes	1.5	7.99076502471668	205.5457914156104
26435	81	Cemeteries and crematories	47	812220	157	47157	Shelby County, Tennessee	no	13.666666666666666	121.66666666666667	6358.5
26436	81	Cemeteries and crematories	47	812220	163	47163	Sullivan County, Tennessee	no	5.5	31.833333333333332	1175.3333333333333
26437	81	Cemeteries and crematories	47	812220	165	47165	Sumner County, Tennessee	no	3.5	4.5	168.5
26438	81	Cemeteries and crematories	47	812220	165	47165	Sumner County, Tennessee	yes	2.5	11.791061063819534	317.8372390809347
26439	81	Cemeteries and crematories	47	812220	169	47169	Trousdale County, Tennessee	yes	1.0	4.921740239729454	151.4126194811865
26440	81	Cemeteries and crematories	47	812220	171	47171	Unicoi County, Tennessee	yes	1.0	5.529894904851953	129.83948167501714
26441	81	Cemeteries and crematories	47	812220	177	47177	Warren County, Tennessee	no	3.5	3.5	243.0
26442	81	Cemeteries and crematories	47	812220	177	47177	Warren County, Tennessee	yes	2.25	12.344368668392356	305.66672194168996
26443	81	Cemeteries and crematories	47	812220	179	47179	Washington County, Tennessee	yes	3.0	16.589684714555858	389.51844502505145
26444	81	Cemeteries and crematories	47	812220	187	47187	Williamson County, Tennessee	yes	2.0	11.059789809703906	259.6789633500343
26445	81	Cemeteries and crematories	47	812220	189	47189	Wilson County, Tennessee	yes	1.0	5.529894904851953	129.83948167501714
26446	81	Civic and social organizations	47	813410	1	47001	Anderson County, Tennessee	no	10.666666666666666	57.166666666666664	890.8333333333334
26447	81	Civic and social organizations	47	813410	3	47003	Bedford County, Tennessee	yes	1.3333333333333333	9.045264835493946	95.99269728960765
26448	81	Civic and social organizations	47	813410	5	47005	Benton County, Tennessee	yes	1.0	6.5324870577161676	74.55825284516322
26449	81	Civic and social organizations	47	813410	9	47009	Blount County, Tennessee	no	4.0	6.0	151.16666666666666
26450	81	Civic and social organizations	47	813410	11	47011	Bradley County, Tennessee	no	10.333333333333334	56.0	776.3333333333334
26451	81	Civic and social organizations	47	813410	11	47011	Bradley County, Tennessee	yes	10.333333333333334	81.47460317460316	596.9888888888889
26452	81	Civic and social organizations	47	813410	13	47013	Campbell County, Tennessee	yes	1.0	7.538333333333333	64.30333333333334
26453	81	Civic and social organizations	47	813410	17	47017	Carroll County, Tennessee	yes	2.0	13.064974115432335	149.11650569032645
26454	81	Civic and social organizations	47	813410	19	47019	Carter County, Tennessee	no	4.0	15.5	515.3333333333334
26455	81	Civic and social organizations	47	813410	21	47021	Cheatham County, Tennessee	yes	1.0	5.950884353741497	41.26190476190476
26456	81	Civic and social organizations	47	813410	23	47023	Chester County, Tennessee	yes	1.0	6.5324870577161676	74.55825284516322
26457	81	Civic and social organizations	47	813410	25	47025	Claiborne County, Tennessee	yes	1.8333333333333333	11.909974115432336	135.2931723569931
26458	81	Civic and social organizations	47	813410	31	47031	Coffee County, Tennessee	yes	2.0	13.064974115432335	149.11650569032645
26459	81	Civic and social organizations	47	813410	35	47035	Cumberland County, Tennessee	yes	2.3333333333333335	15.577751893210113	170.5509501347709
26460	81	Civic and social organizations	47	813410	37	47037	Davidson County, Tennessee	no	70.0	727.1666666666666	20472.666666666668
26461	81	Civic and social organizations	47	813410	39	47039	Decatur County, Tennessee	yes	1.3333333333333333	9.045264835493946	95.99269728960765
26462	81	Civic and social organizations	47	813410	43	47043	Dickson County, Tennessee	yes	1.8	11.27663560518547	136.6304734950584
26463	81	Civic and social organizations	47	813410	45	47045	Dyer County, Tennessee	yes	1.0	6.5324870577161676	74.55825284516322
26464	81	Civic and social organizations	47	813410	47	47047	Fayette County, Tennessee	yes	1.0	6.5324870577161676	74.55825284516322
26465	81	Civic and social organizations	47	813410	49	47049	Fentress County, Tennessee	yes	1.0	8.33047619047619	45.78333333333333
26466	81	Civic and social organizations	47	813410	51	47051	Franklin County, Tennessee	yes	1.3333333333333333	9.045264835493946	95.99269728960765
26467	81	Civic and social organizations	47	813410	53	47053	Gibson County, Tennessee	no	3.0	7.666666666666667	110.0
26468	81	Civic and social organizations	47	813410	53	47053	Gibson County, Tennessee	yes	2.0	10.402646643563086	181.89523360287512
26469	81	Civic and social organizations	47	813410	55	47055	Giles County, Tennessee	no	3.0	13.0	214.33333333333334
26470	81	Civic and social organizations	47	813410	55	47055	Giles County, Tennessee	yes	3.3333333333333335	25.90095238095238	202.15333333333334
26471	81	Civic and social organizations	47	813410	59	47059	Greene County, Tennessee	no	5.0	47.333333333333336	616.1666666666666
26472	81	Civic and social organizations	47	813410	61	47061	Grundy County, Tennessee	yes	1.0	7.538333333333333	64.30333333333334
26473	81	Civic and social organizations	47	813410	63	47063	Hamblen County, Tennessee	no	7.166666666666667	37.5	818.6666666666666
26474	81	Civic and social organizations	47	813410	65	47065	Hamilton County, Tennessee	no	33.666666666666664	164.83333333333334	5227.5
26475	81	Civic and social organizations	47	813410	69	47069	Hardeman County, Tennessee	yes	1.0	5.9244339622641515	117.9928537735849
26476	81	Civic and social organizations	47	813410	71	47071	Hardin County, Tennessee	yes	2.0	13.064974115432335	149.11650569032645
26477	81	Civic and social organizations	47	813410	73	47073	Hawkins County, Tennessee	yes	2.0	13.064974115432335	149.11650569032645
26478	81	Civic and social organizations	47	813410	75	47075	Haywood County, Tennessee	yes	1.6666666666666667	11.09016279467762	109.78555443246482
26479	81	Civic and social organizations	47	813410	77	47077	Henderson County, Tennessee	yes	1.0	6.5324870577161676	74.55825284516322
26480	81	Civic and social organizations	47	813410	79	47079	Henry County, Tennessee	no	7.5	17.166666666666668	197.33333333333334
26481	81	Civic and social organizations	47	813410	81	47081	Hickman County, Tennessee	yes	1.0	6.134693877551021	41.378571428571426
26482	81	Civic and social organizations	47	813410	85	47085	Humphreys County, Tennessee	yes	1.0	6.5324870577161676	74.55825284516322
26483	81	Civic and social organizations	47	813410	89	47089	Jefferson County, Tennessee	no	3.0	7.166666666666667	314.8333333333333
26484	81	Civic and social organizations	47	813410	91	47091	Johnson County, Tennessee	yes	1.0	6.134693877551021	41.378571428571426
26485	81	Civic and social organizations	47	813410	93	47093	Knox County, Tennessee	no	40.166666666666664	329.6666666666667	8933.0
26486	81	Civic and social organizations	47	813410	99	47099	Lawrence County, Tennessee	no	3.0	11.666666666666666	158.83333333333334
26487	81	Civic and social organizations	47	813410	101	47101	Lewis County, Tennessee	yes	1.0	8.33047619047619	45.78333333333333
26488	81	Civic and social organizations	47	813410	103	47103	Lincoln County, Tennessee	yes	1.0	6.5324870577161676	74.55825284516322
26489	81	Civic and social organizations	47	813410	105	47105	Loudon County, Tennessee	yes	1.0	6.805351473922902	42.80793650793651
26490	81	Civic and social organizations	47	813410	107	47107	McMinn County, Tennessee	no	5.0	41.166666666666664	738.5
26491	81	Civic and social organizations	47	813410	109	47109	McNairy County, Tennessee	yes	1.0	6.5324870577161676	74.55825284516322
26492	81	Civic and social organizations	47	813410	111	47111	Macon County, Tennessee	yes	1.0	7.863650793650794	58.168888888888894
26493	81	Civic and social organizations	47	813410	113	47113	Madison County, Tennessee	no	11.0	17.4	815.2
26494	81	Civic and social organizations	47	813410	113	47113	Madison County, Tennessee	yes	8.0	55.44	663.52
26495	81	Civic and social organizations	47	813410	117	47117	Marshall County, Tennessee	no	3.0	14.0	59.0
26496	81	Civic and social organizations	47	813410	117	47117	Marshall County, Tennessee	yes	2.0	14.175928122192271	164.1969496855346
26497	81	Civic and social organizations	47	813410	119	47119	Maury County, Tennessee	no	3.0	26.0	639.0
26498	81	Civic and social organizations	47	813410	119	47119	Maury County, Tennessee	yes	3.0	21.263892183288412	246.29542452830188
26499	81	Civic and social organizations	47	813410	121	47121	Meigs County, Tennessee	yes	1.0	6.5324870577161676	74.55825284516322
26500	81	Civic and social organizations	47	813410	123	47123	Monroe County, Tennessee	yes	1.3333333333333333	9.045264835493946	95.99269728960765
26501	81	Civic and social organizations	47	813410	125	47125	Montgomery County, Tennessee	no	4.833333333333333	8.333333333333334	222.0
26502	81	Civic and social organizations	47	813410	129	47129	Morgan County, Tennessee	yes	1.0	5.9244339622641515	117.9928537735849
26503	81	Civic and social organizations	47	813410	131	47131	Obion County, Tennessee	yes	1.0	6.5324870577161676	74.55825284516322
26504	81	Civic and social organizations	47	813410	133	47133	Overton County, Tennessee	yes	1.0	6.5324870577161676	74.55825284516322
26505	81	Civic and social organizations	47	813410	135	47135	Perry County, Tennessee	yes	1.0	6.5324870577161676	74.55825284516322
26506	81	Civic and social organizations	47	813410	139	47139	Polk County, Tennessee	yes	1.0	6.5324870577161676	74.55825284516322
26507	81	Civic and social organizations	47	813410	141	47141	Putnam County, Tennessee	no	4.666666666666667	11.833333333333334	76.33333333333333
26508	81	Civic and social organizations	47	813410	143	47143	Rhea County, Tennessee	yes	1.0	8.146666666666667	45.66666666666667
26509	81	Civic and social organizations	47	813410	145	47145	Roane County, Tennessee	yes	1.5	10.464312454541565	103.64269728960767
26510	81	Civic and social organizations	47	813410	147	47147	Robertson County, Tennessee	no	3.0	8.0	26.0
26511	81	Civic and social organizations	47	813410	147	47147	Robertson County, Tennessee	yes	2.0	14.175928122192271	164.1969496855346
26512	81	Civic and social organizations	47	813410	149	47149	Rutherford County, Tennessee	no	6.5	18.5	271.1666666666667
26513	81	Civic and social organizations	47	813410	155	47155	Sevier County, Tennessee	yes	1.3333333333333333	9.045264835493946	95.99269728960765
26514	81	Civic and social organizations	47	813410	157	47157	Shelby County, Tennessee	no	60.833333333333336	449.5	16732.666666666668
26515	81	Civic and social organizations	47	813410	161	47161	Stewart County, Tennessee	yes	2.0	13.064974115432335	149.11650569032645
26516	81	Civic and social organizations	47	813410	163	47163	Sullivan County, Tennessee	no	14.166666666666666	72.66666666666667	1293.8333333333333
26517	81	Civic and social organizations	47	813410	165	47165	Sumner County, Tennessee	no	6.0	11.0	791.3333333333334
26518	81	Civic and social organizations	47	813410	167	47167	Tipton County, Tennessee	yes	1.6666666666666667	10.552196337654557	127.682061245882
26519	81	Civic and social organizations	47	813410	171	47171	Unicoi County, Tennessee	yes	1.5	10.464312454541565	103.64269728960767
26520	81	Civic and social organizations	47	813410	173	47173	Union County, Tennessee	yes	1.0	6.5324870577161676	74.55825284516322
26521	81	Civic and social organizations	47	813410	177	47177	Warren County, Tennessee	no	3.0	13.333333333333334	107.83333333333333
26522	81	Civic and social organizations	47	813410	179	47179	Washington County, Tennessee	no	9.8	57.0	1461.8
26523	81	Civic and social organizations	47	813410	179	47179	Washington County, Tennessee	yes	10.0	69.3	829.4000000000001
26524	81	Civic and social organizations	47	813410	183	47183	Weakley County, Tennessee	no	4.0	13.666666666666666	110.0
26525	81	Civic and social organizations	47	813410	183	47183	Weakley County, Tennessee	yes	2.0	10.402646643563086	181.89523360287512
26526	81	Civic and social organizations	47	813410	187	47187	Williamson County, Tennessee	no	10.8	115.2	4323.6
26527	81	Civic and social organizations	47	813410	187	47187	Williamson County, Tennessee	yes	13.0	90.09	1078.22
26528	81	Civic and social organizations	47	813410	189	47189	Wilson County, Tennessee	no	5.5	12.666666666666666	374.1666666666667
26529	81	Coin-operated laundries and drycleaners	47	812310	5	47005	Benton County, Tennessee	yes	1.0	3.0105125098798537	43.79176292590615
26530	81	Coin-operated laundries and drycleaners	47	812310	9	47009	Blount County, Tennessee	yes	2.0	6.0210250197597075	87.5835258518123
26531	81	Coin-operated laundries and drycleaners	47	812310	17	47017	Carroll County, Tennessee	yes	1.0	4.176470588235294	34.029411764705884
26532	81	Coin-operated laundries and drycleaners	47	812310	29	47029	Cocke County, Tennessee	yes	1.0	3.0105125098798537	43.79176292590615
26533	81	Coin-operated laundries and drycleaners	47	812310	35	47035	Cumberland County, Tennessee	yes	2.0	6.0210250197597075	87.5835258518123
26534	81	Coin-operated laundries and drycleaners	47	812310	37	47037	Davidson County, Tennessee	no	26.4	89.2	2467.4
26535	81	Coin-operated laundries and drycleaners	47	812310	37	47037	Davidson County, Tennessee	yes	27.0	74.36842105263158	1575.0
26536	81	Coin-operated laundries and drycleaners	47	812310	43	47043	Dickson County, Tennessee	yes	1.0	3.0105125098798537	43.79176292590615
26537	81	Coin-operated laundries and drycleaners	47	812310	45	47045	Dyer County, Tennessee	yes	1.0	2.7830546265328873	42.59695811434942
26538	81	Coin-operated laundries and drycleaners	47	812310	53	47053	Gibson County, Tennessee	yes	1.6666666666666667	5.047120029728725	81.7120348250783
26539	81	Coin-operated laundries and drycleaners	47	812310	55	47055	Giles County, Tennessee	yes	1.0	3.0105125098798537	43.79176292590615
26540	81	Coin-operated laundries and drycleaners	47	812310	63	47063	Hamblen County, Tennessee	yes	1.0	3.130798338228679	41.14655605832076
26541	81	Coin-operated laundries and drycleaners	47	812310	65	47065	Hamilton County, Tennessee	no	6.0	17.333333333333332	359.3333333333333
26542	81	Coin-operated laundries and drycleaners	47	812310	69	47069	Hardeman County, Tennessee	yes	1.0	3.0105125098798537	43.79176292590615
26543	81	Coin-operated laundries and drycleaners	47	812310	73	47073	Hawkins County, Tennessee	yes	1.0	3.0105125098798537	43.79176292590615
26544	81	Coin-operated laundries and drycleaners	47	812310	75	47075	Haywood County, Tennessee	yes	1.0	3.0105125098798537	43.79176292590615
26545	81	Coin-operated laundries and drycleaners	47	812310	77	47077	Henderson County, Tennessee	yes	1.0	3.0105125098798537	43.79176292590615
26546	81	Coin-operated laundries and drycleaners	47	812310	81	47081	Hickman County, Tennessee	yes	1.0	2.4615384615384617	31.076923076923077
26547	81	Coin-operated laundries and drycleaners	47	812310	93	47093	Knox County, Tennessee	no	10.666666666666666	53.166666666666664	905.0
26548	81	Coin-operated laundries and drycleaners	47	812310	101	47101	Lewis County, Tennessee	yes	1.0	3.0105125098798537	43.79176292590615
26549	81	Coin-operated laundries and drycleaners	47	812310	105	47105	Loudon County, Tennessee	yes	1.0	3.0105125098798537	43.79176292590615
26550	81	Coin-operated laundries and drycleaners	47	812310	107	47107	McMinn County, Tennessee	yes	2.0	6.0210250197597075	87.5835258518123
26551	81	Coin-operated laundries and drycleaners	47	812310	113	47113	Madison County, Tennessee	no	3.0	9.0	165.33333333333334
26552	81	Coin-operated laundries and drycleaners	47	812310	113	47113	Madison County, Tennessee	yes	2.0	5.780453363062058	92.87393958698306
26553	81	Coin-operated laundries and drycleaners	47	812310	119	47119	Maury County, Tennessee	yes	2.3333333333333335	7.099471693858557	105.22105836760568
26554	81	Coin-operated laundries and drycleaners	47	812310	125	47125	Montgomery County, Tennessee	no	6.666666666666667	27.166666666666668	399.3333333333333
26555	81	Coin-operated laundries and drycleaners	47	812310	131	47131	Obion County, Tennessee	yes	2.0	6.638009049773756	65.10633484162896
26556	81	Coin-operated laundries and drycleaners	47	812310	141	47141	Putnam County, Tennessee	yes	2.3333333333333335	7.099471693858557	105.22105836760568
26557	81	Coin-operated laundries and drycleaners	47	812310	147	47147	Robertson County, Tennessee	yes	1.0	3.0105125098798537	43.79176292590615
26558	81	Coin-operated laundries and drycleaners	47	812310	149	47149	Rutherford County, Tennessee	no	5.166666666666667	19.5	277.3333333333333
26559	81	Coin-operated laundries and drycleaners	47	812310	155	47155	Sevier County, Tennessee	yes	1.8333333333333333	5.534072524744217	84.6477803384453
26560	81	Coin-operated laundries and drycleaners	47	812310	157	47157	Shelby County, Tennessee	no	21.0	148.5	3245.3333333333335
26561	81	Coin-operated laundries and drycleaners	47	812310	159	47159	Smith County, Tennessee	yes	1.0	2.4615384615384617	31.076923076923077
26562	81	Coin-operated laundries and drycleaners	47	812310	163	47163	Sullivan County, Tennessee	yes	1.0	3.0105125098798537	43.79176292590615
26563	81	Coin-operated laundries and drycleaners	47	812310	165	47165	Sumner County, Tennessee	yes	2.5	7.251794250528938	103.12198739027383
26564	81	Coin-operated laundries and drycleaners	47	812310	179	47179	Washington County, Tennessee	yes	2.3333333333333335	7.127359861388666	98.43458165875046
26565	81	Coin-operated laundries and drycleaners	47	812310	181	47181	Wayne County, Tennessee	yes	1.0	3.0105125098798537	43.79176292590615
26566	81	Coin-operated laundries and drycleaners	47	812310	185	47185	White County, Tennessee	yes	1.1666666666666667	3.377179176546521	49.37271530685853
26567	81	Coin-operated laundries and drycleaners	47	812310	187	47187	Williamson County, Tennessee	yes	1.0	3.235340022296544	52.91259754738016
26568	81	Coin-operated laundries and drycleaners	47	812310	189	47189	Wilson County, Tennessee	no	3.0	0.0	14.0
26569	81	Commercial and industrial machinery and equipment (except automotive and electronic) repair and maintenance	47	811310	1	47001	Anderson County, Tennessee	no	5.0	38.2	1552.8
26570	81	Commercial and industrial machinery and equipment (except automotive and electronic) repair and maintenance	47	811310	1	47001	Anderson County, Tennessee	yes	7.0	57.69473684210526	2050.5578947368417
26571	81	Commercial and industrial machinery and equipment (except automotive and electronic) repair and maintenance	47	811310	3	47003	Bedford County, Tennessee	yes	2.3333333333333335	20.224870163012167	838.9476038130139
26572	81	Commercial and industrial machinery and equipment (except automotive and electronic) repair and maintenance	47	811310	5	47005	Benton County, Tennessee	yes	1.0	8.679064163607476	349.24376348672916
26573	81	Commercial and industrial machinery and equipment (except automotive and electronic) repair and maintenance	47	811310	9	47009	Blount County, Tennessee	no	5.833333333333333	55.166666666666664	3029.5
26574	81	Commercial and industrial machinery and equipment (except automotive and electronic) repair and maintenance	47	811310	11	47011	Bradley County, Tennessee	no	6.166666666666667	33.166666666666664	1724.8333333333333
26575	81	Commercial and industrial machinery and equipment (except automotive and electronic) repair and maintenance	47	811310	13	47013	Campbell County, Tennessee	yes	1.0	8.7184834917154	313.17552997076024
26576	81	Commercial and industrial machinery and equipment (except automotive and electronic) repair and maintenance	47	811310	15	47015	Cannon County, Tennessee	yes	1.5	12.74632683273802	547.1517569929515
26577	81	Commercial and industrial machinery and equipment (except automotive and electronic) repair and maintenance	47	811310	19	47019	Carter County, Tennessee	yes	2.6666666666666665	23.424096488358554	903.3732969539651
26578	81	Commercial and industrial machinery and equipment (except automotive and electronic) repair and maintenance	47	811310	21	47021	Cheatham County, Tennessee	yes	1.5	12.74632683273802	547.1517569929515
26579	81	Commercial and industrial machinery and equipment (except automotive and electronic) repair and maintenance	47	811310	25	47025	Claiborne County, Tennessee	yes	3.1666666666666665	27.82114310810638	1096.6942534231505
26580	81	Commercial and industrial machinery and equipment (except automotive and electronic) repair and maintenance	47	811310	27	47027	Clay County, Tennessee	yes	1.0	8.483552631578947	307.11842105263156
26581	81	Commercial and industrial machinery and equipment (except automotive and electronic) repair and maintenance	47	811310	31	47031	Coffee County, Tennessee	yes	1.3333333333333333	11.917181447558095	451.75672644969217
26582	81	Commercial and industrial machinery and equipment (except automotive and electronic) repair and maintenance	47	811310	33	47033	Crockett County, Tennessee	yes	1.0	10.703703703703702	293.77777777777777
26583	81	Commercial and industrial machinery and equipment (except automotive and electronic) repair and maintenance	47	811310	35	47035	Cumberland County, Tennessee	yes	2.0	17.358128327214953	698.4875269734583
26584	81	Commercial and industrial machinery and equipment (except automotive and electronic) repair and maintenance	47	811310	37	47037	Davidson County, Tennessee	no	30.5	323.5	16046.0
26585	81	Commercial and industrial machinery and equipment (except automotive and electronic) repair and maintenance	47	811310	41	47041	DeKalb County, Tennessee	yes	1.0	8.679064163607476	349.24376348672916
26586	81	Commercial and industrial machinery and equipment (except automotive and electronic) repair and maintenance	47	811310	43	47043	Dickson County, Tennessee	no	3.0	14.0	525.0
26587	81	Commercial and industrial machinery and equipment (except automotive and electronic) repair and maintenance	47	811310	43	47043	Dickson County, Tennessee	yes	2.4	21.34192504528952	823.1574007892026
26588	81	Commercial and industrial machinery and equipment (except automotive and electronic) repair and maintenance	47	811310	45	47045	Dyer County, Tennessee	no	3.25	3.5	177.5
26589	81	Commercial and industrial machinery and equipment (except automotive and electronic) repair and maintenance	47	811310	45	47045	Dyer County, Tennessee	yes	2.0	19.428703703703704	615.0777777777778
26590	81	Commercial and industrial machinery and equipment (except automotive and electronic) repair and maintenance	47	811310	47	47047	Fayette County, Tennessee	yes	1.5	12.999972666071352	543.2538403262848
26591	81	Commercial and industrial machinery and equipment (except automotive and electronic) repair and maintenance	47	811310	51	47051	Franklin County, Tennessee	yes	1.3333333333333333	11.50691504080046	451.61657050427306
26592	81	Commercial and industrial machinery and equipment (except automotive and electronic) repair and maintenance	47	811310	53	47053	Gibson County, Tennessee	no	5.4	47.8	1327.0
26593	81	Commercial and industrial machinery and equipment (except automotive and electronic) repair and maintenance	47	811310	53	47053	Gibson County, Tennessee	yes	3.0	21.609375	1034.0625
26594	81	Commercial and industrial machinery and equipment (except automotive and electronic) repair and maintenance	47	811310	55	47055	Giles County, Tennessee	no	3.3333333333333335	8.666666666666666	371.6666666666667
26595	81	Commercial and industrial machinery and equipment (except automotive and electronic) repair and maintenance	47	811310	59	47059	Greene County, Tennessee	no	4.0	27.0	746.0
26596	81	Commercial and industrial machinery and equipment (except automotive and electronic) repair and maintenance	47	811310	59	47059	Greene County, Tennessee	yes	3.5	32.53976608187134	1026.5403508771929
26597	81	Commercial and industrial machinery and equipment (except automotive and electronic) repair and maintenance	47	811310	63	47063	Hamblen County, Tennessee	yes	2.0	17.358128327214953	698.4875269734583
26598	81	Commercial and industrial machinery and equipment (except automotive and electronic) repair and maintenance	47	811310	65	47065	Hamilton County, Tennessee	no	21.666666666666668	335.5	19832.0
26599	81	Commercial and industrial machinery and equipment (except automotive and electronic) repair and maintenance	47	811310	69	47069	Hardeman County, Tennessee	no	3.0	3.0	66.0
26600	81	Commercial and industrial machinery and equipment (except automotive and electronic) repair and maintenance	47	811310	69	47069	Hardeman County, Tennessee	yes	2.0	17.4369669834308	626.3510599415205
26601	81	Commercial and industrial machinery and equipment (except automotive and electronic) repair and maintenance	47	811310	71	47071	Hardin County, Tennessee	yes	1.6	13.154851458544883	597.8265528359863
26602	81	Commercial and industrial machinery and equipment (except automotive and electronic) repair and maintenance	47	811310	75	47075	Haywood County, Tennessee	yes	1.0	9.223602988953866	302.67153996101365
26603	81	Commercial and industrial machinery and equipment (except automotive and electronic) repair and maintenance	47	811310	77	47077	Henderson County, Tennessee	no	3.3333333333333335	9.166666666666666	668.1666666666666
26604	81	Commercial and industrial machinery and equipment (except automotive and electronic) repair and maintenance	47	811310	79	47079	Henry County, Tennessee	yes	2.0	17.358128327214953	698.4875269734583
26605	81	Commercial and industrial machinery and equipment (except automotive and electronic) repair and maintenance	47	811310	81	47081	Hickman County, Tennessee	yes	1.8333333333333333	15.574177709931002	649.5245640104954
26606	81	Commercial and industrial machinery and equipment (except automotive and electronic) repair and maintenance	47	811310	85	47085	Humphreys County, Tennessee	no	3.0	37.333333333333336	1421.8333333333333
26607	81	Commercial and industrial machinery and equipment (except automotive and electronic) repair and maintenance	47	811310	89	47089	Jefferson County, Tennessee	yes	1.0	8.679064163607476	349.24376348672916
26608	81	Commercial and industrial machinery and equipment (except automotive and electronic) repair and maintenance	47	811310	93	47093	Knox County, Tennessee	no	28.5	324.1666666666667	14781.166666666666
26609	81	Commercial and industrial machinery and equipment (except automotive and electronic) repair and maintenance	47	811310	95	47095	Lake County, Tennessee	yes	1.1666666666666667	10.463014780891427	398.2067264496921
26610	81	Commercial and industrial machinery and equipment (except automotive and electronic) repair and maintenance	47	811310	97	47097	Lauderdale County, Tennessee	yes	2.0	16.269050676522173	791.6319740248895
26611	81	Commercial and industrial machinery and equipment (except automotive and electronic) repair and maintenance	47	811310	99	47099	Lawrence County, Tennessee	yes	1.6666666666666667	14.901652898175378	558.1676060793218
26612	81	Commercial and industrial machinery and equipment (except automotive and electronic) repair and maintenance	47	811310	103	47103	Lincoln County, Tennessee	no	3.0	6.0	139.5
26613	81	Commercial and industrial machinery and equipment (except automotive and electronic) repair and maintenance	47	811310	103	47103	Lincoln County, Tennessee	yes	2.0	18.9458089668616	586.714619883041
26614	81	Commercial and industrial machinery and equipment (except automotive and electronic) repair and maintenance	47	811310	105	47105	Loudon County, Tennessee	yes	1.0	8.679064163607476	349.24376348672916
26615	81	Commercial and industrial machinery and equipment (except automotive and electronic) repair and maintenance	47	811310	109	47109	McNairy County, Tennessee	yes	2.5	21.796766444498903	858.4484066030878
26616	81	Commercial and industrial machinery and equipment (except automotive and electronic) repair and maintenance	47	811310	111	47111	Macon County, Tennessee	yes	1.0	8.679064163607476	349.24376348672916
26617	81	Commercial and industrial machinery and equipment (except automotive and electronic) repair and maintenance	47	811310	113	47113	Madison County, Tennessee	no	3.0	9.0	424.0
26618	81	Commercial and industrial machinery and equipment (except automotive and electronic) repair and maintenance	47	811310	113	47113	Madison County, Tennessee	yes	2.4	21.388594195614598	868.8621245756167
26619	81	Commercial and industrial machinery and equipment (except automotive and electronic) repair and maintenance	47	811310	115	47115	Marion County, Tennessee	yes	1.8333333333333333	15.574177709931002	649.5245640104954
26620	81	Commercial and industrial machinery and equipment (except automotive and electronic) repair and maintenance	47	811310	117	47117	Marshall County, Tennessee	no	3.6666666666666665	15.5	670.0
26621	81	Commercial and industrial machinery and equipment (except automotive and electronic) repair and maintenance	47	811310	119	47119	Maury County, Tennessee	no	4.0	7.75	470.5
26622	81	Commercial and industrial machinery and equipment (except automotive and electronic) repair and maintenance	47	811310	119	47119	Maury County, Tennessee	yes	2.5	23.066861598440546	733.1830409356726
26623	81	Commercial and industrial machinery and equipment (except automotive and electronic) repair and maintenance	47	811310	121	47121	Meigs County, Tennessee	yes	1.0	8.679064163607476	349.24376348672916
26624	81	Commercial and industrial machinery and equipment (except automotive and electronic) repair and maintenance	47	811310	123	47123	Monroe County, Tennessee	yes	1.3333333333333333	11.970971410006499	400.31715399610135
26625	81	Commercial and industrial machinery and equipment (except automotive and electronic) repair and maintenance	47	811310	125	47125	Montgomery County, Tennessee	no	4.8	11.0	732.8
26626	81	Commercial and industrial machinery and equipment (except automotive and electronic) repair and maintenance	47	811310	125	47125	Montgomery County, Tennessee	yes	6.0	49.45263157894737	1757.621052631579
26627	81	Commercial and industrial machinery and equipment (except automotive and electronic) repair and maintenance	47	811310	129	47129	Morgan County, Tennessee	yes	1.0	8.7184834917154	313.17552997076024
26628	81	Commercial and industrial machinery and equipment (except automotive and electronic) repair and maintenance	47	811310	131	47131	Obion County, Tennessee	no	4.0	5.5	271.5
26629	81	Commercial and industrial machinery and equipment (except automotive and electronic) repair and maintenance	47	811310	131	47131	Obion County, Tennessee	yes	2.0	18.314577359243483	728.919119407556
26630	81	Commercial and industrial machinery and equipment (except automotive and electronic) repair and maintenance	47	811310	135	47135	Perry County, Tennessee	yes	1.0	8.134525338261087	395.81598701244474
26631	81	Commercial and industrial machinery and equipment (except automotive and electronic) repair and maintenance	47	811310	141	47141	Putnam County, Tennessee	no	3.1666666666666665	23.666666666666668	553.6666666666666
26632	81	Commercial and industrial machinery and equipment (except automotive and electronic) repair and maintenance	47	811310	145	47145	Roane County, Tennessee	yes	1.0	8.274136255588232	360.3369606285195
26633	81	Commercial and industrial machinery and equipment (except automotive and electronic) repair and maintenance	47	811310	147	47147	Robertson County, Tennessee	no	7.166666666666667	19.333333333333332	1405.1666666666667
26634	81	Commercial and industrial machinery and equipment (except automotive and electronic) repair and maintenance	47	811310	149	47149	Rutherford County, Tennessee	no	15.333333333333334	180.83333333333334	6349.333333333333
26635	81	Commercial and industrial machinery and equipment (except automotive and electronic) repair and maintenance	47	811310	151	47151	Scott County, Tennessee	yes	1.0	8.16142031948529	370.09620078564933
26636	81	Commercial and industrial machinery and equipment (except automotive and electronic) repair and maintenance	47	811310	153	47153	Sequatchie County, Tennessee	yes	1.0	8.679064163607476	349.24376348672916
26637	81	Commercial and industrial machinery and equipment (except automotive and electronic) repair and maintenance	47	811310	155	47155	Sevier County, Tennessee	yes	3.0	26.03719249082243	1047.7312904601874
26638	81	Commercial and industrial machinery and equipment (except automotive and electronic) repair and maintenance	47	811310	157	47157	Shelby County, Tennessee	no	38.333333333333336	504.1666666666667	25341.5
26639	81	Commercial and industrial machinery and equipment (except automotive and electronic) repair and maintenance	47	811310	159	47159	Smith County, Tennessee	yes	1.0	8.679064163607476	349.24376348672916
26640	81	Commercial and industrial machinery and equipment (except automotive and electronic) repair and maintenance	47	811310	163	47163	Sullivan County, Tennessee	no	5.333333333333333	34.333333333333336	1186.0
26641	81	Commercial and industrial machinery and equipment (except automotive and electronic) repair and maintenance	47	811310	163	47163	Sullivan County, Tennessee	yes	3.6666666666666665	33.986078622482125	1103.5861598440545
26642	81	Commercial and industrial machinery and equipment (except automotive and electronic) repair and maintenance	47	811310	165	47165	Sumner County, Tennessee	no	8.166666666666666	71.66666666666667	2927.8333333333335
26643	81	Commercial and industrial machinery and equipment (except automotive and electronic) repair and maintenance	47	811310	167	47167	Tipton County, Tennessee	no	5.0	46.666666666666664	1979.6666666666667
26644	81	Commercial and industrial machinery and equipment (except automotive and electronic) repair and maintenance	47	811310	167	47167	Tipton County, Tennessee	yes	4.0	36.894411955815464	1210.6861598440546
26645	81	Commercial and industrial machinery and equipment (except automotive and electronic) repair and maintenance	47	811310	169	47169	Trousdale County, Tennessee	yes	1.0	8.274136255588232	360.3369606285195
26646	81	Commercial and industrial machinery and equipment (except automotive and electronic) repair and maintenance	47	811310	171	47171	Unicoi County, Tennessee	yes	1.0	8.679064163607476	349.24376348672916
26647	81	Commercial and industrial machinery and equipment (except automotive and electronic) repair and maintenance	47	811310	173	47173	Union County, Tennessee	yes	1.3333333333333333	11.917181447558095	451.75672644969217
26648	81	Commercial and industrial machinery and equipment (except automotive and electronic) repair and maintenance	47	811310	177	47177	Warren County, Tennessee	yes	2.0	17.358128327214953	698.4875269734583
26649	81	Commercial and industrial machinery and equipment (except automotive and electronic) repair and maintenance	47	811310	179	47179	Washington County, Tennessee	no	6.666666666666667	45.5	2248.1666666666665
26650	81	Commercial and industrial machinery and equipment (except automotive and electronic) repair and maintenance	47	811310	181	47181	Wayne County, Tennessee	yes	2.3333333333333335	20.224870163012167	838.9476038130139
26651	81	Commercial and industrial machinery and equipment (except automotive and electronic) repair and maintenance	47	811310	183	47183	Weakley County, Tennessee	no	3.0	0.0	231.0
26652	81	Commercial and industrial machinery and equipment (except automotive and electronic) repair and maintenance	47	811310	183	47183	Weakley County, Tennessee	yes	2.4	19.94169356380804	843.5212896780915
26653	81	Commercial and industrial machinery and equipment (except automotive and electronic) repair and maintenance	47	811310	185	47185	White County, Tennessee	no	3.1666666666666665	4.666666666666667	201.83333333333334
26654	81	Commercial and industrial machinery and equipment (except automotive and electronic) repair and maintenance	47	811310	187	47187	Williamson County, Tennessee	no	4.6	10.0	546.4
26655	81	Commercial and industrial machinery and equipment (except automotive and electronic) repair and maintenance	47	811310	187	47187	Williamson County, Tennessee	yes	2.0	21.407407407407405	587.5555555555555
26656	81	Commercial and industrial machinery and equipment (except automotive and electronic) repair and maintenance	47	811310	189	47189	Wilson County, Tennessee	no	10.833333333333334	30.166666666666668	1690.0
26657	81	Communication equipment repair and maintenance	47	811213	11	47011	Bradley County, Tennessee	yes	1.0	9.666666666666666	637.1851851851851
26658	81	Communication equipment repair and maintenance	47	811213	17	47017	Carroll County, Tennessee	yes	1.5	18.61696484293738	1073.8948797021833
26659	81	Communication equipment repair and maintenance	47	811213	35	47035	Cumberland County, Tennessee	yes	1.0	9.666666666666666	637.1851851851851
26660	81	Communication equipment repair and maintenance	47	811213	37	47037	Davidson County, Tennessee	yes	3.8333333333333335	48.99442942005871	2677.921574632673
26661	81	Communication equipment repair and maintenance	47	811213	45	47045	Dyer County, Tennessee	yes	1.0	11.320574162679426	597.6782296650717
26662	81	Communication equipment repair and maintenance	47	811213	53	47053	Gibson County, Tennessee	yes	1.0	9.666666666666666	637.1851851851851
26663	81	Communication equipment repair and maintenance	47	811213	59	47059	Greene County, Tennessee	yes	1.0	11.320574162679426	597.6782296650717
26664	81	Communication equipment repair and maintenance	47	811213	65	47065	Hamilton County, Tennessee	yes	2.6	35.711653144719506	1761.8460838360722
26665	81	Communication equipment repair and maintenance	47	811213	71	47071	Hardin County, Tennessee	yes	1.0	12.651385132792454	696.0297763742177
26666	81	Communication equipment repair and maintenance	47	811213	73	47073	Hawkins County, Tennessee	yes	1.0	13.31679061784897	745.2055497287905
26667	81	Communication equipment repair and maintenance	47	811213	93	47093	Knox County, Tennessee	no	4.166666666666667	18.833333333333332	716.1666666666666
26668	81	Communication equipment repair and maintenance	47	811213	109	47109	McNairy County, Tennessee	yes	1.0	12.651385132792454	696.0297763742177
26669	81	Communication equipment repair and maintenance	47	811213	113	47113	Madison County, Tennessee	yes	1.1666666666666667	14.262496243903568	802.227307238415
26670	81	Communication equipment repair and maintenance	47	811213	115	47115	Marion County, Tennessee	yes	1.0	11.320574162679426	597.6782296650717
26671	81	Communication equipment repair and maintenance	47	811213	125	47125	Montgomery County, Tennessee	yes	1.0	13.06340579710145	815.0027173913043
26672	81	Communication equipment repair and maintenance	47	811213	141	47141	Putnam County, Tennessee	yes	1.0	12.651385132792454	696.0297763742177
26673	81	Communication equipment repair and maintenance	47	811213	149	47149	Rutherford County, Tennessee	yes	2.3333333333333335	28.594436932251572	1648.9029169459661
26674	81	Communication equipment repair and maintenance	47	811213	151	47151	Scott County, Tennessee	yes	1.0	12.651385132792454	696.0297763742177
26675	81	Communication equipment repair and maintenance	47	811213	157	47157	Shelby County, Tennessee	no	6.666666666666667	63.666666666666664	3673.5
26676	81	Communication equipment repair and maintenance	47	811213	163	47163	Sullivan County, Tennessee	no	3.0	19.8	852.8
26677	81	Communication equipment repair and maintenance	47	811213	163	47163	Sullivan County, Tennessee	yes	2.0	19.333333333333332	1274.3703703703702
26678	81	Communication equipment repair and maintenance	47	811213	165	47165	Sumner County, Tennessee	yes	1.8333333333333333	21.90863150960405	1330.738243899714
26679	81	Communication equipment repair and maintenance	47	811213	179	47179	Washington County, Tennessee	yes	1.0	12.651385132792454	696.0297763742177
26680	81	Communication equipment repair and maintenance	47	811213	187	47187	Williamson County, Tennessee	no	3.0	43.0	1381.0
26681	81	Communication equipment repair and maintenance	47	811213	187	47187	Williamson County, Tennessee	yes	1.4	15.636925317245684	1000.7214528966244
26682	81	Communication equipment repair and maintenance	47	811213	189	47189	Wilson County, Tennessee	yes	1.0	12.651385132792454	696.0297763742177
26683	81	Computer and office machine repair and maintenance	47	811212	1	47001	Anderson County, Tennessee	yes	1.0	32.33804194482016	1428.0914415986736
26684	81	Computer and office machine repair and maintenance	47	811212	9	47009	Blount County, Tennessee	yes	1.8333333333333333	58.06466200750581	2371.9795715318855
26685	81	Computer and office machine repair and maintenance	47	811212	31	47031	Coffee County, Tennessee	yes	1.0	32.33804194482016	1428.0914415986736
26686	81	Computer and office machine repair and maintenance	47	811212	35	47035	Cumberland County, Tennessee	yes	1.0	30.77276816222285	1248.7069988806968
26687	81	Computer and office machine repair and maintenance	47	811212	37	47037	Davidson County, Tennessee	no	16.0	301.5	12547.833333333334
26688	81	Computer and office machine repair and maintenance	47	811212	45	47045	Dyer County, Tennessee	yes	2.0	61.5455363244457	2497.4139977613936
26689	81	Computer and office machine repair and maintenance	47	811212	53	47053	Gibson County, Tennessee	yes	1.0	33.36861861861862	1227.6805555555557
26690	81	Computer and office machine repair and maintenance	47	811212	65	47065	Hamilton County, Tennessee	no	9.166666666666666	23.5	1011.0
26691	81	Computer and office machine repair and maintenance	47	811212	73	47073	Hawkins County, Tennessee	yes	1.0	32.48934511434511	1310.0865384615386
26692	81	Computer and office machine repair and maintenance	47	811212	77	47077	Henderson County, Tennessee	yes	1.3333333333333333	41.85525067309447	1737.2238735261874
26693	81	Computer and office machine repair and maintenance	47	811212	93	47093	Knox County, Tennessee	no	5.333333333333333	9.666666666666666	279.6666666666667
26694	81	Computer and office machine repair and maintenance	47	811212	93	47093	Knox County, Tennessee	yes	4.333333333333333	123.7917261523819	4528.159077109896
26695	81	Computer and office machine repair and maintenance	47	811212	99	47099	Lawrence County, Tennessee	yes	1.0	30.77276816222285	1248.7069988806968
26696	81	Computer and office machine repair and maintenance	47	811212	113	47113	Madison County, Tennessee	no	3.0	4.0	113.0
26697	81	Computer and office machine repair and maintenance	47	811212	113	47113	Madison County, Tennessee	yes	1.3333333333333333	38.79438896652011	1575.3175704077341
26698	81	Computer and office machine repair and maintenance	47	811212	115	47115	Marion County, Tennessee	yes	1.0	29.53542847702684	1140.2851863528092
26699	81	Computer and office machine repair and maintenance	47	811212	119	47119	Maury County, Tennessee	yes	1.0	33.247447532614856	1465.550623936472
26700	81	Computer and office machine repair and maintenance	47	811212	125	47125	Montgomery County, Tennessee	yes	1.0	29.20749437962553	1069.32255616272
26701	81	Computer and office machine repair and maintenance	47	811212	141	47141	Putnam County, Tennessee	yes	1.0	30.77276816222285	1248.7069988806968
26702	81	Computer and office machine repair and maintenance	47	811212	145	47145	Roane County, Tennessee	yes	1.0	20.885245901639344	752.6065573770492
26703	81	Computer and office machine repair and maintenance	47	811212	147	47147	Robertson County, Tennessee	yes	1.6666666666666667	52.685032377876176	2173.9193863467003
26704	81	Computer and office machine repair and maintenance	47	811212	149	47149	Rutherford County, Tennessee	yes	3.8333333333333335	117.09512859955822	4731.839967031143
26705	81	Computer and office machine repair and maintenance	47	811212	155	47155	Sevier County, Tennessee	yes	1.5	37.02413479052824	1346.7871129326047
26706	81	Computer and office machine repair and maintenance	47	811212	157	47157	Shelby County, Tennessee	no	17.5	23.5	1331.5
26707	81	Computer and office machine repair and maintenance	47	811212	157	47157	Shelby County, Tennessee	yes	17.25	497.7040443214485	21088.28172541359
26708	81	Computer and office machine repair and maintenance	47	811212	163	47163	Sullivan County, Tennessee	yes	2.0	61.5455363244457	2497.4139977613936
26709	81	Computer and office machine repair and maintenance	47	811212	165	47165	Sumner County, Tennessee	no	3.0	6.0	99.0
26710	81	Computer and office machine repair and maintenance	47	811212	165	47165	Sumner County, Tennessee	yes	2.0	59.07085695405368	2280.5703727056184
26711	81	Computer and office machine repair and maintenance	47	811212	173	47173	Union County, Tennessee	yes	1.0	32.868396323479985	1387.8185811990054
26712	81	Computer and office machine repair and maintenance	47	811212	177	47177	Warren County, Tennessee	yes	1.75	51.44104926174599	1942.2771034748494
26713	81	Computer and office machine repair and maintenance	47	811212	179	47179	Washington County, Tennessee	yes	1.5	45.37651535203562	1783.3682769620566
26714	81	Computer and office machine repair and maintenance	47	811212	185	47185	White County, Tennessee	yes	1.0	30.77276816222285	1248.7069988806968
26715	81	Computer and office machine repair and maintenance	47	811212	187	47187	Williamson County, Tennessee	yes	1.0	29.47484293402496	1259.2202205432675
26716	81	Computer and office machine repair and maintenance	47	811212	189	47189	Wilson County, Tennessee	yes	5.166666666666667	154.46603178204725	6218.309336889375
26717	81	Consumer electronics repair and maintenance	47	811211	9	47009	Blount County, Tennessee	yes	1.0	5.764705882352941	147.47058823529412
26718	81	Consumer electronics repair and maintenance	47	811211	11	47011	Bradley County, Tennessee	yes	1.0	9.872252747252748	303.88324175824175
26719	81	Consumer electronics repair and maintenance	47	811211	17	47017	Carroll County, Tennessee	yes	1.0	6.000619478560655	216.9369960534821
26720	81	Consumer electronics repair and maintenance	47	811211	37	47037	Davidson County, Tennessee	no	5.0	13.666666666666666	348.3333333333333
26721	81	Consumer electronics repair and maintenance	47	811211	53	47053	Gibson County, Tennessee	yes	1.0	2.2857142857142856	175.07706766917292
26722	81	Consumer electronics repair and maintenance	47	811211	65	47065	Hamilton County, Tennessee	no	3.0	6.0	232.0
26723	81	Consumer electronics repair and maintenance	47	811211	65	47065	Hamilton County, Tennessee	yes	2.25	9.570782159017455	383.7953934610282
26724	81	Consumer electronics repair and maintenance	47	811211	93	47093	Knox County, Tennessee	no	3.3333333333333335	2.6666666666666665	150.0
26725	81	Consumer electronics repair and maintenance	47	811211	93	47093	Knox County, Tennessee	yes	2.3333333333333335	6.996336996336996	439.71274339695395
26726	81	Consumer electronics repair and maintenance	47	811211	113	47113	Madison County, Tennessee	yes	1.75	6.6488364576599865	297.8700540945123
26727	81	Consumer electronics repair and maintenance	47	811211	115	47115	Marion County, Tennessee	yes	1.0	6.000619478560655	216.9369960534821
26728	81	Consumer electronics repair and maintenance	47	811211	119	47119	Maury County, Tennessee	yes	1.0	5.764705882352941	147.47058823529412
26729	81	Consumer electronics repair and maintenance	47	811211	125	47125	Montgomery County, Tennessee	yes	1.5	10.278549881491058	350.93653817802425
26730	81	Consumer electronics repair and maintenance	47	811211	131	47131	Obion County, Tennessee	yes	1.0	6.000619478560655	216.9369960534821
26731	81	Consumer electronics repair and maintenance	47	811211	149	47149	Rutherford County, Tennessee	yes	1.0	6.000619478560655	216.9369960534821
26732	81	Consumer electronics repair and maintenance	47	811211	157	47157	Shelby County, Tennessee	no	4.0	34.25	1076.75
26733	81	Consumer electronics repair and maintenance	47	811211	157	47157	Shelby County, Tennessee	yes	3.5	8.647058823529413	673.9427244582043
26734	81	Consumer electronics repair and maintenance	47	811211	163	47163	Sullivan County, Tennessee	yes	1.1666666666666667	6.961403792286145	241.51542742603112
26735	81	Consumer electronics repair and maintenance	47	811211	165	47165	Sumner County, Tennessee	yes	1.0	9.872252747252748	303.88324175824175
26736	81	Consumer electronics repair and maintenance	47	811211	179	47179	Washington County, Tennessee	yes	1.0	2.2857142857142856	175.07706766917292
26737	81	Consumer electronics repair and maintenance	47	811211	187	47187	Williamson County, Tennessee	yes	2.3333333333333335	21.718864468864467	673.17673992674
26738	81	Consumer electronics repair and maintenance	47	811211	189	47189	Wilson County, Tennessee	yes	1.0	9.872252747252748	303.88324175824175
26739	81	Diet and weight reducing centers	47	812191	1	47001	Anderson County, Tennessee	no	4.0	15.333333333333334	520.0
26740	81	Diet and weight reducing centers	47	812191	1	47001	Anderson County, Tennessee	yes	3.0	40.56497695852534	362.48433179723503
26741	81	Diet and weight reducing centers	47	812191	11	47011	Bradley County, Tennessee	no	3.0	27.0	183.0
26742	81	Diet and weight reducing centers	47	812191	11	47011	Bradley County, Tennessee	yes	2.2	18.846773226773227	232.35749583749583
26743	81	Diet and weight reducing centers	47	812191	19	47019	Carter County, Tennessee	no	3.0	0.0	61.0
26744	81	Diet and weight reducing centers	47	812191	19	47019	Carter County, Tennessee	yes	2.2	19.82861654474558	263.65761872536063
26745	81	Diet and weight reducing centers	47	812191	25	47025	Claiborne County, Tennessee	yes	2.0	19.091589056105185	232.93475395572167
26746	81	Diet and weight reducing centers	47	812191	31	47031	Coffee County, Tennessee	yes	1.0	9.545794528052593	116.46737697786084
26747	81	Diet and weight reducing centers	47	812191	33	47033	Crockett County, Tennessee	yes	1.0	9.545794528052593	116.46737697786084
26748	81	Diet and weight reducing centers	47	812191	37	47037	Davidson County, Tennessee	no	5.2	91.6	2667.0
26749	81	Diet and weight reducing centers	47	812191	37	47037	Davidson County, Tennessee	yes	7.0	106.35483870967742	1117.2903225806451
26750	81	Diet and weight reducing centers	47	812191	59	47059	Greene County, Tennessee	yes	1.8333333333333333	16.559330991589057	206.33260341808727
26751	81	Diet and weight reducing centers	47	812191	63	47063	Hamblen County, Tennessee	no	3.0	0.0	271.0
26752	81	Diet and weight reducing centers	47	812191	63	47063	Hamblen County, Tennessee	yes	2.0	13.390609390609391	209.86234598734598
26753	81	Diet and weight reducing centers	47	812191	65	47065	Hamilton County, Tennessee	no	4.833333333333333	11.166666666666666	430.8333333333333
26754	81	Diet and weight reducing centers	47	812191	73	47073	Hawkins County, Tennessee	yes	1.5	17.673397570171762	175.11413559558721
26755	81	Diet and weight reducing centers	47	812191	91	47091	Johnson County, Tennessee	yes	1.1666666666666667	11.224365956624021	130.3681706286545
26756	81	Diet and weight reducing centers	47	812191	93	47093	Knox County, Tennessee	no	3.0	0.0	77.0
26757	81	Diet and weight reducing centers	47	812191	93	47093	Knox County, Tennessee	yes	1.6	11.736911475621152	183.13150505408572
26758	81	Diet and weight reducing centers	47	812191	113	47113	Madison County, Tennessee	no	6.833333333333333	60.833333333333336	888.0
26759	81	Diet and weight reducing centers	47	812191	119	47119	Maury County, Tennessee	yes	1.6666666666666667	21.94331797235023	201.83399897593446
26760	81	Diet and weight reducing centers	47	812191	125	47125	Montgomery County, Tennessee	yes	1.0	9.545794528052593	116.46737697786084
26761	81	Diet and weight reducing centers	47	812191	141	47141	Putnam County, Tennessee	yes	1.6666666666666667	14.009330991589055	186.42149230697615
26762	81	Diet and weight reducing centers	47	812191	149	47149	Rutherford County, Tennessee	no	4.0	9.0	220.0
26763	81	Diet and weight reducing centers	47	812191	149	47149	Rutherford County, Tennessee	yes	2.0	22.714306661080855	228.7194386258902
26764	81	Diet and weight reducing centers	47	812191	155	47155	Sevier County, Tennessee	yes	1.0	13.521658986175114	120.82811059907833
26765	81	Diet and weight reducing centers	47	812191	157	47157	Shelby County, Tennessee	no	7.75	79.5	1626.0
26766	81	Diet and weight reducing centers	47	812191	157	47157	Shelby County, Tennessee	yes	10.5	131.89285714285714	1056.0595238095239
26767	81	Diet and weight reducing centers	47	812191	163	47163	Sullivan County, Tennessee	no	7.666666666666667	50.833333333333336	1141.5
26768	81	Diet and weight reducing centers	47	812191	165	47165	Sumner County, Tennessee	yes	1.5	13.198724930982996	170.5957347312186
26769	81	Diet and weight reducing centers	47	812191	171	47171	Unicoi County, Tennessee	yes	1.0	15.193548387096774	159.61290322580643
26770	81	Diet and weight reducing centers	47	812191	179	47179	Washington County, Tennessee	no	4.5	17.0	561.5
26771	81	Diet and weight reducing centers	47	812191	187	47187	Williamson County, Tennessee	no	3.6666666666666665	9.333333333333334	495.6666666666667
26772	81	Drycleaning and laundry services (except coin-operated)	47	812320	1	47001	Anderson County, Tennessee	yes	2.1666666666666665	14.588775146815449	178.67073612160652
26773	81	Drycleaning and laundry services (except coin-operated)	47	812320	3	47003	Bedford County, Tennessee	no	3.0	23.0	231.0
26774	81	Drycleaning and laundry services (except coin-operated)	47	812320	3	47003	Bedford County, Tennessee	yes	2.0	13.188037025493609	169.3910705605397
26775	81	Drycleaning and laundry services (except coin-operated)	47	812320	9	47009	Blount County, Tennessee	no	5.833333333333333	23.5	509.0
26776	81	Drycleaning and laundry services (except coin-operated)	47	812320	11	47011	Bradley County, Tennessee	no	4.166666666666667	40.0	588.6666666666666
26777	81	Drycleaning and laundry services (except coin-operated)	47	812320	19	47019	Carter County, Tennessee	yes	1.0	6.59918209395567	82.58308495578042
26778	81	Drycleaning and laundry services (except coin-operated)	47	812320	21	47021	Cheatham County, Tennessee	yes	1.0	6.791357388582409	70.39469339500816
26779	81	Drycleaning and laundry services (except coin-operated)	47	812320	25	47025	Claiborne County, Tennessee	yes	1.3333333333333333	9.288612660702917	107.39402371484569
26780	81	Drycleaning and laundry services (except coin-operated)	47	812320	29	47029	Cocke County, Tennessee	yes	1.0	6.59918209395567	82.58308495578042
26781	81	Drycleaning and laundry services (except coin-operated)	47	812320	31	47031	Coffee County, Tennessee	no	4.0	13.166666666666666	251.33333333333334
26782	81	Drycleaning and laundry services (except coin-operated)	47	812320	35	47035	Cumberland County, Tennessee	yes	1.0	6.59918209395567	82.58308495578042
26783	81	Drycleaning and laundry services (except coin-operated)	47	812320	37	47037	Davidson County, Tennessee	no	60.166666666666664	375.8333333333333	8058.333333333333
26784	81	Drycleaning and laundry services (except coin-operated)	47	812320	41	47041	DeKalb County, Tennessee	yes	1.0	6.791357388582409	70.39469339500816
26785	81	Drycleaning and laundry services (except coin-operated)	47	812320	43	47043	Dickson County, Tennessee	yes	1.0	6.59918209395567	82.58308495578042
26786	81	Drycleaning and laundry services (except coin-operated)	47	812320	45	47045	Dyer County, Tennessee	no	3.0	0.0	116.0
26787	81	Drycleaning and laundry services (except coin-operated)	47	812320	45	47045	Dyer County, Tennessee	yes	2.4	16.415353705590306	199.16419707141802
26788	81	Drycleaning and laundry services (except coin-operated)	47	812320	51	47051	Franklin County, Tennessee	yes	1.0	6.59918209395567	82.58308495578042
26789	81	Drycleaning and laundry services (except coin-operated)	47	812320	53	47053	Gibson County, Tennessee	yes	1.0	6.59918209395567	82.58308495578042
26790	81	Drycleaning and laundry services (except coin-operated)	47	812320	55	47055	Giles County, Tennessee	yes	1.0	6.59918209395567	82.58308495578042
26791	81	Drycleaning and laundry services (except coin-operated)	47	812320	59	47059	Greene County, Tennessee	yes	1.3333333333333333	9.288612660702917	107.39402371484569
26792	81	Drycleaning and laundry services (except coin-operated)	47	812320	61	47061	Grundy County, Tennessee	yes	1.0	6.214831504702194	106.95986807732496
26793	81	Drycleaning and laundry services (except coin-operated)	47	812320	63	47063	Hamblen County, Tennessee	yes	1.3333333333333333	8.723567411834138	106.2030357812107
26794	81	Drycleaning and laundry services (except coin-operated)	47	812320	65	47065	Hamilton County, Tennessee	no	27.833333333333332	221.83333333333334	4239.833333333333
26795	81	Drycleaning and laundry services (except coin-operated)	47	812320	69	47069	Hardeman County, Tennessee	yes	1.0	8.06829170024174	74.43281627719581
26796	81	Drycleaning and laundry services (except coin-operated)	47	812320	71	47071	Hardin County, Tennessee	yes	1.0	6.59918209395567	82.58308495578042
26797	81	Drycleaning and laundry services (except coin-operated)	47	812320	75	47075	Haywood County, Tennessee	yes	1.0	6.59918209395567	82.58308495578042
26798	81	Drycleaning and laundry services (except coin-operated)	47	812320	77	47077	Henderson County, Tennessee	yes	1.0	6.59918209395567	82.58308495578042
26799	81	Drycleaning and laundry services (except coin-operated)	47	812320	79	47079	Henry County, Tennessee	no	4.5	7.166666666666667	203.33333333333334
26800	81	Drycleaning and laundry services (except coin-operated)	47	812320	81	47081	Hickman County, Tennessee	yes	1.0	6.59918209395567	82.58308495578042
26801	81	Drycleaning and laundry services (except coin-operated)	47	812320	85	47085	Humphreys County, Tennessee	yes	1.0	6.59918209395567	82.58308495578042
26802	81	Drycleaning and laundry services (except coin-operated)	47	812320	89	47089	Jefferson County, Tennessee	yes	1.0	6.846809851443211	69.85264674889977
26803	81	Drycleaning and laundry services (except coin-operated)	47	812320	93	47093	Knox County, Tennessee	no	22.166666666666668	257.3333333333333	5904.5
26804	81	Drycleaning and laundry services (except coin-operated)	47	812320	95	47095	Lake County, Tennessee	yes	1.0	6.59918209395567	82.58308495578042
26805	81	Drycleaning and laundry services (except coin-operated)	47	812320	97	47097	Lauderdale County, Tennessee	yes	1.1666666666666667	7.703348760622337	94.58655717800264
26806	81	Drycleaning and laundry services (except coin-operated)	47	812320	99	47099	Lawrence County, Tennessee	yes	1.0	6.59918209395567	82.58308495578042
26807	81	Drycleaning and laundry services (except coin-operated)	47	812320	103	47103	Lincoln County, Tennessee	yes	1.0	6.59918209395567	82.58308495578042
26808	81	Drycleaning and laundry services (except coin-operated)	47	812320	105	47105	Loudon County, Tennessee	yes	1.0	6.59918209395567	82.58308495578042
26809	81	Drycleaning and laundry services (except coin-operated)	47	812320	107	47107	McMinn County, Tennessee	yes	2.0	13.19836418791134	165.16616991156084
26810	81	Drycleaning and laundry services (except coin-operated)	47	812320	111	47111	Macon County, Tennessee	yes	1.0	8.342465753424657	81.02739726027397
26811	81	Drycleaning and laundry services (except coin-operated)	47	812320	113	47113	Madison County, Tennessee	no	4.75	55.5	779.5
26812	81	Drycleaning and laundry services (except coin-operated)	47	812320	113	47113	Madison County, Tennessee	yes	7.5	60.37510072522159	554.9488315874295
26813	81	Drycleaning and laundry services (except coin-operated)	47	812320	115	47115	Marion County, Tennessee	yes	1.5	9.827734078500805	118.20650800343293
26814	81	Drycleaning and laundry services (except coin-operated)	47	812320	117	47117	Marshall County, Tennessee	yes	1.0	6.59918209395567	82.58308495578042
26815	81	Drycleaning and laundry services (except coin-operated)	47	812320	119	47119	Maury County, Tennessee	no	5.0	83.33333333333333	1392.8333333333333
26816	81	Drycleaning and laundry services (except coin-operated)	47	812320	121	47121	Meigs County, Tennessee	yes	1.0	6.2505253620618735	82.89422249488172
26817	81	Drycleaning and laundry services (except coin-operated)	47	812320	123	47123	Monroe County, Tennessee	yes	1.0	6.59918209395567	82.58308495578042
26818	81	Drycleaning and laundry services (except coin-operated)	47	812320	125	47125	Montgomery County, Tennessee	no	7.0	56.5	908.75
26819	81	Drycleaning and laundry services (except coin-operated)	47	812320	125	47125	Montgomery County, Tennessee	yes	4.0	32.27316680096696	297.73126510878325
26820	81	Drycleaning and laundry services (except coin-operated)	47	812320	131	47131	Obion County, Tennessee	yes	2.0	13.19836418791134	165.16616991156084
26821	81	Drycleaning and laundry services (except coin-operated)	47	812320	141	47141	Putnam County, Tennessee	no	3.3333333333333335	19.333333333333332	522.3333333333334
26822	81	Drycleaning and laundry services (except coin-operated)	47	812320	141	47141	Putnam County, Tennessee	yes	3.3333333333333335	18.30145788119926	294.8428130777269
26823	81	Drycleaning and laundry services (except coin-operated)	47	812320	143	47143	Rhea County, Tennessee	yes	1.0	6.59918209395567	82.58308495578042
26824	81	Drycleaning and laundry services (except coin-operated)	47	812320	145	47145	Roane County, Tennessee	yes	1.0	8.342465753424657	81.02739726027397
26825	81	Drycleaning and laundry services (except coin-operated)	47	812320	147	47147	Robertson County, Tennessee	yes	2.0	13.19836418791134	165.16616991156084
26826	81	Drycleaning and laundry services (except coin-operated)	47	812320	149	47149	Rutherford County, Tennessee	no	16.333333333333332	89.0	1617.5
26827	81	Drycleaning and laundry services (except coin-operated)	47	812320	151	47151	Scott County, Tennessee	yes	1.0	6.59918209395567	82.58308495578042
26828	81	Drycleaning and laundry services (except coin-operated)	47	812320	155	47155	Sevier County, Tennessee	no	5.0	49.75	1229.5
26829	81	Drycleaning and laundry services (except coin-operated)	47	812320	155	47155	Sevier County, Tennessee	yes	5.5	41.58989726027397	423.13427511415523
26830	81	Drycleaning and laundry services (except coin-operated)	47	812320	157	47157	Shelby County, Tennessee	no	74.5	673.5	11902.166666666666
26831	81	Drycleaning and laundry services (except coin-operated)	47	812320	159	47159	Smith County, Tennessee	yes	1.0	6.59918209395567	82.58308495578042
26832	81	Drycleaning and laundry services (except coin-operated)	47	812320	163	47163	Sullivan County, Tennessee	no	6.666666666666667	42.333333333333336	650.5
26833	81	Drycleaning and laundry services (except coin-operated)	47	812320	165	47165	Sumner County, Tennessee	no	10.166666666666666	39.166666666666664	904.5
26834	81	Drycleaning and laundry services (except coin-operated)	47	812320	167	47167	Tipton County, Tennessee	yes	1.3333333333333333	8.670792595523068	118.23637431488875
26835	81	Drycleaning and laundry services (except coin-operated)	47	812320	177	47177	Warren County, Tennessee	yes	2.0	13.19836418791134	165.16616991156084
26836	81	Drycleaning and laundry services (except coin-operated)	47	812320	179	47179	Washington County, Tennessee	no	5.0	27.0	632.75
26837	81	Drycleaning and laundry services (except coin-operated)	47	812320	179	47179	Washington County, Tennessee	yes	4.0	31.724818694601126	284.54210314262696
26838	81	Drycleaning and laundry services (except coin-operated)	47	812320	183	47183	Weakley County, Tennessee	yes	1.0	6.59918209395567	82.58308495578042
26839	81	Drycleaning and laundry services (except coin-operated)	47	812320	187	47187	Williamson County, Tennessee	no	18.666666666666668	78.16666666666667	1704.8333333333333
26840	81	Drycleaning and laundry services (except coin-operated)	47	812320	189	47189	Wilson County, Tennessee	no	6.0	25.833333333333332	679.0
26841	81	Environment, conservation and wildlife organizations	47	813312	1	47001	Anderson County, Tennessee	yes	1.0	12.579975247674826	556.7980269380479
26842	81	Environment, conservation and wildlife organizations	47	813312	9	47009	Blount County, Tennessee	no	5.333333333333333	30.0	1231.0
26843	81	Environment, conservation and wildlife organizations	47	813312	13	47013	Campbell County, Tennessee	yes	1.0	12.579975247674826	556.7980269380479
26844	81	Environment, conservation and wildlife organizations	47	813312	19	47019	Carter County, Tennessee	yes	1.0	12.618181818181817	476.1454545454545
26845	81	Environment, conservation and wildlife organizations	47	813312	25	47025	Claiborne County, Tennessee	yes	1.0	11.485702614379084	569.1866246498599
26846	81	Environment, conservation and wildlife organizations	47	813312	29	47029	Cocke County, Tennessee	yes	1.0	12.579975247674826	556.7980269380479
26847	81	Environment, conservation and wildlife organizations	47	813312	31	47031	Coffee County, Tennessee	yes	1.0	12.579975247674826	556.7980269380479
26848	81	Environment, conservation and wildlife organizations	47	813312	35	47035	Cumberland County, Tennessee	yes	1.5	18.352940191228004	811.6864150205537
26849	81	Environment, conservation and wildlife organizations	47	813312	37	47037	Davidson County, Tennessee	no	20.0	142.16666666666666	5298.666666666667
26850	81	Environment, conservation and wildlife organizations	47	813312	41	47041	DeKalb County, Tennessee	yes	1.0	14.816326530612244	565.6122448979592
26851	81	Environment, conservation and wildlife organizations	47	813312	43	47043	Dickson County, Tennessee	yes	1.1666666666666667	14.652891914341494	665.8605269380479
26852	81	Environment, conservation and wildlife organizations	47	813312	45	47045	Dyer County, Tennessee	yes	1.0	12.579975247674826	556.7980269380479
26853	81	Environment, conservation and wildlife organizations	47	813312	51	47051	Franklin County, Tennessee	yes	1.6666666666666667	21.490015854826776	938.0652415511659
26854	81	Environment, conservation and wildlife organizations	47	813312	57	47057	Grainger County, Tennessee	yes	1.0	12.579975247674826	556.7980269380479
26855	81	Environment, conservation and wildlife organizations	47	813312	59	47059	Greene County, Tennessee	yes	1.0	12.579975247674826	556.7980269380479
26856	81	Environment, conservation and wildlife organizations	47	813312	63	47063	Hamblen County, Tennessee	yes	2.0	25.15995049534965	1113.5960538760958
26857	81	Environment, conservation and wildlife organizations	47	813312	65	47065	Hamilton County, Tennessee	no	13.666666666666666	79.16666666666667	2477.6666666666665
26858	81	Environment, conservation and wildlife organizations	47	813312	67	47067	Hancock County, Tennessee	yes	1.0	13.365060910727927	571.9008219196769
26859	81	Environment, conservation and wildlife organizations	47	813312	71	47071	Hardin County, Tennessee	yes	1.0	12.579975247674826	556.7980269380479
26860	81	Environment, conservation and wildlife organizations	47	813312	73	47073	Hawkins County, Tennessee	yes	1.0	12.579975247674826	556.7980269380479
26861	81	Environment, conservation and wildlife organizations	47	813312	77	47077	Henderson County, Tennessee	yes	1.0	11.545929887106356	509.7767761650114
26862	81	Environment, conservation and wildlife organizations	47	813312	87	47087	Jackson County, Tennessee	yes	1.0	12.579975247674826	556.7980269380479
26863	81	Environment, conservation and wildlife organizations	47	813312	89	47089	Jefferson County, Tennessee	yes	1.0	12.579975247674826	556.7980269380479
26864	81	Environment, conservation and wildlife organizations	47	813312	91	47091	Johnson County, Tennessee	yes	1.0	12.579975247674826	556.7980269380479
26865	81	Environment, conservation and wildlife organizations	47	813312	93	47093	Knox County, Tennessee	no	12.0	52.5	3261.6666666666665
26866	81	Environment, conservation and wildlife organizations	47	813312	99	47099	Lawrence County, Tennessee	yes	1.0	13.012867647058822	622.9227941176471
26867	81	Environment, conservation and wildlife organizations	47	813312	101	47101	Lewis County, Tennessee	yes	1.1666666666666667	14.844681130027768	655.3764583105971
26868	81	Environment, conservation and wildlife organizations	47	813312	103	47103	Lincoln County, Tennessee	yes	2.1666666666666665	27.262980798379957	1192.9536296336717
26869	81	Environment, conservation and wildlife organizations	47	813312	107	47107	McMinn County, Tennessee	yes	1.5	18.352940191228004	811.6864150205537
26870	81	Environment, conservation and wildlife organizations	47	813312	113	47113	Madison County, Tennessee	no	4.0	9.0	326.6666666666667
26871	81	Environment, conservation and wildlife organizations	47	813312	113	47113	Madison County, Tennessee	yes	3.0	41.02274364291171	1633.2282876787078
26872	81	Environment, conservation and wildlife organizations	47	813312	115	47115	Marion County, Tennessee	yes	1.0	11.485702614379084	569.1866246498599
26873	81	Environment, conservation and wildlife organizations	47	813312	119	47119	Maury County, Tennessee	yes	1.5	19.417099188160112	829.0027415511659
26874	81	Environment, conservation and wildlife organizations	47	813312	121	47121	Meigs County, Tennessee	yes	1.0	11.009803921568626	526.59243697479
26875	81	Environment, conservation and wildlife organizations	47	813312	125	47125	Montgomery County, Tennessee	yes	1.3333333333333333	16.249909888197703	732.3288392629779
26876	81	Environment, conservation and wildlife organizations	47	813312	129	47129	Morgan County, Tennessee	yes	1.0	13.71725417439703	520.8788497217068
26877	81	Environment, conservation and wildlife organizations	47	813312	131	47131	Obion County, Tennessee	yes	1.0	11.485702614379084	569.1866246498599
26878	81	Environment, conservation and wildlife organizations	47	813312	141	47141	Putnam County, Tennessee	yes	1.8333333333333333	23.087033828682987	1004.5335538760959
26879	81	Environment, conservation and wildlife organizations	47	813312	145	47145	Roane County, Tennessee	yes	1.0	12.011335784313724	574.7576155462185
26880	81	Environment, conservation and wildlife organizations	47	813312	147	47147	Robertson County, Tennessee	yes	1.0	12.579975247674826	556.7980269380479
26881	81	Environment, conservation and wildlife organizations	47	813312	149	47149	Rutherford County, Tennessee	no	3.0	15.0	278.0
26882	81	Environment, conservation and wildlife organizations	47	813312	149	47149	Rutherford County, Tennessee	yes	2.0	24.265409982174685	1110.0703666921313
26883	81	Environment, conservation and wildlife organizations	47	813312	155	47155	Sevier County, Tennessee	no	4.0	30.833333333333332	843.1666666666666
26884	81	Environment, conservation and wildlife organizations	47	813312	157	47157	Shelby County, Tennessee	yes	6.5	82.31697542653426	3612.9928762414056
26885	81	Environment, conservation and wildlife organizations	47	813312	163	47163	Sullivan County, Tennessee	yes	2.0	25.15995049534965	1113.5960538760958
26886	81	Environment, conservation and wildlife organizations	47	813312	165	47165	Sumner County, Tennessee	yes	2.1666666666666665	27.424656377702593	1212.174485248645
26887	81	Environment, conservation and wildlife organizations	47	813312	167	47167	Tipton County, Tennessee	yes	1.0	11.485702614379084	569.1866246498599
26888	81	Environment, conservation and wildlife organizations	47	813312	173	47173	Union County, Tennessee	yes	1.0	12.579975247674826	556.7980269380479
26889	81	Environment, conservation and wildlife organizations	47	813312	177	47177	Warren County, Tennessee	yes	1.0	11.009803921568626	526.59243697479
26890	81	Environment, conservation and wildlife organizations	47	813312	179	47179	Washington County, Tennessee	no	4.333333333333333	13.0	421.0
26891	81	Environment, conservation and wildlife organizations	47	813312	187	47187	Williamson County, Tennessee	no	4.75	11.75	519.0
26892	81	Environment, conservation and wildlife organizations	47	813312	187	47187	Williamson County, Tennessee	yes	2.0	27.43450834879406	1041.7576994434137
26893	81	Environment, conservation and wildlife organizations	47	813312	189	47189	Wilson County, Tennessee	yes	1.0	12.579975247674826	556.7980269380479
26894	81	Footwear and leather goods repair	47	811430	9	47009	Blount County, Tennessee	yes	1.0	0.998963998963999	34.201978304919486
26895	81	Footwear and leather goods repair	47	811430	37	47037	Davidson County, Tennessee	no	4.666666666666667	8.0	173.0
26896	81	Footwear and leather goods repair	47	811430	37	47037	Davidson County, Tennessee	yes	2.3333333333333335	0.0	81.48265460030166
26897	81	Footwear and leather goods repair	47	811430	65	47065	Hamilton County, Tennessee	yes	1.5	1.997927997927998	50.7636851166263
26898	81	Footwear and leather goods repair	47	811430	93	47093	Knox County, Tennessee	yes	1.6666666666666667	0.998963998963999	57.82942928531164
26899	81	Footwear and leather goods repair	47	811430	149	47149	Rutherford County, Tennessee	yes	1.0	1.2706552706552705	32.196497402379755
26900	81	Footwear and leather goods repair	47	811430	155	47155	Sevier County, Tennessee	yes	1.3333333333333333	1.6342916342916343	44.83944269238388
26901	81	Footwear and leather goods repair	47	811430	157	47157	Shelby County, Tennessee	yes	1.3333333333333333	1.3626003626003627	45.5870050428874
26902	81	Footwear and leather goods repair	47	811430	163	47163	Sullivan County, Tennessee	yes	1.0	1.4984459984459986	33.03373668814845
26903	81	Footwear and leather goods repair	47	811430	165	47165	Sumner County, Tennessee	yes	1.0	0.998963998963999	34.201978304919486
26904	81	Footwear and leather goods repair	47	811430	171	47171	Unicoi County, Tennessee	yes	1.0	1.1987567987567989	33.85775858128799
26905	81	Footwear and leather goods repair	47	811430	187	47187	Williamson County, Tennessee	no	3.0	3.0	56.0
26906	81	Footwear and leather goods repair	47	811430	187	47187	Williamson County, Tennessee	yes	1.6	0.7623931623931623	55.101608848667674
26907	81	Footwear and leather goods repair	47	811430	189	47189	Wilson County, Tennessee	yes	1.0	0.998963998963999	34.201978304919486
26908	81	Funeral homes and funeral services	47	812210	1	47001	Anderson County, Tennessee	no	7.0	33.333333333333336	1509.3333333333333
26909	81	Funeral homes and funeral services	47	812210	3	47003	Bedford County, Tennessee	no	3.5	6.333333333333333	386.0
26910	81	Funeral homes and funeral services	47	812210	5	47005	Benton County, Tennessee	yes	3.0	31.915810412042273	750.8898569833633
26911	81	Funeral homes and funeral services	47	812210	7	47007	Bledsoe County, Tennessee	yes	1.0	10.638603470680756	250.29661899445443
26912	81	Funeral homes and funeral services	47	812210	9	47009	Blount County, Tennessee	no	5.666666666666667	54.0	2537.1666666666665
26913	81	Funeral homes and funeral services	47	812210	11	47011	Bradley County, Tennessee	no	7.0	47.75	1389.5
26914	81	Funeral homes and funeral services	47	812210	11	47011	Bradley County, Tennessee	yes	6.0	96.04713179519595	1427.7280736409607
26915	81	Funeral homes and funeral services	47	812210	13	47013	Campbell County, Tennessee	no	5.333333333333333	25.5	1015.6666666666666
26916	81	Funeral homes and funeral services	47	812210	15	47015	Cannon County, Tennessee	yes	2.0	21.277206941361513	500.59323798890887
26917	81	Funeral homes and funeral services	47	812210	17	47017	Carroll County, Tennessee	no	3.1666666666666665	18.0	479.3333333333333
26918	81	Funeral homes and funeral services	47	812210	19	47019	Carter County, Tennessee	yes	3.0	31.915810412042273	750.8898569833633
26919	81	Funeral homes and funeral services	47	812210	21	47021	Cheatham County, Tennessee	yes	1.8333333333333333	19.716459277810113	462.2754809795631
26920	81	Funeral homes and funeral services	47	812210	23	47023	Chester County, Tennessee	yes	2.6666666666666665	27.368337084774055	673.3361117734275
26921	81	Funeral homes and funeral services	47	812210	25	47025	Claiborne County, Tennessee	no	3.0	11.0	648.6
26922	81	Funeral homes and funeral services	47	812210	25	47025	Claiborne County, Tennessee	yes	3.0	28.093457943925234	689.7196261682243
26923	81	Funeral homes and funeral services	47	812210	27	47027	Clay County, Tennessee	yes	1.3333333333333333	13.275684191293875	339.7560181517485
26924	81	Funeral homes and funeral services	47	812210	29	47029	Cocke County, Tennessee	yes	2.0	21.277206941361513	500.59323798890887
26925	81	Funeral homes and funeral services	47	812210	31	47031	Coffee County, Tennessee	no	4.0	40.0	758.2
26926	81	Funeral homes and funeral services	47	812210	31	47031	Coffee County, Tennessee	yes	4.0	37.45794392523364	919.626168224299
26927	81	Funeral homes and funeral services	47	812210	33	47033	Crockett County, Tennessee	no	3.0	10.0	217.0
26928	81	Funeral homes and funeral services	47	812210	33	47033	Crockett County, Tennessee	yes	2.0	20.20050547249096	504.1083141581192
26929	81	Funeral homes and funeral services	47	812210	35	47035	Cumberland County, Tennessee	no	4.0	26.5	686.5
26930	81	Funeral homes and funeral services	47	812210	37	47037	Davidson County, Tennessee	no	31.0	216.83333333333334	10468.666666666666
26931	81	Funeral homes and funeral services	47	812210	39	47039	Decatur County, Tennessee	yes	2.0	21.277206941361513	500.59323798890887
26932	81	Funeral homes and funeral services	47	812210	41	47041	DeKalb County, Tennessee	yes	2.0	21.277206941361513	500.59323798890887
26933	81	Funeral homes and funeral services	47	812210	43	47043	Dickson County, Tennessee	yes	1.0	10.638603470680756	250.29661899445443
26934	81	Funeral homes and funeral services	47	812210	45	47045	Dyer County, Tennessee	yes	2.0	21.277206941361513	500.59323798890887
26935	81	Funeral homes and funeral services	47	812210	47	47047	Fayette County, Tennessee	yes	2.1666666666666665	23.498933131837703	540.8447260841469
26936	81	Funeral homes and funeral services	47	812210	49	47049	Fentress County, Tennessee	yes	2.0	21.277206941361513	500.59323798890887
26937	81	Funeral homes and funeral services	47	812210	51	47051	Franklin County, Tennessee	no	13.333333333333334	31.166666666666668	1910.6666666666667
26938	81	Funeral homes and funeral services	47	812210	53	47053	Gibson County, Tennessee	no	8.5	29.166666666666668	1413.6666666666667
26939	81	Funeral homes and funeral services	47	812210	55	47055	Giles County, Tennessee	no	3.0	14.0	333.0
26940	81	Funeral homes and funeral services	47	812210	55	47055	Giles County, Tennessee	yes	2.2	25.370924733570625	555.8324546049687
26941	81	Funeral homes and funeral services	47	812210	59	47059	Greene County, Tennessee	yes	2.0	21.277206941361513	500.59323798890887
26942	81	Funeral homes and funeral services	47	812210	61	47061	Grundy County, Tennessee	yes	2.0	21.277206941361513	500.59323798890887
26943	81	Funeral homes and funeral services	47	812210	63	47063	Hamblen County, Tennessee	no	5.0	48.8	1632.0
26944	81	Funeral homes and funeral services	47	812210	63	47063	Hamblen County, Tennessee	yes	4.0	71.68141592920354	941.6637168141593
26945	81	Funeral homes and funeral services	47	812210	65	47065	Hamilton County, Tennessee	no	16.666666666666668	123.66666666666667	5310.666666666667
26946	81	Funeral homes and funeral services	47	812210	69	47069	Hardeman County, Tennessee	yes	1.0	10.638603470680756	250.29661899445443
26947	81	Funeral homes and funeral services	47	812210	71	47071	Hardin County, Tennessee	yes	1.0	10.638603470680756	250.29661899445443
26948	81	Funeral homes and funeral services	47	812210	73	47073	Hawkins County, Tennessee	no	5.166666666666667	28.833333333333332	736.1666666666666
26949	81	Funeral homes and funeral services	47	812210	75	47075	Haywood County, Tennessee	no	3.0	15.666666666666666	429.0
26950	81	Funeral homes and funeral services	47	812210	77	47077	Henderson County, Tennessee	yes	2.0	21.277206941361513	500.59323798890887
26951	81	Funeral homes and funeral services	47	812210	79	47079	Henry County, Tennessee	no	3.0	22.0	860.0
26952	81	Funeral homes and funeral services	47	812210	79	47079	Henry County, Tennessee	yes	3.0	29.15284146653585	778.2653235151929
26953	81	Funeral homes and funeral services	47	812210	81	47081	Hickman County, Tennessee	yes	1.0	10.638603470680756	250.29661899445443
26954	81	Funeral homes and funeral services	47	812210	85	47085	Humphreys County, Tennessee	yes	2.0	21.277206941361513	500.59323798890887
26955	81	Funeral homes and funeral services	47	812210	87	47087	Jackson County, Tennessee	yes	1.6666666666666667	18.640126220748396	411.13383883161487
26956	81	Funeral homes and funeral services	47	812210	89	47089	Jefferson County, Tennessee	yes	4.0	42.554413882723026	1001.1864759778177
26957	81	Funeral homes and funeral services	47	812210	91	47091	Johnson County, Tennessee	yes	2.0	21.277206941361513	500.59323798890887
26958	81	Funeral homes and funeral services	47	812210	93	47093	Knox County, Tennessee	no	20.333333333333332	159.33333333333334	7708.666666666667
26959	81	Funeral homes and funeral services	47	812210	97	47097	Lauderdale County, Tennessee	no	3.0	13.25	564.25
26960	81	Funeral homes and funeral services	47	812210	97	47097	Lauderdale County, Tennessee	yes	3.0	31.0864448051948	749.5512716450216
26961	81	Funeral homes and funeral services	47	812210	99	47099	Lawrence County, Tennessee	no	3.0	22.4	1220.0
26962	81	Funeral homes and funeral services	47	812210	99	47099	Lawrence County, Tennessee	yes	3.0	28.093457943925234	689.7196261682243
26963	81	Funeral homes and funeral services	47	812210	101	47101	Lewis County, Tennessee	yes	1.0	10.638603470680756	250.29661899445443
26964	81	Funeral homes and funeral services	47	812210	103	47103	Lincoln County, Tennessee	yes	2.0	21.277206941361513	500.59323798890887
26965	81	Funeral homes and funeral services	47	812210	105	47105	Loudon County, Tennessee	no	3.0	29.0	1249.6666666666667
26966	81	Funeral homes and funeral services	47	812210	107	47107	McMinn County, Tennessee	no	4.5	31.833333333333332	1156.6666666666667
26967	81	Funeral homes and funeral services	47	812210	109	47109	McNairy County, Tennessee	yes	1.0	10.638603470680756	250.29661899445443
26968	81	Funeral homes and funeral services	47	812210	111	47111	Macon County, Tennessee	yes	3.0	31.915810412042273	750.8898569833633
26969	81	Funeral homes and funeral services	47	812210	113	47113	Madison County, Tennessee	no	7.5	40.5	1422.8333333333333
26970	81	Funeral homes and funeral services	47	812210	115	47115	Marion County, Tennessee	no	5.0	15.833333333333334	431.1666666666667
26971	81	Funeral homes and funeral services	47	812210	117	47117	Marshall County, Tennessee	no	3.0	21.666666666666668	1002.6666666666666
26972	81	Funeral homes and funeral services	47	812210	117	47117	Marshall County, Tennessee	yes	3.0	40.61519710646644	706.8313998310432
26973	81	Funeral homes and funeral services	47	812210	119	47119	Maury County, Tennessee	no	5.0	58.5	1940.0
26974	81	Funeral homes and funeral services	47	812210	121	47121	Meigs County, Tennessee	yes	1.0	10.638603470680756	250.29661899445443
26975	81	Funeral homes and funeral services	47	812210	123	47123	Monroe County, Tennessee	yes	4.0	42.554413882723026	1001.1864759778177
26976	81	Funeral homes and funeral services	47	812210	125	47125	Montgomery County, Tennessee	no	4.0	43.25	1768.25
26977	81	Funeral homes and funeral services	47	812210	125	47125	Montgomery County, Tennessee	yes	2.0	15.822484323678708	536.7563949437642
26978	81	Funeral homes and funeral services	47	812210	127	47127	Moore County, Tennessee	yes	1.0	10.638603470680756	250.29661899445443
26979	81	Funeral homes and funeral services	47	812210	129	47129	Morgan County, Tennessee	yes	1.6666666666666667	15.912764911906995	429.21541730904255
26980	81	Funeral homes and funeral services	47	812210	131	47131	Obion County, Tennessee	yes	2.0	21.277206941361513	500.59323798890887
26981	81	Funeral homes and funeral services	47	812210	133	47133	Overton County, Tennessee	yes	2.1666666666666665	23.498933131837703	540.8447260841469
26982	81	Funeral homes and funeral services	47	812210	135	47135	Perry County, Tennessee	yes	2.0	21.277206941361513	500.59323798890887
26983	81	Funeral homes and funeral services	47	812210	139	47139	Polk County, Tennessee	yes	2.0	21.277206941361513	500.59323798890887
26984	81	Funeral homes and funeral services	47	812210	141	47141	Putnam County, Tennessee	no	5.0	43.666666666666664	1143.3333333333333
26985	81	Funeral homes and funeral services	47	812210	143	47143	Rhea County, Tennessee	no	3.0	27.666666666666668	599.0
26986	81	Funeral homes and funeral services	47	812210	145	47145	Roane County, Tennessee	no	5.166666666666667	21.333333333333332	1139.1666666666667
26987	81	Funeral homes and funeral services	47	812210	147	47147	Robertson County, Tennessee	no	7.0	43.0	1517.0
26988	81	Funeral homes and funeral services	47	812210	147	47147	Robertson County, Tennessee	yes	3.0	36.006852375304376	723.7674892672218
26989	81	Funeral homes and funeral services	47	812210	149	47149	Rutherford County, Tennessee	no	5.333333333333333	44.166666666666664	2694.6666666666665
26990	81	Funeral homes and funeral services	47	812210	151	47151	Scott County, Tennessee	yes	2.0	21.277206941361513	500.59323798890887
26991	81	Funeral homes and funeral services	47	812210	153	47153	Sequatchie County, Tennessee	yes	2.0	21.277206941361513	500.59323798890887
26992	81	Funeral homes and funeral services	47	812210	155	47155	Sevier County, Tennessee	yes	3.0	31.915810412042273	750.8898569833633
26993	81	Funeral homes and funeral services	47	812210	157	47157	Shelby County, Tennessee	no	25.166666666666668	184.0	8874.166666666666
26994	81	Funeral homes and funeral services	47	812210	159	47159	Smith County, Tennessee	yes	4.0	42.554413882723026	1001.1864759778177
26995	81	Funeral homes and funeral services	47	812210	161	47161	Stewart County, Tennessee	yes	1.0	10.638603470680756	250.29661899445443
26996	81	Funeral homes and funeral services	47	812210	163	47163	Sullivan County, Tennessee	no	10.0	118.5	3986.3333333333335
26997	81	Funeral homes and funeral services	47	812210	165	47165	Sumner County, Tennessee	no	10.833333333333334	70.5	2189.3333333333335
26998	81	Funeral homes and funeral services	47	812210	167	47167	Tipton County, Tennessee	no	3.3333333333333335	26.333333333333332	890.8333333333334
26999	81	Funeral homes and funeral services	47	812210	169	47169	Trousdale County, Tennessee	yes	1.0	10.638603470680756	250.29661899445443
27000	81	Funeral homes and funeral services	47	812210	171	47171	Unicoi County, Tennessee	no	3.0	11.0	401.0
27001	81	Funeral homes and funeral services	47	812210	171	47171	Unicoi County, Tennessee	yes	2.0	18.273390430237622	518.228621353556
27002	81	Funeral homes and funeral services	47	812210	173	47173	Union County, Tennessee	no	3.25	8.0	339.75
27003	81	Funeral homes and funeral services	47	812210	173	47173	Union County, Tennessee	yes	2.0	15.822484323678708	536.7563949437642
27004	81	Funeral homes and funeral services	47	812210	175	47175	Van Buren County, Tennessee	yes	1.0	12.002284125101458	241.2558297557406
27005	81	Funeral homes and funeral services	47	812210	177	47177	Warren County, Tennessee	no	3.0	23.5	983.5
27006	81	Funeral homes and funeral services	47	812210	177	47177	Warren County, Tennessee	yes	2.5	28.374872134546326	617.3700509165931
27007	81	Funeral homes and funeral services	47	812210	179	47179	Washington County, Tennessee	no	10.166666666666666	112.0	2612.3333333333335
27008	81	Funeral homes and funeral services	47	812210	181	47181	Wayne County, Tennessee	yes	1.0	10.638603470680756	250.29661899445443
27009	81	Funeral homes and funeral services	47	812210	183	47183	Weakley County, Tennessee	no	6.0	15.833333333333334	860.6666666666666
27010	81	Funeral homes and funeral services	47	812210	185	47185	White County, Tennessee	no	3.0	11.0	532.3333333333334
27011	81	Funeral homes and funeral services	47	812210	185	47185	White County, Tennessee	yes	2.3333333333333335	17.94226227639187	616.0295158210953
27012	81	Funeral homes and funeral services	47	812210	187	47187	Williamson County, Tennessee	no	5.0	33.666666666666664	801.3333333333334
27013	81	Funeral homes and funeral services	47	812210	187	47187	Williamson County, Tennessee	yes	4.666666666666667	64.57049985034126	1101.4168190330472
27014	81	Funeral homes and funeral services	47	812210	189	47189	Wilson County, Tennessee	no	6.0	39.166666666666664	1197.8333333333333
27015	81	General automotive repair	47	811111	1	47001	Anderson County, Tennessee	no	10.666666666666666	31.333333333333332	827.6666666666666
27016	81	General automotive repair	47	811111	3	47003	Bedford County, Tennessee	no	6.0	23.75	1243.0
27017	81	General automotive repair	47	811111	3	47003	Bedford County, Tennessee	yes	5.0	82.27140591966173	425.3911205073996
27018	81	General automotive repair	47	811111	5	47005	Benton County, Tennessee	no	4.0	7.0	162.0
27019	81	General automotive repair	47	811111	5	47005	Benton County, Tennessee	yes	2.0	16.287816731934377	186.43276819982705
27020	81	General automotive repair	47	811111	9	47009	Blount County, Tennessee	no	26.0	74.16666666666667	2073.3333333333335
27021	81	General automotive repair	47	811111	11	47011	Bradley County, Tennessee	no	16.666666666666668	48.5	1729.0
27022	81	General automotive repair	47	811111	13	47013	Campbell County, Tennessee	no	4.25	14.5	286.5
27023	81	General automotive repair	47	811111	13	47013	Campbell County, Tennessee	yes	2.0	7.101612536906655	228.52030433795142
27024	81	General automotive repair	47	811111	15	47015	Cannon County, Tennessee	no	3.0	11.0	554.0
27025	81	General automotive repair	47	811111	15	47015	Cannon County, Tennessee	yes	2.25	30.5660867394879	179.8226685459244
27026	81	General automotive repair	47	811111	17	47017	Carroll County, Tennessee	no	3.5	6.75	171.0
27027	81	General automotive repair	47	811111	17	47017	Carroll County, Tennessee	yes	2.5	39.87447145877378	213.79281183932346
27028	81	General automotive repair	47	811111	19	47019	Carter County, Tennessee	no	6.8	13.0	425.4
27029	81	General automotive repair	47	811111	19	47019	Carter County, Tennessee	yes	5.0	85.375	392.0
27030	81	General automotive repair	47	811111	21	47021	Cheatham County, Tennessee	no	8.0	11.833333333333334	649.0
27031	81	General automotive repair	47	811111	23	47023	Chester County, Tennessee	no	3.6666666666666665	4.833333333333333	239.66666666666666
27032	81	General automotive repair	47	811111	25	47025	Claiborne County, Tennessee	no	3.1666666666666665	6.666666666666667	190.83333333333334
27033	81	General automotive repair	47	811111	27	47027	Clay County, Tennessee	yes	1.5	8.472334046231106	151.83237439119793
27034	81	General automotive repair	47	811111	29	47029	Cocke County, Tennessee	no	5.0	10.333333333333334	200.5
27035	81	General automotive repair	47	811111	31	47031	Coffee County, Tennessee	no	12.333333333333334	38.0	1370.8333333333333
27036	81	General automotive repair	47	811111	33	47033	Crockett County, Tennessee	no	3.2	7.6	183.2
27037	81	General automotive repair	47	811111	33	47033	Crockett County, Tennessee	yes	2.0	27.863636363636363	174.54545454545456
27038	81	General automotive repair	47	811111	35	47035	Cumberland County, Tennessee	no	9.666666666666666	43.666666666666664	1672.8333333333333
27039	81	General automotive repair	47	811111	37	47037	Davidson County, Tennessee	no	126.16666666666667	646.3333333333334	25132.333333333332
27040	81	General automotive repair	47	811111	39	47039	Decatur County, Tennessee	yes	2.3333333333333335	25.383522399938272	211.34795517709335
27041	81	General automotive repair	47	811111	41	47041	DeKalb County, Tennessee	yes	1.6666666666666667	18.71515991580971	144.90182975360815
27042	81	General automotive repair	47	811111	43	47043	Dickson County, Tennessee	no	11.333333333333334	29.333333333333332	1054.5
27043	81	General automotive repair	47	811111	45	47045	Dyer County, Tennessee	no	8.333333333333334	28.333333333333332	1101.0
27044	81	General automotive repair	47	811111	47	47047	Fayette County, Tennessee	no	8.0	33.166666666666664	1231.0
27045	81	General automotive repair	47	811111	49	47049	Fentress County, Tennessee	no	5.833333333333333	9.333333333333334	308.6666666666667
27046	81	General automotive repair	47	811111	51	47051	Franklin County, Tennessee	no	5.333333333333333	5.833333333333333	132.16666666666666
27047	81	General automotive repair	47	811111	53	47053	Gibson County, Tennessee	no	7.0	10.833333333333334	377.6666666666667
27048	81	General automotive repair	47	811111	55	47055	Giles County, Tennessee	no	6.0	11.833333333333334	299.5
27049	81	General automotive repair	47	811111	57	47057	Grainger County, Tennessee	no	5.333333333333333	12.166666666666666	456.5
27050	81	General automotive repair	47	811111	59	47059	Greene County, Tennessee	no	10.333333333333334	86.33333333333333	3122.6666666666665
27051	81	General automotive repair	47	811111	61	47061	Grundy County, Tennessee	yes	2.0	19.898762005294152	182.98854714326671
27052	81	General automotive repair	47	811111	63	47063	Hamblen County, Tennessee	no	10.166666666666666	17.5	758.0
27053	81	General automotive repair	47	811111	65	47065	Hamilton County, Tennessee	no	79.33333333333333	370.8333333333333	12678.5
27054	81	General automotive repair	47	811111	69	47069	Hardeman County, Tennessee	no	4.0	7.0	298.0
27055	81	General automotive repair	47	811111	71	47071	Hardin County, Tennessee	no	3.6666666666666665	6.166666666666667	232.66666666666666
27056	81	General automotive repair	47	811111	73	47073	Hawkins County, Tennessee	no	7.166666666666667	21.166666666666668	691.8333333333334
27057	81	General automotive repair	47	811111	75	47075	Haywood County, Tennessee	no	3.0	6.75	281.25
27058	81	General automotive repair	47	811111	75	47075	Haywood County, Tennessee	yes	2.0	7.101612536906655	228.52030433795142
27059	81	General automotive repair	47	811111	77	47077	Henderson County, Tennessee	no	9.333333333333334	9.833333333333334	776.1666666666666
27060	81	General automotive repair	47	811111	79	47079	Henry County, Tennessee	no	8.166666666666666	34.5	778.6666666666666
27061	81	General automotive repair	47	811111	81	47081	Hickman County, Tennessee	no	5.833333333333333	12.0	510.1666666666667
27062	81	General automotive repair	47	811111	83	47083	Houston County, Tennessee	yes	1.5	18.279974730624527	132.9203482721267
27063	81	General automotive repair	47	811111	85	47085	Humphreys County, Tennessee	yes	2.0	19.898762005294152	182.98854714326671
27064	81	General automotive repair	47	811111	87	47087	Jackson County, Tennessee	yes	1.6666666666666667	14.414001610650034	154.62913910944008
27065	81	General automotive repair	47	811111	89	47089	Jefferson County, Tennessee	no	8.166666666666666	13.0	517.1666666666666
27066	81	General automotive repair	47	811111	91	47091	Johnson County, Tennessee	yes	2.0	19.898762005294152	182.98854714326671
27067	81	General automotive repair	47	811111	93	47093	Knox County, Tennessee	no	94.16666666666667	561.0	18539.5
27068	81	General automotive repair	47	811111	97	47097	Lauderdale County, Tennessee	no	3.5	3.1666666666666665	74.0
27069	81	General automotive repair	47	811111	99	47099	Lawrence County, Tennessee	no	9.5	12.833333333333334	328.6666666666667
27070	81	General automotive repair	47	811111	101	47101	Lewis County, Tennessee	yes	1.25	11.916553005027696	116.54415877182636
27071	81	General automotive repair	47	811111	103	47103	Lincoln County, Tennessee	no	7.833333333333333	7.666666666666667	448.6666666666667
27072	81	General automotive repair	47	811111	105	47105	Loudon County, Tennessee	no	8.0	15.166666666666666	662.0
27073	81	General automotive repair	47	811111	107	47107	McMinn County, Tennessee	no	8.833333333333334	30.5	1173.5
27074	81	General automotive repair	47	811111	109	47109	McNairy County, Tennessee	no	6.5	17.333333333333332	550.8333333333334
27075	81	General automotive repair	47	811111	111	47111	Macon County, Tennessee	no	7.5	11.0	336.3333333333333
27076	81	General automotive repair	47	811111	113	47113	Madison County, Tennessee	no	22.5	112.33333333333333	4093.0
27077	81	General automotive repair	47	811111	115	47115	Marion County, Tennessee	no	3.6666666666666665	1.6666666666666667	101.0
27078	81	General automotive repair	47	811111	117	47117	Marshall County, Tennessee	no	6.333333333333333	7.166666666666667	233.66666666666666
27079	81	General automotive repair	47	811111	119	47119	Maury County, Tennessee	no	20.166666666666668	84.16666666666667	3118.0
27080	81	General automotive repair	47	811111	121	47121	Meigs County, Tennessee	yes	1.0	13.148668369743952	80.11133427296218
27081	81	General automotive repair	47	811111	123	47123	Monroe County, Tennessee	no	9.833333333333334	22.666666666666668	780.0
27082	81	General automotive repair	47	811111	125	47125	Montgomery County, Tennessee	no	37.0	107.66666666666667	3526.6666666666665
27083	81	General automotive repair	47	811111	127	47127	Moore County, Tennessee	yes	1.0	7.172366958516069	95.82322853926821
27084	81	General automotive repair	47	811111	129	47129	Morgan County, Tennessee	yes	1.0	9.949381002647076	91.49427357163336
27085	81	General automotive repair	47	811111	131	47131	Obion County, Tennessee	no	9.5	20.5	625.5
27086	81	General automotive repair	47	811111	133	47133	Overton County, Tennessee	no	4.4	6.2	174.0
27087	81	General automotive repair	47	811111	133	47133	Overton County, Tennessee	yes	2.0	5.222222222222222	143.77777777777777
27088	81	General automotive repair	47	811111	135	47135	Perry County, Tennessee	yes	1.0	16.6611874559549	82.85214940098662
27089	81	General automotive repair	47	811111	137	47137	Pickett County, Tennessee	yes	1.6666666666666667	14.414001610650034	154.62913910944008
27090	81	General automotive repair	47	811111	139	47139	Polk County, Tennessee	no	3.0	0.0	96.0
27091	81	General automotive repair	47	811111	139	47139	Polk County, Tennessee	yes	2.0	17.048514406352982	188.22625657192003
27092	81	General automotive repair	47	811111	141	47141	Putnam County, Tennessee	no	26.166666666666668	88.83333333333333	2564.5
27093	81	General automotive repair	47	811111	143	47143	Rhea County, Tennessee	no	3.6666666666666665	11.5	410.6666666666667
27094	81	General automotive repair	47	811111	145	47145	Roane County, Tennessee	no	5.5	7.5	399.6666666666667
27095	81	General automotive repair	47	811111	147	47147	Robertson County, Tennessee	no	15.833333333333334	41.166666666666664	1919.0
27096	81	General automotive repair	47	811111	149	47149	Rutherford County, Tennessee	no	53.666666666666664	301.5	12123.333333333334
27097	81	General automotive repair	47	811111	151	47151	Scott County, Tennessee	yes	1.0	18.025872093023253	80.64186046511628
27098	81	General automotive repair	47	811111	153	47153	Sequatchie County, Tennessee	no	3.1666666666666665	5.5	180.33333333333334
27099	81	General automotive repair	47	811111	155	47155	Sevier County, Tennessee	no	12.166666666666666	50.0	1513.0
27100	81	General automotive repair	47	811111	157	47157	Shelby County, Tennessee	no	136.83333333333334	833.3333333333334	33404.833333333336
27101	81	General automotive repair	47	811111	159	47159	Smith County, Tennessee	yes	1.0	13.148668369743952	80.11133427296218
27102	81	General automotive repair	47	811111	161	47161	Stewart County, Tennessee	no	3.0	2.0	29.0
27103	81	General automotive repair	47	811111	161	47161	Stewart County, Tennessee	yes	2.0	16.287816731934377	186.43276819982705
27104	81	General automotive repair	47	811111	163	47163	Sullivan County, Tennessee	no	36.5	118.5	3441.8333333333335
27105	81	General automotive repair	47	811111	165	47165	Sumner County, Tennessee	no	37.5	77.66666666666667	3628.1666666666665
27106	81	General automotive repair	47	811111	167	47167	Tipton County, Tennessee	no	8.833333333333334	21.666666666666668	787.8333333333334
27107	81	General automotive repair	47	811111	169	47169	Trousdale County, Tennessee	yes	2.0	19.898762005294152	182.98854714326671
27108	81	General automotive repair	47	811111	171	47171	Unicoi County, Tennessee	no	3.0	1.0	51.0
27109	81	General automotive repair	47	811111	171	47171	Unicoi County, Tennessee	yes	1.8	19.419069961908537	175.1507010163645
27110	81	General automotive repair	47	811111	173	47173	Union County, Tennessee	yes	1.3333333333333333	11.13298309213152	129.58099096129192
27111	81	General automotive repair	47	811111	177	47177	Warren County, Tennessee	no	4.833333333333333	5.0	161.66666666666666
27112	81	General automotive repair	47	811111	179	47179	Washington County, Tennessee	no	24.666666666666668	104.0	3279.6666666666665
27113	81	General automotive repair	47	811111	181	47181	Wayne County, Tennessee	yes	2.3333333333333335	26.22434340064299	210.6164541200109
27114	81	General automotive repair	47	811111	183	47183	Weakley County, Tennessee	no	7.666666666666667	30.333333333333332	749.6666666666666
27115	81	General automotive repair	47	811111	185	47185	White County, Tennessee	no	7.166666666666667	17.666666666666668	544.6666666666666
27116	81	General automotive repair	47	811111	187	47187	Williamson County, Tennessee	no	37.166666666666664	179.33333333333334	8110.666666666667
27117	81	General automotive repair	47	811111	189	47189	Wilson County, Tennessee	no	23.333333333333332	140.33333333333334	6442.666666666667
27118	81	Grantmaking foundations	47	813211	1	47001	Anderson County, Tennessee	yes	1.0	3.3385183762871935	116.956202126229
27119	81	Grantmaking foundations	47	813211	3	47003	Bedford County, Tennessee	yes	1.3333333333333333	4.8264430014430015	131.90277777777777
27120	81	Grantmaking foundations	47	813211	5	47005	Benton County, Tennessee	yes	1.0	3.0221027479091997	158.2379245605052
27121	81	Grantmaking foundations	47	813211	9	47009	Blount County, Tennessee	yes	1.6666666666666667	5.669669169937987	181.1664293989563
27122	81	Grantmaking foundations	47	813211	11	47011	Bradley County, Tennessee	no	3.0	3.75	143.25
27123	81	Grantmaking foundations	47	813211	11	47011	Bradley County, Tennessee	yes	2.0	8.307359307359308	186.13636363636363
27124	81	Grantmaking foundations	47	813211	15	47015	Cannon County, Tennessee	yes	1.0	3.3385183762871935	116.956202126229
27125	81	Grantmaking foundations	47	813211	25	47025	Claiborne County, Tennessee	yes	1.0	3.3385183762871935	116.956202126229
27126	81	Grantmaking foundations	47	813211	31	47031	Coffee County, Tennessee	yes	1.0	3.3385183762871935	116.956202126229
27127	81	Grantmaking foundations	47	813211	37	47037	Davidson County, Tennessee	no	35.666666666666664	100.66666666666667	6252.833333333333
27128	81	Grantmaking foundations	47	813211	43	47043	Dickson County, Tennessee	yes	2.8333333333333335	8.999682112988564	334.8963841564648
27129	81	Grantmaking foundations	47	813211	51	47051	Franklin County, Tennessee	yes	2.6666666666666665	9.135334010871645	299.4679598080135
27130	81	Grantmaking foundations	47	813211	59	47059	Greene County, Tennessee	yes	1.0	3.3385183762871935	116.956202126229
27131	81	Grantmaking foundations	47	813211	63	47063	Hamblen County, Tennessee	yes	1.0	3.3385183762871935	116.956202126229
27132	81	Grantmaking foundations	47	813211	65	47065	Hamilton County, Tennessee	no	24.833333333333332	133.0	8083.0
27133	81	Grantmaking foundations	47	813211	69	47069	Hardeman County, Tennessee	yes	1.0	3.3385183762871935	116.956202126229
27134	81	Grantmaking foundations	47	813211	79	47079	Henry County, Tennessee	yes	1.0	3.9249278499278497	98.31944444444444
27135	81	Grantmaking foundations	47	813211	85	47085	Humphreys County, Tennessee	yes	1.5	5.300982301251119	166.11592434845122
27136	81	Grantmaking foundations	47	813211	89	47089	Jefferson County, Tennessee	yes	2.0	6.677036752574387	233.912404252458
27137	81	Grantmaking foundations	47	813211	93	47093	Knox County, Tennessee	no	17.833333333333332	54.5	2784.1666666666665
27138	81	Grantmaking foundations	47	813211	101	47101	Lewis County, Tennessee	yes	1.0	3.3385183762871935	116.956202126229
27139	81	Grantmaking foundations	47	813211	105	47105	Loudon County, Tennessee	yes	1.0	3.3385183762871935	116.956202126229
27140	81	Grantmaking foundations	47	813211	119	47119	Maury County, Tennessee	yes	1.0	4.399891774891775	98.29166666666666
27141	81	Grantmaking foundations	47	813211	123	47123	Monroe County, Tennessee	yes	1.0	3.3385183762871935	116.956202126229
27142	81	Grantmaking foundations	47	813211	125	47125	Montgomery County, Tennessee	yes	1.6666666666666667	5.210406160943795	201.14851536356912
27143	81	Grantmaking foundations	47	813211	131	47131	Obion County, Tennessee	yes	1.0	3.3385183762871935	116.956202126229
27144	81	Grantmaking foundations	47	813211	139	47139	Polk County, Tennessee	yes	1.0	2.787174432497013	121.18077588480814
27145	81	Grantmaking foundations	47	813211	141	47141	Putnam County, Tennessee	yes	1.0	3.3385183762871935	116.956202126229
27146	81	Grantmaking foundations	47	813211	149	47149	Rutherford County, Tennessee	no	3.3333333333333335	17.333333333333332	713.0
27147	81	Grantmaking foundations	47	813211	149	47149	Rutherford County, Tennessee	yes	4.333333333333333	17.731457431457432	425.2222222222222
27148	81	Grantmaking foundations	47	813211	155	47155	Sevier County, Tennessee	no	5.0	13.0	690.0
27149	81	Grantmaking foundations	47	813211	155	47155	Sevier County, Tennessee	yes	3.4	9.497432388400131	403.36732765442446
27150	81	Grantmaking foundations	47	813211	157	47157	Shelby County, Tennessee	no	43.666666666666664	224.83333333333334	15744.166666666666
27151	81	Grantmaking foundations	47	813211	163	47163	Sullivan County, Tennessee	yes	1.3333333333333333	5.370264408033226	148.90064657067344
27152	81	Grantmaking foundations	47	813211	165	47165	Sumner County, Tennessee	no	5.0	9.0	983.25
27153	81	Grantmaking foundations	47	813211	165	47165	Sumner County, Tennessee	yes	4.0	17.5995670995671	393.16666666666663
27154	81	Grantmaking foundations	47	813211	179	47179	Washington County, Tennessee	yes	1.5	4.7145728276104615	184.75268203023577
27155	81	Grantmaking foundations	47	813211	187	47187	Williamson County, Tennessee	no	12.0	22.333333333333332	1689.3333333333333
27156	81	Home and garden equipment repair and maintenance	47	811411	3	47003	Bedford County, Tennessee	yes	1.0	2.3488372093023258	64.16279069767442
27157	81	Home and garden equipment repair and maintenance	47	811411	11	47011	Bradley County, Tennessee	yes	1.0	2.669186046511628	59.78890503875969
27158	81	Home and garden equipment repair and maintenance	47	811411	29	47029	Cocke County, Tennessee	yes	1.8333333333333333	4.743798449612403	112.3141830974048
27159	81	Home and garden equipment repair and maintenance	47	811411	35	47035	Cumberland County, Tennessee	yes	1.0	2.674418604651163	73.99443882709808
27160	81	Home and garden equipment repair and maintenance	47	811411	37	47037	Davidson County, Tennessee	no	4.5	22.75	849.25
27161	81	Home and garden equipment repair and maintenance	47	811411	37	47037	Davidson County, Tennessee	yes	4.0	10.372093023255815	286.14610717896863
27162	81	Home and garden equipment repair and maintenance	47	811411	43	47043	Dickson County, Tennessee	yes	1.0	2.6218992248062016	63.14259879507921
27163	81	Home and garden equipment repair and maintenance	47	811411	45	47045	Dyer County, Tennessee	yes	1.0	2.6218992248062016	63.14259879507921
27164	81	Home and garden equipment repair and maintenance	47	811411	47	47047	Fayette County, Tennessee	yes	1.0	3.053779069767442	67.63335755813954
27165	81	Home and garden equipment repair and maintenance	47	811411	53	47053	Gibson County, Tennessee	no	3.0	10.0	392.0
27166	81	Home and garden equipment repair and maintenance	47	811411	53	47053	Gibson County, Tennessee	yes	3.0	8.298837209302325	200.85335566228514
27167	81	Home and garden equipment repair and maintenance	47	811411	55	47055	Giles County, Tennessee	yes	1.0	2.6218992248062016	63.14259879507921
27168	81	Home and garden equipment repair and maintenance	47	811411	59	47059	Greene County, Tennessee	yes	1.0	3.0	83.82608695652173
27169	81	Home and garden equipment repair and maintenance	47	811411	65	47065	Hamilton County, Tennessee	yes	1.6666666666666667	4.357558139534884	115.82591843613078
27170	81	Home and garden equipment repair and maintenance	47	811411	75	47075	Haywood County, Tennessee	yes	1.3333333333333333	3.5133720930232566	87.80741173744524
27171	81	Home and garden equipment repair and maintenance	47	811411	93	47093	Knox County, Tennessee	yes	3.0	9.0	251.47826086956522
27172	81	Home and garden equipment repair and maintenance	47	811411	103	47103	Lincoln County, Tennessee	yes	1.1666666666666667	3.1218992248062016	77.11361328783283
27173	81	Home and garden equipment repair and maintenance	47	811411	105	47105	Loudon County, Tennessee	yes	1.0	2.8640988372093026	70.81389819261881
27174	81	Home and garden equipment repair and maintenance	47	811411	107	47107	McMinn County, Tennessee	yes	1.3333333333333333	3.6398255813953493	85.68705131445904
27175	81	Home and garden equipment repair and maintenance	47	811411	109	47109	McNairy County, Tennessee	yes	1.0	2.674418604651163	73.99443882709808
27176	81	Home and garden equipment repair and maintenance	47	811411	111	47111	Macon County, Tennessee	yes	1.0	2.6218992248062016	63.14259879507921
27177	81	Home and garden equipment repair and maintenance	47	811411	113	47113	Madison County, Tennessee	yes	1.0	2.4059593023255816	60.89721941354904
27178	81	Home and garden equipment repair and maintenance	47	811411	119	47119	Maury County, Tennessee	yes	1.0	2.361918604651163	57.83139534883721
27179	81	Home and garden equipment repair and maintenance	47	811411	123	47123	Monroe County, Tennessee	yes	1.0	2.6218992248062016	63.14259879507921
27180	81	Home and garden equipment repair and maintenance	47	811411	125	47125	Montgomery County, Tennessee	no	3.8	7.8	166.0
27181	81	Home and garden equipment repair and maintenance	47	811411	125	47125	Montgomery County, Tennessee	yes	2.0	6.0	167.65217391304347
27182	81	Home and garden equipment repair and maintenance	47	811411	141	47141	Putnam County, Tennessee	yes	1.0	2.751889534883721	65.7982005182002
27183	81	Home and garden equipment repair and maintenance	47	811411	143	47143	Rhea County, Tennessee	yes	1.0	2.6218992248062016	63.14259879507921
27184	81	Home and garden equipment repair and maintenance	47	811411	149	47149	Rutherford County, Tennessee	no	3.5	0.0	49.0
27185	81	Home and garden equipment repair and maintenance	47	811411	149	47149	Rutherford County, Tennessee	yes	2.0	5.191279069767442	115.43335755813953
27186	81	Home and garden equipment repair and maintenance	47	811411	155	47155	Sevier County, Tennessee	yes	1.0	2.674418604651163	73.99443882709808
27187	81	Home and garden equipment repair and maintenance	47	811411	157	47157	Shelby County, Tennessee	yes	2.3333333333333335	6.243798449612403	154.22722657566567
27188	81	Home and garden equipment repair and maintenance	47	811411	163	47163	Sullivan County, Tennessee	yes	2.3333333333333335	6.135271317829457	150.95001053252443
27189	81	Home and garden equipment repair and maintenance	47	811411	165	47165	Sumner County, Tennessee	no	3.0	3.0	61.0
27190	81	Home and garden equipment repair and maintenance	47	811411	165	47165	Sumner County, Tennessee	yes	1.4	3.396046511627907	80.65845930232558
27191	81	Home and garden equipment repair and maintenance	47	811411	171	47171	Unicoi County, Tennessee	yes	1.0	2.5746124031007755	66.49629255139872
27192	81	Home and garden equipment repair and maintenance	47	811411	177	47177	Warren County, Tennessee	yes	1.0	2.6218992248062016	63.14259879507921
27193	81	Home and garden equipment repair and maintenance	47	811411	179	47179	Washington County, Tennessee	yes	1.0	2.6218992248062016	63.14259879507921
27194	81	Home and garden equipment repair and maintenance	47	811411	183	47183	Weakley County, Tennessee	yes	1.0	2.669186046511628	59.78890503875969
27195	81	Home and garden equipment repair and maintenance	47	811411	185	47185	White County, Tennessee	yes	1.0	2.669186046511628	59.78890503875969
27196	81	Home and garden equipment repair and maintenance	47	811411	187	47187	Williamson County, Tennessee	yes	2.0	5.243798449612403	126.28519759015842
27197	81	Home and garden equipment repair and maintenance	47	811411	189	47189	Wilson County, Tennessee	no	3.0	19.0	589.0
27198	81	Home and garden equipment repair and maintenance	47	811411	189	47189	Wilson County, Tennessee	yes	2.25	5.405668604651163	134.66943882709808
27199	81	Human rights organizations	47	813311	1	47001	Anderson County, Tennessee	yes	2.0	5.295305529734063	419.3988691006088
27200	81	Human rights organizations	47	813311	9	47009	Blount County, Tennessee	yes	1.0	2.6476527648670314	209.6994345503044
27201	81	Human rights organizations	47	813311	37	47037	Davidson County, Tennessee	no	23.5	181.33333333333334	7936.166666666667
27202	81	Human rights organizations	47	813311	47	47047	Fayette County, Tennessee	yes	1.0	2.6476527648670314	209.6994345503044
27203	81	Human rights organizations	47	813311	51	47051	Franklin County, Tennessee	yes	1.0	2.6476527648670314	209.6994345503044
27204	81	Human rights organizations	47	813311	57	47057	Grainger County, Tennessee	yes	1.0	4.318247126436781	140.272030651341
27205	81	Human rights organizations	47	813311	59	47059	Greene County, Tennessee	yes	1.0	2.6476527648670314	209.6994345503044
27206	81	Human rights organizations	47	813311	65	47065	Hamilton County, Tennessee	no	3.0	9.0	290.0
27207	81	Human rights organizations	47	813311	65	47065	Hamilton County, Tennessee	yes	2.0	1.8430005311849853	23.104100452982742
27208	81	Human rights organizations	47	813311	73	47073	Hawkins County, Tennessee	yes	1.0	-4.048780487804878	-176.39024390243904
27209	81	Human rights organizations	47	813311	77	47077	Henderson County, Tennessee	yes	1.0	2.6476527648670314	209.6994345503044
27210	81	Human rights organizations	47	813311	93	47093	Knox County, Tennessee	no	5.0	31.0	1005.0
27211	81	Human rights organizations	47	813311	93	47093	Knox County, Tennessee	yes	6.25	15.799133504492943	1846.1454856653827
27212	81	Human rights organizations	47	813311	105	47105	Loudon County, Tennessee	yes	1.0	2.6476527648670314	209.6994345503044
27213	81	Human rights organizations	47	813311	113	47113	Madison County, Tennessee	yes	2.0	5.295305529734063	419.3988691006088
27214	81	Human rights organizations	47	813311	119	47119	Maury County, Tennessee	yes	1.3333333333333333	4.087068473679292	256.45677810075136
27215	81	Human rights organizations	47	813311	123	47123	Monroe County, Tennessee	yes	1.0	2.6476527648670314	209.6994345503044
27216	81	Human rights organizations	47	813311	141	47141	Putnam County, Tennessee	yes	1.2	3.1599817774039805	250.52507242313806
27217	81	Human rights organizations	47	813311	147	47147	Robertson County, Tennessee	yes	1.0	2.6476527648670314	209.6994345503044
27218	81	Human rights organizations	47	813311	149	47149	Rutherford County, Tennessee	yes	1.3333333333333333	4.087068473679292	256.45677810075136
27219	81	Human rights organizations	47	813311	157	47157	Shelby County, Tennessee	no	11.666666666666666	48.666666666666664	2405.0
27220	81	Human rights organizations	47	813311	157	47157	Shelby County, Tennessee	yes	10.333333333333334	-42.88018827556697	-1864.0342319212666
27221	81	Human rights organizations	47	813311	163	47163	Sullivan County, Tennessee	yes	1.1666666666666667	5.930986098200364	462.81054566141546
27222	81	Human rights organizations	47	813311	177	47177	Warren County, Tennessee	yes	3.0	7.9429582946010955	629.0983036509131
27223	81	Human rights organizations	47	813311	179	47179	Washington County, Tennessee	yes	1.5	7.370401807012624	509.56788921186245
27224	81	Human rights organizations	47	813311	187	47187	Williamson County, Tennessee	yes	1.8333333333333333	2.0263068134311104	167.21629885385366
27225	81	Industrial launderers	47	812332	1	47001	Anderson County, Tennessee	yes	1.0	24.208223608223605	1128.727810984061
27226	81	Industrial launderers	47	812332	3	47003	Bedford County, Tennessee	yes	1.0	24.208223608223605	1128.727810984061
27227	81	Industrial launderers	47	812332	9	47009	Blount County, Tennessee	yes	1.3333333333333333	30.874890274890276	1410.2382276507276
27228	81	Industrial launderers	47	812332	11	47011	Bradley County, Tennessee	yes	1.0	23.25	950.125
27229	81	Industrial launderers	47	812332	37	47037	Davidson County, Tennessee	no	7.833333333333333	537.5	21180.666666666668
27230	81	Industrial launderers	47	812332	45	47045	Dyer County, Tennessee	yes	1.0	24.208223608223605	1128.727810984061
27231	81	Industrial launderers	47	812332	53	47053	Gibson County, Tennessee	yes	1.0	24.208223608223605	1128.727810984061
27232	81	Industrial launderers	47	812332	65	47065	Hamilton County, Tennessee	no	3.0	67.75	4178.75
27233	81	Industrial launderers	47	812332	65	47065	Hamilton County, Tennessee	yes	4.0	129.65765765765764	6646.936936936937
27234	81	Industrial launderers	47	812332	93	47093	Knox County, Tennessee	yes	2.0	48.41644721644721	2257.455621968122
27235	81	Industrial launderers	47	812332	105	47105	Loudon County, Tennessee	yes	1.0	28.365165165165166	1405.8450450450448
27236	81	Industrial launderers	47	812332	111	47111	Macon County, Tennessee	yes	1.0	20.105128205128203	862.2245993589744
27237	81	Industrial launderers	47	812332	113	47113	Madison County, Tennessee	yes	1.2	27.749868329868328	1312.235873180873
27238	81	Industrial launderers	47	812332	117	47117	Marshall County, Tennessee	yes	1.0	24.39986832986833	1164.4483731808732
27239	81	Industrial launderers	47	812332	125	47125	Montgomery County, Tennessee	yes	1.0	24.208223608223605	1128.727810984061
27240	81	Industrial launderers	47	812332	135	47135	Perry County, Tennessee	yes	1.0	23.25	950.125
27241	81	Industrial launderers	47	812332	155	47155	Sevier County, Tennessee	yes	1.1666666666666667	26.999890274890276	1251.884060984061
27242	81	Industrial launderers	47	812332	157	47157	Shelby County, Tennessee	no	8.666666666666666	454.8333333333333	19998.333333333332
27243	81	Industrial launderers	47	812332	163	47163	Sullivan County, Tennessee	no	4.25	162.25	5762.25
27244	81	Industrial launderers	47	812332	163	47163	Sullivan County, Tennessee	yes	3.0	97.24324324324326	4985.202702702703
27245	81	Industrial launderers	47	812332	179	47179	Washington County, Tennessee	yes	1.0	28.365165165165166	1405.8450450450448
27246	81	Industrial launderers	47	812332	183	47183	Weakley County, Tennessee	yes	1.0	24.208223608223605	1128.727810984061
27247	81	Industrial launderers	47	812332	187	47187	Williamson County, Tennessee	yes	2.0	46.5	1900.25
27248	81	Labor unions and similar labor organizations	47	813930	1	47001	Anderson County, Tennessee	no	12.0	81.66666666666667	1215.1666666666667
27249	81	Labor unions and similar labor organizations	47	813930	3	47003	Bedford County, Tennessee	yes	1.5	10.558450921451964	131.45918926304546
27250	81	Labor unions and similar labor organizations	47	813930	9	47009	Blount County, Tennessee	yes	2.5	17.820558305488962	212.56905879819973
27251	81	Labor unions and similar labor organizations	47	813930	11	47011	Bradley County, Tennessee	yes	1.0	7.262107384036998	81.10986953515429
27252	81	Labor unions and similar labor organizations	47	813930	13	47013	Campbell County, Tennessee	yes	1.3333333333333333	9.528689016690059	119.55145116780734
27253	81	Labor unions and similar labor organizations	47	813930	17	47017	Carroll County, Tennessee	yes	1.0	7.262107384036998	81.10986953515429
27254	81	Labor unions and similar labor organizations	47	813930	19	47019	Carter County, Tennessee	yes	1.0	7.262107384036998	81.10986953515429
27255	81	Labor unions and similar labor organizations	47	813930	29	47029	Cocke County, Tennessee	yes	2.0	14.524214768073996	162.21973907030858
27256	81	Labor unions and similar labor organizations	47	813930	31	47031	Coffee County, Tennessee	yes	2.0	14.524214768073996	162.21973907030858
27257	81	Labor unions and similar labor organizations	47	813930	35	47035	Cumberland County, Tennessee	yes	2.0	14.524214768073996	162.21973907030858
27258	81	Labor unions and similar labor organizations	47	813930	37	47037	Davidson County, Tennessee	no	46.666666666666664	462.8333333333333	18590.0
27259	81	Labor unions and similar labor organizations	47	813930	43	47043	Dickson County, Tennessee	yes	1.0	7.03150999291987	85.35071136671345
27260	81	Labor unions and similar labor organizations	47	813930	51	47051	Franklin County, Tennessee	yes	1.3333333333333333	9.866236010533246	100.09683443675705
27261	81	Labor unions and similar labor organizations	47	813930	53	47053	Gibson County, Tennessee	no	3.0	0.0	84.0
27262	81	Labor unions and similar labor organizations	47	813930	53	47053	Gibson County, Tennessee	yes	2.2	15.504955469710708	181.5046485398785
27263	81	Labor unions and similar labor organizations	47	813930	59	47059	Greene County, Tennessee	yes	1.0	7.262107384036998	81.10986953515429
27264	81	Labor unions and similar labor organizations	47	813930	63	47063	Hamblen County, Tennessee	no	3.0	19.333333333333332	118.33333333333333
27265	81	Labor unions and similar labor organizations	47	813930	65	47065	Hamilton County, Tennessee	no	27.666666666666668	165.83333333333334	4469.833333333333
27266	81	Labor unions and similar labor organizations	47	813930	71	47071	Hardin County, Tennessee	yes	2.1666666666666665	15.926730491344442	172.20401579986833
27267	81	Labor unions and similar labor organizations	47	813930	73	47073	Hawkins County, Tennessee	yes	1.0	7.262107384036998	81.10986953515429
27268	81	Labor unions and similar labor organizations	47	813930	79	47079	Henry County, Tennessee	yes	1.3333333333333333	9.825355507388592	101.88614261285768
27269	81	Labor unions and similar labor organizations	47	813930	83	47083	Houston County, Tennessee	yes	1.5	10.558450921451964	131.45918926304546
27270	81	Labor unions and similar labor organizations	47	813930	85	47085	Humphreys County, Tennessee	yes	2.0	14.524214768073996	162.21973907030858
27271	81	Labor unions and similar labor organizations	47	813930	93	47093	Knox County, Tennessee	no	26.0	133.83333333333334	3360.0
27272	81	Labor unions and similar labor organizations	47	813930	99	47099	Lawrence County, Tennessee	yes	1.0	8.169811320754716	70.64150943396226
27273	81	Labor unions and similar labor organizations	47	813930	103	47103	Lincoln County, Tennessee	yes	1.0	7.262107384036998	81.10986953515429
27274	81	Labor unions and similar labor organizations	47	813930	105	47105	Loudon County, Tennessee	yes	1.6666666666666667	12.470364637029492	119.08379933835981
27275	81	Labor unions and similar labor organizations	47	813930	107	47107	McMinn County, Tennessee	no	3.4	19.0	25.2
27276	81	Labor unions and similar labor organizations	47	813930	107	47107	McMinn County, Tennessee	yes	3.0	21.629032258064516	162.04838709677418
27277	81	Labor unions and similar labor organizations	47	813930	113	47113	Madison County, Tennessee	no	4.5	10.166666666666666	108.5
27278	81	Labor unions and similar labor organizations	47	813930	117	47117	Marshall County, Tennessee	yes	1.0	6.6941244239631335	62.73127880184332
27279	81	Labor unions and similar labor organizations	47	813930	119	47119	Maury County, Tennessee	no	3.0	20.0	487.0
27280	81	Labor unions and similar labor organizations	47	813930	119	47119	Maury County, Tennessee	yes	3.2	22.728492242910555	270.1804359869328
27281	81	Labor unions and similar labor organizations	47	813930	123	47123	Monroe County, Tennessee	yes	1.1666666666666667	8.291869288798903	93.01760763039239
27282	81	Labor unions and similar labor organizations	47	813930	125	47125	Montgomery County, Tennessee	no	5.666666666666667	18.833333333333332	126.66666666666667
27283	81	Labor unions and similar labor organizations	47	813930	129	47129	Morgan County, Tennessee	yes	1.0	6.799744897959184	115.32474489795919
27284	81	Labor unions and similar labor organizations	47	813930	131	47131	Obion County, Tennessee	no	3.0	0.0	96.0
27285	81	Labor unions and similar labor organizations	47	813930	131	47131	Obion County, Tennessee	yes	1.2	8.522502080564424	94.00676736184431
27286	81	Labor unions and similar labor organizations	47	813930	141	47141	Putnam County, Tennessee	yes	2.0	14.524214768073996	162.21973907030858
27287	81	Labor unions and similar labor organizations	47	813930	145	47145	Roane County, Tennessee	no	3.0	28.5	153.0
27288	81	Labor unions and similar labor organizations	47	813930	145	47145	Roane County, Tennessee	yes	3.0	21.918196166171885	258.42845940415117
27289	81	Labor unions and similar labor organizations	47	813930	147	47147	Robertson County, Tennessee	yes	1.5	10.558450921451964	131.45918926304546
27290	81	Labor unions and similar labor organizations	47	813930	149	47149	Rutherford County, Tennessee	no	4.333333333333333	21.333333333333332	74.66666666666667
27291	81	Labor unions and similar labor organizations	47	813930	149	47149	Rutherford County, Tennessee	yes	2.3333333333333335	17.980682839173404	154.63095238095238
27292	81	Labor unions and similar labor organizations	47	813930	151	47151	Scott County, Tennessee	yes	1.0	7.493288627075906	64.00243185375184
27293	81	Labor unions and similar labor organizations	47	813930	155	47155	Sevier County, Tennessee	yes	1.1666666666666667	8.463720287262806	90.11255770719731
27294	81	Labor unions and similar labor organizations	47	813930	157	47157	Shelby County, Tennessee	no	43.666666666666664	380.8333333333333	8323.0
27295	81	Labor unions and similar labor organizations	47	813930	159	47159	Smith County, Tennessee	yes	1.0	7.262107384036998	81.10986953515429
27296	81	Labor unions and similar labor organizations	47	813930	163	47163	Sullivan County, Tennessee	no	6.666666666666667	49.666666666666664	296.3333333333333
27297	81	Labor unions and similar labor organizations	47	813930	165	47165	Sumner County, Tennessee	no	3.0	10.666666666666666	106.66666666666667
27298	81	Labor unions and similar labor organizations	47	813930	165	47165	Sumner County, Tennessee	yes	3.0	23.794583079732195	184.5632988435788
27299	81	Labor unions and similar labor organizations	47	813930	171	47171	Unicoi County, Tennessee	yes	2.0	14.524214768073996	162.21973907030858
27300	81	Labor unions and similar labor organizations	47	813930	177	47177	Warren County, Tennessee	yes	1.0	6.592687074829932	100.69863945578231
27301	81	Labor unions and similar labor organizations	47	813930	179	47179	Washington County, Tennessee	no	5.833333333333333	15.5	171.66666666666666
27302	81	Labor unions and similar labor organizations	47	813930	183	47183	Weakley County, Tennessee	yes	1.8333333333333333	12.825032554105027	169.9007708956985
27303	81	Labor unions and similar labor organizations	47	813930	187	47187	Williamson County, Tennessee	yes	1.0	7.338194711847002	96.85171672442561
27304	81	Labor unions and similar labor organizations	47	813930	189	47189	Wilson County, Tennessee	yes	4.0	29.173245028382624	309.67921950886256
27305	81	Linen supply	47	812331	1	47001	Anderson County, Tennessee	yes	1.0	30.770159372790953	950.9854186748922
27306	81	Linen supply	47	812331	9	47009	Blount County, Tennessee	yes	1.0	30.770159372790953	950.9854186748922
27307	81	Linen supply	47	812331	37	47037	Davidson County, Tennessee	no	7.5	193.66666666666666	6382.0
27308	81	Linen supply	47	812331	51	47051	Franklin County, Tennessee	yes	1.0	30.770159372790953	950.9854186748922
27309	81	Linen supply	47	812331	65	47065	Hamilton County, Tennessee	yes	2.8333333333333335	86.69509350298824	2692.8408714092925
27310	81	Linen supply	47	812331	93	47093	Knox County, Tennessee	yes	2.5	77.18318874108348	2389.880553948975
27311	81	Linen supply	47	812331	111	47111	Macon County, Tennessee	yes	1.0	28.254578754578755	907.7155067155066
27312	81	Linen supply	47	812331	141	47141	Putnam County, Tennessee	no	3.0	34.333333333333336	1310.0
27313	81	Linen supply	47	812331	141	47141	Putnam County, Tennessee	yes	3.0	99.85721997300944	2982.765991902834
27314	81	Linen supply	47	812331	157	47157	Shelby County, Tennessee	no	4.4	248.2	8417.0
27315	81	Linen supply	47	812331	157	47157	Shelby County, Tennessee	yes	4.0	138.52631578947367	4553.894736842105
27316	81	Linen supply	47	812331	163	47163	Sullivan County, Tennessee	yes	1.0	30.770159372790953	950.9854186748922
27317	81	Linen supply	47	812331	181	47181	Wayne County, Tennessee	yes	1.0	30.770159372790953	950.9854186748922
27318	81	Linen supply	47	812331	187	47187	Williamson County, Tennessee	yes	1.0	30.770159372790953	950.9854186748922
27319	81	Nail salons	47	812113	1	47001	Anderson County, Tennessee	no	3.8	4.2	74.0
27320	81	Nail salons	47	812113	1	47001	Anderson County, Tennessee	yes	3.0	10.571428571428571	100.71428571428571
27321	81	Nail salons	47	812113	3	47003	Bedford County, Tennessee	yes	1.0	2.019367088607595	47.35417721518988
27322	81	Nail salons	47	812113	9	47009	Blount County, Tennessee	no	3.0	4.0	138.5
27323	81	Nail salons	47	812113	9	47009	Blount County, Tennessee	yes	2.0	5.462745098039216	66.90196078431373
27324	81	Nail salons	47	812113	11	47011	Bradley County, Tennessee	yes	1.6666666666666667	4.164638750014774	70.17692113132173
27325	81	Nail salons	47	812113	19	47019	Carter County, Tennessee	yes	1.0	2.731372549019608	33.450980392156865
27326	81	Nail salons	47	812113	37	47037	Davidson County, Tennessee	no	11.0	35.833333333333336	883.6666666666666
27327	81	Nail salons	47	812113	43	47043	Dickson County, Tennessee	yes	2.0	4.03873417721519	94.70835443037976
27328	81	Nail salons	47	812113	53	47053	Gibson County, Tennessee	yes	1.0	2.019367088607595	47.35417721518988
27329	81	Nail salons	47	812113	59	47059	Greene County, Tennessee	no	3.0	6.0	78.0
27330	81	Nail salons	47	812113	59	47059	Greene County, Tennessee	yes	1.8	4.876782186292238	75.96603084778215
27331	81	Nail salons	47	812113	63	47063	Hamblen County, Tennessee	yes	1.6666666666666667	4.386207377465754	68.24947015092958
27332	81	Nail salons	47	812113	65	47065	Hamilton County, Tennessee	no	5.4	4.6	122.0
27333	81	Nail salons	47	812113	65	47065	Hamilton County, Tennessee	yes	2.0	3.8666666666666667	59.333333333333336
27334	81	Nail salons	47	812113	71	47071	Hardin County, Tennessee	yes	1.0	2.019367088607595	47.35417721518988
27335	81	Nail salons	47	812113	77	47077	Henderson County, Tennessee	yes	1.0	2.731372549019608	33.450980392156865
27336	81	Nail salons	47	812113	93	47093	Knox County, Tennessee	no	15.333333333333334	31.166666666666668	595.1666666666666
27337	81	Nail salons	47	812113	97	47097	Lauderdale County, Tennessee	yes	1.0	2.0430168776371307	43.293755274261606
27338	81	Nail salons	47	812113	99	47099	Lawrence County, Tennessee	yes	1.0	2.07957805907173	47.83611814345992
27339	81	Nail salons	47	812113	105	47105	Loudon County, Tennessee	yes	1.6666666666666667	3.4258227848101264	79.40556962025316
27340	81	Nail salons	47	812113	107	47107	McMinn County, Tennessee	yes	1.0	2.07957805907173	47.83611814345992
27341	81	Nail salons	47	812113	113	47113	Madison County, Tennessee	yes	1.0	2.2	48.800000000000004
27342	81	Nail salons	47	812113	119	47119	Maury County, Tennessee	yes	1.0	2.066666666666667	39.233333333333334
27343	81	Nail salons	47	812113	125	47125	Montgomery County, Tennessee	no	3.0	11.0	88.0
27344	81	Nail salons	47	812113	125	47125	Montgomery County, Tennessee	yes	1.8	4.504233166684395	70.6256386909194
27345	81	Nail salons	47	812113	131	47131	Obion County, Tennessee	yes	1.0	2.019367088607595	47.35417721518988
27346	81	Nail salons	47	812113	141	47141	Putnam County, Tennessee	yes	1.0	2.4406359252561782	44.26994575045208
27347	81	Nail salons	47	812113	149	47149	Rutherford County, Tennessee	no	6.0	12.0	240.33333333333334
27348	81	Nail salons	47	812113	155	47155	Sevier County, Tennessee	yes	1.8	4.610899833351062	78.27897202425274
27349	81	Nail salons	47	812113	157	47157	Shelby County, Tennessee	no	48.0	176.5	3509.0
27350	81	Nail salons	47	812113	163	47163	Sullivan County, Tennessee	no	7.0	11.0	265.0
27351	81	Nail salons	47	812113	163	47163	Sullivan County, Tennessee	yes	1.3333333333333333	3.8177404295051356	56.13557422969188
27352	81	Nail salons	47	812113	165	47165	Sumner County, Tennessee	no	3.0	7.0	79.0
27353	81	Nail salons	47	812113	165	47165	Sumner County, Tennessee	yes	1.75	5.109943977591037	67.22002801120449
27354	81	Nail salons	47	812113	167	47167	Tipton County, Tennessee	yes	1.5	3.797972083348107	62.0435877979884
27355	81	Nail salons	47	812113	179	47179	Washington County, Tennessee	no	6.666666666666667	3.6666666666666665	87.5
27356	81	Nail salons	47	812113	187	47187	Williamson County, Tennessee	no	5.166666666666667	9.833333333333334	463.5
27357	81	Nail salons	47	812113	189	47189	Wilson County, Tennessee	yes	1.5	4.079751681263223	60.598077745866284
27358	81	One-hour photofinishing	47	812922	31	47031	Coffee County, Tennessee	yes	1.0	4.5625	69.9375
27359	81	One-hour photofinishing	47	812922	93	47093	Knox County, Tennessee	yes	1.0	3.819444444444444	74.84722222222221
27360	81	One-hour photofinishing	47	812922	155	47155	Sevier County, Tennessee	yes	1.0	3.819444444444444	74.84722222222221
27361	81	One-hour photofinishing	47	812922	157	47157	Shelby County, Tennessee	yes	1.0	3.819444444444444	74.84722222222221
27362	81	Other automotive mechanical and electrical repair and maintenance	47	811118	1	47001	Anderson County, Tennessee	yes	2.0	10.667302286992443	190.56903762201114
27363	81	Other automotive mechanical and electrical repair and maintenance	47	811118	11	47011	Bradley County, Tennessee	yes	1.0	6.0392965910207295	86.42884860988309
27364	81	Other automotive mechanical and electrical repair and maintenance	47	811118	31	47031	Coffee County, Tennessee	yes	1.0	5.724137931034483	72.03448275862068
27365	81	Other automotive mechanical and electrical repair and maintenance	47	811118	37	47037	Davidson County, Tennessee	no	9.5	18.5	1526.5
27366	81	Other automotive mechanical and electrical repair and maintenance	47	811118	47	47047	Fayette County, Tennessee	yes	1.0	5.724137931034483	72.03448275862068
27367	81	Other automotive mechanical and electrical repair and maintenance	47	811118	49	47049	Fentress County, Tennessee	yes	1.0	4.038461538461538	100.03846153846155
27368	81	Other automotive mechanical and electrical repair and maintenance	47	811118	51	47051	Franklin County, Tennessee	yes	1.0	5.333651143496222	95.28451881100557
27369	81	Other automotive mechanical and electrical repair and maintenance	47	811118	53	47053	Gibson County, Tennessee	yes	1.0	5.333651143496222	95.28451881100557
27370	81	Other automotive mechanical and electrical repair and maintenance	47	811118	55	47055	Giles County, Tennessee	yes	1.6666666666666667	9.359848870843374	152.9037512175943
27371	81	Other automotive mechanical and electrical repair and maintenance	47	811118	63	47063	Hamblen County, Tennessee	yes	1.3333333333333333	8.614287585551955	105.90380521989717
27372	81	Other automotive mechanical and electrical repair and maintenance	47	811118	65	47065	Hamilton County, Tennessee	no	8.166666666666666	20.833333333333332	786.8333333333334
27373	81	Other automotive mechanical and electrical repair and maintenance	47	811118	73	47073	Hawkins County, Tennessee	yes	1.0	5.333651143496222	95.28451881100557
27374	81	Other automotive mechanical and electrical repair and maintenance	47	811118	77	47077	Henderson County, Tennessee	yes	1.0	5.333651143496222	95.28451881100557
27375	81	Other automotive mechanical and electrical repair and maintenance	47	811118	79	47079	Henry County, Tennessee	yes	1.0	5.333651143496222	95.28451881100557
27376	81	Other automotive mechanical and electrical repair and maintenance	47	811118	81	47081	Hickman County, Tennessee	yes	1.0	3.922360248447205	112.99585921325051
27377	81	Other automotive mechanical and electrical repair and maintenance	47	811118	93	47093	Knox County, Tennessee	no	10.166666666666666	39.833333333333336	1353.3333333333333
27378	81	Other automotive mechanical and electrical repair and maintenance	47	811118	99	47099	Lawrence County, Tennessee	yes	1.0	3.9610606784519824	108.67672665498753
27379	81	Other automotive mechanical and electrical repair and maintenance	47	811118	103	47103	Lincoln County, Tennessee	yes	1.0	5.724137931034483	72.03448275862068
27380	81	Other automotive mechanical and electrical repair and maintenance	47	811118	113	47113	Madison County, Tennessee	yes	1.0	5.333651143496222	95.28451881100557
27381	81	Other automotive mechanical and electrical repair and maintenance	47	811118	119	47119	Maury County, Tennessee	yes	1.0	3.922360248447205	112.99585921325051
27382	81	Other automotive mechanical and electrical repair and maintenance	47	811118	125	47125	Montgomery County, Tennessee	no	3.8333333333333335	6.5	343.5
27383	81	Other automotive mechanical and electrical repair and maintenance	47	811118	141	47141	Putnam County, Tennessee	yes	1.0	5.333651143496222	95.28451881100557
27384	81	Other automotive mechanical and electrical repair and maintenance	47	811118	145	47145	Roane County, Tennessee	yes	1.6666666666666667	9.359848870843374	152.9037512175943
27385	81	Other automotive mechanical and electrical repair and maintenance	47	811118	151	47151	Scott County, Tennessee	yes	1.8333333333333333	9.713279298486697	178.56329049557436
27386	81	Other automotive mechanical and electrical repair and maintenance	47	811118	157	47157	Shelby County, Tennessee	no	13.333333333333334	32.166666666666664	1260.3333333333333
27387	81	Other automotive mechanical and electrical repair and maintenance	47	811118	163	47163	Sullivan County, Tennessee	yes	1.0	7.197293447293448	86.82122507122507
27388	81	Other automotive mechanical and electrical repair and maintenance	47	811118	165	47165	Sumner County, Tennessee	yes	2.0	10.667302286992443	190.56903762201114
27389	81	Other automotive mechanical and electrical repair and maintenance	47	811118	177	47177	Warren County, Tennessee	yes	1.0	5.333651143496222	95.28451881100557
27390	81	Other automotive mechanical and electrical repair and maintenance	47	811118	179	47179	Washington County, Tennessee	no	3.0	15.0	533.0
27391	81	Other automotive mechanical and electrical repair and maintenance	47	811118	179	47179	Washington County, Tennessee	yes	2.5	14.694812849985265	211.44039198349543
27392	81	Other automotive mechanical and electrical repair and maintenance	47	811118	187	47187	Williamson County, Tennessee	yes	2.0	10.667302286992443	190.56903762201114
27393	81	Other automotive mechanical and electrical repair and maintenance	47	811118	189	47189	Wilson County, Tennessee	yes	1.0	6.0392965910207295	86.42884860988309
27394	81	Other electronic and precision equipment repair and maintenance	47	811219	9	47009	Blount County, Tennessee	yes	2.0	16.91908280072003	648.5059423408933
27395	81	Other electronic and precision equipment repair and maintenance	47	811219	13	47013	Campbell County, Tennessee	yes	1.0	8.88735632183908	361.8911494252873
27396	81	Other electronic and precision equipment repair and maintenance	47	811219	25	47025	Claiborne County, Tennessee	yes	1.0	8.25925925925926	174.14814814814815
27397	81	Other electronic and precision equipment repair and maintenance	47	811219	31	47031	Coffee County, Tennessee	yes	1.0	8.459541400360015	324.25297117044664
27398	81	Other electronic and precision equipment repair and maintenance	47	811219	37	47037	Davidson County, Tennessee	no	7.666666666666667	55.333333333333336	2828.6666666666665
27399	81	Other electronic and precision equipment repair and maintenance	47	811219	47	47047	Fayette County, Tennessee	yes	1.0	7.926829268292683	310.8780487804878
27400	81	Other electronic and precision equipment repair and maintenance	47	811219	51	47051	Franklin County, Tennessee	yes	1.0	8.459541400360015	324.25297117044664
27401	81	Other electronic and precision equipment repair and maintenance	47	811219	63	47063	Hamblen County, Tennessee	yes	1.0	8.459541400360015	324.25297117044664
27402	81	Other electronic and precision equipment repair and maintenance	47	811219	65	47065	Hamilton County, Tennessee	no	4.0	26.0	1319.0
27403	81	Other electronic and precision equipment repair and maintenance	47	811219	65	47065	Hamilton County, Tennessee	yes	3.2	26.56968122492092	1052.5103127037123
27404	81	Other electronic and precision equipment repair and maintenance	47	811219	73	47073	Hawkins County, Tennessee	yes	1.0	8.459541400360015	324.25297117044664
27405	81	Other electronic and precision equipment repair and maintenance	47	811219	75	47075	Haywood County, Tennessee	yes	1.0	8.459541400360015	324.25297117044664
27406	81	Other electronic and precision equipment repair and maintenance	47	811219	89	47089	Jefferson County, Tennessee	yes	1.1666666666666667	9.780679611742128	376.06597930052794
27407	81	Other electronic and precision equipment repair and maintenance	47	811219	93	47093	Knox County, Tennessee	no	8.0	69.0	3914.8333333333335
27408	81	Other electronic and precision equipment repair and maintenance	47	811219	97	47097	Lauderdale County, Tennessee	yes	1.0	8.459541400360015	324.25297117044664
27409	81	Other electronic and precision equipment repair and maintenance	47	811219	105	47105	Loudon County, Tennessee	yes	2.0	16.91908280072003	648.5059423408933
27410	81	Other electronic and precision equipment repair and maintenance	47	811219	109	47109	McNairy County, Tennessee	yes	1.0	8.459541400360015	324.25297117044664
27411	81	Other electronic and precision equipment repair and maintenance	47	811219	113	47113	Madison County, Tennessee	yes	1.0	8.642789968652037	365.122907523511
27412	81	Other electronic and precision equipment repair and maintenance	47	811219	125	47125	Montgomery County, Tennessee	yes	1.6666666666666667	14.042539590843488	559.1729176495353
27413	81	Other electronic and precision equipment repair and maintenance	47	811219	141	47141	Putnam County, Tennessee	yes	1.0	8.459541400360015	324.25297117044664
27414	81	Other electronic and precision equipment repair and maintenance	47	811219	149	47149	Rutherford County, Tennessee	yes	2.1666666666666665	18.240221012102143	700.3189504709745
27415	81	Other electronic and precision equipment repair and maintenance	47	811219	157	47157	Shelby County, Tennessee	no	10.75	55.5	3933.0
27416	81	Other electronic and precision equipment repair and maintenance	47	811219	157	47157	Shelby County, Tennessee	yes	9.0	71.26164079822615	3085.633037694013
27417	81	Other electronic and precision equipment repair and maintenance	47	811219	163	47163	Sullivan County, Tennessee	yes	1.5	12.779762771156099	473.9149039077817
27418	81	Other electronic and precision equipment repair and maintenance	47	811219	165	47165	Sumner County, Tennessee	no	3.75	12.25	497.0
27419	81	Other electronic and precision equipment repair and maintenance	47	811219	165	47165	Sumner County, Tennessee	yes	2.5	20.149503161698284	640.4652213188799
27420	81	Other electronic and precision equipment repair and maintenance	47	811219	179	47179	Washington County, Tennessee	yes	1.0	8.459541400360015	324.25297117044664
27421	81	Other electronic and precision equipment repair and maintenance	47	811219	187	47187	Williamson County, Tennessee	no	3.75	3.0	246.5
27422	81	Other electronic and precision equipment repair and maintenance	47	811219	187	47187	Williamson County, Tennessee	yes	3.0	24.27913279132791	727.5392953929539
27423	81	Other grantmaking and giving services	47	813219	1	47001	Anderson County, Tennessee	yes	1.1666666666666667	4.288784081597266	160.50209039103171
27424	81	Other grantmaking and giving services	47	813219	3	47003	Bedford County, Tennessee	yes	1.0	3.841415660544634	142.6424412682247
27425	81	Other grantmaking and giving services	47	813219	9	47009	Blount County, Tennessee	yes	1.5	6.138692348997793	230.65863449765322
27426	81	Other grantmaking and giving services	47	813219	11	47011	Bradley County, Tennessee	yes	2.0	7.682831321089268	285.2848825364494
27427	81	Other grantmaking and giving services	47	813219	19	47019	Carter County, Tennessee	yes	1.0	3.149541791470546	107.30475667357888
27428	81	Other grantmaking and giving services	47	813219	31	47031	Coffee County, Tennessee	yes	1.3333333333333333	5.583136793442239	213.74837808739684
27429	81	Other grantmaking and giving services	47	813219	35	47035	Cumberland County, Tennessee	yes	1.0	3.841415660544634	142.6424412682247
27430	81	Other grantmaking and giving services	47	813219	37	47037	Davidson County, Tennessee	no	16.333333333333332	149.5	7785.0
27431	81	Other grantmaking and giving services	47	813219	51	47051	Franklin County, Tennessee	yes	1.3333333333333333	4.844339637152821	177.41234680128812
27432	81	Other grantmaking and giving services	47	813219	59	47059	Greene County, Tennessee	yes	1.0	3.841415660544634	142.6424412682247
27433	81	Other grantmaking and giving services	47	813219	63	47063	Hamblen County, Tennessee	yes	1.0	3.841415660544634	142.6424412682247
27434	81	Other grantmaking and giving services	47	813219	65	47065	Hamilton County, Tennessee	no	7.5	79.66666666666667	3218.0
27435	81	Other grantmaking and giving services	47	813219	73	47073	Hawkins County, Tennessee	yes	1.0	3.841415660544634	142.6424412682247
27436	81	Other grantmaking and giving services	47	813219	85	47085	Humphreys County, Tennessee	yes	2.0	7.682831321089268	285.2848825364494
27437	81	Other grantmaking and giving services	47	813219	93	47093	Knox County, Tennessee	no	5.0	20.6	1195.4
27438	81	Other grantmaking and giving services	47	813219	93	47093	Knox County, Tennessee	yes	3.0	9.658536585365853	353.04878048780483
27439	81	Other grantmaking and giving services	47	813219	95	47095	Lake County, Tennessee	yes	1.0	3.2195121951219514	117.6829268292683
27440	81	Other grantmaking and giving services	47	813219	105	47105	Loudon County, Tennessee	yes	1.0	2.6842105263157894	107.1578947368421
27441	81	Other grantmaking and giving services	47	813219	107	47107	McMinn County, Tennessee	yes	1.0	3.841415660544634	142.6424412682247
27442	81	Other grantmaking and giving services	47	813219	113	47113	Madison County, Tennessee	yes	1.0	3.841415660544634	142.6424412682247
27443	81	Other grantmaking and giving services	47	813219	117	47117	Marshall County, Tennessee	yes	1.3333333333333333	5.583136793442239	213.74837808739684
27444	81	Other grantmaking and giving services	47	813219	119	47119	Maury County, Tennessee	yes	1.0	3.841415660544634	142.6424412682247
27445	81	Other grantmaking and giving services	47	813219	123	47123	Monroe County, Tennessee	yes	2.0	7.682831321089268	285.2848825364494
27446	81	Other grantmaking and giving services	47	813219	125	47125	Montgomery County, Tennessee	yes	2.0	7.682831321089268	285.2848825364494
27447	81	Other grantmaking and giving services	47	813219	131	47131	Obion County, Tennessee	yes	1.0	3.841415660544634	142.6424412682247
27448	81	Other grantmaking and giving services	47	813219	141	47141	Putnam County, Tennessee	yes	1.0	3.3046522131887985	107.35371065249115
27449	81	Other grantmaking and giving services	47	813219	143	47143	Rhea County, Tennessee	yes	1.0	3.841415660544634	142.6424412682247
27450	81	Other grantmaking and giving services	47	813219	145	47145	Roane County, Tennessee	yes	1.0	3.841415660544634	142.6424412682247
27451	81	Other grantmaking and giving services	47	813219	147	47147	Robertson County, Tennessee	yes	1.0	3.841415660544634	142.6424412682247
27452	81	Other grantmaking and giving services	47	813219	149	47149	Rutherford County, Tennessee	yes	1.8333333333333333	7.127275765533713	268.37462612619294
27453	81	Other grantmaking and giving services	47	813219	155	47155	Sevier County, Tennessee	yes	1.1666666666666667	4.39697121610019	159.5526976784811
27454	81	Other grantmaking and giving services	47	813219	157	47157	Shelby County, Tennessee	no	11.333333333333334	235.83333333333334	9315.5
27455	81	Other grantmaking and giving services	47	813219	163	47163	Sullivan County, Tennessee	yes	2.1666666666666665	8.219416686942926	304.89870367466074
27456	81	Other grantmaking and giving services	47	813219	165	47165	Sumner County, Tennessee	yes	1.25	3.9828751248038796	132.6701412889635
27457	81	Other grantmaking and giving services	47	813219	179	47179	Washington County, Tennessee	yes	2.0	7.682831321089268	285.2848825364494
27458	81	Other grantmaking and giving services	47	813219	187	47187	Williamson County, Tennessee	no	5.166666666666667	11.5	478.3333333333333
27459	81	Other grantmaking and giving services	47	813219	189	47189	Wilson County, Tennessee	yes	1.0	3.841415660544634	142.6424412682247
27460	81	Other personal and household goods repair and maintenance	47	811490	1	47001	Anderson County, Tennessee	yes	1.5	4.695701650220021	108.76528133678084
27461	81	Other personal and household goods repair and maintenance	47	811490	5	47005	Benton County, Tennessee	yes	1.0	3.232813661016243	70.28529933048306
27462	81	Other personal and household goods repair and maintenance	47	811490	9	47009	Blount County, Tennessee	no	4.5	1.0	44.0
27463	81	Other personal and household goods repair and maintenance	47	811490	9	47009	Blount County, Tennessee	yes	2.5	7.683293866014819	163.58605148575356
27464	81	Other personal and household goods repair and maintenance	47	811490	11	47011	Bradley County, Tennessee	yes	1.0	3.232813661016243	70.28529933048306
27465	81	Other personal and household goods repair and maintenance	47	811490	13	47013	Campbell County, Tennessee	yes	1.0	3.232813661016243	70.28529933048306
27466	81	Other personal and household goods repair and maintenance	47	811490	15	47015	Cannon County, Tennessee	yes	1.0	2.769230769230769	61.179487179487175
27467	81	Other personal and household goods repair and maintenance	47	811490	17	47017	Carroll County, Tennessee	yes	1.5	5.002739332828707	102.09061665466828
27468	81	Other personal and household goods repair and maintenance	47	811490	21	47021	Cheatham County, Tennessee	yes	1.0	3.9512864493996567	69.77444253859348
27469	81	Other personal and household goods repair and maintenance	47	811490	25	47025	Claiborne County, Tennessee	yes	1.0	4.581818181818182	86.45454545454545
27470	81	Other personal and household goods repair and maintenance	47	811490	29	47029	Cocke County, Tennessee	yes	1.0	3.9512864493996567	69.77444253859348
27471	81	Other personal and household goods repair and maintenance	47	811490	31	47031	Coffee County, Tennessee	yes	1.6666666666666667	5.464277794367169	112.28719785124947
27472	81	Other personal and household goods repair and maintenance	47	811490	33	47033	Crockett County, Tennessee	yes	1.0	3.004048582995951	84.85020242914979
27473	81	Other personal and household goods repair and maintenance	47	811490	35	47035	Cumberland County, Tennessee	yes	2.0	6.465627322032486	140.5705986609661
27474	81	Other personal and household goods repair and maintenance	47	811490	37	47037	Davidson County, Tennessee	no	16.5	62.0	2039.6666666666667
27475	81	Other personal and household goods repair and maintenance	47	811490	41	47041	DeKalb County, Tennessee	yes	1.0	2.963012756855855	67.05145010567057
27476	81	Other personal and household goods repair and maintenance	47	811490	45	47045	Dyer County, Tennessee	no	3.0	5.0	68.0
27477	81	Other personal and household goods repair and maintenance	47	811490	45	47045	Dyer County, Tennessee	yes	1.5	4.718749175352949	91.11847429300259
27478	81	Other personal and household goods repair and maintenance	47	811490	51	47051	Franklin County, Tennessee	yes	1.6666666666666667	5.148531838899267	117.3124511481016
27479	81	Other personal and household goods repair and maintenance	47	811490	53	47053	Gibson County, Tennessee	yes	1.0	3.320754716981132	53.094339622641506
27480	81	Other personal and household goods repair and maintenance	47	811490	57	47057	Grainger County, Tennessee	yes	1.0	3.232813661016243	70.28529933048306
27481	81	Other personal and household goods repair and maintenance	47	811490	63	47063	Hamblen County, Tennessee	yes	1.0	3.232813661016243	70.28529933048306
27482	81	Other personal and household goods repair and maintenance	47	811490	65	47065	Hamilton County, Tennessee	no	11.666666666666666	26.5	656.1666666666666
27483	81	Other personal and household goods repair and maintenance	47	811490	71	47071	Hardin County, Tennessee	yes	1.3333333333333333	4.549909144149462	93.54344684334752
27484	81	Other personal and household goods repair and maintenance	47	811490	79	47079	Henry County, Tennessee	yes	1.1666666666666667	3.685643849695488	78.8324691418038
27485	81	Other personal and household goods repair and maintenance	47	811490	89	47089	Jefferson County, Tennessee	yes	1.0	3.3471962000263886	63.00284778114967
27486	81	Other personal and household goods repair and maintenance	47	811490	93	47093	Knox County, Tennessee	no	12.166666666666666	17.833333333333332	744.3333333333334
27487	81	Other personal and household goods repair and maintenance	47	811490	105	47105	Loudon County, Tennessee	yes	1.3333333333333333	4.24781124205156	89.33093713083781
27488	81	Other personal and household goods repair and maintenance	47	811490	107	47107	McMinn County, Tennessee	yes	1.0	3.9512864493996567	69.77444253859348
27489	81	Other personal and household goods repair and maintenance	47	811490	113	47113	Madison County, Tennessee	yes	1.25	4.492650745480934	84.61648414478603
27490	81	Other personal and household goods repair and maintenance	47	811490	117	47117	Marshall County, Tennessee	yes	1.0	3.320754716981132	53.094339622641506
27491	81	Other personal and household goods repair and maintenance	47	811490	119	47119	Maury County, Tennessee	no	4.0	4.333333333333333	74.0
27492	81	Other personal and household goods repair and maintenance	47	811490	119	47119	Maury County, Tennessee	yes	4.0	14.159405374499713	254.442538593482
27493	81	Other personal and household goods repair and maintenance	47	811490	121	47121	Meigs County, Tennessee	yes	1.0	3.9512864493996567	69.77444253859348
27494	81	Other personal and household goods repair and maintenance	47	811490	123	47123	Monroe County, Tennessee	yes	3.1666666666666665	10.151271171727972	219.40306780276987
27495	81	Other personal and household goods repair and maintenance	47	811490	125	47125	Montgomery County, Tennessee	no	3.0	7.0	114.0
27496	81	Other personal and household goods repair and maintenance	47	811490	125	47125	Montgomery County, Tennessee	yes	3.2	10.64074166151624	226.93825320657498
27497	81	Other personal and household goods repair and maintenance	47	811490	133	47133	Overton County, Tennessee	yes	1.1666666666666667	3.9964500246526065	84.69439023957395
27498	81	Other personal and household goods repair and maintenance	47	811490	137	47137	Pickett County, Tennessee	yes	1.0	3.539851343624928	63.6106346483705
27499	81	Other personal and household goods repair and maintenance	47	811490	141	47141	Putnam County, Tennessee	yes	1.5	5.322839424726217	97.8900690504464
27500	81	Other personal and household goods repair and maintenance	47	811490	145	47145	Roane County, Tennessee	yes	1.3333333333333333	4.14718231123395	89.02905033838499
27501	81	Other personal and household goods repair and maintenance	47	811490	149	47149	Rutherford County, Tennessee	no	3.0	2.0	32.0
27502	81	Other personal and household goods repair and maintenance	47	811490	149	47149	Rutherford County, Tennessee	yes	2.6	8.071089506322872	180.19608752716996
27503	81	Other personal and household goods repair and maintenance	47	811490	155	47155	Sevier County, Tennessee	no	3.0	6.0	179.33333333333334
27504	81	Other personal and household goods repair and maintenance	47	811490	155	47155	Sevier County, Tennessee	yes	1.6666666666666667	5.35117209834191	97.79931389365352
27505	81	Other personal and household goods repair and maintenance	47	811490	157	47157	Shelby County, Tennessee	no	18.0	45.833333333333336	1212.1666666666667
27506	81	Other personal and household goods repair and maintenance	47	811490	163	47163	Sullivan County, Tennessee	no	3.0	2.5	103.25
27507	81	Other personal and household goods repair and maintenance	47	811490	163	47163	Sullivan County, Tennessee	yes	2.0	6.008097165991902	169.70040485829958
27508	81	Other personal and household goods repair and maintenance	47	811490	165	47165	Sumner County, Tennessee	yes	1.6	4.718478343900389	113.22742851322792
27509	81	Other personal and household goods repair and maintenance	47	811490	167	47167	Tipton County, Tennessee	yes	1.0	3.004048582995951	84.85020242914979
27510	81	Other personal and household goods repair and maintenance	47	811490	177	47177	Warren County, Tennessee	yes	1.0	3.232813661016243	70.28529933048306
27511	81	Other personal and household goods repair and maintenance	47	811490	179	47179	Washington County, Tennessee	yes	1.5	5.523722751925334	113.51257205775575
27512	81	Other personal and household goods repair and maintenance	47	811490	185	47185	White County, Tennessee	yes	1.0	3.232813661016243	70.28529933048306
27513	81	Other personal and household goods repair and maintenance	47	811490	187	47187	Williamson County, Tennessee	no	7.2	69.4	2420.0
27514	81	Other personal and household goods repair and maintenance	47	811490	187	47187	Williamson County, Tennessee	yes	3.0	13.745454545454544	259.3636363636364
27515	81	Other personal and household goods repair and maintenance	47	811490	189	47189	Wilson County, Tennessee	yes	1.0	3.326724119971389	76.8594922951924
27516	81	Other personal care services	47	812199	1	47001	Anderson County, Tennessee	yes	1.0	7.071274142402456	104.47130083700023
27517	81	Other personal care services	47	812199	5	47005	Benton County, Tennessee	yes	1.0	7.071274142402456	104.47130083700023
27518	81	Other personal care services	47	812199	9	47009	Blount County, Tennessee	no	3.0	5.0	57.0
27519	81	Other personal care services	47	812199	9	47009	Blount County, Tennessee	yes	2.0	14.69507821973354	249.63117896938383
27520	81	Other personal care services	47	812199	11	47011	Bradley County, Tennessee	no	3.0	2.3333333333333335	77.33333333333333
27521	81	Other personal care services	47	812199	11	47011	Bradley County, Tennessee	yes	1.0	7.631316680152255	113.3120605776699
27522	81	Other personal care services	47	812199	17	47017	Carroll County, Tennessee	yes	1.1666666666666667	8.322556193684507	123.25848032417973
27523	81	Other personal care services	47	812199	19	47019	Carter County, Tennessee	yes	1.5	10.273047953386792	138.23083545442958
27524	81	Other personal care services	47	812199	21	47021	Cheatham County, Tennessee	yes	1.0	6.403547621968674	67.5190692348587
27525	81	Other personal care services	47	812199	29	47029	Cocke County, Tennessee	yes	1.1666666666666667	8.097789293917607	111.18342204912146
27526	81	Other personal care services	47	812199	31	47031	Coffee County, Tennessee	no	4.5	20.0	122.75
27527	81	Other personal care services	47	812199	31	47031	Coffee County, Tennessee	yes	3.5	22.349257759784074	268.20742240215924
27528	81	Other personal care services	47	812199	35	47035	Cumberland County, Tennessee	no	3.0	8.0	55.0
27529	81	Other personal care services	47	812199	35	47035	Cumberland County, Tennessee	yes	1.4	10.536072225727548	160.3768233250282
27530	81	Other personal care services	47	812199	37	47037	Davidson County, Tennessee	no	45.666666666666664	337.8333333333333	7003.166666666667
27531	81	Other personal care services	47	812199	41	47041	DeKalb County, Tennessee	yes	1.0	5.851475279106857	44.9170653907496
27532	81	Other personal care services	47	812199	43	47043	Dickson County, Tennessee	yes	1.0	7.071274142402456	104.47130083700023
27533	81	Other personal care services	47	812199	45	47045	Dyer County, Tennessee	yes	1.0	6.4231964307622205	81.79108764042974
27534	81	Other personal care services	47	812199	47	47047	Fayette County, Tennessee	no	3.0	7.5	108.0
27535	81	Other personal care services	47	812199	47	47047	Fayette County, Tennessee	yes	2.25	15.604869757070487	207.1391434980838
27536	81	Other personal care services	47	812199	51	47051	Franklin County, Tennessee	yes	1.0	6.482142857142857	124.60714285714285
27537	81	Other personal care services	47	812199	53	47053	Gibson County, Tennessee	no	3.0	0.0	52.0
27538	81	Other personal care services	47	812199	53	47053	Gibson County, Tennessee	yes	2.0	15.478001325672475	282.8470648782835
27539	81	Other personal care services	47	812199	57	47057	Grainger County, Tennessee	yes	1.8333333333333333	13.116033133289761	202.23048046187924
27540	81	Other personal care services	47	812199	59	47059	Greene County, Tennessee	no	4.5	15.5	169.25
27541	81	Other personal care services	47	812199	59	47059	Greene County, Tennessee	yes	3.5	24.92832167832168	322.0804195804196
27542	81	Other personal care services	47	812199	63	47063	Hamblen County, Tennessee	yes	1.8333333333333333	12.43376223910108	179.7665497401439
27543	81	Other personal care services	47	812199	65	47065	Hamilton County, Tennessee	no	22.166666666666668	168.5	2967.1666666666665
27544	81	Other personal care services	47	812199	71	47071	Hardin County, Tennessee	yes	1.3333333333333333	9.246532801871641	131.5187142423084
27545	81	Other personal care services	47	812199	73	47073	Hawkins County, Tennessee	yes	1.6666666666666667	10.754064940907048	121.61389604547499
27546	81	Other personal care services	47	812199	77	47077	Henderson County, Tennessee	yes	1.0	7.071274142402456	104.47130083700023
27547	81	Other personal care services	47	812199	79	47079	Henry County, Tennessee	yes	2.0	14.142548284804912	208.94260167400046
27548	81	Other personal care services	47	812199	89	47089	Jefferson County, Tennessee	yes	1.5	10.886932482478583	161.12733112583518
27549	81	Other personal care services	47	812199	91	47091	Johnson County, Tennessee	yes	1.0	6.4231964307622205	81.79108764042974
27550	81	Other personal care services	47	812199	93	47093	Knox County, Tennessee	no	25.333333333333332	348.0	5770.666666666667
27551	81	Other personal care services	47	812199	99	47099	Lawrence County, Tennessee	no	3.0	0.0	60.0
27552	81	Other personal care services	47	812199	99	47099	Lawrence County, Tennessee	yes	1.25	9.301709288335969	165.4002042744113
27553	81	Other personal care services	47	812199	103	47103	Lincoln County, Tennessee	yes	1.1666666666666667	8.097789293917607	111.18342204912146
27554	81	Other personal care services	47	812199	107	47107	McMinn County, Tennessee	no	3.0	0.0	58.0
27555	81	Other personal care services	47	812199	107	47107	McMinn County, Tennessee	yes	1.2	8.362482718889327	127.22329625160921
27556	81	Other personal care services	47	812199	111	47111	Macon County, Tennessee	yes	1.0	7.739000662836237	141.42353243914175
27557	81	Other personal care services	47	812199	113	47113	Madison County, Tennessee	no	5.0	61.0	760.0
27558	81	Other personal care services	47	812199	113	47113	Madison County, Tennessee	yes	6.0	45.04615384615385	676.3384615384616
27559	81	Other personal care services	47	812199	117	47117	Marshall County, Tennessee	yes	1.0	7.071274142402456	104.47130083700023
27560	81	Other personal care services	47	812199	119	47119	Maury County, Tennessee	yes	2.8	20.840017078973744	357.02991381748427
27561	81	Other personal care services	47	812199	123	47123	Monroe County, Tennessee	yes	1.0	5.851475279106857	44.9170653907496
27562	81	Other personal care services	47	812199	125	47125	Montgomery County, Tennessee	no	11.333333333333334	79.5	925.3333333333334
27563	81	Other personal care services	47	812199	131	47131	Obion County, Tennessee	no	3.0	11.333333333333334	116.33333333333333
27564	81	Other personal care services	47	812199	131	47131	Obion County, Tennessee	yes	2.0	12.807095243937349	135.0381384697174
27565	81	Other personal care services	47	812199	139	47139	Polk County, Tennessee	yes	1.0	7.739000662836237	141.42353243914175
27566	81	Other personal care services	47	812199	141	47141	Putnam County, Tennessee	no	5.333333333333333	36.0	258.3333333333333
27567	81	Other personal care services	47	812199	143	47143	Rhea County, Tennessee	yes	1.0	7.344023224399906	116.13583114753813
27568	81	Other personal care services	47	812199	145	47145	Roane County, Tennessee	yes	1.1666666666666667	8.097789293917607	111.18342204912146
27569	81	Other personal care services	47	812199	147	47147	Robertson County, Tennessee	no	3.0	0.0	29.0
27570	81	Other personal care services	47	812199	147	47147	Robertson County, Tennessee	yes	1.8	13.005883116591068	212.07741571509422
27571	81	Other personal care services	47	812199	149	47149	Rutherford County, Tennessee	no	19.666666666666668	159.83333333333334	2371.1666666666665
27572	81	Other personal care services	47	812199	151	47151	Scott County, Tennessee	yes	1.0	7.2537107890647645	117.31101554985483
27573	81	Other personal care services	47	812199	155	47155	Sevier County, Tennessee	no	4.333333333333333	8.5	143.0
27574	81	Other personal care services	47	812199	157	47157	Shelby County, Tennessee	no	34.0	291.3333333333333	5144.333333333333
27575	81	Other personal care services	47	812199	161	47161	Stewart County, Tennessee	yes	1.0	5.5438596491228065	49.561403508771924
27576	81	Other personal care services	47	812199	163	47163	Sullivan County, Tennessee	no	11.0	18.5	318.5
27577	81	Other personal care services	47	812199	163	47163	Sullivan County, Tennessee	yes	7.0	53.08195902671911	924.1556212508632
27578	81	Other personal care services	47	812199	165	47165	Sumner County, Tennessee	no	8.4	101.4	1638.6
27579	81	Other personal care services	47	812199	165	47165	Sumner County, Tennessee	yes	5.0	27.719298245614034	247.80701754385964
27580	81	Other personal care services	47	812199	177	47177	Warren County, Tennessee	yes	1.0	6.4231964307622205	81.79108764042974
27581	81	Other personal care services	47	812199	179	47179	Washington County, Tennessee	no	6.333333333333333	38.333333333333336	464.0
27582	81	Other personal care services	47	812199	183	47183	Weakley County, Tennessee	yes	2.0	14.142548284804912	208.94260167400046
27583	81	Other personal care services	47	812199	185	47185	White County, Tennessee	yes	1.4	10.051677822031797	164.7770595058988
27584	81	Other personal care services	47	812199	187	47187	Williamson County, Tennessee	no	22.0	184.33333333333334	4309.333333333333
27585	81	Other personal care services	47	812199	189	47189	Wilson County, Tennessee	no	4.0	44.0	429.0
27586	81	Other personal care services	47	812199	189	47189	Wilson County, Tennessee	yes	3.6	25.53076153612481	376.45007320595664
27587	81	Other similar organizations (except business, professional, labor, and political organizations)	47	813990	1	47001	Anderson County, Tennessee	yes	1.0	13.682009196187963	286.5512139478791
27588	81	Other similar organizations (except business, professional, labor, and political organizations)	47	813990	9	47009	Blount County, Tennessee	no	4.333333333333333	6.666666666666667	215.33333333333334
27589	81	Other similar organizations (except business, professional, labor, and political organizations)	47	813990	11	47011	Bradley County, Tennessee	yes	1.0	13.892857142857142	333.3928571428571
27590	81	Other similar organizations (except business, professional, labor, and political organizations)	47	813990	21	47021	Cheatham County, Tennessee	yes	1.0	13.682009196187963	286.5512139478791
27591	81	Other similar organizations (except business, professional, labor, and political organizations)	47	813990	25	47025	Claiborne County, Tennessee	yes	1.0	13.682009196187963	286.5512139478791
27592	81	Other similar organizations (except business, professional, labor, and political organizations)	47	813990	29	47029	Cocke County, Tennessee	yes	1.0	13.682009196187963	286.5512139478791
27593	81	Other similar organizations (except business, professional, labor, and political organizations)	47	813990	31	47031	Coffee County, Tennessee	yes	1.8333333333333333	24.663260816618344	529.7615188048491
27594	81	Other similar organizations (except business, professional, labor, and political organizations)	47	813990	35	47035	Cumberland County, Tennessee	yes	7.833333333333333	108.32772713523622	2241.6473938568993
27595	81	Other similar organizations (except business, professional, labor, and political organizations)	47	813990	37	47037	Davidson County, Tennessee	no	30.5	162.66666666666666	5136.166666666667
27596	81	Other similar organizations (except business, professional, labor, and political organizations)	47	813990	43	47043	Dickson County, Tennessee	yes	1.0	16.96551724137931	307.37931034482756
27597	81	Other similar organizations (except business, professional, labor, and political organizations)	47	813990	47	47047	Fayette County, Tennessee	yes	1.0	13.177501944516465	291.852365828364
27598	81	Other similar organizations (except business, professional, labor, and political organizations)	47	813990	65	47065	Hamilton County, Tennessee	no	10.166666666666666	11.333333333333334	437.3333333333333
27599	81	Other similar organizations (except business, professional, labor, and political organizations)	47	813990	69	47069	Hardeman County, Tennessee	yes	1.0	13.682009196187963	286.5512139478791
27600	81	Other similar organizations (except business, professional, labor, and political organizations)	47	813990	71	47071	Hardin County, Tennessee	yes	1.0	14.589114832535884	276.83851674641147
27601	81	Other similar organizations (except business, professional, labor, and political organizations)	47	813990	73	47073	Hawkins County, Tennessee	yes	1.0	15.381248968817026	287.01878127921685
27602	81	Other similar organizations (except business, professional, labor, and political organizations)	47	813990	79	47079	Henry County, Tennessee	yes	2.0	27.364018392375925	573.1024278957582
27603	81	Other similar organizations (except business, professional, labor, and political organizations)	47	813990	89	47089	Jefferson County, Tennessee	yes	1.0	13.682009196187963	286.5512139478791
27604	81	Other similar organizations (except business, professional, labor, and political organizations)	47	813990	93	47093	Knox County, Tennessee	no	17.666666666666668	19.333333333333332	873.6666666666666
27605	81	Other similar organizations (except business, professional, labor, and political organizations)	47	813990	105	47105	Loudon County, Tennessee	yes	2.0	27.364018392375925	573.1024278957582
27606	81	Other similar organizations (except business, professional, labor, and political organizations)	47	813990	115	47115	Marion County, Tennessee	yes	1.0	13.682009196187963	286.5512139478791
27607	81	Other similar organizations (except business, professional, labor, and political organizations)	47	813990	121	47121	Meigs County, Tennessee	yes	1.0	11.982769423558898	286.08364661654133
27608	81	Other similar organizations (except business, professional, labor, and political organizations)	47	813990	125	47125	Montgomery County, Tennessee	yes	1.0	11.027725563909774	262.42904135338347
27609	81	Other similar organizations (except business, professional, labor, and political organizations)	47	813990	127	47127	Moore County, Tennessee	yes	1.0	14.589114832535884	276.83851674641147
27610	81	Other similar organizations (except business, professional, labor, and political organizations)	47	813990	141	47141	Putnam County, Tennessee	yes	1.0	13.682009196187963	286.5512139478791
27611	81	Other similar organizations (except business, professional, labor, and political organizations)	47	813990	145	47145	Roane County, Tennessee	yes	1.0	13.682009196187963	286.5512139478791
27612	81	Other similar organizations (except business, professional, labor, and political organizations)	47	813990	147	47147	Robertson County, Tennessee	yes	1.0	15.381248968817026	287.01878127921685
27613	81	Other similar organizations (except business, professional, labor, and political organizations)	47	813990	149	47149	Rutherford County, Tennessee	no	6.6	12.8	436.2
27614	81	Other similar organizations (except business, professional, labor, and political organizations)	47	813990	149	47149	Rutherford County, Tennessee	yes	7.0	113.43181818181819	1820.3181818181818
27615	81	Other similar organizations (except business, professional, labor, and political organizations)	47	813990	155	47155	Sevier County, Tennessee	no	23.0	182.16666666666666	6471.5
27616	81	Other similar organizations (except business, professional, labor, and political organizations)	47	813990	157	47157	Shelby County, Tennessee	no	16.333333333333332	59.0	2006.5
27617	81	Other similar organizations (except business, professional, labor, and political organizations)	47	813990	163	47163	Sullivan County, Tennessee	no	5.666666666666667	5.0	126.66666666666667
27618	81	Other similar organizations (except business, professional, labor, and political organizations)	47	813990	165	47165	Sumner County, Tennessee	no	4.0	3.3333333333333335	135.33333333333334
27619	81	Other similar organizations (except business, professional, labor, and political organizations)	47	813990	173	47173	Union County, Tennessee	yes	1.0	13.682009196187963	286.5512139478791
27620	81	Other similar organizations (except business, professional, labor, and political organizations)	47	813990	179	47179	Washington County, Tennessee	yes	1.1666666666666667	15.997485386664152	342.1166901383553
27621	81	Other similar organizations (except business, professional, labor, and political organizations)	47	813990	187	47187	Williamson County, Tennessee	no	6.5	27.5	1618.75
27622	81	Other similar organizations (except business, professional, labor, and political organizations)	47	813990	187	47187	Williamson County, Tennessee	yes	7.5	110.22607655502392	2067.8923444976076
27623	81	Other similar organizations (except business, professional, labor, and political organizations)	47	813990	189	47189	Wilson County, Tennessee	yes	1.0	11.027725563909774	262.42904135338347
27624	81	Other social advocacy organizations	47	813319	1	47001	Anderson County, Tennessee	no	3.0	2.0	94.0
27625	81	Other social advocacy organizations	47	813319	1	47001	Anderson County, Tennessee	yes	2.0	9.931791607732203	255.1693870815653
27626	81	Other social advocacy organizations	47	813319	9	47009	Blount County, Tennessee	no	3.0	8.0	580.0
27627	81	Other social advocacy organizations	47	813319	9	47009	Blount County, Tennessee	yes	2.0	10.075124941065535	248.8793870815653
27628	81	Other social advocacy organizations	47	813319	25	47025	Claiborne County, Tennessee	yes	1.0	5.0443452380952385	104.05446428571429
27629	81	Other social advocacy organizations	47	813319	31	47031	Coffee County, Tennessee	yes	2.0	9.576493006443501	242.44115590130446
27630	81	Other social advocacy organizations	47	813319	37	47037	Davidson County, Tennessee	no	30.166666666666668	141.83333333333334	5624.333333333333
27631	81	Other social advocacy organizations	47	813319	51	47051	Franklin County, Tennessee	yes	1.5	6.803873958824454	190.5923463774949
27632	81	Other social advocacy organizations	47	813319	61	47061	Grundy County, Tennessee	yes	1.0	3.9	89.4
27633	81	Other social advocacy organizations	47	813319	63	47063	Hamblen County, Tennessee	yes	1.0	3.9785714285714286	93.02857142857144
27634	81	Other social advocacy organizations	47	813319	65	47065	Hamilton County, Tennessee	no	6.5	44.333333333333336	1971.5
27635	81	Other social advocacy organizations	47	813319	73	47073	Hawkins County, Tennessee	yes	1.0	4.7882465032217505	121.22057795065223
27636	81	Other social advocacy organizations	47	813319	93	47093	Knox County, Tennessee	no	3.6666666666666665	6.0	299.6666666666667
27637	81	Other social advocacy organizations	47	813319	93	47093	Knox County, Tennessee	yes	2.0	10.851587301587301	217.8785714285714
27638	81	Other social advocacy organizations	47	813319	105	47105	Loudon County, Tennessee	yes	1.0	4.7882465032217505	121.22057795065223
27639	81	Other social advocacy organizations	47	813319	107	47107	McMinn County, Tennessee	yes	1.0	5.0443452380952385	104.05446428571429
27640	81	Other social advocacy organizations	47	813319	113	47113	Madison County, Tennessee	yes	1.3333333333333333	6.910865550840799	158.16938747446173
27641	81	Other social advocacy organizations	47	813319	119	47119	Maury County, Tennessee	no	3.0	6.666666666666667	161.33333333333334
27642	81	Other social advocacy organizations	47	813319	123	47123	Monroe County, Tennessee	yes	1.0	4.7882465032217505	121.22057795065223
27643	81	Other social advocacy organizations	47	813319	131	47131	Obion County, Tennessee	yes	1.0	4.7882465032217505	121.22057795065223
27644	81	Other social advocacy organizations	47	813319	141	47141	Putnam County, Tennessee	yes	1.8333333333333333	8.13006443501493	221.6018701870187
27645	81	Other social advocacy organizations	47	813319	145	47145	Roane County, Tennessee	yes	1.0	4.7882465032217505	121.22057795065223
27646	81	Other social advocacy organizations	47	813319	149	47149	Rutherford County, Tennessee	yes	2.0	9.576493006443501	242.44115590130446
27647	81	Other social advocacy organizations	47	813319	151	47151	Scott County, Tennessee	yes	1.6666666666666667	8.151143328618577	190.59022080779508
27648	81	Other social advocacy organizations	47	813319	157	47157	Shelby County, Tennessee	no	13.666666666666666	121.33333333333333	6051.666666666667
27649	81	Other social advocacy organizations	47	813319	163	47163	Sullivan County, Tennessee	yes	1.0	4.7882465032217505	121.22057795065223
27650	81	Other social advocacy organizations	47	813319	165	47165	Sumner County, Tennessee	no	3.3333333333333335	3.3333333333333335	193.5
27651	81	Other social advocacy organizations	47	813319	177	47177	Warren County, Tennessee	yes	1.0	4.7882465032217505	121.22057795065223
27652	81	Other social advocacy organizations	47	813319	179	47179	Washington County, Tennessee	no	3.5	22.5	467.3333333333333
27653	81	Other social advocacy organizations	47	813319	187	47187	Williamson County, Tennessee	no	11.5	39.75	1814.5
27654	81	Other social advocacy organizations	47	813319	187	47187	Williamson County, Tennessee	yes	7.5	29.878571428571426	699.5285714285715
27655	81	Other social advocacy organizations	47	813319	189	47189	Wilson County, Tennessee	no	3.8	10.4	497.8
27656	81	Other social advocacy organizations	47	813319	189	47189	Wilson County, Tennessee	yes	3.0	26.035714285714285	375.10714285714283
27657	81	Parking lots and garages	47	812930	37	47037	Davidson County, Tennessee	no	82.5	1711.1666666666667	28514.833333333332
27658	81	Parking lots and garages	47	812930	47	47047	Fayette County, Tennessee	yes	1.0	14.338554720133667	265.7888471177945
27659	81	Parking lots and garages	47	812930	65	47065	Hamilton County, Tennessee	yes	5.166666666666667	78.33749504637662	1226.4258563074352
27660	81	Parking lots and garages	47	812930	93	47093	Knox County, Tennessee	no	33.0	138.0	1675.3333333333333
27661	81	Parking lots and garages	47	812930	93	47093	Knox County, Tennessee	yes	28.666666666666668	458.23290598290595	5284.513888888889
27662	81	Parking lots and garages	47	812930	105	47105	Loudon County, Tennessee	yes	1.0	15.225703146755777	298.0814536340852
27663	81	Parking lots and garages	47	812930	119	47119	Maury County, Tennessee	yes	1.0	10.948717948717949	160.33333333333331
27664	81	Parking lots and garages	47	812930	133	47133	Overton County, Tennessee	yes	1.0	15.204999009275326	239.42267126148704
27665	81	Parking lots and garages	47	812930	149	47149	Rutherford County, Tennessee	yes	1.0	10.948717948717949	160.33333333333331
27666	81	Parking lots and garages	47	812930	155	47155	Sevier County, Tennessee	no	8.5	42.0	765.6666666666666
27667	81	Parking lots and garages	47	812930	157	47157	Shelby County, Tennessee	no	37.333333333333336	283.5	4887.5
27668	81	Parking lots and garages	47	812930	163	47163	Sullivan County, Tennessee	yes	2.0	30.409998018550652	478.8453425229741
27669	81	Parking lots and garages	47	812930	179	47179	Washington County, Tennessee	yes	1.0	15.225703146755777	298.0814536340852
27670	81	Parking lots and garages	47	812930	187	47187	Williamson County, Tennessee	yes	1.3333333333333333	19.984517249319882	328.0189536340852
27671	81	Parking lots and garages	47	812930	189	47189	Wilson County, Tennessee	yes	1.0	15.204999009275326	239.42267126148704
27672	81	Pet care (except veterinary) services	47	812910	1	47001	Anderson County, Tennessee	yes	1.3333333333333333	6.204234053786261	86.0736518153867
27673	81	Pet care (except veterinary) services	47	812910	3	47003	Bedford County, Tennessee	no	4.0	4.75	31.25
27674	81	Pet care (except veterinary) services	47	812910	3	47003	Bedford County, Tennessee	yes	2.0	9.788308543756486	83.25942580421999
27675	81	Pet care (except veterinary) services	47	812910	9	47009	Blount County, Tennessee	no	6.666666666666667	16.666666666666668	277.6666666666667
27676	81	Pet care (except veterinary) services	47	812910	11	47011	Bradley County, Tennessee	no	6.0	12.833333333333334	199.33333333333334
27677	81	Pet care (except veterinary) services	47	812910	13	47013	Campbell County, Tennessee	no	3.0	18.333333333333332	127.0
27678	81	Pet care (except veterinary) services	47	812910	13	47013	Campbell County, Tennessee	yes	1.0	5.337599446558284	45.10688343133864
27679	81	Pet care (except veterinary) services	47	812910	17	47017	Carroll County, Tennessee	yes	1.4	6.534876782910859	93.78225972948444
27680	81	Pet care (except veterinary) services	47	812910	21	47021	Cheatham County, Tennessee	yes	1.3333333333333333	6.204234053786261	86.0736518153867
27681	81	Pet care (except veterinary) services	47	812910	25	47025	Claiborne County, Tennessee	yes	1.0	4.7148856828589425	58.749716978293954
27682	81	Pet care (except veterinary) services	47	812910	27	47027	Clay County, Tennessee	yes	1.0	4.894154271878243	41.62971290210999
27683	81	Pet care (except veterinary) services	47	812910	29	47029	Cocke County, Tennessee	yes	1.0	4.747658737798078	60.993537924973154
27684	81	Pet care (except veterinary) services	47	812910	31	47031	Coffee County, Tennessee	no	3.0	12.0	104.0
27685	81	Pet care (except veterinary) services	47	812910	31	47031	Coffee County, Tennessee	yes	3.0	16.012798339674855	135.3206502940159
27686	81	Pet care (except veterinary) services	47	812910	35	47035	Cumberland County, Tennessee	no	3.6	14.8	329.0
27687	81	Pet care (except veterinary) services	47	812910	35	47035	Cumberland County, Tennessee	yes	2.0	9.10204081632653	95.0612244897959
27688	81	Pet care (except veterinary) services	47	812910	37	47037	Davidson County, Tennessee	no	31.833333333333332	272.6666666666667	5699.833333333333
27689	81	Pet care (except veterinary) services	47	812910	39	47039	Decatur County, Tennessee	yes	1.0	3.3404255319148937	53.234042553191486
27690	81	Pet care (except veterinary) services	47	812910	41	47041	DeKalb County, Tennessee	yes	1.4	6.534876782910859	93.78225972948444
27691	81	Pet care (except veterinary) services	47	812910	43	47043	Dickson County, Tennessee	no	4.0	10.0	251.0
27692	81	Pet care (except veterinary) services	47	812910	43	47043	Dickson County, Tennessee	yes	1.25	5.67341235087616	60.44718385009972
27693	81	Pet care (except veterinary) services	47	812910	45	47045	Dyer County, Tennessee	no	3.0	4.0	44.0
27694	81	Pet care (except veterinary) services	47	812910	45	47045	Dyer County, Tennessee	yes	2.0	9.676611935794872	94.27734642360369
27695	81	Pet care (except veterinary) services	47	812910	47	47047	Fayette County, Tennessee	yes	2.0	9.429771365717885	117.49943395658791
27696	81	Pet care (except veterinary) services	47	812910	51	47051	Franklin County, Tennessee	no	3.0	8.0	126.0
27697	81	Pet care (except veterinary) services	47	812910	51	47051	Franklin County, Tennessee	yes	2.0	9.676611935794872	94.27734642360369
27698	81	Pet care (except veterinary) services	47	812910	55	47055	Giles County, Tennessee	yes	1.0	4.7148856828589425	58.749716978293954
27699	81	Pet care (except veterinary) services	47	812910	59	47059	Greene County, Tennessee	no	3.0	3.0	76.0
27700	81	Pet care (except veterinary) services	47	812910	59	47059	Greene County, Tennessee	yes	2.25	11.508256112436055	134.79902692566768
27701	81	Pet care (except veterinary) services	47	812910	63	47063	Hamblen County, Tennessee	yes	1.8333333333333333	8.671267964357341	109.57766524910492
27702	81	Pet care (except veterinary) services	47	812910	65	47065	Hamilton County, Tennessee	no	19.666666666666668	167.16666666666666	3125.1666666666665
27703	81	Pet care (except veterinary) services	47	812910	73	47073	Hawkins County, Tennessee	yes	1.0	4.7148856828589425	58.749716978293954
27704	81	Pet care (except veterinary) services	47	812910	77	47077	Henderson County, Tennessee	yes	1.0	4.7148856828589425	58.749716978293954
27705	81	Pet care (except veterinary) services	47	812910	79	47079	Henry County, Tennessee	yes	1.0	4.93406782114216	47.00802686743648
27706	81	Pet care (except veterinary) services	47	812910	87	47087	Jackson County, Tennessee	yes	1.0	4.4680451127819545	81.9718045112782
27707	81	Pet care (except veterinary) services	47	812910	89	47089	Jefferson County, Tennessee	no	3.0	13.5	325.25
27708	81	Pet care (except veterinary) services	47	812910	89	47089	Jefferson County, Tennessee	yes	1.0	4.78245766391663	52.6476335214937
27709	81	Pet care (except veterinary) services	47	812910	93	47093	Knox County, Tennessee	no	24.5	89.16666666666667	2926.3333333333335
27710	81	Pet care (except veterinary) services	47	812910	99	47099	Lawrence County, Tennessee	yes	2.0	9.150859801092034	116.74433191577158
27711	81	Pet care (except veterinary) services	47	812910	103	47103	Lincoln County, Tennessee	yes	1.1666666666666667	5.752300648845337	67.42658772659328
27712	81	Pet care (except veterinary) services	47	812910	105	47105	Loudon County, Tennessee	no	7.166666666666667	16.666666666666668	317.1666666666667
27713	81	Pet care (except veterinary) services	47	812910	107	47107	McMinn County, Tennessee	no	4.166666666666667	23.333333333333332	382.3333333333333
27714	81	Pet care (except veterinary) services	47	812910	109	47109	McNairy County, Tennessee	yes	1.0	4.7148856828589425	58.749716978293954
27715	81	Pet care (except veterinary) services	47	812910	111	47111	Macon County, Tennessee	yes	1.0	4.78245766391663	52.6476335214937
27716	81	Pet care (except veterinary) services	47	812910	113	47113	Madison County, Tennessee	no	5.166666666666667	34.0	604.3333333333334
27717	81	Pet care (except veterinary) services	47	812910	115	47115	Marion County, Tennessee	yes	1.3333333333333333	6.309038237497819	76.2989281521252
27718	81	Pet care (except veterinary) services	47	812910	119	47119	Maury County, Tennessee	no	5.833333333333333	18.833333333333332	288.0
27719	81	Pet care (except veterinary) services	47	812910	121	47121	Meigs County, Tennessee	yes	1.0	4.7148856828589425	58.749716978293954
27720	81	Pet care (except veterinary) services	47	812910	123	47123	Monroe County, Tennessee	no	4.0	6.0	26.0
27721	81	Pet care (except veterinary) services	47	812910	123	47123	Monroe County, Tennessee	yes	2.0	9.676611935794872	94.27734642360369
27722	81	Pet care (except veterinary) services	47	812910	125	47125	Montgomery County, Tennessee	no	8.5	39.5	525.8333333333334
27723	81	Pet care (except veterinary) services	47	812910	127	47127	Moore County, Tennessee	yes	1.0	4.7148856828589425	58.749716978293954
27724	81	Pet care (except veterinary) services	47	812910	131	47131	Obion County, Tennessee	yes	1.0	4.838305967897436	47.138673211801844
27725	81	Pet care (except veterinary) services	47	812910	133	47133	Overton County, Tennessee	yes	2.0	9.429771365717885	117.49943395658791
27726	81	Pet care (except veterinary) services	47	812910	139	47139	Polk County, Tennessee	yes	1.0	4.4680451127819545	81.9718045112782
27727	81	Pet care (except veterinary) services	47	812910	141	47141	Putnam County, Tennessee	no	4.166666666666667	9.333333333333334	218.16666666666666
27728	81	Pet care (except veterinary) services	47	812910	143	47143	Rhea County, Tennessee	yes	1.8333333333333333	8.671267964357341	109.57766524910492
27729	81	Pet care (except veterinary) services	47	812910	145	47145	Roane County, Tennessee	no	3.0	4.0	56.0
27730	81	Pet care (except veterinary) services	47	812910	145	47145	Roane County, Tennessee	yes	2.0	9.495317475596156	121.98707584994631
27731	81	Pet care (except veterinary) services	47	812910	147	47147	Robertson County, Tennessee	yes	1.0	4.7148856828589425	58.749716978293954
27732	81	Pet care (except veterinary) services	47	812910	149	47149	Rutherford County, Tennessee	no	8.0	63.666666666666664	1478.5
27733	81	Pet care (except veterinary) services	47	812910	155	47155	Sevier County, Tennessee	yes	1.1666666666666667	5.4733890842194866	66.67148568577696
27734	81	Pet care (except veterinary) services	47	812910	157	47157	Shelby County, Tennessee	no	20.833333333333332	150.16666666666666	3140.5
27735	81	Pet care (except veterinary) services	47	812910	163	47163	Sullivan County, Tennessee	no	5.75	24.25	432.75
27736	81	Pet care (except veterinary) services	47	812910	163	47163	Sullivan County, Tennessee	yes	5.5	27.432549290902806	220.11207194742303
27737	81	Pet care (except veterinary) services	47	812910	165	47165	Sumner County, Tennessee	no	7.333333333333333	54.666666666666664	848.6666666666666
27738	81	Pet care (except veterinary) services	47	812910	171	47171	Unicoi County, Tennessee	yes	1.0	4.4680451127819545	81.9718045112782
27739	81	Pet care (except veterinary) services	47	812910	177	47177	Warren County, Tennessee	yes	1.0	4.7148856828589425	58.749716978293954
27740	81	Pet care (except veterinary) services	47	812910	179	47179	Washington County, Tennessee	no	5.0	26.0	435.0
27741	81	Pet care (except veterinary) services	47	812910	179	47179	Washington County, Tennessee	yes	2.0	9.676611935794872	94.27734642360369
27742	81	Pet care (except veterinary) services	47	812910	183	47183	Weakley County, Tennessee	yes	1.0	4.37624469189046	45.49782278580383
27743	81	Pet care (except veterinary) services	47	812910	185	47185	White County, Tennessee	yes	1.0	4.37624469189046	45.49782278580383
27744	81	Pet care (except veterinary) services	47	812910	187	47187	Williamson County, Tennessee	no	12.333333333333334	102.5	2264.0
27745	81	Pet care (except veterinary) services	47	812910	189	47189	Wilson County, Tennessee	no	10.166666666666666	47.166666666666664	802.1666666666666
27746	81	Photofinishing laboratories (except one-hour)	47	812921	11	47011	Bradley County, Tennessee	yes	3.8333333333333335	107.37987012987014	2875.91341991342
27747	81	Photofinishing laboratories (except one-hour)	47	812921	37	47037	Davidson County, Tennessee	yes	2.5	70.53391053391054	1886.5025252525254
27748	81	Photofinishing laboratories (except one-hour)	47	812921	63	47063	Hamblen County, Tennessee	yes	1.0	28.580086580086583	763.496212121212
27749	81	Photofinishing laboratories (except one-hour)	47	812921	65	47065	Hamilton County, Tennessee	yes	1.3333333333333333	43.68253968253968	1127.5873015873015
27750	81	Photofinishing laboratories (except one-hour)	47	812921	93	47093	Knox County, Tennessee	yes	1.0	28.580086580086583	763.496212121212
27751	81	Photofinishing laboratories (except one-hour)	47	812921	105	47105	Loudon County, Tennessee	yes	1.0	29.8015873015873	771.4444444444443
27752	81	Photofinishing laboratories (except one-hour)	47	812921	113	47113	Madison County, Tennessee	yes	1.0	28.580086580086583	763.496212121212
27753	81	Photofinishing laboratories (except one-hour)	47	812921	119	47119	Maury County, Tennessee	yes	1.0	28.64285714285714	760.5624999999999
27754	81	Photofinishing laboratories (except one-hour)	47	812921	157	47157	Shelby County, Tennessee	yes	1.6666666666666667	47.67532467532467	1270.5378787878785
27755	81	Political organizations	47	813940	31	47031	Coffee County, Tennessee	yes	1.0	1.2345454545454546	43.27090909090909
27756	81	Political organizations	47	813940	37	47037	Davidson County, Tennessee	no	9.0	20.666666666666668	1587.8333333333333
27757	81	Political organizations	47	813940	43	47043	Dickson County, Tennessee	yes	1.0	1.8394949494949495	63.29357420357421
27758	81	Political organizations	47	813940	55	47055	Giles County, Tennessee	yes	1.0	2.4444444444444446	83.31623931623932
27759	81	Political organizations	47	813940	57	47057	Grainger County, Tennessee	yes	1.0	1.2345454545454546	43.27090909090909
27760	81	Political organizations	47	813940	65	47065	Hamilton County, Tennessee	no	3.5	4.5	189.5
27761	81	Political organizations	47	813940	65	47065	Hamilton County, Tennessee	yes	1.75	5.106767676767677	77.75979797979798
27762	81	Political organizations	47	813940	113	47113	Madison County, Tennessee	yes	1.1666666666666667	3.492996632996633	58.74186998186999
27763	81	Political organizations	47	813940	115	47115	Marion County, Tennessee	yes	1.0	3.6500000000000004	40.03846153846154
27764	81	Political organizations	47	813940	117	47117	Marshall County, Tennessee	yes	1.0	1.4896969696969695	51.20624708624709
27765	81	Political organizations	47	813940	145	47145	Roane County, Tennessee	yes	1.3333333333333333	4.691144781144781	67.3549753949754
27766	81	Political organizations	47	813940	149	47149	Rutherford County, Tennessee	yes	1.0	6.300000000000001	19.200000000000003
27767	81	Political organizations	47	813940	157	47157	Shelby County, Tennessee	no	3.6666666666666665	4.0	71.0
27768	81	Political organizations	47	813940	157	47157	Shelby County, Tennessee	yes	3.3333333333333335	15.366666666666667	103.61025641025641
27769	81	Political organizations	47	813940	165	47165	Sumner County, Tennessee	yes	3.0	8.666666666666666	298.66666666666663
27770	81	Political organizations	47	813940	177	47177	Warren County, Tennessee	yes	1.0	5.300000000000001	13.0
27771	81	Political organizations	47	813940	183	47183	Weakley County, Tennessee	yes	1.5	8.450000000000001	22.6
27772	81	Political organizations	47	813940	187	47187	Williamson County, Tennessee	no	3.0	2.6666666666666665	163.66666666666666
27773	81	Political organizations	47	813940	187	47187	Williamson County, Tennessee	yes	2.3333333333333335	3.646060606060606	124.77146853146854
27774	81	Political organizations	47	813940	189	47189	Wilson County, Tennessee	yes	1.0	1.2345454545454546	43.27090909090909
27775	81	Professional organizations	47	813920	1	47001	Anderson County, Tennessee	yes	1.3333333333333333	5.599079017995876	362.71261159137777
27776	81	Professional organizations	47	813920	3	47003	Bedford County, Tennessee	yes	1.0	3.6066877136480486	198.15615023872078
27777	81	Professional organizations	47	813920	9	47009	Blount County, Tennessee	yes	2.0	7.213375427296097	396.31230047744157
27778	81	Professional organizations	47	813920	19	47019	Carter County, Tennessee	yes	1.0	3.6066877136480486	198.15615023872078
27779	81	Professional organizations	47	813920	37	47037	Davidson County, Tennessee	no	43.5	429.5	28242.333333333332
27780	81	Professional organizations	47	813920	51	47051	Franklin County, Tennessee	yes	1.0	5.977173913043479	493.66938405797106
27781	81	Professional organizations	47	813920	59	47059	Greene County, Tennessee	yes	2.0	7.213375427296097	396.31230047744157
27782	81	Professional organizations	47	813920	65	47065	Hamilton County, Tennessee	no	7.166666666666667	24.5	1458.6666666666667
27783	81	Professional organizations	47	813920	93	47093	Knox County, Tennessee	no	8.166666666666666	73.83333333333333	4212.833333333333
27784	81	Professional organizations	47	813920	101	47101	Lewis County, Tennessee	yes	1.0	3.6066877136480486	198.15615023872078
27785	81	Professional organizations	47	813920	105	47105	Loudon County, Tennessee	yes	1.0	2.5268384326355338	46.883588298443364
27786	81	Professional organizations	47	813920	113	47113	Madison County, Tennessee	yes	1.3333333333333333	4.285700059327062	212.21787863378253
27787	81	Professional organizations	47	813920	115	47115	Marion County, Tennessee	yes	1.0	3.6066877136480486	198.15615023872078
27788	81	Professional organizations	47	813920	125	47125	Montgomery County, Tennessee	yes	1.0	5.977173913043479	493.66938405797106
27789	81	Professional organizations	47	813920	133	47133	Overton County, Tennessee	yes	1.0	3.6066877136480486	198.15615023872078
27790	81	Professional organizations	47	813920	135	47135	Perry County, Tennessee	yes	1.0	3.5	48.291666666666664
27791	81	Professional organizations	47	813920	147	47147	Robertson County, Tennessee	yes	1.0	5.977173913043479	493.66938405797106
27792	81	Professional organizations	47	813920	149	47149	Rutherford County, Tennessee	yes	3.0	10.820063140944148	594.4684507161624
27793	81	Professional organizations	47	813920	155	47155	Sevier County, Tennessee	yes	1.0	3.628025256377659	228.12904695313165
27794	81	Professional organizations	47	813920	157	47157	Shelby County, Tennessee	no	15.666666666666666	93.16666666666667	5335.166666666667
27795	81	Professional organizations	47	813920	163	47163	Sullivan County, Tennessee	yes	1.0	3.6066877136480486	198.15615023872078
27796	81	Professional organizations	47	813920	165	47165	Sumner County, Tennessee	yes	2.3333333333333335	8.136214933468937	411.3917757860836
27797	81	Professional organizations	47	813920	167	47167	Tipton County, Tennessee	yes	1.0	5.977173913043479	493.66938405797106
27798	81	Professional organizations	47	813920	179	47179	Washington County, Tennessee	no	3.0	4.0	240.66666666666666
27799	81	Professional organizations	47	813920	179	47179	Washington County, Tennessee	yes	3.0	7.580515297906602	140.6507648953301
27800	81	Professional organizations	47	813920	187	47187	Williamson County, Tennessee	no	14.833333333333334	179.16666666666666	23427.5
27801	81	Professional organizations	47	813920	189	47189	Wilson County, Tennessee	yes	1.1666666666666667	3.946193886487555	205.18701443625164
27802	81	Religious organizations	47	813110	1	47001	Anderson County, Tennessee	no	82.5	599.6666666666666	9211.0
27803	81	Religious organizations	47	813110	3	47003	Bedford County, Tennessee	no	33.166666666666664	142.33333333333334	2480.5
27804	81	Religious organizations	47	813110	5	47005	Benton County, Tennessee	no	19.833333333333332	59.0	1180.5
27805	81	Religious organizations	47	813110	7	47007	Bledsoe County, Tennessee	no	7.0	7.166666666666667	239.0
27806	81	Religious organizations	47	813110	9	47009	Blount County, Tennessee	no	119.0	969.6666666666666	16021.666666666666
27807	81	Religious organizations	47	813110	11	47011	Bradley County, Tennessee	no	127.16666666666667	1419.0	31558.333333333332
27808	81	Religious organizations	47	813110	13	47013	Campbell County, Tennessee	no	37.833333333333336	102.83333333333333	1511.1666666666667
27809	81	Religious organizations	47	813110	15	47015	Cannon County, Tennessee	no	10.833333333333334	30.0	634.1666666666666
27810	81	Religious organizations	47	813110	17	47017	Carroll County, Tennessee	no	32.5	164.16666666666666	2225.6666666666665
27811	81	Religious organizations	47	813110	19	47019	Carter County, Tennessee	no	75.0	262.5	4070.1666666666665
27812	81	Religious organizations	47	813110	21	47021	Cheatham County, Tennessee	no	24.5	93.83333333333333	1484.3333333333333
27813	81	Religious organizations	47	813110	23	47023	Chester County, Tennessee	no	15.333333333333334	74.5	1091.3333333333333
27814	81	Religious organizations	47	813110	25	47025	Claiborne County, Tennessee	no	17.833333333333332	58.666666666666664	845.8333333333334
27815	81	Religious organizations	47	813110	27	47027	Clay County, Tennessee	no	4.0	5.666666666666667	89.66666666666667
27816	81	Religious organizations	47	813110	27	47027	Clay County, Tennessee	yes	4.0	202.6712962962963	171.00925925925927
27817	81	Religious organizations	47	813110	29	47029	Cocke County, Tennessee	no	35.666666666666664	112.33333333333333	1517.0
27818	81	Religious organizations	47	813110	31	47031	Coffee County, Tennessee	no	50.166666666666664	294.5	5046.5
27819	81	Religious organizations	47	813110	33	47033	Crockett County, Tennessee	no	24.166666666666668	79.0	969.1666666666666
27820	81	Religious organizations	47	813110	35	47035	Cumberland County, Tennessee	no	47.166666666666664	278.6666666666667	4762.333333333333
27821	81	Religious organizations	47	813110	37	47037	Davidson County, Tennessee	no	565.0	7305.333333333333	175599.83333333334
27822	81	Religious organizations	47	813110	39	47039	Decatur County, Tennessee	no	8.166666666666666	16.5	651.6666666666666
27823	81	Religious organizations	47	813110	41	47041	DeKalb County, Tennessee	no	16.833333333333332	68.33333333333333	891.3333333333334
27824	81	Religious organizations	47	813110	43	47043	Dickson County, Tennessee	no	37.0	185.16666666666666	3283.1666666666665
27825	81	Religious organizations	47	813110	45	47045	Dyer County, Tennessee	no	47.0	199.33333333333334	3396.0
27826	81	Religious organizations	47	813110	47	47047	Fayette County, Tennessee	no	36.5	167.0	2795.0
27827	81	Religious organizations	47	813110	49	47049	Fentress County, Tennessee	no	12.166666666666666	42.666666666666664	717.0
27828	81	Religious organizations	47	813110	51	47051	Franklin County, Tennessee	no	42.0	185.5	2969.1666666666665
27829	81	Religious organizations	47	813110	53	47053	Gibson County, Tennessee	no	79.16666666666667	381.0	5557.166666666667
27830	81	Religious organizations	47	813110	55	47055	Giles County, Tennessee	no	24.833333333333332	104.16666666666667	1783.0
27831	81	Religious organizations	47	813110	57	47057	Grainger County, Tennessee	no	17.333333333333332	32.0	331.0
27832	81	Religious organizations	47	813110	59	47059	Greene County, Tennessee	no	59.5	340.3333333333333	5020.5
27833	81	Religious organizations	47	813110	61	47061	Grundy County, Tennessee	no	12.166666666666666	58.333333333333336	1243.5
27834	81	Religious organizations	47	813110	63	47063	Hamblen County, Tennessee	no	69.5	425.1666666666667	6615.0
27835	81	Religious organizations	47	813110	65	47065	Hamilton County, Tennessee	no	364.0	3910.3333333333335	76253.16666666667
27836	81	Religious organizations	47	813110	67	47067	Hancock County, Tennessee	yes	2.0	53.66421481481481	110.58044444444444
27837	81	Religious organizations	47	813110	69	47069	Hardeman County, Tennessee	no	36.666666666666664	148.33333333333334	1618.5
27838	81	Religious organizations	47	813110	71	47071	Hardin County, Tennessee	no	27.5	165.66666666666666	2805.8333333333335
27839	81	Religious organizations	47	813110	73	47073	Hawkins County, Tennessee	no	44.0	147.83333333333334	1993.0
27840	81	Religious organizations	47	813110	75	47075	Haywood County, Tennessee	no	38.333333333333336	158.5	2254.6666666666665
27841	81	Religious organizations	47	813110	77	47077	Henderson County, Tennessee	no	17.5	89.33333333333333	1310.3333333333333
27842	81	Religious organizations	47	813110	79	47079	Henry County, Tennessee	no	40.0	186.83333333333334	2728.3333333333335
27843	81	Religious organizations	47	813110	81	47081	Hickman County, Tennessee	no	8.833333333333334	61.5	922.1666666666666
27844	81	Religious organizations	47	813110	83	47083	Houston County, Tennessee	no	9.0	9.333333333333334	272.6666666666667
27845	81	Religious organizations	47	813110	85	47085	Humphreys County, Tennessee	no	20.5	102.0	1904.1666666666667
27846	81	Religious organizations	47	813110	87	47087	Jackson County, Tennessee	no	3.25	3.25	89.0
27847	81	Religious organizations	47	813110	87	47087	Jackson County, Tennessee	yes	2.0	11.089866666666666	198.1857777777778
27848	81	Religious organizations	47	813110	89	47089	Jefferson County, Tennessee	no	46.333333333333336	250.66666666666666	3449.1666666666665
27849	81	Religious organizations	47	813110	91	47091	Johnson County, Tennessee	no	26.5	45.166666666666664	587.1666666666666
27850	81	Religious organizations	47	813110	93	47093	Knox County, Tennessee	no	394.5	5122.666666666667	99430.66666666667
27851	81	Religious organizations	47	813110	95	47095	Lake County, Tennessee	no	8.833333333333334	13.5	235.66666666666666
27852	81	Religious organizations	47	813110	97	47097	Lauderdale County, Tennessee	no	18.0	59.666666666666664	895.1666666666666
27853	81	Religious organizations	47	813110	99	47099	Lawrence County, Tennessee	no	42.666666666666664	147.83333333333334	2292.3333333333335
27854	81	Religious organizations	47	813110	101	47101	Lewis County, Tennessee	no	11.333333333333334	41.333333333333336	609.5
27855	81	Religious organizations	47	813110	103	47103	Lincoln County, Tennessee	no	24.5	158.5	2635.0
27856	81	Religious organizations	47	813110	105	47105	Loudon County, Tennessee	no	52.5	257.3333333333333	4585.0
27857	81	Religious organizations	47	813110	107	47107	McMinn County, Tennessee	no	66.0	354.1666666666667	4985.166666666667
27858	81	Religious organizations	47	813110	109	47109	McNairy County, Tennessee	no	27.166666666666668	117.66666666666667	1716.3333333333333
27859	81	Religious organizations	47	813110	111	47111	Macon County, Tennessee	no	8.333333333333334	12.166666666666666	314.5
27860	81	Religious organizations	47	813110	113	47113	Madison County, Tennessee	no	123.5	1111.8333333333333	18407.166666666668
27861	81	Religious organizations	47	813110	115	47115	Marion County, Tennessee	no	20.166666666666668	52.333333333333336	767.1666666666666
27862	81	Religious organizations	47	813110	117	47117	Marshall County, Tennessee	no	23.333333333333332	101.0	1658.6666666666667
27863	81	Religious organizations	47	813110	119	47119	Maury County, Tennessee	no	77.66666666666667	538.0	10410.833333333334
27864	81	Religious organizations	47	813110	121	47121	Meigs County, Tennessee	no	10.666666666666666	15.333333333333334	271.5
27865	81	Religious organizations	47	813110	123	47123	Monroe County, Tennessee	no	41.166666666666664	173.33333333333334	2452.0
27866	81	Religious organizations	47	813110	125	47125	Montgomery County, Tennessee	no	105.66666666666667	982.1666666666666	15177.0
27867	81	Religious organizations	47	813110	127	47127	Moore County, Tennessee	no	4.0	7.5	102.0
27868	81	Religious organizations	47	813110	127	47127	Moore County, Tennessee	yes	3.5	137.0625	62.625
27869	81	Religious organizations	47	813110	129	47129	Morgan County, Tennessee	no	15.666666666666666	37.0	563.8333333333334
27870	81	Religious organizations	47	813110	131	47131	Obion County, Tennessee	no	39.0	246.16666666666666	3736.6666666666665
27871	81	Religious organizations	47	813110	133	47133	Overton County, Tennessee	no	14.666666666666666	45.833333333333336	714.6666666666666
27872	81	Religious organizations	47	813110	135	47135	Perry County, Tennessee	no	4.833333333333333	5.166666666666667	96.83333333333333
27873	81	Religious organizations	47	813110	137	47137	Pickett County, Tennessee	no	4.0	10.0	110.33333333333333
27874	81	Religious organizations	47	813110	139	47139	Polk County, Tennessee	no	24.333333333333332	62.833333333333336	686.1666666666666
27875	81	Religious organizations	47	813110	141	47141	Putnam County, Tennessee	no	60.166666666666664	566.0	9465.666666666666
27876	81	Religious organizations	47	813110	143	47143	Rhea County, Tennessee	no	32.833333333333336	196.83333333333334	2664.0
27877	81	Religious organizations	47	813110	145	47145	Roane County, Tennessee	no	62.5	329.1666666666667	4750.5
27878	81	Religious organizations	47	813110	147	47147	Robertson County, Tennessee	no	61.833333333333336	333.6666666666667	5504.833333333333
27879	81	Religious organizations	47	813110	149	47149	Rutherford County, Tennessee	no	163.0	1635.1666666666667	28225.666666666668
27880	81	Religious organizations	47	813110	151	47151	Scott County, Tennessee	no	13.333333333333334	23.5	621.8333333333334
27881	81	Religious organizations	47	813110	153	47153	Sequatchie County, Tennessee	no	6.666666666666667	44.666666666666664	742.3333333333334
27882	81	Religious organizations	47	813110	155	47155	Sevier County, Tennessee	no	80.0	458.5	8580.0
27883	81	Religious organizations	47	813110	157	47157	Shelby County, Tennessee	no	604.5	9337.0	192989.5
27884	81	Religious organizations	47	813110	159	47159	Smith County, Tennessee	no	10.5	24.166666666666668	501.8333333333333
27885	81	Religious organizations	47	813110	161	47161	Stewart County, Tennessee	no	9.0	15.833333333333334	248.16666666666666
27886	81	Religious organizations	47	813110	163	47163	Sullivan County, Tennessee	no	173.83333333333334	1108.0	19429.333333333332
27887	81	Religious organizations	47	813110	165	47165	Sumner County, Tennessee	no	113.0	1312.0	24240.5
27888	81	Religious organizations	47	813110	167	47167	Tipton County, Tennessee	no	53.833333333333336	258.5	3571.0
27889	81	Religious organizations	47	813110	169	47169	Trousdale County, Tennessee	no	4.0	13.333333333333334	245.16666666666666
27890	81	Religious organizations	47	813110	171	47171	Unicoi County, Tennessee	no	24.0	68.0	1078.6666666666667
27891	81	Religious organizations	47	813110	173	47173	Union County, Tennessee	no	6.333333333333333	6.333333333333333	122.33333333333333
27892	81	Religious organizations	47	813110	175	47175	Van Buren County, Tennessee	no	4.0	3.5	62.5
27893	81	Religious organizations	47	813110	175	47175	Van Buren County, Tennessee	yes	2.0	40.05882222222222	147.74566666666666
27894	81	Religious organizations	47	813110	177	47177	Warren County, Tennessee	no	35.333333333333336	149.5	2098.5
27895	81	Religious organizations	47	813110	179	47179	Washington County, Tennessee	no	133.0	1025.0	17278.333333333332
27896	81	Religious organizations	47	813110	181	47181	Wayne County, Tennessee	no	13.0	27.5	664.6666666666666
27897	81	Religious organizations	47	813110	183	47183	Weakley County, Tennessee	no	49.0	231.16666666666666	2805.1666666666665
27898	81	Religious organizations	47	813110	185	47185	White County, Tennessee	no	19.333333333333332	36.166666666666664	938.5
27899	81	Religious organizations	47	813110	187	47187	Williamson County, Tennessee	no	178.16666666666666	2493.8333333333335	56146.0
27900	81	Religious organizations	47	813110	189	47189	Wilson County, Tennessee	no	99.33333333333333	815.3333333333334	14886.833333333334
27901	81	Reupholstery and furniture repair	47	811420	1	47001	Anderson County, Tennessee	yes	1.0	2.894179894179894	116.72222222222223
27902	81	Reupholstery and furniture repair	47	811420	9	47009	Blount County, Tennessee	yes	1.0	3.92	104.48
27903	81	Reupholstery and furniture repair	47	811420	11	47011	Bradley County, Tennessee	yes	1.0	3.2361199294532628	112.64148148148149
27904	81	Reupholstery and furniture repair	47	811420	19	47019	Carter County, Tennessee	yes	1.0	3.92	104.48
27905	81	Reupholstery and furniture repair	47	811420	21	47021	Cheatham County, Tennessee	yes	1.0	2.309407059449613	93.04272254459488
27906	81	Reupholstery and furniture repair	47	811420	37	47037	Davidson County, Tennessee	no	8.0	46.0	1719.6666666666667
27907	81	Reupholstery and furniture repair	47	811420	37	47037	Davidson County, Tennessee	yes	8.0	23.12	892.9466666666667
27908	81	Reupholstery and furniture repair	47	811420	47	47047	Fayette County, Tennessee	yes	1.0	3.0991090574778517	99.03560212049574
27909	81	Reupholstery and furniture repair	47	811420	57	47057	Grainger County, Tennessee	yes	1.0	2.9886018237082066	85.4627659574468
27910	81	Reupholstery and furniture repair	47	811420	65	47065	Hamilton County, Tennessee	no	7.0	10.5	303.3333333333333
27911	81	Reupholstery and furniture repair	47	811420	73	47073	Hawkins County, Tennessee	yes	1.0	3.9834784010315927	96.3222920696325
27912	81	Reupholstery and furniture repair	47	811420	89	47089	Jefferson County, Tennessee	yes	1.3333333333333333	4.095309665380587	127.52319077297801
27913	81	Reupholstery and furniture repair	47	811420	93	47093	Knox County, Tennessee	yes	2.5	7.816278079682335	254.3919449817322
27914	81	Reupholstery and furniture repair	47	811420	125	47125	Montgomery County, Tennessee	yes	1.0	3.2361199294532628	112.64148148148149
27915	81	Reupholstery and furniture repair	47	811420	145	47145	Roane County, Tennessee	yes	1.0	3.0991090574778517	99.03560212049574
27916	81	Reupholstery and furniture repair	47	811420	149	47149	Rutherford County, Tennessee	yes	1.8333333333333333	5.544884781622371	180.65787090765812
27917	81	Reupholstery and furniture repair	47	811420	155	47155	Sevier County, Tennessee	yes	1.5	4.580158150229072	141.75046350025073
27918	81	Reupholstery and furniture repair	47	811420	157	47157	Shelby County, Tennessee	no	12.833333333333334	32.166666666666664	928.3333333333334
27919	81	Reupholstery and furniture repair	47	811420	163	47163	Sullivan County, Tennessee	yes	1.0	3.92	104.48
27920	81	Reupholstery and furniture repair	47	811420	167	47167	Tipton County, Tennessee	yes	1.0	2.9886018237082066	85.4627659574468
27921	81	Reupholstery and furniture repair	47	811420	177	47177	Warren County, Tennessee	yes	1.0	3.2361199294532628	112.64148148148149
27922	81	Reupholstery and furniture repair	47	811420	187	47187	Williamson County, Tennessee	no	5.0	11.5	295.25
27923	81	Reupholstery and furniture repair	47	811420	187	47187	Williamson County, Tennessee	yes	2.5	2.031111111111111	261.14666666666665
27924	81	Reupholstery and furniture repair	47	811420	189	47189	Wilson County, Tennessee	yes	1.0	-1.259259259259259	104.44444444444444
27925	81	Voluntary health organizations	47	813212	3	47003	Bedford County, Tennessee	yes	1.0	16.480210235041593	959.6243573552241
27926	81	Voluntary health organizations	47	813212	9	47009	Blount County, Tennessee	yes	1.1666666666666667	17.259780127514713	993.7910240218907
27927	81	Voluntary health organizations	47	813212	15	47015	Cannon County, Tennessee	yes	1.0	23.714421027705423	1642.6564053990055
27928	81	Voluntary health organizations	47	813212	31	47031	Coffee County, Tennessee	yes	1.0	16.480210235041593	959.6243573552241
27929	81	Voluntary health organizations	47	813212	37	47037	Davidson County, Tennessee	no	31.0	258.6666666666667	12086.0
27930	81	Voluntary health organizations	47	813212	45	47045	Dyer County, Tennessee	yes	1.0	16.480210235041593	959.6243573552241
27931	81	Voluntary health organizations	47	813212	51	47051	Franklin County, Tennessee	yes	1.0	24.734614018470285	1759.8042702660034
27932	81	Voluntary health organizations	47	813212	59	47059	Greene County, Tennessee	yes	1.0	23.714421027705423	1642.6564053990055
27933	81	Voluntary health organizations	47	813212	65	47065	Hamilton County, Tennessee	no	10.0	36.166666666666664	1579.6666666666667
27934	81	Voluntary health organizations	47	813212	75	47075	Haywood County, Tennessee	yes	1.0	4.67741935483871	205.0
27935	81	Voluntary health organizations	47	813212	93	47093	Knox County, Tennessee	no	13.2	31.0	3104.6
27936	81	Voluntary health organizations	47	813212	93	47093	Knox County, Tennessee	yes	13.0	60.80645161290323	2665.0
27937	81	Voluntary health organizations	47	813212	113	47113	Madison County, Tennessee	yes	1.0	12.863104838709678	618.1083333333333
27938	81	Voluntary health organizations	47	813212	115	47115	Marion County, Tennessee	yes	1.0	23.714421027705423	1642.6564053990055
27939	81	Voluntary health organizations	47	813212	119	47119	Maury County, Tennessee	yes	1.0	24.734614018470285	1759.8042702660034
27940	81	Voluntary health organizations	47	813212	147	47147	Robertson County, Tennessee	yes	2.0	32.960420470083186	1919.2487147104482
27941	81	Voluntary health organizations	47	813212	149	47149	Rutherford County, Tennessee	yes	1.0	16.480210235041593	959.6243573552241
27942	81	Voluntary health organizations	47	813212	151	47151	Scott County, Tennessee	yes	1.0	16.480210235041593	959.6243573552241
27943	81	Voluntary health organizations	47	813212	157	47157	Shelby County, Tennessee	no	23.333333333333332	929.3333333333334	62839.666666666664
27944	81	Voluntary health organizations	47	813212	157	47157	Shelby County, Tennessee	yes	21.333333333333332	528.3518943878759	37620.58967558608
27945	81	Voluntary health organizations	47	813212	163	47163	Sullivan County, Tennessee	yes	2.0	32.960420470083186	1919.2487147104482
27946	81	Voluntary health organizations	47	813212	165	47165	Sumner County, Tennessee	yes	2.5	45.32772747931833	2799.15084984345
27947	81	Voluntary health organizations	47	813212	179	47179	Washington County, Tennessee	yes	1.1666666666666667	17.259780127514713	993.7910240218907
27948	81	Voluntary health organizations	47	813212	183	47183	Weakley County, Tennessee	yes	1.0	16.480210235041593	959.6243573552241
27949	81	Voluntary health organizations	47	813212	187	47187	Williamson County, Tennessee	no	7.666666666666667	36.666666666666664	1611.8333333333333
